0 12 68 75 77 65
0 52 66 98 44 105
0 33 73 111 88 35
0 35 30 35 102 79
0 4 96 15 81 104
0 85 46 23 79 86
0 77 102 3 65 62
0 92 13 114 113 69
0 53 38 20 0 28
0 4 52 64 0 68
0 7 62 115 12 28
0 27 33 125 44 73
0 23 94 84 49 106
0 73 24 55 115 117
0 49 54 102 7 18
0 65 65 44 37 45
0 21 87 89 99 110
0 109 31 40 121 127
0 108 110 111 87 38
0 106 83 65 36 37
0 26 24 69 17 92
0 122 12 82 17 68
0 106 68 25 34 10
0 8 95 56 11 40
0 23 42 72 95 78
0 48 102 104 38 102
0 124 31 113 99 102
0 62 65 78 107 9
0 14 86 101 51 3
0 125 50 109 33 69
0 114 78 64 42 52
0 49 73 39 72 99
1 73 109 124 98 34
1 68 45 7 122 40
1 110 82 93 96 65
1 104 110 13 88 96
1 98 51 114 102 24
1 74 115 121 126 84
1 65 112 124 124 60
1 49 35 92 35 84
1 67 123 68 75 39
1 31 108 19 67 102
1 50 4 99 49 84
1 126 120 39 127 60
1 78 70 28 52 5
1 1 17 32 14 20
1 59 124 64 29 111
1 106 2 59 18 41
1 97 108 28 120 105
1 19 70 36 33 125
1 1 39 10 72 10
1 61 78 57 3 39
1 86 112 35 45 57
1 51 49 67 68 34
1 38 58 44 45 66
1 50 70 32 36 80
1 124 60 69 96 0
1 31 10 29 50 45
1 12 31 27 93 37
1 72 31 100 71 124
1 18 100 86 71 22
1 30 110 86 120 52
1 44 63 80 54 2
1 105 101 36 22 57
2 12 44 66 108 29
2 111 59 18 44 76
2 56 66 46 57 70
2 78 78 64 107 114
2 39 16 69 68 29
2 21 9 48 0 101
2 62 12 19 68 95
2 63 27 6 13 65
2 6 37 5 43 14
2 102 19 123 58 111
2 82 97 102 80 20
2 75 87 6 51 36
2 21 39 47 85 40
2 102 89 76 23 119
2 104 96 73 52 65
2 116 25 9 79 83
2 24 74 74 90 73
2 33 32 87 88 5
2 54 74 78 95 30
2 5 87 4 29 56
2 18 90 44 39 12
2 47 15 87 112 63
2 87 14 113 39 16
2 49 43 100 54 63
2 110 113 115 47 106
2 111 78 86 98 8
2 8 109 99 87 58
2 16 2 18 55 49
2 0 16 93 114 83
2 61 71 19 33 29
2 110 9 108 53 125
2 97 119 22 84 104
3 95 116 19 5 34
3 105 110 119 30 119
3 37 18 79 12 90
3 95 57 11 67 22
3 12 114 76 58 16
3 93 116 69 22 44
3 38 12 7 84 111
3 64 111 47 23 50
3 87 44 100 119 42
3 94 10 22 12 76
3 108 115 43 41 116
3 90 47 87 3 26
3 105 40 45 64 50
3 105 40 20 9 81
3 106 34 9 11 52
3 44 40 100 16 127
3 72 72 99 114 12
3 110 90 114 23 66
3 10 94 39 78 89
3 122 63 21 102 96
3 30 63 121 18 1
3 45 104 25 54 59
3 118 114 39 88 119
3 76 19 24 105 91
3 2 104 91 111 4
3 46 112 107 58 31
3 66 118 78 93 66
3 97 99 66 11 3
3 71 45 56 96 67
3 4 117 107 44 22
3 16 72 6 67 73
3 102 40 109 84 11
4 127 65 88 9 64
4 81 118 9 6 96
4 77 69 49 105 76
4 8 5 6 0 64
4 98 89 75 56 86
4 36 21 113 60 0
4 115 94 118 34 5
4 86 109 127 96 60
4 31 4 2 100 24
4 80 82 69 8 120
4 57 87 26 58 83
4 48 61 0 113 46
4 9 106 101 21 117
4 98 82 104 119 109
4 37 106 11 21 68
4 100 97 59 109 110
4 21 82 20 119 108
4 86 13 40 22 100
4 48 42 71 69 52
4 101 24 30 58 24
4 109 124 30 64 10
4 121 29 7 62 123
4 30 70 40 124 27
4 30 19 85 55 114
4 127 57 105 3 13
4 19 58 23 24 82
4 121 28 49 26 123
4 14 94 0 5 35
4 82 56 13 67 73
4 87 14 118 77 52
4 14 33 26 121 64
4 84 85 39 81 35
5 23 79 126 75 44
5 21 35 82 30 88
5 20 92 70 118 113
5 113 71 53 98 68
5 125 69 36 71 28
5 112 44 24 40 10
5 27 38 119 74 52
5 69 67 97 59 30
5 24 62 60 25 120
5 81 63 79 89 57
5 54 75 50 38 33
5 110 39 42 74 27
5 38 117 33 46 86
5 83 110 55 33 91
5 69 116 46 97 8
5 3 31 62 99 32
5 88 11 11 70 53
5 2 24 2 79 58
5 75 68 102 60 73
5 23 47 102 21 27
5 52 80 94 31 48
5 27 47 1 58 112
5 80 124 96 121 1
5 61 3 68 0 109
5 79 77 81 81 90
5 77 62 113 107 18
5 86 22 120 118 37
5 25 86 36 47 116
5 92 29 21 94 49
5 77 107 124 121 110
5 113 117 76 57 57
5 73 6 55 112 97
6 102 42 78 126 11
6 55 77 70 91 25
6 91 58 3 59 44
6 90 3 4 30 115
6 94 43 86 69 85
6 113 4 58 22 84
6 92 99 78 88 70
6 74 107 107 113 61
6 76 70 85 14 35
6 77 113 4 116 38
6 108 112 28 44 122
6 51 118 62 63 71
6 99 82 19 103 0
6 68 90 25 59 5
6 108 20 15 125 0
6 1 85 2 104 68
6 63 58 18 28 36
6 19 72 6 16 20
6 80 11 86 14 44
6 80 76 11 62 55
6 11 69 102 89 87
6 47 24 61 39 1
6 36 97 16 8 49
6 17 124 25 40 15
6 8 47 101 75 71
6 24 66 115 116 11
6 100 110 101 116 71
6 113 28 124 84 61
6 11 61 56 123 13
6 82 16 122 101 115
6 66 36 5 70 113
6 21 47 35 123 16
7 102 23 53 39 89
7 35 43 28 103 125
7 33 108 12 32 67
7 20 56 94 29 18
7 19 8 27 10 102
7 108 56 19 50 90
7 126 51 40 19 121
7 93 43 76 61 117
7 120 8 88 111 104
7 124 113 90 56 8
7 11 7 7 10 14
7 34 74 101 83 55
7 65 40 109 89 101
7 64 109 68 22 34
7 80 99 63 15 76
7 112 45 99 61 52
7 21 46 38 62 19
7 125 88 81 91 88
7 80 24 93 59 33
7 67 47 34 0 48
7 33 5 63 81 19
7 40 0 25 30 55
7 111 27 59 11 62
7 106 74 35 34 9
7 118 103 112 64 91
7 119 26 90 51 38
7 101 123 43 64 92
7 27 51 57 61 79
7 127 61 96 13 18
7 33 116 87 95 90
7 13 67 53 35 117
7 26 33 105 63 69
8 119 125 119 82 61
8 69 70 9 55 61
8 43 122 86 77 48
8 102 96 13 126 89
8 111 70 94 41 23
8 123 105 18 53 34
8 19 109 105 24 13
8 89 33 90 28 46
8 93 15 42 84 35
8 29 85 110 52 114
8 33 38 112 74 76
8 105 96 33 49 41
8 96 111 42 112 38
8 85 12 75 29 123
8 27 11 95 78 75
8 119 127 16 22 56
8 41 59 17 57 46
8 127 64 84 56 9
8 7 44 109 96 59
8 47 82 65 108 35
8 53 64 30 105 114
8 2 95 46 38 79
8 89 110 88 43 93
8 116 56 50 48 71
8 126 101 59 65 104
8 91 113 84 47 106
8 4 28 16 66 45
8 121 89 7 119 12
8 39 69 106 102 16
8 10 74 55 103 18
8 79 126 41 89 40
8 92 0 17 70 18
9 69 58 41 36 100
9 0 7 45 7 83
9 9 47 63 0 12
9 2 37 52 48 52
9 60 119 102 21 33
9 112 2 28 31 33
9 14 18 18 118 34
9 15 90 10 8 107
9 35 95 121 58 51
9 60 76 106 22 44
9 109 71 75 35 56
9 98 3 90 71 103
9 123 85 116 49 79
9 110 40 65 120 45
9 25 72 112 40 100
9 26 53 22 65 78
9 3 78 43 83 27
9 22 124 110 31 19
9 73 111 92 111 28
9 39 77 102 67 80
9 50 67 72 81 41
9 70 125 75 92 103
9 36 8 72 4 34
9 124 21 95 72 98
9 107 122 25 45 125
9 2 41 120 14 104
9 44 101 36 6 27
9 22 23 14 112 95
9 127 85 21 50 80
9 82 28 121 73 45
9 45 110 3 117 90
9 33 6 63 43 26
10 26 96 43 103 22
10 127 4 16 82 86
10 81 33 10 21 37
10 2 18 60 63 27
10 47 120 67 97 100
10 89 96 65 91 90
10 59 3 1 80 26
10 10 103 0 63 100
10 112 83 35 52 90
10 39 77 78 126 75
10 35 63 81 64 90
10 8 28 92 13 98
10 126 51 27 50 23
10 110 117 111 21 52
10 32 47 68 120 26
10 5 106 6 54 50
10 49 56 85 73 7
10 100 60 18 123 90
10 49 115 27 21 51
10 41 63 113 23 83
10 37 55 65 57 9
10 98 5 73 89 73
10 26 93 104 123 38
10 127 64 52 124 78
10 27 39 111 17 26
10 84 95 127 123 116
10 14 68 123 115 82
10 89 0 111 102 45
10 122 114 51 17 112
10 83 25 99 54 65
10 58 90 26 27 38
10 117 67 19 84 87
11 71 93 125 66 72
11 26 114 75 1 125
11 55 13 2 56 45
11 77 18 42 34 109
11 48 109 102 0 95
11 123 60 34 113 24
11 59 116 22 115 107
11 96 53 39 72 61
11 96 6 30 7 119
11 82 18 33 3 33
11 125 60 7 51 87
11 75 9 105 31 15
11 17 122 103 13 124
11 20 55 10 90 112
11 47 14 81 77 121
11 72 124 41 21 101
11 43 121 60 94 80
11 116 49 12 73 108
11 109 18 119 38 86
11 16 30 96 61 54
11 81 8 120 100 8
11 28 3 56 38 26
11 40 109 68 99 72
11 63 13 64 98 43
11 83 119 118 86 71
11 85 52 4 98 79
11 118 88 87 60 1
11 64 38 47 111 45
11 121 65 86 95 72
11 76 10 76 73 101
11 95 90 81 40 84
11 60 1 34 43 31
12 39 101 56 81 84
12 81 94 69 58 6
12 86 46 113 26 79
12 121 20 105 63 108
12 103 109 122 94 38
12 65 38 0 39 59
12 94 76 91 25 2
12 43 52 12 81 110
12 49 119 66 117 1
12 115 13 53 14 82
12 66 14 40 32 10
12 126 113 42 43 5
12 114 9 119 60 82
12 35 127 83 72 10
12 119 98 125 100 76
12 103 93 116 66 105
12 109 126 15 18 109
12 23 24 28 107 76
12 74 110 31 123 37
12 74 0 58 30 115
12 23 69 26 34 74
12 125 65 95 46 34
12 124 99 42 117 11
12 89 15 38 47 101
12 121 16 31 70 17
12 89 63 3 34 61
12 10 81 10 1 23
12 117 112 52 106 82
12 97 62 68 55 30
12 15 20 127 37 100
12 59 31 66 90 10
12 18 71 83 38 90
13 18 98 45 114 67
13 0 110 22 13 60
13 111 40 59 125 77
13 105 61 58 13 118
13 8 78 54 54 6
13 39 49 28 85 122
13 117 62 37 109 38
13 53 123 103 113 78
13 50 97 24 113 78
13 65 85 0 116 21
13 96 112 85 4 85
13 105 48 18 81 17
13 92 63 41 83 99
13 74 120 12 6 47
13 8 15 82 32 60
13 66 82 72 48 79
13 118 10 123 121 72
13 50 50 34 52 99
13 21 88 30 86 16
13 86 74 42 16 62
13 34 67 111 22 4
13 25 111 122 95 103
13 99 92 63 82 66
13 31 100 120 79 106
13 28 19 108 2 104
13 37 21 54 87 10
13 71 88 69 91 105
13 106 50 22 53 101
13 109 20 95 50 73
13 22 106 83 61 101
13 17 125 44 115 79
13 125 55 49 72 66
14 23 19 103 80 123
14 100 7 116 28 95
14 63 22 73 102 65
14 87 102 52 50 3
14 29 94 26 28 58
14 34 72 7 85 45
14 61 101 51 81 34
14 75 54 118 78 4
14 27 103 97 33 101
14 84 42 113 28 101
14 2 72 2 79 113
14 101 28 42 99 5
14 43 29 61 57 2
14 106 31 108 104 103
14 63 24 102 106 100
14 60 31 11 127 62
14 61 119 51 51 72
14 5 89 79 88 68
14 86 42 40 25 40
14 74 115 40 105 77
14 45 4 108 124 18
14 0 5 29 86 3
14 67 117 67 69 28
14 50 13 58 23 100
14 21 70 10 45 40
14 32 86 93 117 105
14 77 52 73 42 9
14 15 14 111 70 19
14 78 98 21 32 80
14 73 30 20 48 45
14 23 28 3 73 124
14 97 14 45 76 78
15 101 64 60 39 127
15 5 126 11 76 22
15 127 80 118 76 55
15 23 34 53 55 4
15 121 120 114 53 27
15 74 14 65 122 35
15 71 28 127 6 48
15 47 49 78 28 51
15 98 59 103 79 104
15 80 116 8 47 97
15 103 92 100 57 1
15 55 90 30 113 24
15 37 42 96 121 85
15 71 26 14 118 35
15 87 50 48 46 109
15 44 122 124 104 25
15 105 87 108 80 31
15 93 73 95 33 80
15 91 58 47 112 8
15 58 0 71 24 10
15 102 48 34 80 95
15 108 71 68 6 100
15 95 109 75 32 0
15 64 83 31 126 101
15 32 119 52 12 75
15 58 125 17 49 35
15 125 62 28 10 2
15 101 117 99 60 11
15 54 19 14 16 17
15 70 33 45 82 120
15 111 92 45 21 96
15 112 45 116 48 99
16 100 64 59 88 19
16 63 123 34 100 82
16 6 115 90 33 24
16 64 64 47 27 103
16 10 113 118 75 118
16 101 53 38 87 3
16 98 29 100 118 23
16 3 61 51 85 120
16 82 111 43 51 48
16 81 50 117 98 60
16 98 36 103 92 21
16 62 107 90 23 2
16 22 49 78 33 31
16 68 45 85 18 13
16 125 114 76 20 117
16 85 92 46 10 95
16 34 17 122 122 44
16 59 30 41 46 47
16 96 114 113 11 59
16 32 18 19 119 53
16 72 43 37 16 80
16 22 71 119 63 110
16 112 64 127 40 104
16 79 35 114 15 48
16 95 70 88 50 4
16 95 78 101 29 76
16 95 10 48 23 33
16 82 8 78 38 15
16 46 69 89 52 93
16 46 79 22 93 47
16 38 112 117 17 47
16 124 5 41 13 5
17 124 12 31 53 103
17 79 7 39 63 41
17 21 99 63 108 14
17 74 20 104 6 125
17 42 125 22 78 25
17 67 58 11 77 112
17 85 111 1 75 87
17 32 126 111 50 119
17 2 104 1 35 12
17 124 121 76 83 108
17 5 54 124 24 54
17 84 109 62 102 2
17 54 42 120 96 50
17 64 28 85 109 11
17 102 74 55 25 82
17 29 102 109 105 118
17 0 44 103 83 69
17 63 88 93 42 102
17 46 31 62 35 70
17 55 6 109 45 38
17 2 56 59 63 22
17 95 68 88 83 54
17 34 28 66 37 40
17 102 52 115 67 0
17 48 57 90 86 28
17 82 102 121 86 95
17 87 50 18 12 3
17 80 50 93 1 121
17 53 94 118 122 57
17 112 33 91 107 46
17 74 2 71 5 110
17 124 106 54 15 21
18 76 33 52 34 64
18 16 82 69 63 38
18 54 8 117 64 59
18 12 110 73 110 18
18 26 113 22 80 57
18 39 58 41 108 74
18 48 53 54 89 100
18 55 55 97 65 123
18 44 123 59 37 97
18 94 62 61 26 43
18 84 111 119 82 59
18 115 96 64 90 34
18 71 120 62 84 21
18 36 46 99 6 78
18 108 37 15 0 6
18 112 112 96 15 8
18 31 95 95 5 92
18 108 9 115 56 9
18 12 96 114 55 3
18 99 84 112 88 41
18 47 68 80 52 6
18 59 3 111 7 54
18 35 58 53 102 62
18 19 114 47 126 69
18 99 61 2 115 90
18 79 82 123 19 32
18 26 9 49 13 67
18 66 20 70 36 3
18 84 46 32 96 114
18 50 16 42 77 47
18 6 46 28 93 4
18 123 17 90 1 37
19 51 31 31 89 57
19 113 57 34 119 26
19 31 12 92 77 86
19 69 81 91 117 52
19 20 40 54 16 90
19 97 28 96 37 113
19 109 69 13 125 99
19 65 27 34 104 100
19 65 35 90 82 53
19 113 92 53 40 44
19 52 2 84 26 62
19 40 66 115 31 121
19 17 76 58 115 113
19 94 84 36 43 14
19 39 81 16 100 35
19 122 61 102 81 103
19 13 11 71 92 41
19 106 112 80 3 31
19 62 89 29 127 72
19 54 73 54 47 58
19 121 29 104 60 123
19 118 67 110 50 84
19 114 126 125 58 24
19 124 101 8 43 38
19 88 35 20 65 82
19 92 104 45 70 95
19 86 83 94 106 73
19 48 14 5 97 66
19 47 81 62 51 81
19 76 65 76 32 8
19 23 100 33 9 57
19 14 60 1 45 32
20 8 6 108 22 57
20 7 98 6 19 54
20 50 97 98 126 4
20 13 112 23 97 4
20 96 20 66 50 96
20 83 100 106 103 53
20 28 80 82 32 98
20 119 92 13 107 24
20 68 18 33 87 117
20 97 118 45 75 7
20 47 73 115 101 86
20 105 75 113 89 2
20 103 63 0 16 69
20 103 54 84 44 51
20 25 20 86 44 109
20 32 121 50 127 124
20 73 52 78 100 44
20 82 126 37 98 80
20 9 95 29 13 55
20 35 122 110 86 38
20 58 62 95 20 103
20 63 79 50 8 81
20 94 97 83 98 25
20 68 62 30 115 25
20 121 93 81 117 6
20 120 107 10 63 119
20 61 71 56 30 47
20 60 71 8 10 72
20 24 55 9 1 18
20 126 55 117 107 11
20 118 27 59 70 113
20 94 29 9 101 32
21 127 91 30 47 41
21 62 109 108 122 102
21 3 57 51 53 64
21 9 107 103 67 15
21 55 55 60 22 55
21 110 50 72 72 88
21 89 35 62 44 109
21 76 35 58 55 106
21 4 75 79 45 57
21 32 48 7 15 43
21 70 91 72 5 24
21 120 26 42 71 123
21 11 84 42 101 99
21 58 99 112 36 31
21 119 7 109 122 15
21 83 113 45 64 109
21 59 61 86 91 96
21 1 53 116 101 6
21 102 71 105 60 102
21 85 94 5 79 39
21 95 6 73 38 75
21 33 66 50 109 3
21 72 99 42 58 15
21 11 29 49 89 104
21 0 52 116 50 31
21 83 88 99 87 67
21 44 86 64 76 60
21 69 103 60 57 2
21 29 70 47 19 113
21 25 68 125 110 103
21 39 32 95 96 106
21 34 118 5 94 101
22 11 29 66 20 87
22 54 109 14 59 92
22 84 96 112 27 102
22 27 55 92 36 2
22 77 76 3 72 95
22 95 23 92 79 97
22 125 2 96 30 101
22 75 86 86 124 33
22 127 8 55 113 5
22 16 112 53 121 36
22 30 60 82 101 88
22 124 89 21 8 100
22 68 61 95 100 109
22 85 46 92 80 47
22 31 32 125 30 16
22 11 16 79 57 31
22 126 4 104 40 45
22 19 22 119 41 86
22 122 112 116 108 88
22 117 30 19 52 62
22 19 43 119 83 102
22 115 43 26 113 118
22 15 85 25 18 79
22 8 11 101 113 68
22 16 29 126 86 69
22 114 6 42 110 103
22 112 48 88 72 55
22 17 112 95 25 11
22 7 103 87 29 81
22 4 30 26 22 79
22 117 75 8 10 35
22 27 46 72 125 91
23 88 4 4 103 110
23 22 54 122 126 111
23 53 48 126 108 97
23 96 69 27 74 61
23 47 69 71 115 72
23 41 53 14 104 42
23 67 96 47 103 8
23 115 90 9 25 113
23 5 39 52 111 28
23 50 95 15 94 122
23 3 85 38 121 75
23 33 58 93 63 59
23 28 68 51 46 92
23 9 46 12 28 80
23 32 0 104 59 125
23 55 98 58 2 100
23 120 87 66 36 113
23 118 21 64 117 50
23 69 38 73 28 85
23 59 116 10 5 122
23 41 86 121 122 23
23 65 5 23 42 6
23 39 20 31 60 124
23 91 53 57 87 25
23 18 17 17 3 59
23 26 89 10 62 11
23 114 42 107 97 48
23 45 106 75 93 39
23 35 115 77 46 7
23 74 84 115 92 75
23 22 80 47 16 5
23 103 100 100 95 4
24 24 20 114 25 40
24 29 93 111 47 6
24 25 51 37 2 50
24 19 33 86 45 87
24 65 102 51 83 10
24 75 18 9 102 9
24 66 123 19 114 32
24 125 45 103 50 64
24 6 39 55 42 63
24 98 28 50 45 111
24 66 106 116 0 89
24 1 27 58 84 110
24 91 94 105 57 121
24 118 15 6 47 56
24 77 25 88 70 19
24 78 2 105 56 111
24 44 5 55 6 31
24 4 67 92 104 36
24 78 29 37 126 0
24 12 123 12 80 101
24 58 85 116 18 111
24 90 10 39 96 6
24 49 95 106 14 33
24 66 72 120 12 16
24 17 107 122 81 27
24 74 38 13 86 4
24 53 55 64 9 4
24 67 123 95 82 19
24 32 111 85 33 21
24 62 119 76 14 6
24 78 115 38 37 111
24 115 76 57 84 10
25 51 104 58 123 43
25 118 89 126 24 40
25 44 46 39 61 121
25 99 72 55 11 28
25 41 42 35 114 124
25 83 53 51 60 33
25 119 124 28 24 50
25 13 120 27 101 126
25 60 20 6 0 107
25 0 105 43 2 7
25 120 87 30 65 68
25 58 89 14 83 120
25 72 18 14 118 73
25 59 119 106 90 17
25 7 32 23 99 72
25 77 106 63 54 107
25 21 33 16 61 59
25 105 87 126 17 14
25 126 112 40 124 107
25 15 109 7 57 87
25 75 25 98 56 87
25 109 94 82 120 106
25 27 79 9 8 121
25 70 19 89 93 56
25 74 80 40 106 58
25 73 91 70 12 96
25 119 102 21 92 116
25 115 56 19 114 125
25 27 106 25 109 123
25 71 37 3 114 86
25 57 63 100 1 8
25 83 59 116 113 47
26 57 52 61 58 18
26 90 41 60 48 126
26 101 74 35 49 46
26 14 123 65 111 15
26 55 31 103 87 25
26 64 43 5 90 54
26 67 47 57 58 100
26 11 117 10 70 63
26 19 116 109 89 46
26 20 7 23 52 71
26 38 4 8 26 45
26 45 121 17 6 36
26 113 87 5 40 33
26 44 74 42 5 29
26 71 95 105 124 38
26 36 45 69 85 99
26 90 22 61 72 14
26 73 42 84 48 58
26 43 105 25 103 121
26 46 39 24 84 5
26 49 102 103 33 91
26 20 1 60 11 91
26 0 21 34 95 90
26 34 89 87 83 12
26 12 114 118 53 122
26 112 112 3 39 67
26 113 57 14 87 97
26 114 121 84 124 0
26 69 34 121 29 24
26 10 79 97 12 122
26 83 7 85 76 55
26 118 57 11 83 95
27 96 113 95 59 67
27 90 116 83 5 51
27 83 106 72 56 3
27 18 65 86 123 44
27 84 2 119 62 85
27 110 78 44 15 30
27 45 56 24 26 52
27 74 87 113 125 94
27 0 100 45 54 10
27 17 2 32 82 122
27 51 106 61 125 6
27 112 19 11 30 27
27 116 94 76 69 125
27 71 57 46 82 42
27 121 87 69 30 37
27 73 29 6 101 100
27 32 97 57 108 5
27 102 61 54 45 60
27 24 17 36 67 7
27 42 90 36 64 26
27 39 26 106 37 33
27 18 19 5 69 68
27 80 115 50 30 73
27 116 63 16 120 111
27 109 109 40 117 32
27 74 121 74 49 112
27 34 17 34 46 94
27 54 2 37 120 51
27 99 106 107 64 24
27 60 15 35 48 61
27 72 8 112 57 107
27 41 64 9 124 9
28 26 115 50 84 55
28 34 84 108 63 104
28 21 59 4 42 7
28 26 72 31 84 110
28 47 36 8 10 87
28 113 115 118 94 107
28 34 28 38 25 110
28 75 8 4 41 27
28 120 115 96 126 84
28 11 117 74 92 85
28 32 110 95 118 77
28 4 101 104 44 40
28 109 73 8 118 106
28 23 80 7 41 79
28 29 73 14 117 31
28 102 103 120 72 63
28 40 88 77 0 80
28 93 20 121 36 79
28 74 24 53 96 51
28 101 79 10 14 39
28 95 14 84 36 21
28 8 37 63 75 126
28 61 71 6 77 52
28 92 10 87 111 23
28 49 99 57 26 5
28 100 16 114 85 96
28 0 78 21 50 96
28 26 28 40 107 23
28 65 121 53 40 80
28 6 77 100 51 94
28 50 56 14 1 4
28 70 109 105 83 104
29 23 21 77 127 56
29 116 23 112 26 5
29 35 23 26 55 76
29 77 55 49 41 41
29 19 103 123 123 82
29 45 87 3 80 68
29 78 54 55 35 77
29 18 24 68 86 123
29 49 84 84 100 72
29 38 29 15 97 27
29 17 5 37 118 1
29 72 4 93 47 47
29 114 27 83 50 115
29 122 25 96 112 6
29 61 64 42 12 52
29 125 69 62 110 86
29 111 98 35 28 55
29 71 25 14 105 120
29 101 104 53 99 112
29 108 125 109 97 54
29 5 110 35 124 14
29 41 56 32 42 63
29 55 112 122 88 58
29 92 44 13 4 47
29 113 9 83 68 80
29 76 16 90 71 37
29 114 50 58 42 8
29 96 47 114 122 15
29 52 15 11 12 68
29 24 114 38 84 57
29 35 55 80 109 1
29 84 123 106 65 61
30 66 121 42 115 37
30 55 61 42 122 29
30 107 12 38 23 29
30 12 72 33 16 108
30 103 96 89 99 59
30 57 87 48 90 49
30 50 120 120 75 21
30 66 15 120 29 109
30 92 17 101 38 19
30 122 107 88 31 120
30 29 45 98 27 16
30 47 105 38 101 120
30 25 24 81 79 119
30 107 113 54 32 7
30 0 108 49 13 55
30 64 35 29 60 15
30 58 22 62 32 76
30 6 36 85 103 122
30 99 75 71 89 109
30 67 51 119 2 54
30 41 50 48 33 98
30 58 82 7 34 34
30 61 17 66 54 101
30 114 94 95 73 42
30 114 102 106 113 11
30 98 108 91 26 62
30 56 3 81 6 117
30 68 75 112 110 107
30 98 110 15 46 11
30 25 62 38 78 84
30 69 84 43 107 69
30 117 105 24 84 115
31 5 25 7 65 16
31 1 92 78 113 99
31 11 125 80 88 32
31 104 26 74 43 122
31 33 6 95 40 72
31 112 123 76 1 33
31 7 97 17 67 110
31 126 71 66 65 11
31 99 34 1 95 83
31 104 76 85 14 42
31 104 39 115 9 15
31 122 40 101 13 115
31 109 57 120 124 66
31 96 94 40 4 124
31 62 38 13 36 72
31 9 47 80 50 70
31 24 58 97 125 68
31 71 49 118 95 69
31 83 70 32 23 30
31 64 11 98 101 55
31 57 111 50 23 1
31 28 26 29 120 71
31 99 58 100 99 110
31 1 22 122 3 45
31 69 86 58 64 123
31 100 68 108 16 89
31 20 74 47 55 61
31 27 50 15 118 105
31 8 46 35 66 7
31 116 62 20 39 58
31 10 28 40 63 62
31 39 9 80 17 22
32 69 31 27 11 86
32 35 111 27 18 98
32 13 27 39 51 90
32 13 126 4 113 16
32 92 116 2 20 20
32 4 106 39 106 90
32 111 108 30 69 18
32 11 9 17 75 59
32 117 112 62 102 105
32 66 34 15 92 115
32 48 37 97 77 84
32 90 23 9 11 86
32 91 103 6 91 105
32 10 89 8 41 39
32 26 64 33 88 118
32 1 6 89 66 20
32 12 63 79 77 100
32 92 100 78 21 18
32 41 59 100 31 0
32 83 68 125 1 76
32 116 23 73 8 15
32 46 119 104 36 70
32 84 60 37 127 28
32 20 117 117 123 0
32 46 101 45 11 60
32 5 26 98 24 32
32 122 82 120 122 13
32 34 86 84 32 78
32 61 123 77 106 106
32 39 45 33 70 3
32 8 118 20 43 117
32 87 7 85 57 102
33 34 66 50 55 44
33 12 30 60 5 54
33 36 70 28 91 66
33 55 82 53 74 17
33 85 22 21 80 0
33 60 113 45 66 17
33 113 95 114 73 65
33 57 19 86 111 33
33 100 108 13 110 96
33 40 75 65 26 112
33 93 7 10 77 114
33 93 56 82 107 106
33 59 89 20 25 60
33 9 64 81 39 118
33 123 115 38 12 39
33 107 3 66 56 122
33 22 121 127 110 105
33 56 93 18 75 14
33 63 107 102 67 40
33 71 126 67 0 56
33 37 17 97 39 54
33 99 122 57 122 111
33 61 26 122 120 81
33 56 48 110 120 93
33 17 87 64 56 34
33 113 59 57 94 26
33 62 10 19 33 127
33 76 54 127 34 12
33 41 126 107 104 64
33 80 127 16 74 21
33 71 62 15 93 47
33 53 8 120 5 15
34 41 84 19 28 98
34 82 81 115 15 120
34 46 62 70 13 62
34 73 7 19 49 112
34 5 25 53 100 34
34 11 67 4 58 46
34 103 9 68 116 16
34 49 50 122 51 44
34 1 63 102 75 12
34 92 120 111 72 15
34 64 28 10 100 34
34 27 114 98 101 46
34 44 113 96 26 59
34 18 59 32 25 26
34 102 82 75 78 68
34 15 56 63 3 6
34 122 44 12 120 26
34 97 70 76 55 29
34 13 25 111 122 81
34 114 104 4 12 87
34 54 97 27 71 78
34 75 18 23 104 15
34 31 42 19 94 57
34 45 27 92 7 53
34 77 91 90 83 61
34 90 78 105 75 40
34 46 37 67 20 21
34 79 33 86 109 71
34 30 104 123 59 25
34 36 100 67 47 111
34 44 8 76 3 5
34 53 99 91 125 69
35 94 112 70 57 13
35 99 14 120 4 22
35 29 30 3 127 54
35 36 1 93 73 9
35 30 10 42 69 8
35 85 80 26 114 40
35 89 47 64 9 104
35 125 25 17 32 5
35 78 100 83 31 61
35 65 5 88 114 47
35 84 116 115 102 25
35 72 47 100 59 15
35 117 17 14 102 30
35 120 74 93 76 29
35 30 121 117 102 77
35 100 0 126 109 9
35 55 119 48 90 9
35 58 106 109 58 18
35 61 114 84 71 81
35 26 115 4 95 106
35 7 47 4 89 74
35 12 45 63 71 118
35 100 113 54 0 74
35 26 63 116 50 94
35 43 42 127 77 56
35 102 124 22 9 87
35 8 72 14 30 52
35 17 45 111 51 89
35 117 72 20 101 42
35 16 108 24 47 86
35 24 17 123 105 127
35 90 87 105 14 81
36 4 40 79 38 93
36 39 100 36 116 24
36 75 95 43 39 57
36 45 89 121 113 63
36 116 76 20 81 68
36 35 117 122 110 114
36 39 6 114 52 43
36 34 29 36 18 118
36 17 88 11 123 122
36 76 116 107 73 52
36 21 80 99 10 81
36 7 70 121 124 102
36 12 88 50 78 35
36 81 79 29 52 103
36 3 45 72 20 91
36 45 123 25 14 39
36 57 53 26 127 57
36 54 2 57 87 37
36 114 109 115 82 126
36 20 43 70 32 93
36 90 101 70 126 110
36 77 53 102 88 7
36 43 54 121 97 26
36 29 98 57 32 117
36 47 125 94 24 58
36 6 94 8 15 61
36 97 77 71 40 46
36 120 122 124 8 96
36 29 127 84 80 59
36 7 86 11 43 77
36 116 34 30 115 58
36 106 15 22 20 49
37 12 91 48 55 21
37 40 1 97 17 65
37 80 18 113 20 121
37 97 123 83 52 90
37 30 23 98 3 24
37 80 114 115 32 112
37 100 79 0 51 65
37 10 109 113 68 63
37 80 47 22 85 67
37 42 54 55 43 80
37 75 57 79 54 57
37 62 114 87 89 35
37 70 55 22 112 46
37 121 34 111 42 78
37 116 54 16 26 119
37 126 7 107 53 42
37 85 53 66 85 114
37 64 63 96 43 127
37 88 118 43 45 36
37 84 71 70 14 95
37 125 19 23 26 17
37 55 108 28 122 39
37 57 41 124 105 84
37 47 42 22 77 78
37 122 73 68 66 46
37 32 54 1 39 80
37 84 103 2 95 55
37 92 11 114 13 47
37 70 42 101 42 19
37 72 51 64 15 88
37 3 85 7 19 17
37 82 85 97 0 72
38 35 2 57 30 124
38 80 79 52 87 89
38 83 3 55 59 89
38 120 114 28 19 38
38 79 102 125 124 5
38 102 60 4 15 76
38 69 3 74 54 96
38 30 47 32 94 32
38 48 62 7 85 11
38 119 118 49 47 78
38 111 28 124 22 113
38 46 92 76 59 80
38 20 54 21 35 28
38 78 78 23 98 111
38 93 119 73 6 13
38 98 101 17 58 119
38 99 95 60 40 94
38 53 37 91 55 28
38 48 61 53 91 4
38 90 81 17 42 123
38 25 102 107 53 85
38 108 120 9 11 58
38 111 3 42 58 12
38 74 127 108 117 63
38 91 91 122 122 79
38 15 63 125 23 14
38 92 88 77 61 119
38 1 57 22 62 92
38 75 31 23 21 105
38 88 8 121 119 48
38 16 88 35 72 44
38 15 75 11 104 6
39 22 97 107 15 34
39 18 96 97 61 85
39 9 79 83 52 108
39 93 19 88 7 48
39 103 29 92 26 60
39 107 111 117 111 14
39 40 96 126 74 16
39 50 118 27 93 111
39 40 82 63 84 82
39 21 51 28 105 21
39 48 108 75 28 52
39 69 113 75 29 68
39 58 66 100 118 55
39 58 91 127 115 37
39 5 49 60 90 126
39 118 116 110 108 5
39 23 84 102 29 59
39 94 66 20 79 65
39 96 11 60 97 108
39 77 3 12 72 4
39 38 116 83 126 105
39 127 3 28 99 45
39 126 106 60 16 125
39 1 54 37 7 115
39 84 113 44 60 81
39 7 112 125 47 12
39 9 100 47 32 99
39 101 10 55 89 31
39 87 26 92 53 16
39 50 83 121 70 112
39 87 92 3 57 28
39 115 31 57 40 45
40 47 93 105 112 26
40 33 22 27 17 124
40 120 87 43 123 121
40 47 124 108 59 91
40 38 91 97 98 49
40 107 68 56 107 82
40 1 99 104 99 124
40 50 81 88 39 89
40 71 52 106 52 125
40 85 38 5 99 48
40 96 101 15 97 127
40 64 38 71 1 9
40 126 53 65 82 32
40 118 122 60 78 88
40 95 109 82 19 33
40 127 16 9 49 105
40 68 97 104 41 48
40 18 125 108 85 125
40 97 83 29 11 52
40 86 118 45 85 6
40 94 105 12 91 100
40 58 5 11 17 70
40 73 80 94 112 2
40 61 17 119 34 71
40 115 60 29 37 68
40 14 36 21 112 91
40 119 55 94 61 74
40 24 101 34 28 58
40 91 107 6 2 125
40 125 104 67 41 6
40 16 104 73 42 10
40 13 81 33 69 50
41 52 27 43 111 64
41 112 51 86 106 53
41 0 7 38 92 51
41 76 64 80 64 10
41 89 108 24 93 21
41 115 93 107 65 19
41 46 14 116 9 79
41 54 94 122 32 80
41 22 113 40 6 42
41 124 6 47 119 55
41 125 27 72 29 82
41 125 115 8 106 109
41 24 79 125 75 49
41 87 11 103 60 99
41 78 62 96 43 83
41 101 81 88 2 117
41 18 40 46 125 67
41 8 80 46 12 56
41 50 118 59 60 75
41 42 68 121 79 23
41 100 95 82 53 82
41 89 51 91 119 17
41 100 4 56 39 119
41 41 44 117 120 93
41 13 61 117 52 71
41 116 23 107 94 39
41 76 121 32 1 13
41 1 46 61 70 49
41 127 77 91 72 86
41 78 49 80 123 115
41 3 115 99 33 33
41 71 98 127 29 16
42 122 92 7 47 80
42 50 9 109 1 115
42 29 125 74 98 87
42 75 104 104 61 26
42 24 114 40 55 12
42 121 126 51 97 21
42 73 117 31 48 36
42 5 27 79 76 122
42 13 104 113 42 32
42 73 62 39 126 88
42 35 61 13 61 101
42 117 66 11 43 102
42 16 60 43 16 29
42 120 20 97 99 89
42 71 15 106 108 41
42 122 52 0 83 33
42 92 92 9 93 50
42 80 83 24 117 116
42 120 82 79 117 124
42 60 24 92 117 70
42 57 10 80 90 89
42 102 36 122 69 117
42 46 71 87 57 66
42 38 28 68 38 83
42 93 0 117 90 56
42 123 74 59 91 66
42 79 57 37 88 114
42 119 102 48 126 18
42 11 70 74 50 78
42 108 36 127 110 28
42 113 59 126 82 81
42 17 20 98 67 77
43 61 13 66 96 81
43 36 33 15 126 114
43 46 88 24 40 57
43 42 66 13 81 89
43 14 20 110 27 22
43 106 86 52 102 40
43 63 65 127 53 71
43 26 83 126 37 85
43 38 22 105 89 3
43 88 101 125 116 5
43 44 33 126 10 93
43 119 92 30 8 15
43 111 101 119 54 126
43 104 106 18 3 110
43 103 103 33 99 80
43 9 38 81 28 113
43 110 127 77 127 80
43 116 22 66 18 65
43 98 90 112 88 11
43 98 21 37 118 5
43 64 32 63 5 32
43 109 64 12 111 39
43 92 80 65 8 85
43 103 111 81 93 115
43 116 111 89 105 22
43 52 49 95 32 7
43 45 17 51 67 127
43 19 15 106 49 52
43 126 123 30 100 91
43 45 10 57 119 14
43 64 73 101 15 0
43 69 94 55 53 86
44 1 69 115 72 34
44 54 91 66 37 65
44 40 1 69 2 91
44 95 103 74 76 104
44 27 33 87 13 54
44 19 124 34 59 26
44 75 22 57 15 23
44 9 36 9 68 81
44 124 19 126 68 9
44 30 43 12 41 88
44 41 98 90 37 16
44 73 82 89 43 34
44 46 41 49 32 74
44 13 69 75 96 91
44 17 84 55 48 70
44 117 35 49 36 62
44 45 95 111 112 21
44 52 88 73 53 76
44 25 38 42 110 24
44 18 124 17 59 66
44 54 103 5 0 120
44 104 57 41 19 16
44 38 52 27 120 25
44 72 31 119 28 73
44 81 59 98 48 58
44 59 55 52 19 23
44 93 118 70 62 41
44 4 111 50 49 103
44 77 9 79 14 46
44 84 90 13 88 18
44 36 88 52 4 119
44 11 121 21 122 26
45 33 51 116 14 74
45 32 73 59 50 94
45 122 121 93 119 25
45 91 13 34 16 32
45 93 121 26 61 41
45 61 88 17 37 66
45 69 107 107 113 28
45 125 47 104 78 73
45 91 60 113 70 1
45 5 51 48 106 65
45 14 104 18 121 13
45 109 33 12 103 36
45 97 52 111 49 9
45 85 79 14 0 16
45 3 2 76 71 120
45 14 79 35 125 88
45 67 124 104 103 104
45 72 118 113 8 64
45 115 43 87 25 92
45 85 46 94 43 118
45 78 22 80 63 50
45 30 80 71 24 16
45 110 9 10 47 65
45 116 100 22 66 42
45 78 105 37 86 46
45 93 67 14 70 70
45 63 11 7 99 10
45 118 105 80 112 8
45 105 60 8 113 8
45 120 50 18 4 0
45 102 43 94 73 63
45 81 97 110 119 25
46 107 11 95 68 93
46 37 62 114 29 63
46 103 121 28 116 52
46 7 79 46 90 114
46 115 26 41 105 97
46 126 32 76 68 106
46 9 19 115 27 37
46 24 11 62 117 20
46 34 102 77 98 105
46 72 123 92 12 47
46 33 120 18 122 121
46 44 24 1 43 50
46 22 5 53 73 48
46 40 75 30 127 59
46 69 60 65 124 26
46 2 87 47 100 98
46 59 72 19 105 67
46 99 98 1 74 126
46 106 125 55 50 118
46 52 51 28 16 97
46 68 65 45 7 125
46 69 99 31 104 49
46 60 125 32 54 25
46 8 40 111 72 9
46 112 33 16 35 87
46 33 105 22 42 100
46 127 58 94 22 108
46 91 108 49 119 40
46 97 96 67 9 39
46 62 116 52 98 119
46 5 18 82 120 116
46 102 57 18 42 69
47 44 76 45 79 104
47 33 16 45 103 124
47 62 72 85 17 108
47 101 12 69 39 120
47 11 78 86 91 12
47 63 94 106 121 97
47 90 52 5 31 95
47 66 58 15 104 107
47 33 74 112 59 63
47 112 21 119 98 24
47 39 10 20 9 67
47 29 24 20 12 79
47 59 1 96 59 38
47 44 10 79 113 126
47 33 97 109 9 50
47 88 81 89 61 63
47 37 11 60 32 70
47 36 75 56 124 91
47 17 103 57 109 3
47 64 86 46 64 1
47 39 28 110 86 110
47 78 78 21 11 113
47 29 89 76 16 53
47 5 95 86 65 17
47 36 104 58 20 113
47 10 16 24 104 113
47 13 109 22 60 13
47 86 118 9 74 54
47 72 86 40 122 94
47 75 83 51 38 21
47 38 82 57 80 15
47 57 99 79 9 125
48 33 17 120 4 62
48 56 101 29 118 44
48 64 78 48 60 6
48 82 4 10 36 39
48 84 92 103 30 41
48 87 120 82 4 102
48 107 44 115 102 93
48 43 95 3 37 49
48 65 46 100 54 19
48 28 55 127 25 75
48 66 84 56 36 43
48 123 50 32 22 121
48 58 126 65 24 99
48 19 118 105 7 93
48 121 51 31 81 87
48 62 108 22 7 67
48 19 2 26 114 5
48 4 56 13 102 30
48 109 39 2 52 71
48 36 115 82 10 70
48 24 48 91 36 14
48 40 78 116 7 71
48 20 63 38 119 63
48 90 23 103 93 34
48 115 69 108 83 7
48 66 59 44 19 37
48 53 56 74 72 122
48 81 0 17 4 106
48 104 89 5 4 42
48 71 50 91 39 30
48 2 69 5 80 72
48 113 88 43 74 101
49 57 86 10 91 33
49 76 45 105 53 121
49 99 90 107 7 1
49 39 69 63 127 42
49 61 75 92 107 51
49 105 98 18 103 123
49 29 47 31 122 6
49 33 2 111 101 99
49 46 29 75 0 38
49 30 30 60 86 7
49 82 2 111 81 76
49 89 107 69 24 33
49 36 20 87 127 30
49 87 1 6 55 126
49 12 19 108 114 51
49 49 99 20 36 10
49 5 104 71 114 75
49 75 13 45 108 107
49 117 22 68 54 113
49 2 75 103 74 3
49 32 32 89 67 29
49 91 103 89 107 74
49 4 20 120 87 22
49 67 20 16 27 93
49 18 38 81 79 126
49 79 20 116 63 71
49 116 100 74 90 93
49 111 94 105 7 29
49 108 62 11 72 91
49 8 76 4 7 79
49 47 126 72 1 3
49 77 51 88 78 124
50 0 81 61 1 116
50 91 121 53 41 80
50 52 91 97 107 25
50 102 65 47 38 76
50 42 75 52 30 69
50 13 49 26 69 29
50 2 27 66 60 53
50 76 48 48 33 67
50 6 113 97 105 18
50 117 123 24 70 117
50 108 68 121 4 54
50 21 24 26 44 40
50 70 127 116 39 85
50 54 37 113 107 121
50 85 65 96 44 64
50 75 64 115 83 94
50 0 68 113 61 20
50 45 87 27 80 100
50 114 78 50 116 115
50 90 2 6 24 78
50 43 60 85 14 10
50 44 109 34 125 12
50 85 68 52 78 13
50 106 37 96 28 46
50 108 35 40 14 111
50 4 0 14 84 30
50 17 75 86 90 51
50 105 109 24 71 89
50 76 7 122 9 82
50 70 20 35 76 1
50 34 82 20 31 36
50 108 65 2 1 71
51 42 21 106 5 64
51 70 32 125 0 127
51 91 101 14 81 45
51 22 9 124 48 75
51 85 60 23 56 35
51 1 68 111 6 101
51 104 1 47 106 0
51 56 82 101 100 50
51 80 45 120 8 122
51 17 32 9 7 115
51 42 24 5 50 13
51 87 4 75 72 74
51 92 45 79 27 71
51 105 21 79 95 57
51 118 120 125 94 86
51 7 32 92 41 13
51 80 33 16 126 102
51 40 13 66 48 61
51 13 115 98 13 24
51 44 100 92 87 45
51 16 42 58 5 82
51 112 78 100 105 114
51 43 84 39 4 106
51 95 72 54 108 126
51 88 125 41 75 101
51 99 121 56 9 115
51 66 122 63 40 49
51 97 67 78 13 68
51 20 4 96 118 120
51 30 81 62 46 90
51 10 48 85 4 15
51 30 18 110 2 76
52 10 122 127 90 46
52 67 52 15 63 50
52 104 29 66 57 37
52 3 79 70 19 45
52 91 127 66 76 76
52 15 97 48 33 84
52 126 123 72 35 62
52 40 117 16 105 109
52 118 93 52 9 74
52 65 63 45 69 43
52 118 16 118 113 93
52 102 48 124 14 32
52 14 75 58 89 48
52 53 14 54 30 94
52 65 40 99 57 31
52 73 48 37 33 97
52 76 18 10 98 44
52 109 29 101 69 60
52 16 67 0 90 7
52 88 39 74 105 49
52 122 26 12 12 125
52 79 92 102 34 94
52 57 119 118 124 100
52 56 52 75 59 31
52 109 42 118 76 71
52 93 72 65 116 94
52 98 85 4 80 28
52 63 5 34 15 66
52 61 71 44 96 38
52 46 19 77 35 58
52 93 100 52 36 79
52 94 17 70 34 51
53 38 117 99 14 29
53 0 41 92 80 87
53 86 62 33 49 111
53 14 22 67 102 19
53 72 36 71 81 16
53 85 113 73 54 30
53 121 68 71 59 56
53 15 99 68 61 0
53 42 81 82 100 90
53 97 74 118 10 90
53 57 92 101 89 48
53 9 50 41 118 111
53 14 99 121 14 123
53 55 20 23 2 3
53 2 50 124 106 35
53 67 100 121 120 101
53 110 116 26 11 58
53 94 98 1 35 83
53 79 120 32 93 64
53 36 29 50 42 40
53 20 10 39 118 49
53 8 30 104 127 11
53 42 23 109 20 38
53 59 55 23 33 53
53 6 45 54 42 116
53 46 108 45 70 121
53 58 97 77 67 33
53 45 39 53 116 68
53 7 123 110 4 56
53 18 17 66 99 113
53 41 22 21 106 39
53 73 60 12 3 81
54 7 1 54 66 112
54 1 91 30 56 120
54 126 86 32 109 117
54 92 35 119 76 103
54 93 70 44 3 103
54 63 115 81 79 29
54 43 102 1 56 74
54 21 40 10 57 74
54 10 102 90 88 51
54 58 91 104 87 101
54 109 8 96 95 34
54 25 32 92 50 40
54 14 12 31 11 37
54 103 86 66 83 71
54 84 110 55 98 49
54 2 122 66 85 66
54 34 124 126 75 49
54 103 28 107 121 94
54 66 98 77 2 20
54 115 124 13 115 67
54 82 118 81 81 47
54 57 126 112 52 104
54 6 98 107 100 81
54 109 58 36 118 56
54 87 74 83 119 0
54 22 114 98 63 59
54 96 22 106 31 7
54 95 117 78 54 88
54 69 25 46 51 80
54 93 97 100 49 101
54 4 27 79 18 50
54 65 15 25 1 40
55 86 121 7 91 126
55 57 86 64 118 12
55 115 43 25 35 127
55 107 92 32 94 59
55 56 45 56 109 23
55 76 5 99 126 109
55 48 119 55 110 44
55 38 26 114 28 43
55 123 77 43 126 122
55 2 44 28 24 95
55 27 122 74 3 103
55 42 74 77 44 98
55 80 127 125 65 82
55 21 75 95 31 74
55 115 101 89 110 50
55 19 53 68 105 39
55 14 103 65 62 43
55 41 51 9 77 117
55 42 6 24 94 31
55 70 39 101 53 120
55 100 9 51 15 77
55 20 4 75 119 48
55 38 111 121 111 90
55 114 59 53 47 44
55 38 47 17 26 98
55 105 120 58 106 23
55 42 118 19 68 93
55 7 28 86 93 11
55 12 22 121 87 122
55 123 92 124 56 53
55 38 32 74 34 101
55 120 14 27 110 75
56 93 68 116 118 47
56 91 124 103 77 84
56 96 83 100 83 112
56 104 86 123 66 116
56 19 89 70 105 28
56 44 70 123 25 106
56 26 41 54 46 127
56 64 27 29 117 124
56 32 110 92 68 97
56 39 121 46 78 91
56 53 48 86 98 127
56 63 59 8 127 9
56 109 57 13 123 23
56 87 92 54 116 97
56 111 91 23 4 31
56 4 85 18 39 126
56 19 127 21 9 20
56 31 35 50 96 74
56 90 23 21 20 1
56 96 81 7 46 87
56 81 28 68 34 84
56 26 21 89 20 48
56 16 94 101 91 49
56 54 46 20 68 79
56 66 99 2 49 16
56 68 46 113 20 89
56 37 40 57 21 88
56 9 111 1 38 99
56 7 42 47 83 70
56 9 32 48 81 76
56 68 77 124 86 113
56 94 99 0 72 110
57 98 7 98 54 87
57 25 72 8 48 0
57 62 21 78 53 3
57 73 126 108 11 58
57 6 80 94 17 4
57 47 124 36 54 25
57 73 123 104 110 80
57 51 84 95 65 22
57 68 80 10 59 35
57 43 61 82 97 112
57 85 84 99 67 85
57 100 98 116 83 3
57 88 17 42 35 94
57 124 52 44 70 47
57 74 81 83 3 32
57 38 123 10 72 86
57 102 90 74 105 103
57 30 68 119 115 113
57 127 29 96 30 71
57 61 121 117 109 108
57 11 5 119 76 38
57 123 34 94 12 55
57 24 35 80 123 2
57 67 37 82 121 55
57 101 28 87 61 82
57 99 5 122 57 41
57 126 100 87 48 118
57 82 4 90 36 32
57 72 16 121 96 100
57 66 85 83 48 116
57 45 56 127 93 61
57 63 77 91 30 13
58 12 18 60 126 65
58 42 86 62 3 83
58 68 107 20 4 48
58 33 124 23 56 66
58 10 13 4 61 113
58 98 72 106 7 57
58 103 45 84 0 51
58 97 104 123 46 76
58 46 37 23 12 59
58 45 100 116 90 22
58 35 6 80 101 90
58 64 64 43 2 65
58 51 126 55 10 79
58 44 76 104 96 84
58 124 96 17 111 99
58 0 30 117 0 40
58 60 105 69 1 92
58 11 77 25 66 89
58 59 93 83 89 62
58 85 106 4 66 105
58 112 115 39 25 81
58 11 92 62 60 63
58 51 110 110 120 61
58 77 6 33 112 28
58 28 92 120 27 12
58 65 112 122 25 64
58 74 26 84 8 27
58 117 78 45 58 11
58 96 89 34 88 35
58 44 121 111 27 106
58 123 16 61 78 36
58 119 111 78 8 77
59 36 0 6 34 91
59 31 116 96 69 70
59 48 44 89 77 45
59 97 91 14 70 72
59 96 86 4 92 90
59 21 106 102 15 117
59 64 46 57 17 97
59 93 8 44 23 93
59 35 115 33 66 22
59 20 11 25 16 121
59 120 15 2 103 34
59 81 114 77 52 30
59 57 57 124 42 14
59 11 12 5 76 99
59 15 18 23 56 78
59 114 5 25 11 126
59 118 90 29 39 53
59 40 9 59 10 92
59 93 16 47 43 2
59 120 7 2 78 72
59 95 108 9 3 86
59 87 81 10 16 68
59 110 118 125 42 11
59 117 66 97 111 121
59 76 43 81 67 81
59 100 89 63 92 52
59 45 38 73 122 82
59 54 33 13 67 106
59 90 85 113 26 114
59 20 93 22 74 115
59 89 108 82 116 79
59 114 52 93 19 41
60 89 34 79 48 116
60 91 116 30 16 108
60 3 101 61 118 1
60 23 93 103 77 91
60 103 41 59 40 89
60 85 45 88 36 3
60 9 63 126 1 79
60 126 79 105 65 85
60 119 19 49 83 70
60 127 38 72 36 92
60 109 10 15 45 97
60 8 13 0 96 60
60 56 14 93 118 91
60 114 103 11 77 79
60 34 45 41 122 75
60 99 42 98 34 16
60 124 71 106 15 28
60 64 12 68 80 35
60 116 59 29 51 63
60 103 81 91 111 110
60 24 16 67 92 109
60 55 60 8 75 88
60 41 116 35 39 54
60 31 69 116 123 7
60 72 83 8 63 124
60 111 29 25 71 75
60 116 89 38 78 74
60 62 78 34 125 93
60 86 119 67 35 20
60 24 51 104 101 8
60 59 122 117 68 109
60 30 69 56 46 43
61 64 83 93 73 69
61 68 103 14 114 70
61 118 64 123 102 98
61 43 0 34 106 124
61 61 51 89 97 48
61 93 28 27 45 56
61 119 0 91 66 18
61 14 101 41 71 55
61 112 46 74 43 73
61 96 13 33 92 105
61 97 44 62 104 40
61 55 21 72 22 66
61 91 25 36 5 127
61 1 65 118 85 25
61 5 33 19 5 27
61 116 40 1 4 23
61 92 85 108 113 81
61 3 82 96 87 109
61 126 81 73 87 56
61 51 36 28 110 17
61 123 20 17 104 20
61 4 113 21 117 21
61 53 73 114 4 100
61 98 94 11 62 49
61 66 77 102 24 17
61 118 60 53 115 127
61 27 47 33 43 36
61 2 19 11 122 25
61 55 124 25 87 18
61 10 51 18 62 20
61 68 20 34 91 14
61 37 0 61 120 23
62 41 48 63 68 46
62 77 127 87 65 37
62 55 107 119 71 1
62 50 15 53 110 120
62 21 45 119 8 33
62 70 8 6 88 72
62 125 12 76 106 2
62 120 12 59 62 106
62 43 23 71 71 74
62 57 107 74 117 19
62 42 65 74 38 23
62 117 23 76 29 118
62 16 57 127 52 107
62 92 81 70 105 109
62 110 119 113 45 113
62 14 116 20 34 115
62 31 79 37 95 76
62 55 70 82 67 124
62 117 83 118 20 22
62 76 37 98 120 43
62 86 103 100 114 62
62 94 76 97 6 49
62 106 9 125 64 0
62 49 86 108 28 56
62 78 53 85 27 114
62 87 99 106 52 127
62 98 14 112 111 101
62 3 22 94 114 123
62 108 63 46 20 32
62 60 73 100 75 126
62 83 26 125 112 63
62 47 25 69 121 16
63 29 40 19 53 24
63 56 32 110 4 105
63 71 106 60 19 127
63 5 68 26 115 87
63 42 92 25 22 109
63 100 37 44 45 18
63 122 25 51 55 10
63 101 13 5 21 104
63 32 108 73 82 32
63 98 99 44 42 92
63 24 99 77 118 83
63 123 8 110 125 88
63 72 84 67 58 93
63 42 5 32 5 26
63 10 57 126 18 81
63 29 65 112 33 64
63 98 57 69 77 5
63 54 85 124 70 34
63 9 117 36 121 118
63 119 10 119 86 27
63 123 27 36 36 83
63 13 117 91 74 74
63 72 48 76 10 13
63 50 20 44 71 51
63 16 77 61 58 68
63 3 49 41 38 121
63 40 85 110 6 96
63 49 105 37 21 10
63 103 11 58 23 43
63 79 72 16 119 9
63 60 35 63 34 55
63 15 31 4 69 2
64 111 10 53 27 113
64 73 94 43 25 27
64 24 106 67 65 77
64 70 82 116 44 97
64 84 31 124 52 69
64 11 124 82 60 99
64 81 89 2 120 114
64 68 38 93 124 23
64 45 40 53 119 125
64 50 76 94 58 31
64 112 71 117 20 35
64 15 82 5 31 36
64 107 35 82 45 7
64 124 29 13 23 96
64 99 33 50 40 52
64 56 44 28 42 108
64 84 23 11 103 88
64 114 42 8 116 88
64 73 100 26 58 7
64 96 2 5 98 53
64 43 38 76 69 85
64 93 82 13 40 49
64 32 73 77 67 48
64 61 8 58 125 67
64 15 13 41 60 96
64 88 1 3 102 1
64 82 74 1 8 85
64 10 36 121 14 9
64 97 11 27 74 123
64 39 83 71 91 103
64 106 60 95 123 23
64 109 21 60 122 23
65 27 43 21 61 116
65 116 105 125 20 36
65 70 127 64 34 42
65 0 84 84 44 112
65 91 77 12 116 8
65 111 14 120 95 104
65 16 67 123 1 73
65 0 85 93 116 42
65 63 47 21 25 10
65 105 53 70 54 37
65 19 108 49 108 38
65 58 26 68 1 82
65 16 78 19 61 39
65 41 98 27 36 107
65 20 91 32 32 123
65 123 76 2 23 12
65 47 125 124 104 87
65 62 3 68 114 118
65 104 78 35 101 27
65 114 3 110 47 77
65 68 54 105 125 50
65 20 29 60 19 89
65 21 85 91 38 0
65 83 29 111 85 114
65 36 127 99 126 117
65 22 0 63 4 75
65 117 73 89 29 118
65 24 124 108 113 98
65 60 59 123 107 93
65 16 37 0 64 84
65 109 76 125 58 127
65 33 49 62 87 71
66 7 87 81 109 19
66 107 56 109 77 124
66 116 3 106 109 9
66 34 8 78 74 74
66 25 52 126 74 107
66 35 91 112 84 33
66 118 16 41 55 41
66 110 55 68 84 65
66 125 51 37 100 95
66 125 104 57 15 86
66 33 17 60 21 107
66 56 52 29 73 28
66 92 93 88 18 81
66 61 23 104 110 56
66 69 31 107 74 16
66 50 55 49 31 104
66 18 10 93 104 126
66 101 48 5 86 23
66 64 97 64 28 55
66 72 83 121 17 51
66 88 92 58 112 100
66 49 85 8 93 69
66 61 23 84 127 86
66 7 93 124 35 102
66 54 27 48 90 92
66 17 30 55 108 63
66 117 98 117 62 99
66 60 29 64 76 50
66 73 31 71 75 56
66 22 66 106 50 106
66 99 79 119 114 115
66 107 67 35 116 43
67 50 49 57 100 104
67 72 55 18 68 12
67 34 125 102 55 75
67 26 80 115 90 42
67 106 35 74 38 95
67 60 12 118 82 35
67 78 76 24 104 114
67 7 83 86 122 67
67 15 72 86 99 30
67 54 75 67 38 63
67 95 77 109 57 96
67 9 54 77 18 2
67 40 42 95 74 108
67 8 34 109 79 66
67 83 97 77 127 32
67 10 69 85 100 42
67 82 1 67 66 81
67 6 44 20 46 104
67 55 119 46 86 101
67 11 117 42 42 86
67 27 110 49 22 68
67 87 69 63 18 90
67 31 92 92 92 111
67 91 56 122 104 126
67 49 42 44 14 72
67 26 114 34 67 53
67 34 119 110 110 127
67 42 113 110 27 76
67 53 2 67 87 96
67 48 109 123 24 107
67 77 47 53 100 104
67 18 16 116 127 94
68 87 55 70 36 10
68 105 1 53 75 118
68 94 124 37 27 44
68 34 3 48 4 108
68 95 108 117 88 84
68 9 52 51 116 73
68 45 122 102 10 61
68 113 4 64 42 13
68 114 36 68 104 74
68 124 23 94 17 102
68 24 79 122 4 50
68 56 38 17 50 70
68 100 65 8 96 68
68 39 85 115 32 111
68 1 36 124 67 71
68 27 108 58 19 88
68 53 73 56 106 70
68 0 113 112 98 73
68 85 81 6 5 68
68 56 21 25 56 26
68 59 41 23 107 59
68 117 45 50 18 52
68 27 11 68 47 98
68 104 67 30 42 27
68 56 8 117 105 70
68 36 87 109 20 47
68 109 48 114 43 58
68 26 17 122 5 38
68 94 54 54 83 22
68 54 7 31 32 105
68 59 55 1 59 125
68 79 75 100 78 19
69 110 35 56 106 3
69 118 110 44 86 52
69 115 35 94 94 70
69 40 90 75 116 104
69 15 98 55 62 21
69 89 59 35 111 120
69 89 96 75 126 89
69 111 13 41 19 7
69 69 38 59 79 22
69 121 126 12 20 26
69 12 50 75 97 58
69 96 11 59 11 32
69 24 99 44 99 54
69 70 57 31 41 93
69 28 105 74 84 6
69 115 122 65 85 11
69 123 120 8 115 117
69 91 118 48 123 10
69 94 28 63 122 94
69 2 119 5 97 69
69 124 23 120 114 112
69 109 74 56 123 93
69 10 12 72 85 24
69 14 12 46 109 28
69 49 38 51 47 127
69 14 81 40 111 6
69 43 85 19 17 10
69 41 125 126 68 85
69 52 12 61 61 111
69 76 80 26 76 119
69 122 48 110 113 111
69 13 70 121 56 6
70 28 61 87 97 75
70 64 1 103 70 56
70 7 115 48 13 109
70 28 12 76 86 98
70 22 62 77 30 107
70 91 32 40 23 26
70 109 37 11 125 59
70 46 74 74 18 10
70 72 11 77 95 30
70 31 28 100 0 57
70 16 77 60 108 94
70 9 6 52 80 66
70 114 110 38 37 107
70 12 85 17 19 45
70 115 104 64 56 91
70 53 32 112 123 83
70 41 86 121 105 85
70 55 23 11 101 89
70 58 68 24 109 92
70 43 90 113 14 76
70 114 16 24 85 54
70 72 0 80 120 71
70 34 14 61 2 48
70 89 102 88 127 3
70 28 34 11 92 32
70 67 23 35 0 81
70 52 86 23 65 13
70 117 34 70 48 116
70 46 19 44 53 93
70 15 22 46 17 103
70 30 42 109 30 60
70 83 127 81 49 39
71 14 61 77 109 117
71 59 86 80 2 97
71 104 95 63 69 45
71 117 33 89 41 45
71 16 123 52 62 54
71 65 122 25 68 18
71 104 116 94 85 14
71 100 34 50 58 16
71 116 107 33 50 8
71 31 111 100 94 97
71 24 101 75 22 92
71 83 123 78 11 31
71 55 24 26 85 93
71 92 11 25 127 67
71 126 81 106 23 83
71 106 88 22 36 44
71 78 64 106 104 95
71 67 3 94 79 0
71 62 50 123 87 95
71 8 96 87 8 103
71 15 39 49 75 50
71 76 47 62 56 60
71 43 108 91 13 124
71 71 125 45 107 97
71 52 30 26 93 103
71 90 103 38 96 47
71 37 94 2 109 40
71 29 101 113 35 111
71 54 55 127 21 49
71 31 89 103 29 8
71 124 6 24 28 1
71 101 44 13 60 40
72 32 50 39 41 12
72 57 107 104 122 16
72 52 60 104 41 96
72 56 100 18 41 90
72 99 99 48 65 78
72 110 23 123 115 17
72 29 97 83 121 69
72 60 51 123 21 45
72 54 76 33 71 14
72 71 35 95 110 51
72 77 5 2 20 0
72 42 39 67 51 92
72 88 101 59 13 28
72 15 100 43 81 71
72 85 117 106 8 117
72 62 113 117 66 99
72 41 3 30 102 20
72 62 42 57 90 124
72 111 69 3 21 2
72 83 56 90 112 64
72 89 12 80 47 43
72 127 62 65 106 57
72 56 54 10 92 122
72 105 16 77 48 15
72 57 117 94 23 10
72 45 124 84 67 122
72 54 67 60 117 69
72 92 60 49 90 54
72 122 49 48 105 99
72 118 103 88 72 67
72 55 105 51 119 36
72 79 109 90 82 94
73 92 64 112 79 78
73 90 93 12 17 82
73 14 24 32 101 35
73 43 124 125 63 35
73 104 57 26 100 31
73 6 94 108 59 72
73 1 32 24 26 117
73 46 120 96 58 32
73 79 27 73 3 1
73 40 36 61 41 99
73 105 43 52 49 16
73 41 40 109 38 22
73 2 44 35 74 6
73 83 53 31 72 29
73 37 123 116 10 112
73 5 96 44 48 58
73 26 55 14 93 46
73 11 88 76 78 34
73 26 76 1 19 77
73 82 18 108 13 0
73 45 2 6 116 73
73 0 109 45 49 55
73 2 77 87 69 77
73 5 2 29 77 25
73 47 99 28 32 8
73 7 111 114 69 64
73 126 75 28 90 84
73 81 4 92 55 97
73 22 58 31 4 30
73 100 93 41 3 77
73 108 100 21 48 122
73 115 93 0 101 73
74 78 56 81 105 32
74 104 73 15 62 45
74 123 38 124 101 88
74 32 8 109 37 17
74 82 40 103 11 126
74 26 59 86 3 21
74 30 117 28 101 94
74 62 122 88 44 13
74 101 102 67 103 59
74 80 27 84 14 119
74 25 15 5 60 98
74 46 3 98 28 78
74 123 65 103 71 33
74 34 16 120 92 103
74 116 122 106 17 80
74 10 27 113 11 52
74 77 81 21 73 103
74 21 93 17 39 22
74 125 84 98 67 18
74 67 102 109 64 66
74 13 49 31 21 25
74 13 13 58 27 30
74 60 68 74 86 71
74 78 119 81 38 65
74 65 104 81 57 80
74 7 68 116 96 61
74 110 76 90 56 102
74 58 1 114 1 86
74 56 93 108 12 119
74 48 17 48 112 57
74 51 13 121 7 45
74 66 6 78 111 46
75 110 121 99 39 113
75 22 20 82 80 47
75 127 49 73 6 5
75 16 76 115 22 36
75 115 39 1 37 37
75 63 37 90 6 110
75 98 13 69 100 67
75 9 113 50 108 29
75 40 59 5 103 63
75 87 63 15 82 112
75 76 72 5 52 78
75 78 68 44 96 114
75 73 38 63 80 110
75 121 91 70 98 13
75 72 51 111 8 52
75 112 93 97 70 92
75 79 10 105 56 121
75 114 90 12 13 53
75 28 47 65 23 3
75 80 44 39 35 25
75 44 78 50 22 65
75 94 50 83 53 96
75 84 10 38 41 27
75 88 127 36 46 112
75 35 36 66 73 22
75 31 6 5 111 97
75 33 67 40 44 116
75 96 12 43 2 109
75 63 86 104 12 42
75 81 69 80 69 51
75 48 106 0 125 17
75 37 26 69 93 63
76 23 83 90 35 105
76 111 72 92 124 64
76 126 126 109 62 74
76 89 127 39 18 104
76 109 66 116 72 112
76 74 79 125 110 102
76 118 84 8 82 91
76 35 80 94 83 15
76 34 58 19 6 69
76 81 72 15 117 125
76 9 4 29 76 57
76 111 91 35 110 116
76 32 112 118 57 35
76 74 73 53 64 126
76 24 13 16 95 108
76 69 101 105 49 24
76 35 127 121 29 13
76 84 64 102 78 120
76 89 98 31 92 1
76 17 84 41 69 101
76 107 55 35 125 46
76 42 105 99 18 21
76 102 68 2 64 126
76 25 6 123 57 102
76 44 42 117 83 95
76 3 122 19 57 95
76 14 25 101 41 116
76 26 60 43 40 17
76 120 53 38 11 30
76 86 50 103 44 72
76 13 109 14 22 2
76 61 122 81 69 27
77 111 16 0 93 56
77 11 1 62 117 45
77 31 104 51 81 59
77 45 116 23 47 49
77 66 72 123 82 92
77 31 46 101 112 9
77 39 82 47 16 30
77 114 26 103 70 72
77 2 120 64 65 111
77 107 95 119 23 58
77 43 4 88 123 87
77 70 31 101 84 32
77 84 33 22 85 30
77 117 96 110 91 56
77 126 118 26 9 15
77 7 22 56 4 109
77 37 29 97 104 75
77 44 40 114 73 100
77 21 52 94 80 4
77 79 21 51 27 73
77 82 102 39 38 56
77 65 71 115 34 111
77 40 27 123 67 9
77 78 44 94 9 19
77 56 102 39 62 69
77 122 15 109 71 55
77 121 116 77 26 83
77 121 77 112 26 103
77 25 92 75 80 113
77 70 118 39 13 98
77 67 122 126 62 83
77 124 56 4 2 48
78 119 62 112 26 119
78 29 59 60 38 84
78 95 87 71 59 71
78 23 78 126 125 123
78 72 63 120 92 39
78 44 88 93 34 28
78 35 13 40 88 12
78 125 27 105 77 84
78 54 120 12 56 70
78 14 14 98 23 127
78 80 120 50 116 37
78 96 124 62 24 88
78 63 14 55 85 43
78 126 11 91 84 22
78 89 68 48 98 50
78 87 30 67 123 64
78 40 92 20 23 122
78 43 20 23 95 89
78 106 116 75 43 6
78 70 112 90 1 123
78 40 91 75 117 75
78 42 7 98 8 20
78 97 64 122 99 120
78 25 111 124 96 75
78 50 73 13 55 2
78 27 10 3 40 60
78 54 66 73 8 104
78 21 8 52 121 8
78 121 119 40 97 5
78 62 77 53 111 24
78 62 0 28 2 99
78 59 94 103 108 48
79 84 89 93 23 41
79 96 5 73 88 110
79 95 90 120 31 57
79 13 90 120 116 85
79 107 54 82 0 51
79 20 1 68 11 30
79 66 61 127 7 8
79 85 1 87 79 123
79 111 119 81 39 28
79 47 92 77 8 77
79 86 92 2 65 68
79 27 6 66 44 39
79 79 40 59 40 127
79 101 34 72 62 36
79 120 72 40 54 109
79 4 41 75 42 42
79 18 84 35 115 53
79 65 25 77 5 121
79 32 46 35 65 106
79 105 37 54 74 73
79 57 37 69 124 6
79 113 27 15 36 1
79 41 21 101 106 116
79 28 58 97 107 95
79 102 91 118 3 73
79 5 101 74 89 13
79 23 73 33 33 2
79 62 54 15 18 106
79 105 77 30 22 5
79 83 25 107 115 45
79 94 53 27 30 36
79 13 114 88 13 5
80 112 43 26 89 72
80 6 45 123 112 126
80 5 62 82 58 22
80 108 18 86 53 122
80 7 35 113 18 39
80 87 3 36 32 48
80 34 65 22 65 33
80 22 52 20 37 107
80 3 91 49 60 117
80 8 110 87 29 87
80 5 67 72 84 84
80 67 31 110 12 40
80 33 53 12 78 27
80 110 127 2 46 107
80 21 102 12 63 65
80 36 11 44 54 107
80 86 101 61 106 32
80 106 60 3 30 118
80 0 83 39 91 64
80 40 41 109 71 49
80 0 40 14 24 105
80 79 108 102 10 52
80 38 86 88 107 107
80 6 45 32 120 55
80 55 46 113 16 100
80 88 24 35 25 91
80 25 119 32 56 122
80 111 4 110 82 47
80 58 46 57 54 89
80 0 54 6 96 2
80 80 18 23 1 65
80 105 43 79 109 83
81 88 107 79 19 34
81 13 94 91 60 66
81 49 117 73 19 77
81 22 28 51 16 106
81 47 53 106 43 110
81 63 86 91 71 81
81 34 7 35 16 116
81 68 59 94 80 65
81 127 81 13 96 56
81 122 119 3 75 43
81 65 36 112 19 21
81 106 61 37 12 28
81 97 63 33 16 56
81 71 124 8 108 88
81 92 105 126 28 58
81 69 92 6 112 10
81 104 120 41 8 13
81 63 32 54 62 49
81 13 49 78 5 60
81 15 41 119 114 103
81 27 61 79 18 59
81 17 49 28 27 49
81 5 81 10 93 102
81 123 96 119 43 55
81 22 9 28 88 122
81 88 122 122 79 56
81 116 86 51 3 39
81 31 46 32 8 13
81 105 40 120 75 96
81 92 123 57 108 21
81 45 75 112 22 72
81 95 43 69 83 96
82 127 107 64 60 66
82 50 46 94 111 104
82 96 73 21 68 61
82 58 16 33 100 121
82 94 5 104 73 60
82 10 52 16 79 124
82 104 43 4 92 18
82 2 3 91 24 48
82 82 67 15 85 33
82 22 26 56 107 103
82 124 51 93 66 85
82 53 84 43 18 37
82 87 97 49 127 95
82 86 15 38 127 20
82 51 86 30 126 127
82 107 24 37 111 62
82 124 26 109 12 31
82 125 0 65 30 117
82 95 43 29 123 83
82 123 125 67 47 44
82 122 88 80 43 47
82 77 13 98 17 19
82 38 64 75 103 118
82 95 114 51 98 110
82 63 55 9 17 61
82 75 12 122 59 11
82 103 110 46 29 118
82 19 17 64 68 44
82 6 30 77 55 61
82 28 79 83 93 115
82 48 7 56 56 103
82 67 123 62 119 61
83 6 44 58 24 51
83 30 34 23 102 1
83 110 77 13 67 106
83 110 18 51 64 33
83 119 5 16 49 115
83 3 62 48 73 99
83 65 7 29 112 99
83 63 126 1 95 58
83 40 61 119 55 118
83 85 40 4 86 2
83 101 95 95 46 65
83 29 84 2 11 6
83 98 18 25 21 116
83 23 62 105 104 89
83 9 109 24 101 52
83 52 34 45 8 120
83 51 1 76 60 17
83 49 97 63 82 1
83 88 81 27 114 103
83 126 42 12 125 70
83 42 11 122 2 118
83 73 80 89 2 0
83 115 17 56 95 126
83 117 1 65 1 41
83 5 78 6 8 27
83 55 34 20 96 77
83 101 77 1 103 34
83 12 5 119 9 1
83 8 122 30 29 20
83 43 84 3 21 91
83 19 53 37 71 19
83 4 44 117 31 96
84 36 16 127 56 67
84 15 13 69 5 8
84 45 72 38 10 102
84 23 47 101 31 54
84 90 90 27 26 22
84 18 91 110 115 120
84 47 1 0 127 63
84 126 78 15 45 98
84 30 49 116 86 12
84 83 39 30 72 27
84 4 99 34 90 78
84 7 91 89 84 46
84 125 67 102 35 28
84 16 76 98 38 70
84 81 108 99 104 46
84 28 103 54 24 115
84 28 56 73 101 47
84 98 12 43 26 93
84 48 2 83 123 60
84 28 117 64 33 27
84 83 2 48 95 15
84 84 18 3 12 105
84 46 31 88 85 63
84 46 44 99 85 92
84 15 61 72 2 39
84 71 102 96 16 105
84 89 5 82 75 2
84 19 56 117 46 55
84 10 97 119 110 17
84 26 32 29 48 7
84 32 83 14 108 47
84 108 78 51 18 70
85 60 11 54 37 114
85 120 80 114 15 87
85 76 122 24 97 23
85 17 6 104 65 22
85 3 55 36 38 17
85 122 126 22 12 75
85 93 119 97 123 98
85 3 113 100 92 84
85 110 116 5 78 42
85 36 15 59 103 52
85 32 96 79 0 10
85 120 50 121 125 126
85 17 68 31 80 46
85 54 30 20 39 4
85 46 27 123 71 18
85 34 0 75 7 43
85 18 30 36 96 77
85 120 120 12 109 106
85 112 24 127 91 115
85 4 54 0 84 71
85 15 88 114 73 38
85 84 18 104 16 30
85 59 15 16 36 61
85 119 72 2 7 44
85 42 22 10 54 101
85 97 63 53 46 94
85 78 118 107 80 58
85 97 102 62 53 41
85 43 24 125 57 88
85 123 50 98 31 2
85 2 122 15 117 8
85 43 47 98 87 73
86 19 71 78 72 101
86 74 83 82 28 47
86 99 48 93 22 15
86 91 74 64 52 25
86 61 26 51 70 57
86 0 59 85 82 36
86 90 3 6 106 80
86 54 61 119 68 18
86 89 79 19 93 45
86 44 82 85 24 4
86 31 125 105 102 29
86 4 51 11 44 56
86 79 77 21 116 44
86 23 90 109 12 49
86 110 14 108 27 26
86 30 15 84 67 117
86 39 95 85 118 95
86 102 108 52 96 14
86 26 2 116 69 82
86 108 127 15 54 7
86 6 95 40 125 91
86 120 61 61 30 55
86 112 84 86 116 116
86 74 87 92 62 19
86 89 61 97 18 97
86 99 127 50 69 20
86 51 61 119 35 58
86 41 41 118 29 107
86 47 73 54 21 86
86 127 39 25 125 109
86 102 120 113 43 20
86 8 99 112 25 83
87 45 89 31 64 21
87 80 10 80 5 92
87 85 19 118 95 20
87 62 32 37 121 39
87 14 48 84 55 4
87 56 103 74 69 106
87 118 110 68 99 60
87 30 125 83 62 109
87 78 78 1 13 71
87 123 66 0 17 48
87 1 103 71 124 50
87 37 104 84 31 7
87 77 99 78 94 74
87 48 70 90 84 70
87 69 65 43 127 76
87 2 68 93 44 73
87 66 99 87 96 110
87 6 14 54 56 85
87 112 22 7 114 98
87 30 49 87 5 107
87 118 53 90 64 7
87 47 62 41 78 48
87 48 108 18 116 66
87 69 86 47 37 81
87 86 75 124 60 34
87 19 91 112 78 20
87 76 4 83 19 125
87 58 20 102 97 106
87 33 52 63 21 9
87 82 104 8 13 4
87 35 114 77 44 18
87 51 35 122 17 29
88 99 98 66 91 107
88 51 126 103 102 54
88 120 21 99 98 98
88 75 85 42 49 59
88 52 35 27 16 94
88 57 12 16 104 58
88 30 62 89 10 97
88 53 60 11 93 122
88 11 0 127 27 44
88 107 36 112 5 63
88 56 120 112 99 36
88 124 119 123 49 65
88 95 56 71 65 16
88 29 46 41 125 59
88 67 72 33 25 82
88 104 112 73 120 25
88 3 0 17 2 108
88 108 30 37 17 14
88 114 79 60 53 7
88 69 39 87 43 98
88 113 53 32 46 59
88 57 7 30 28 47
88 53 117 126 100 26
88 48 36 61 39 83
88 33 26 40 5 121
88 0 109 80 77 45
88 95 25 1 65 113
88 74 95 51 88 50
88 6 77 81 24 62
88 29 67 125 61 42
88 81 61 58 52 60
88 1 79 101 89 55
89 67 114 7 82 85
89 24 67 79 9 93
89 122 69 55 69 83
89 42 86 38 68 125
89 100 7 104 21 67
89 58 36 37 1 72
89 90 45 70 66 92
89 103 113 16 49 115
89 104 110 13 20 118
89 93 12 45 72 39
89 66 102 100 123 84
89 111 126 58 74 112
89 83 74 85 4 91
89 24 84 114 25 60
89 95 70 10 127 59
89 86 31 61 113 119
89 6 37 15 110 120
89 81 120 44 50 111
89 122 22 95 76 99
89 9 63 95 112 79
89 79 14 91 94 113
89 101 104 21 7 95
89 8 38 31 112 69
89 31 30 71 98 11
89 104 51 93 61 25
89 83 41 17 87 7
89 83 125 107 122 49
89 111 42 123 117 27
89 107 69 94 51 17
89 122 36 123 21 102
89 48 69 24 30 78
89 6 75 89 27 21
90 106 52 109 48 19
90 32 64 123 106 17
90 90 39 83 114 78
90 41 66 123 117 0
90 23 110 89 91 78
90 49 41 6 84 54
90 94 4 12 66 124
90 67 77 25 26 97
90 85 25 67 2 119
90 41 14 111 46 44
90 15 11 29 73 78
90 17 115 127 79 111
90 107 71 61 19 77
90 58 57 39 98 88
90 77 51 21 108 26
90 69 105 40 121 116
90 10 66 106 54 114
90 75 118 98 106 29
90 121 95 99 15 108
90 69 48 10 95 116
90 125 73 68 114 30
90 28 104 64 121 53
90 79 116 121 73 17
90 28 43 87 125 76
90 76 79 84 32 105
90 63 26 78 52 96
90 65 96 38 74 30
90 63 31 15 75 36
90 76 120 81 103 35
90 51 55 46 117 81
90 83 19 83 20 46
90 28 21 86 31 93
91 70 37 122 75 112
91 28 65 96 45 4
91 81 49 37 12 38
91 35 48 67 19 11
91 39 125 13 50 84
91 118 96 31 100 89
91 50 39 112 104 19
91 126 14 91 23 76
91 100 117 61 108 83
91 16 75 34 121 53
91 78 125 30 71 2
91 21 50 88 71 60
91 113 12 56 65 6
91 92 59 83 98 21
91 1 38 101 36 123
91 90 74 56 94 34
91 67 19 23 24 96
91 28 110 44 20 89
91 96 13 19 104 77
91 66 54 24 47 94
91 106 125 41 30 33
91 122 6 97 116 77
91 74 107 85 52 37
91 93 62 6 127 38
91 124 73 94 37 76
91 2 14 57 115 44
91 31 34 54 10 43
91 49 20 82 123 33
91 86 36 20 82 20
91 118 73 43 109 73
91 29 88 1 48 0
91 18 100 105 66 26
92 99 2 17 53 109
92 42 74 3 31 38
92 12 39 4 6 90
92 60 19 65 66 44
92 44 117 46 117 13
92 86 67 62 97 46
92 14 26 116 37 49
92 22 94 114 78 31
92 114 71 38 16 119
92 68 113 109 73 114
92 81 80 18 10 98
92 115 15 81 2 40
92 89 94 25 30 95
92 111 14 41 88 94
92 99 58 1 15 117
92 28 110 8 64 83
92 25 74 119 11 13
92 82 69 55 87 89
92 0 98 61 24 112
92 40 97 98 13 105
92 9 17 112 49 67
92 121 35 114 94 77
92 118 99 1 108 74
92 121 98 3 78 77
92 101 107 114 101 86
92 27 21 47 20 43
92 17 96 84 40 39
92 37 24 122 69 1
92 45 63 9 7 30
92 47 7 99 33 69
92 102 42 19 8 127
92 101 67 88 117 91
93 103 118 106 76 64
93 11 42 64 21 36
93 81 33 101 28 36
93 48 12 25 99 64
93 122 64 4 75 13
93 78 93 29 88 92
93 35 34 118 121 2
93 67 98 4 29 40
93 71 31 62 101 19
93 12 88 9 117 122
93 84 69 72 75 35
93 106 44 30 97 53
93 21 12 85 105 114
93 79 27 79 24 98
93 107 103 33 26 64
93 94 44 36 92 115
93 38 13 103 71 87
93 36 107 52 25 18
93 84 16 62 73 14
93 52 62 44 114 65
93 51 105 5 95 116
93 51 79 72 118 69
93 37 30 117 28 85
93 93 102 79 64 11
93 27 22 39 11 123
93 61 117 1 68 0
93 67 102 38 43 45
93 72 19 56 90 37
93 52 30 69 8 12
93 11 34 77 40 76
93 11 41 50 109 18
93 102 98 118 112 21
94 46 76 57 29 72
94 1 24 83 6 24
94 64 97 13 81 67
94 50 23 29 9 22
94 18 54 2 123 80
94 0 32 122 114 126
94 104 35 123 97 44
94 77 108 48 74 14
94 94 85 66 10 29
94 13 88 58 67 60
94 18 41 14 88 22
94 53 39 30 7 0
94 103 5 54 88 40
94 30 32 46 107 32
94 78 88 93 12 117
94 113 69 50 127 101
94 6 32 84 98 21
94 24 126 69 20 70
94 16 38 9 48 26
94 104 10 56 70 53
94 77 45 50 51 25
94 25 78 70 107 28
94 51 53 118 94 62
94 23 123 120 95 75
94 107 8 97 82 51
94 28 126 108 62 52
94 55 20 115 114 122
94 56 125 29 18 14
94 12 41 9 7 3
94 75 105 12 121 115
94 81 126 26 81 10
94 2 49 0 63 88
95 119 44 100 1 90
95 85 34 71 10 106
95 61 127 66 126 53
95 9 95 50 42 46
95 53 114 18 93 44
95 0 13 63 110 88
95 121 25 32 62 36
95 58 65 43 10 70
95 113 39 29 79 42
95 7 44 0 23 25
95 109 9 123 55 13
95 123 80 83 35 43
95 59 102 74 121 100
95 6 117 78 37 126
95 52 2 94 69 48
95 12 37 45 106 23
95 6 117 118 106 102
95 29 7 54 66 3
95 75 49 113 37 68
95 77 122 108 40 12
95 63 55 114 65 107
95 49 61 32 118 108
95 82 31 39 35 23
95 2 58 53 66 66
95 18 105 70 53 80
95 51 126 113 124 98
95 92 33 22 67 17
95 86 124 98 55 81
95 47 10 71 85 96
95 56 49 35 72 9
95 127 6 34 8 88
95 55 103 96 31 124
96 68 110 16 81 31
96 8 67 0 35 122
96 123 75 18 23 37
96 112 113 109 67 74
96 20 49 34 45 113
96 2 103 105 100 19
96 78 85 29 113 96
96 48 60 97 116 32
96 32 97 91 127 75
96 25 6 103 19 62
96 102 33 46 3 114
96 22 49 108 6 22
96 79 22 110 64 56
96 43 25 110 103 42
96 107 41 118 115 113
96 119 120 47 123 67
96 61 54 33 36 44
96 52 46 90 40 31
96 84 85 50 76 98
96 110 30 38 14 124
96 112 95 83 1 59
96 71 58 45 106 114
96 68 115 29 91 7
96 86 68 54 66 109
96 8 74 3 42 27
96 75 9 60 49 62
96 14 106 56 4 25
96 2 48 48 94 119
96 44 36 38 39 60
96 13 124 2 123 34
96 81 122 84 111 117
96 100 47 94 21 34
97 87 65 64 119 83
97 18 28 36 115 96
97 68 41 81 5 4
97 115 107 0 120 98
97 59 0 10 2 80
97 70 9 99 47 105
97 3 5 53 24 78
97 99 126 32 60 105
97 80 12 124 45 43
97 76 56 105 89 112
97 73 111 67 63 118
97 79 3 90 33 110
97 105 112 37 7 47
97 33 60 20 102 87
97 81 4 50 51 46
97 89 1 58 82 120
97 52 48 28 19 102
97 107 106 110 108 66
97 110 54 31 102 80
97 118 105 64 48 113
97 66 73 49 104 38
97 51 111 18 87 127
97 48 33 73 53 26
97 127 115 76 89 101
97 27 49 48 78 42
97 60 29 80 71 75
97 53 56 5 108 0
97 88 106 33 121 23
97 75 96 30 63 53
97 107 93 8 22 61
97 20 48 6 52 8
97 70 107 71 101 110
98 37 19 96 33 86
98 110 3 47 7 73
98 71 25 43 31 54
98 43 11 65 29 78
98 86 65 36 11 11
98 63 88 97 63 62
98 87 73 69 68 49
98 62 83 15 124 94
98 40 98 22 12 110
98 21 97 72 91 114
98 112 54 49 22 25
98 114 25 39 23 108
98 52 107 59 30 87
98 30 88 75 124 117
98 126 20 32 119 124
98 31 25 68 52 116
98 103 10 37 112 74
98 114 87 29 41 83
98 6 80 115 62 49
98 20 15 124 80 50
98 71 54 84 68 55
98 3 7 99 13 108
98 44 75 61 113 50
98 121 56 13 70 83
98 118 91 66 44 50
98 45 77 41 115 62
98 27 119 120 79 123
98 20 29 85 76 59
98 82 38 95 93 2
98 98 48 73 65 19
98 85 88 79 23 31
98 36 35 107 66 7
99 60 92 33 64 82
99 54 89 84 44 65
99 8 64 52 22 127
99 49 101 52 32 97
99 25 47 127 98 55
99 25 56 82 67 108
99 76 90 73 2 9
99 25 65 0 10 95
99 61 88 4 66 108
99 92 83 25 110 51
99 29 66 12 76 69
99 18 126 112 68 30
99 64 14 32 100 1
99 106 120 4 96 6
99 88 103 111 45 94
99 73 11 107 64 105
99 59 93 48 2 32
99 14 64 59 82 36
99 6 101 55 78 29
99 36 118 110 110 18
99 21 17 106 65 9
99 20 66 115 39 22
99 32 54 102 74 85
99 98 127 20 60 69
99 108 63 102 78 41
99 67 103 82 5 9
99 93 62 32 105 123
99 119 5 56 20 6
99 100 125 1 110 75
99 3 96 85 90 24
99 1 40 91 113 119
99 68 6 33 62 5
100 29 60 88 118 27
100 13 92 71 92 86
100 96 90 41 69 92
100 7 29 110 71 21
100 53 98 26 99 74
100 0 56 61 25 60
100 74 48 53 104 119
100 72 118 51 6 124
100 86 119 46 33 112
100 65 67 72 84 58
100 39 21 37 110 2
100 38 9 94 66 89
100 27 30 120 105 110
100 43 121 127 113 32
100 123 35 68 32 64
100 96 34 33 48 14
100 10 106 56 76 39
100 59 69 27 21 26
100 38 36 88 88 107
100 70 123 57 86 40
100 119 8 21 40 60
100 47 45 90 115 69
100 10 2 99 40 28
100 114 11 63 126 81
100 127 73 106 124 49
100 40 9 101 63 121
100 106 77 19 28 111
100 36 89 91 103 51
100 106 15 61 33 88
100 1 58 7 85 64
100 9 44 65 34 20
100 68 41 46 76 94
101 45 88 78 29 120
101 63 47 94 79 92
101 118 74 96 44 17
101 23 38 40 95 61
101 84 57 58 97 116
101 17 9 48 34 75
101 33 27 36 14 73
101 11 112 10 17 110
101 12 31 59 76 100
101 52 28 101 5 76
101 19 103 23 26 61
101 45 71 0 99 30
101 31 94 1 41 66
101 60 63 92 11 94
101 105 55 69 90 78
101 83 89 107 81 124
101 71 102 78 98 3
101 79 113 124 92 120
101 69 113 28 50 54
101 104 18 1 22 112
101 98 27 41 115 34
101 96 100 7 20 35
101 69 125 57 18 116
101 90 97 125 91 8
101 97 16 43 73 37
101 35 14 90 124 30
101 101 26 51 124 75
101 17 58 30 73 12
101 25 83 51 70 78
101 104 71 68 100 46
101 88 37 116 14 93
101 43 118 94 112 19
102 7 43 34 19 34
102 33 83 22 18 11
102 4 83 27 31 79
102 51 45 21 0 121
102 55 59 117 63 127
102 43 116 93 15 94
102 73 50 47 108 13
102 25 26 16 32 55
102 49 0 90 91 47
102 83 114 42 82 102
102 108 91 83 74 107
102 121 35 18 119 28
102 22 32 73 41 38
102 38 112 54 94 79
102 39 117 92 77 68
102 104 107 19 67 15
102 66 90 44 51 64
102 12 39 102 41 103
102 64 87 55 79 115
102 101 39 90 73 47
102 77 14 81 126 29
102 20 111 39 87 31
102 37 57 120 86 125
102 91 101 45 42 82
102 127 45 34 25 114
102 87 71 28 11 102
102 109 70 42 111 54
102 34 81 114 27 37
102 34 80 75 77 41
102 80 105 78 119 3
102 50 28 22 52 54
102 117 4 29 27 63
103 4 71 115 28 87
103 66 12 120 96 41
103 23 3 2 1 95
103 18 79 50 69 118
103 122 69 97 53 108
103 71 9 54 118 83
103 72 122 49 83 6
103 8 51 118 16 16
103 122 120 69 10 31
103 120 48 41 120 79
103 50 57 110 90 42
103 52 39 123 108 37
103 75 3 124 62 12
103 108 60 83 55 57
103 113 24 117 59 18
103 105 96 91 92 90
103 3 66 58 46 14
103 91 21 74 113 105
103 94 8 49 124 34
103 26 26 19 17 40
103 107 1 31 42 42
103 38 105 32 109 62
103 34 67 3 94 84
103 46 105 31 1 38
103 121 115 106 81 9
103 123 50 0 10 89
103 125 72 14 54 97
103 110 123 58 114 85
103 2 8 54 8 53
103 127 103 82 118 78
103 79 42 72 110 65
103 40 16 83 32 32
104 89 114 72 88 42
104 58 1 3 1 89
104 14 31 89 101 36
104 64 80 12 61 38
104 86 10 120 2 71
104 31 44 111 36 87
104 38 89 46 111 36
104 45 102 13 59 10
104 94 115 88 111 118
104 113 23 47 49 49
104 120 15 67 25 92
104 91 91 122 44 29
104 103 34 23 104 87
104 88 109 99 119 69
104 90 53 89 41 2
104 48 118 60 114 88
104 124 48 82 9 102
104 71 112 64 104 72
104 67 36 22 3 125
104 120 37 27 14 27
104 88 111 70 94 24
104 45 43 19 15 38
104 15 66 72 87 23
104 122 25 38 46 41
104 68 36 69 34 15
104 62 35 69 46 100
104 95 84 42 14 84
104 42 75 37 44 123
104 101 40 44 19 107
104 13 17 88 86 22
104 119 118 43 34 29
104 72 111 124 9 37
105 15 64 22 62 111
105 113 111 21 55 85
105 36 65 115 21 64
105 116 84 39 34 118
105 107 41 76 91 119
105 102 60 66 61 14
105 37 70 42 78 119
105 4 59 79 109 24
105 4 52 18 10 121
105 46 127 116 102 45
105 118 23 57 81 95
105 81 22 67 14 98
105 109 12 49 17 91
105 111 96 90 82 9
105 40 54 2 92 20
105 105 71 41 57 47
105 15 40 31 51 65
105 121 97 110 76 31
105 66 52 0 35 35
105 104 26 62 104 1
105 91 6 15 75 52
105 127 70 74 90 118
105 83 12 126 17 117
105 18 66 26 126 67
105 120 50 82 3 99
105 65 7 34 9 121
105 126 89 3 71 96
105 27 127 95 51 97
105 2 65 57 57 71
105 110 53 13 121 79
105 93 72 56 89 20
105 39 32 76 111 56
106 123 119 89 86 18
106 97 87 11 26 67
106 23 47 76 34 123
106 107 76 107 109 24
106 94 4 96 31 3
106 2 87 3 5 72
106 23 108 74 77 25
106 86 32 25 12 0
106 57 4 9 7 126
106 127 100 78 62 94
106 62 41 55 4 36
106 36 66 85 112 67
106 96 38 98 125 17
106 73 15 45 6 85
106 68 8 91 51 28
106 19 36 32 72 14
106 20 71 89 101 91
106 103 48 24 114 4
106 34 122 65 116 82
106 88 64 13 91 115
106 52 69 5 85 73
106 17 41 92 37 51
106 99 21 17 11 127
106 29 44 14 114 77
106 27 50 122 45 81
106 4 117 24 116 5
106 1 31 41 81 78
106 66 37 36 7 10
106 68 4 63 6 98
106 38 109 99 3 96
106 54 82 121 61 123
106 43 17 0 122 43
107 44 33 43 82 53
107 76 120 75 12 70
107 59 80 61 64 88
107 124 112 100 125 125
107 117 43 125 125 5
107 111 73 68 62 96
107 53 57 85 14 87
107 23 30 40 97 8
107 40 86 2 2 12
107 51 121 0 19 97
107 4 72 16 75 53
107 74 18 101 68 120
107 88 2 22 47 126
107 79 107 54 23 56
107 75 39 107 8 125
107 78 23 116 97 63
107 87 65 44 69 72
107 122 25 74 92 27
107 10 111 108 0 12
107 121 43 37 41 120
107 108 26 11 31 36
107 16 91 84 51 6
107 77 83 114 85 110
107 89 21 70 28 90
107 103 65 17 111 68
107 117 24 26 90 89
107 58 111 122 57 8
107 3 28 126 60 124
107 20 108 93 56 27
107 29 32 30 15 81
107 52 1 10 126 98
107 48 53 2 122 9
108 109 10 23 118 28
108 95 120 45 15 113
108 113 46 127 54 22
108 37 63 58 117 98
108 39 17 110 96 112
108 95 101 50 6 10
108 88 116 72 89 32
108 29 64 63 115 14
108 18 13 111 125 6
108 110 81 103 91 115
108 109 3 40 120 48
108 68 112 102 49 112
108 84 59 14 18 22
108 16 118 47 17 15
108 20 93 62 67 21
108 23 43 7 86 11
108 120 64 59 9 29
108 115 27 85 59 104
108 113 8 1 27 108
108 114 8 88 116 30
108 87 94 126 35 47
108 49 106 111 35 94
108 14 123 48 103 84
108 44 33 100 43 99
108 64 36 8 126 31
108 48 46 69 102 16
108 47 93 19 38 43
108 80 68 54 100 86
108 62 97 124 99 121
108 1 21 47 62 115
108 49 9 118 31 57
108 107 93 85 104 11
109 125 82 105 61 30
109 6 52 9 16 127
109 123 106 105 84 109
109 75 33 60 59 41
109 92 80 12 56 50
109 113 80 52 114 71
109 60 30 55 30 12
109 24 104 10 66 18
109 77 0 52 15 51
109 110 24 79 49 58
109 46 41 121 45 27
109 24 83 80 39 126
109 116 22 98 89 113
109 38 121 93 117 24
109 127 95 2 99 86
109 12 40 18 113 99
109 87 71 27 20 21
109 75 84 75 86 5
109 88 76 67 36 81
109 80 79 102 73 109
109 9 62 35 40 10
109 57 102 58 85 119
109 105 40 58 68 81
109 58 98 90 29 29
109 102 31 87 23 29
109 124 26 95 109 30
109 97 101 23 60 28
109 59 96 30 42 101
109 38 107 8 105 63
109 65 65 93 58 46
109 115 91 73 45 108
109 50 104 111 121 20
110 61 76 83 20 127
110 37 124 127 87 63
110 62 38 47 77 89
110 52 49 127 5 33
110 48 105 107 24 41
110 95 52 17 107 92
110 5 78 14 38 20
110 44 73 102 94 102
110 7 95 59 121 58
110 54 0 56 115 17
110 43 87 47 114 83
110 120 124 52 45 74
110 116 19 80 91 26
110 46 122 7 57 79
110 38 38 31 76 0
110 56 32 81 52 116
110 65 65 50 73 124
110 11 42 52 18 95
110 111 10 115 31 106
110 108 7 77 73 5
110 9 84 70 109 58
110 100 30 71 60 96
110 25 64 125 122 11
110 37 87 65 124 50
110 93 22 101 4 118
110 123 57 95 44 28
110 127 1 59 51 62
110 101 96 1 51 62
110 100 63 5 87 43
110 0 41 28 90 110
110 75 71 72 73 17
110 60 81 16 101 27
111 107 37 64 24 100
111 32 53 80 120 82
111 106 102 28 33 40
111 4 92 34 108 13
111 117 91 81 53 109
111 52 88 65 22 65
111 103 39 58 53 65
111 94 40 64 17 62
111 57 36 55 80 19
111 53 25 107 81 76
111 35 95 65 103 107
111 63 53 20 98 98
111 6 113 33 35 7
111 13 67 49 47 79
111 116 106 70 83 75
111 127 19 32 28 70
111 21 33 114 100 119
111 114 49 63 34 76
111 116 125 89 33 75
111 3 105 121 1 19
111 48 85 18 51 50
111 64 9 11 91 12
111 59 30 3 5 108
111 108 23 38 27 3
111 95 98 16 64 125
111 37 109 108 31 53
111 65 5 69 92 19
111 121 1 60 94 8
111 9 34 84 27 35
111 30 93 11 38 97
111 49 125 100 28 30
111 81 73 125 127 126
112 58 102 85 86 37
112 44 21 67 36 19
112 36 11 23 55 32
112 76 90 39 40 33
112 63 61 75 86 84
112 82 7 20 16 4
112 41 76 21 77 91
112 94 111 103 27 100
112 20 100 26 25 24
112 70 57 23 92 111
112 17 90 126 94 11
112 48 2 45 120 6
112 114 71 37 50 25
112 37 16 85 65 85
112 29 126 89 97 94
112 26 20 121 63 33
112 20 12 108 119 98
112 67 98 29 119 83
112 112 18 126 51 13
112 26 61 45 58 37
112 53 23 16 24 67
112 15 56 35 81 43
112 39 15 67 7 56
112 53 24 2 35 105
112 70 16 26 24 17
112 49 24 126 33 53
112 3 23 97 74 85
112 88 41 33 66 23
112 39 66 7 109 77
112 100 106 39 83 36
112 115 64 3 43 39
112 112 59 3 94 101
113 64 107 20 64 29
113 28 40 46 85 62
113 80 74 61 33 72
113 26 9 0 111 97
113 115 59 49 112 115
113 103 98 70 17 99
113 33 37 20 74 57
113 104 77 43 94 66
113 22 52 24 9 60
113 106 41 63 46 100
113 86 58 108 37 38
113 91 46 41 30 62
113 92 54 18 0 108
113 17 46 118 93 107
113 18 69 49 92 122
113 97 4 79 62 90
113 50 121 2 106 35
113 55 5 103 119 11
113 37 105 16 79 30
113 70 60 111 14 108
113 82 59 33 46 94
113 19 58 87 84 62
113 11 21 57 52 97
113 17 5 9 37 20
113 113 10 70 81 122
113 101 123 62 70 63
113 88 105 72 76 102
113 9 75 5 74 7
113 39 100 66 124 14
113 68 5 42 90 63
113 74 70 87 31 37
113 22 83 15 78 66
114 71 11 20 25 53
114 78 74 97 44 14
114 108 90 79 10 72
114 80 6 71 82 46
114 25 114 37 88 2
114 43 72 95 105 69
114 7 27 87 96 54
114 12 11 59 54 75
114 58 19 42 44 29
114 96 99 71 94 31
114 108 74 86 10 4
114 3 91 34 13 0
114 80 104 117 60 48
114 72 82 65 9 44
114 91 101 102 48 91
114 12 36 123 113 62
114 92 104 95 37 24
114 32 34 91 25 1
114 89 43 16 59 80
114 111 51 12 26 85
114 116 74 39 25 83
114 105 106 127 126 13
114 32 124 118 45 39
114 81 16 71 58 90
114 112 41 107 29 127
114 109 119 5 123 1
114 22 115 93 40 123
114 12 22 107 55 82
114 51 9 92 57 15
114 86 48 36 119 103
114 120 39 17 68 51
114 28 41 127 102 97
115 16 114 27 92 71
115 30 66 87 109 112
115 5 19 73 111 4
115 97 47 96 40 19
115 126 76 103 15 48
115 113 8 31 55 72
115 60 96 69 22 24
115 25 53 85 112 71
115 28 114 25 4 73
115 20 33 77 106 29
115 83 1 102 119 51
115 3 49 17 121 119
115 107 55 81 49 43
115 119 123 32 58 106
115 51 43 91 58 3
115 97 84 115 100 73
115 67 80 106 125 109
115 111 78 74 103 93
115 122 66 77 55 114
115 124 0 42 46 80
115 126 79 124 80 126
115 15 29 71 61 123
115 19 107 56 19 77
115 73 66 126 122 107
115 31 103 115 87 126
115 65 21 105 11 59
115 52 38 33 4 42
115 17 121 27 106 21
115 119 63 92 121 1
115 55 51 43 9 79
115 124 37 46 99 91
115 27 77 47 15 74
116 51 83 75 26 82
116 79 13 62 50 115
116 100 36 74 95 86
116 31 1 35 98 25
116 51 32 80 71 64
116 59 33 29 27 127
116 80 36 4 65 20
116 25 52 6 103 14
116 57 66 7 103 99
116 37 109 62 39 69
116 57 22 77 123 21
116 97 99 111 125 104
116 57 105 53 73 68
116 56 71 117 24 116
116 94 127 89 107 92
116 87 76 124 27 43
116 99 100 86 117 74
116 21 59 122 20 7
116 91 94 97 112 47
116 46 10 42 41 112
116 16 0 6 33 60
116 62 44 38 36 40
116 10 65 104 58 39
116 37 54 91 97 3
116 88 27 114 118 46
116 22 1 115 99 4
116 101 75 19 34 11
116 8 61 87 37 79
116 62 15 120 92 69
116 12 43 117 42 123
116 99 1 90 94 77
116 39 79 65 89 100
117 61 117 51 68 9
117 81 24 84 6 44
117 29 126 3 6 70
117 5 50 60 107 12
117 29 108 12 18 63
117 98 113 92 26 57
117 23 67 16 108 82
117 48 9 84 22 114
117 8 87 89 55 62
117 93 18 17 127 60
117 23 127 101 34 57
117 119 18 25 110 121
117 81 88 8 37 116
117 68 93 24 50 5
117 68 115 80 27 82
117 34 15 62 35 103
117 16 45 108 9 117
117 65 18 78 26 93
117 63 68 14 63 113
117 10 73 15 46 95
117 35 105 51 95 49
117 90 118 98 107 24
117 52 90 25 74 63
117 105 113 98 14 125
117 81 90 103 3 14
117 125 82 25 39 38
117 53 100 1 77 66
117 25 73 48 19 94
117 99 34 96 93 45
117 22 3 31 29 19
117 108 30 117 87 4
117 115 59 72 105 104
118 89 16 104 44 99
118 121 83 70 115 108
118 42 8 13 89 26
118 106 121 72 19 95
118 20 77 126 31 119
118 82 78 44 6 43
118 74 18 31 24 99
118 64 112 43 95 43
118 50 51 64 6 9
118 97 48 68 119 16
118 98 85 21 54 103
118 89 39 46 21 78
118 23 55 48 79 82
118 113 60 125 69 61
118 56 78 67 48 61
118 115 94 36 80 18
118 31 95 12 127 20
118 61 58 126 34 105
118 117 14 99 108 92
118 67 76 86 84 36
118 119 32 63 106 108
118 31 85 44 106 123
118 10 116 100 3 51
118 100 93 37 91 112
118 54 21 81 47 56
118 97 66 27 3 88
118 103 58 29 95 58
118 120 110 105 48 123
118 104 52 79 57 15
118 106 75 15 97 64
118 111 19 92 124 85
118 15 43 17 77 17
119 125 67 49 79 26
119 56 42 62 20 125
119 90 84 79 125 54
119 35 25 39 113 121
119 77 22 82 124 93
119 86 41 76 64 13
119 40 81 78 41 77
119 102 70 8 6 106
119 76 126 97 79 37
119 85 65 92 75 96
119 50 99 34 63 93
119 113 30 9 88 120
119 19 112 46 109 24
119 58 23 76 70 43
119 51 14 17 38 7
119 100 75 86 9 40
119 57 14 21 86 50
119 70 56 71 49 26
119 116 66 126 12 2
119 36 77 108 101 31
119 30 84 38 13 73
119 104 15 116 120 73
119 10 116 44 41 67
119 56 120 73 102 23
119 60 62 41 6 114
119 56 64 117 70 99
119 33 21 105 89 121
119 52 15 52 41 48
119 17 111 49 107 102
119 123 99 125 72 50
119 50 6 110 122 54
119 4 109 24 4 88
120 30 2 57 54 39
120 119 26 81 45 68
120 124 115 89 46 51
120 49 34 68 126 114
120 94 70 100 45 57
120 22 17 92 109 82
120 81 93 18 35 12
120 99 6 77 64 114
120 72 124 94 93 61
120 73 105 59 26 62
120 14 110 40 79 74
120 84 35 52 100 92
120 4 27 71 53 119
120 42 19 67 45 8
120 59 107 61 102 95
120 61 121 4 0 120
120 1 79 88 50 92
120 70 4 14 97 60
120 88 120 21 30 108
120 70 89 80 61 53
120 14 75 127 38 24
120 16 30 124 13 89
120 18 17 59 110 41
120 47 5 109 97 61
120 101 80 31 63 70
120 75 97 64 93 27
120 65 9 118 108 92
120 98 127 70 23 86
120 125 58 21 38 70
120 87 25 46 31 91
120 66 49 101 44 67
120 70 15 12 25 90
121 18 51 65 103 70
121 107 29 28 46 119
121 67 60 49 73 112
121 3 8 45 44 35
121 70 20 36 59 17
121 41 29 72 51 125
121 51 16 99 9 17
121 73 104 113 85 122
121 83 111 46 15 66
121 51 56 126 120 77
121 54 106 115 68 109
121 88 110 4 93 106
121 75 35 49 27 33
121 119 127 96 32 3
121 60 26 99 63 19
121 51 54 118 101 68
121 38 42 93 43 84
121 4 104 93 33 29
121 36 114 91 83 23
121 42 43 73 80 86
121 101 30 99 59 75
121 42 126 107 35 66
121 5 25 33 33 0
121 8 3 36 61 12
121 60 34 17 105 41
121 5 34 7 28 117
121 41 95 16 23 123
121 108 95 88 97 103
121 27 53 112 3 84
121 10 37 3 11 4
121 115 57 55 118 88
121 86 85 16 69 52
122 57 82 52 42 127
122 56 61 27 13 8
122 71 106 43 82 20
122 71 19 68 82 60
122 123 59 8 52 59
122 13 121 71 74 7
122 75 17 24 80 29
122 58 89 82 57 78
122 82 34 109 56 54
122 85 44 100 53 104
122 91 82 26 53 84
122 79 26 107 103 37
122 126 98 65 116 110
122 49 53 112 94 77
122 53 86 69 107 120
122 79 22 0 103 51
122 11 56 87 59 125
122 102 80 101 61 89
122 69 39 3 45 35
122 56 39 2 111 69
122 60 118 117 37 35
122 23 4 100 77 41
122 49 3 96 21 31
122 3 114 7 68 23
122 42 90 107 40 25
122 5 2 47 74 44
122 64 24 7 18 69
122 103 90 6 107 76
122 76 48 42 102 105
122 70 111 66 66 116
122 7 17 78 5 118
122 69 7 26 83 86
123 33 127 0 75 16
123 78 50 104 117 48
123 53 90 23 68 111
123 42 116 26 0 73
123 95 47 36 83 75
123 117 107 48 7 53
123 55 6 8 39 34
123 93 6 55 51 58
123 35 57 32 79 53
123 38 119 24 113 64
123 51 116 73 25 92
123 80 83 97 0 65
123 125 122 22 78 15
123 35 125 15 15 17
123 60 68 14 120 118
123 37 8 119 120 41
123 5 34 30 56 95
123 103 96 98 100 8
123 68 70 34 2 122
123 67 41 86 76 55
123 73 0 80 48 121
123 115 58 77 95 39
123 125 70 55 43 116
123 13 119 13 119 25
123 56 44 61 26 42
123 90 119 13 49 53
123 121 18 56 109 117
123 37 7 80 89 46
123 19 38 106 18 124
123 59 87 59 27 116
123 0 70 111 116 2
123 110 105 24 6 33
124 24 125 114 15 121
124 108 2 88 71 1
124 32 93 27 108 74
124 112 0 0 80 64
124 101 100 86 98 111
124 78 36 9 48 85
124 119 21 80 2 3
124 82 76 117 101 125
124 85 115 60 115 56
124 35 4 103 17 124
124 100 27 38 76 120
124 100 100 89 87 8
124 1 82 70 63 64
124 119 69 47 30 75
124 28 67 102 50 4
124 93 25 53 121 93
124 32 66 126 118 117
124 8 104 104 45 61
124 78 32 125 41 15
124 96 80 60 85 90
124 15 76 24 3 55
124 70 37 11 95 91
124 15 31 9 106 67
124 53 35 7 56 15
124 85 104 1 91 126
124 117 45 85 29 74
124 90 74 27 45 43
124 1 97 120 29 65
124 59 32 90 70 42
124 77 108 40 75 42
124 12 29 70 97 22
124 105 110 66 51 125
125 13 9 97 99 42
125 57 46 8 21 46
125 53 35 44 9 39
125 25 127 99 47 84
125 40 100 49 89 20
125 13 1 5 2 9
125 65 74 61 90 81
125 62 71 7 32 80
125 37 98 23 15 21
125 124 89 68 51 51
125 94 49 89 39 105
125 6 4 72 88 107
125 55 107 36 29 41
125 6 13 101 70 118
125 19 81 11 78 59
125 1 13 10 72 102
125 37 11 6 112 66
125 72 121 44 86 36
125 36 70 9 66 120
125 35 124 95 127 122
125 76 50 113 66 111
125 74 24 6 0 83
125 31 41 29 3 114
125 1 58 123 81 83
125 103 87 127 8 77
125 90 1 47 25 115
125 90 51 74 47 111
125 11 117 127 112 23
125 69 7 65 46 72
125 41 59 113 76 12
125 87 67 63 115 53
125 24 58 115 76 14
126 90 127 112 41 11
126 82 80 106 86 104
126 17 23 51 126 87
126 6 15 46 49 41
126 116 44 80 89 113
126 106 127 7 47 51
126 62 114 38 64 119
126 98 23 6 103 42
126 26 115 4 71 68
126 3 27 117 10 7
126 0 66 83 59 41
126 41 87 73 34 43
126 106 71 52 83 79
126 16 17 20 16 112
126 24 28 35 107 67
126 52 101 17 27 97
126 96 0 46 65 15
126 89 6 35 20 20
126 28 13 70 47 8
126 36 30 76 38 16
126 21 3 18 120 105
126 52 57 36 51 87
126 7 37 50 29 106
126 82 0 76 110 58
126 60 81 61 121 102
126 84 115 34 99 2
126 121 55 61 121 74
126 28 97 46 7 50
126 22 76 78 124 85
126 30 108 84 61 57
126 74 13 93 2 110
126 94 103 67 84 87
127 21 67 11 77 41
127 113 83 40 84 93
127 113 0 113 92 92
127 16 70 4 99 64
127 79 7 8 122 5
127 127 112 18 37 68
127 123 122 67 16 23
127 89 79 109 37 77
127 46 125 51 54 88
127 74 57 31 127 31
127 57 121 27 107 115
127 31 58 62 35 108
127 73 5 125 102 23
127 106 37 16 28 76
127 19 114 96 1 36
127 107 45 65 105 118
127 91 10 114 13 98
127 117 126 104 99 101
127 105 25 10 115 42
127 9 46 9 70 61
127 66 63 36 74 66
127 28 75 71 10 54
127 99 108 59 7 14
127 74 77 30 22 104
127 98 91 108 108 54
127 112 31 56 126 52
127 10 94 54 46 4
127 41 95 98 93 31
127 47 34 14 58 4
127 32 21 74 78 1
127 28 93 79 32 124
127 104 89 59 64 57
