0 39 50 46 0 57
0 23 3 24 59 12
0 54 18 6 17 34
0 54 61 10 27 23
0 21 24 10 52 9
0 10 57 62 28 5
0 28 40 16 15 21
0 22 8 10 62 9
0 32 5 25 61 60
0 62 18 26 51 45
0 33 18 63 33 49
0 42 14 41 36 11
0 15 39 36 2 33
0 57 47 36 36 12
0 11 18 50 23 35
0 43 6 14 42 1
0 19 12 9 42 18
0 52 6 30 31 0
0 0 7 56 58 19
0 43 29 23 7 12
0 27 29 49 35 47
0 25 2 23 58 41
0 33 2 31 50 45
0 62 13 17 44 45
0 41 5 15 40 44
0 49 17 53 0 52
0 27 17 15 3 5
0 40 19 6 19 42
0 41 44 51 46 22
0 5 42 48 31 36
0 27 60 25 46 43
0 13 51 35 47 31
1 26 1 19 37 39
1 18 17 48 19 31
1 39 55 56 49 34
1 26 18 55 57 59
1 30 35 3 38 60
1 14 50 54 55 0
1 5 36 31 52 56
1 50 7 26 19 54
1 37 37 31 14 40
1 56 1 37 54 0
1 18 40 15 53 26
1 50 62 48 29 17
1 42 36 13 6 30
1 59 58 61 59 41
1 58 12 46 31 25
1 54 54 19 3 10
1 50 58 15 24 50
1 39 25 2 12 32
1 26 42 33 34 44
1 41 54 30 62 39
1 43 61 28 20 12
1 53 50 6 26 7
1 35 15 32 13 58
1 52 55 2 52 45
1 12 34 27 61 42
1 27 43 36 63 55
1 7 34 52 55 0
1 36 48 38 54 22
1 36 24 61 27 61
1 13 47 27 8 17
1 27 9 47 11 0
1 34 44 12 57 36
2 23 30 20 38 22
2 58 5 59 46 16
2 8 36 6 54 31
2 14 58 46 3 44
2 51 8 25 47 35
2 51 10 49 39 6
2 45 38 30 9 50
2 39 13 39 32 26
2 25 8 34 58 10
2 9 26 44 58 36
2 26 59 5 57 40
2 39 40 45 29 27
2 11 34 18 7 4
2 50 36 21 36 8
2 6 19 43 37 58
2 12 48 55 20 16
2 63 22 50 37 50
2 54 2 29 21 53
2 60 17 54 22 2
2 35 58 39 42 4
2 25 54 43 50 41
2 25 3 35 44 42
2 51 30 58 59 23
2 4 17 28 33 57
2 40 52 16 0 46
2 61 44 57 51 8
2 20 27 30 25 26
2 44 29 7 44 2
2 34 48 23 16 34
2 26 14 17 1 10
2 40 2 63 37 7
2 22 28 15 60 56
3 13 49 10 40 2
3 9 42 61 29 29
3 58 2 34 14 4
3 32 4 6 34 61
3 43 5 50 22 36
3 28 0 33 19 58
3 8 15 26 23 6
3 38 54 58 4 26
3 49 20 32 36 59
3 1 59 50 15 24
3 51 17 55 43 28
3 4 57 44 3 22
3 59 59 42 36 20
3 10 17 4 10 32
3 60 46 0 36 17
3 32 9 26 15 16
3 2 14 16 2 13
3 1 3 16 2 50
3 61 46 20 29 1
3 43 32 27 59 27
3 44 15 7 39 43
3 20 33 39 28 37
3 61 58 20 40 61
3 14 14 3 10 6
3 22 36 32 27 28
3 8 21 24 34 58
3 42 4 4 1 60
3 2 26 62 54 22
3 26 60 5 53 28
3 51 44 37 48 9
3 45 7 23 3 5
3 42 5 1 11 21
4 59 48 39 57 25
4 53 49 32 49 33
4 62 18 57 40 59
4 30 30 63 15 0
4 19 44 40 41 13
4 58 49 25 25 10
4 17 6 38 25 50
4 39 29 47 16 13
4 42 42 44 24 15
4 47 13 38 8 25
4 31 47 10 36 53
4 50 26 56 27 58
4 29 24 23 12 45
4 34 28 20 33 25
4 18 47 48 22 40
4 53 19 61 60 1
4 20 3 59 4 30
4 38 22 59 6 6
4 24 22 50 15 25
4 4 60 34 21 55
4 18 53 45 1 45
4 30 37 32 6 43
4 25 41 52 61 1
4 22 31 2 58 5
4 10 33 33 45 47
4 34 29 39 32 40
4 56 36 29 15 48
4 13 34 41 27 32
4 60 41 27 7 35
4 41 4 28 13 56
4 28 5 34 58 34
4 51 57 53 13 18
5 30 18 36 52 46
5 28 27 60 38 44
5 19 11 22 37 28
5 24 38 47 57 37
5 4 40 12 1 52
5 17 6 4 1 19
5 1 60 20 1 47
5 0 14 2 27 22
5 7 9 43 20 8
5 3 62 58 12 54
5 59 38 53 54 6
5 9 31 45 3 34
5 61 18 1 1 33
5 39 31 33 48 29
5 36 5 48 33 29
5 19 32 22 6 27
5 15 49 55 18 59
5 27 51 49 37 45
5 17 53 29 60 45
5 34 37 59 33 4
5 23 4 34 59 59
5 7 11 55 52 7
5 56 56 46 48 46
5 24 2 54 14 11
5 59 48 10 46 7
5 38 10 40 9 37
5 50 25 17 48 24
5 57 58 58 32 27
5 20 23 58 26 56
5 60 45 27 10 62
5 11 45 7 47 18
5 5 55 25 4 18
6 18 42 34 57 4
6 10 47 2 47 51
6 38 22 45 59 9
6 43 23 10 18 20
6 38 44 33 20 56
6 24 34 24 51 24
6 42 35 28 12 23
6 44 24 54 52 12
6 24 47 26 28 57
6 21 11 62 22 26
6 8 40 14 11 13
6 8 59 11 55 46
6 49 0 53 43 28
6 45 14 21 35 51
6 15 6 20 16 19
6 42 11 14 28 49
6 18 34 29 5 54
6 56 31 12 13 53
6 2 49 37 35 16
6 3 29 49 27 56
6 28 26 23 25 20
6 32 3 33 50 55
6 63 45 8 12 2
6 6 47 63 24 9
6 39 59 61 15 10
6 24 26 6 6 49
6 18 51 7 56 2
6 49 22 2 62 50
6 13 3 9 34 47
6 27 16 51 17 46
6 42 38 50 49 21
6 17 46 10 9 38
7 50 59 34 60 54
7 38 3 46 6 42
7 21 29 36 8 26
7 43 40 50 62 2
7 30 30 50 0 60
7 17 52 23 20 15
7 53 0 28 9 13
7 45 63 52 61 5
7 36 53 21 48 23
7 39 61 9 60 60
7 44 52 23 9 13
7 1 62 4 26 13
7 59 10 17 56 40
7 13 6 13 51 37
7 51 31 1 36 57
7 15 56 51 3 23
7 48 32 9 55 9
7 35 50 62 54 61
7 51 1 58 28 10
7 49 31 28 18 2
7 53 39 26 37 26
7 2 43 22 4 17
7 36 48 40 4 63
7 51 50 7 28 9
7 24 34 8 49 12
7 33 4 10 5 53
7 14 23 55 58 50
7 36 48 51 18 14
7 31 14 28 36 37
7 48 17 3 15 27
7 56 28 39 60 38
7 44 17 48 21 50
8 57 44 28 15 16
8 7 60 5 5 40
8 9 47 60 6 7
8 53 21 53 15 15
8 33 14 15 6 11
8 15 25 28 15 41
8 7 36 26 5 61
8 55 52 18 37 3
8 3 2 54 14 5
8 54 34 32 50 53
8 38 41 31 10 26
8 57 52 52 2 7
8 34 21 37 46 44
8 60 3 51 48 11
8 39 21 41 55 27
8 25 34 36 62 49
8 1 47 42 2 5
8 25 27 36 53 60
8 0 25 28 2 38
8 2 22 3 48 49
8 25 23 21 57 52
8 23 12 51 0 45
8 10 63 7 30 13
8 10 7 0 44 37
8 13 29 35 30 11
8 35 34 20 26 18
8 21 1 36 47 4
8 57 61 63 63 43
8 35 16 30 43 60
8 62 36 44 24 22
8 58 58 16 2 2
8 0 62 50 42 29
9 36 18 54 49 61
9 63 30 49 24 44
9 16 4 6 60 61
9 9 9 41 31 37
9 63 51 27 50 24
9 35 30 13 20 24
9 33 41 42 25 44
9 23 46 63 42 30
9 14 16 32 29 60
9 20 45 45 18 27
9 45 58 57 23 20
9 34 16 59 39 30
9 4 32 42 13 20
9 44 21 57 41 7
9 28 17 20 14 34
9 28 52 55 50 40
9 48 21 19 52 23
9 23 54 0 19 51
9 1 55 39 62 23
9 27 8 6 4 13
9 33 15 53 47 59
9 3 39 63 8 51
9 47 10 49 14 30
9 51 61 61 35 8
9 9 41 23 17 44
9 25 9 34 21 43
9 39 34 30 45 9
9 43 16 21 45 61
9 41 24 43 36 57
9 50 60 9 52 25
9 27 51 35 21 59
9 57 8 3 8 42
10 10 15 33 49 30
10 63 20 19 52 14
10 40 49 40 39 25
10 27 28 56 46 24
10 15 43 2 58 3
10 38 59 60 31 5
10 35 32 55 24 41
10 52 28 35 21 46
10 43 9 19 13 57
10 3 31 24 5 20
10 6 57 7 8 22
10 0 17 35 23 4
10 55 29 2 20 9
10 41 44 53 63 13
10 15 41 5 45 62
10 40 31 40 7 53
10 55 52 49 36 45
10 59 50 55 16 14
10 52 41 56 30 26
10 16 56 29 45 33
10 20 10 48 49 31
10 43 43 48 26 0
10 6 46 23 2 21
10 49 49 38 56 12
10 49 39 7 0 46
10 54 45 17 54 48
10 12 53 8 0 50
10 8 2 29 5 63
10 50 5 15 9 59
10 25 24 51 49 7
10 13 26 4 2 39
10 10 53 27 10 36
11 31 4 36 32 33
11 43 63 4 1 60
11 27 57 22 57 21
11 7 24 49 59 35
11 16 19 49 41 43
11 54 58 40 52 52
11 11 8 0 47 32
11 61 20 5 7 43
11 13 27 61 38 53
11 52 0 11 30 2
11 26 45 61 4 19
11 48 50 13 47 45
11 9 42 27 23 32
11 49 48 35 40 13
11 53 53 42 10 18
11 40 10 1 33 26
11 18 28 51 51 10
11 37 29 42 16 32
11 36 31 44 57 34
11 21 53 58 38 18
11 35 15 10 17 46
11 56 19 47 41 21
11 4 21 8 41 0
11 51 27 40 40 23
11 5 62 34 21 53
11 55 36 25 23 33
11 11 28 8 60 4
11 48 48 61 22 32
11 44 7 22 25 33
11 20 54 44 25 11
11 23 42 23 34 10
11 31 59 11 1 5
12 60 12 18 35 51
12 28 48 37 43 20
12 58 55 13 59 62
12 59 48 62 3 57
12 32 13 0 63 41
12 60 50 37 29 51
12 56 51 63 51 42
12 31 29 56 42 20
12 48 13 20 58 47
12 40 37 42 35 9
12 23 28 41 54 51
12 15 51 20 57 32
12 40 16 42 27 14
12 2 32 23 31 1
12 19 48 62 42 5
12 44 3 55 16 26
12 18 20 2 29 63
12 14 10 8 60 33
12 59 19 47 53 39
12 56 55 50 54 6
12 50 4 40 22 47
12 24 28 29 34 62
12 4 4 61 47 45
12 4 0 22 43 20
12 35 44 25 56 60
12 21 8 47 41 58
12 13 56 63 33 55
12 51 40 57 44 8
12 0 1 55 59 19
12 54 25 11 31 36
12 1 42 2 2 4
12 35 22 11 30 8
13 16 37 25 31 18
13 4 56 62 25 40
13 11 6 26 29 31
13 36 17 36 62 56
13 15 15 50 17 37
13 62 24 47 53 9
13 23 15 36 25 55
13 48 36 11 54 20
13 62 43 23 33 39
13 4 40 7 6 36
13 7 1 60 56 27
13 39 63 9 11 16
13 60 5 11 8 6
13 44 4 25 40 27
13 27 59 36 55 22
13 34 40 49 32 14
13 41 32 37 11 42
13 29 38 0 39 17
13 36 36 8 8 57
13 61 47 11 22 63
13 17 53 51 55 56
13 47 48 7 54 0
13 50 26 58 26 29
13 51 10 48 46 45
13 33 43 61 40 24
13 21 38 40 57 51
13 20 61 47 4 4
13 63 56 24 62 47
13 59 12 0 43 11
13 36 30 45 49 40
13 48 11 11 46 60
13 52 23 47 3 21
14 2 44 8 9 46
14 2 32 26 2 23
14 7 62 26 51 49
14 60 50 59 27 57
14 18 1 15 30 37
14 4 1 20 34 60
14 27 15 36 17 17
14 10 43 44 3 62
14 12 32 35 47 58
14 44 46 43 62 46
14 54 11 61 26 45
14 37 31 22 25 37
14 63 12 55 44 37
14 36 46 6 42 15
14 56 60 60 18 48
14 33 36 38 44 62
14 44 22 33 11 43
14 15 55 29 53 59
14 17 8 45 50 38
14 37 24 26 54 43
14 9 3 26 38 46
14 8 39 21 30 34
14 6 33 18 18 21
14 47 47 2 34 51
14 51 48 34 54 55
14 46 26 21 61 53
14 29 9 18 0 6
14 24 57 44 59 44
14 46 39 21 8 3
14 44 2 6 29 51
14 38 11 0 13 52
14 50 16 24 20 49
15 18 20 46 6 34
15 19 32 60 23 49
15 61 33 0 55 51
15 29 5 34 0 55
15 0 40 20 24 5
15 32 53 25 63 30
15 57 57 30 2 17
15 21 41 13 13 37
15 23 49 45 0 51
15 9 36 18 17 34
15 20 13 24 16 37
15 61 45 6 15 12
15 11 14 32 18 9
15 59 59 38 24 13
15 23 3 46 40 36
15 1 40 21 38 54
15 12 51 52 28 47
15 56 9 19 56 28
15 49 24 37 19 35
15 52 17 52 16 58
15 48 12 40 56 27
15 14 10 38 42 17
15 16 37 37 20 30
15 40 12 8 13 22
15 11 60 3 59 54
15 13 22 32 17 37
15 14 57 26 33 13
15 8 55 40 62 43
15 63 53 38 34 35
15 21 58 16 31 63
15 5 30 4 37 53
15 58 27 42 17 38
16 36 20 54 50 14
16 46 48 32 16 35
16 47 61 31 60 45
16 10 2 60 44 1
16 44 32 30 13 53
16 19 43 19 61 27
16 52 40 49 31 4
16 7 16 21 33 44
16 10 6 52 58 14
16 35 7 5 62 48
16 15 62 22 61 38
16 27 29 55 18 26
16 5 0 20 45 42
16 0 38 35 12 23
16 46 21 42 13 3
16 3 42 31 1 18
16 61 54 13 21 53
16 36 50 61 7 19
16 13 28 34 31 56
16 22 45 25 21 3
16 46 21 44 30 33
16 34 16 53 9 26
16 46 51 37 6 37
16 46 22 22 15 6
16 7 32 7 12 40
16 21 18 62 51 29
16 3 21 39 38 9
16 4 29 18 5 28
16 46 24 63 46 35
16 41 26 35 35 54
16 45 5 49 25 38
16 39 5 57 45 3
17 35 45 55 44 39
17 20 45 49 55 14
17 21 51 4 30 21
17 1 53 11 27 57
17 8 60 45 41 60
17 46 30 31 0 45
17 57 60 37 21 32
17 31 12 51 0 53
17 5 18 3 33 23
17 22 15 53 12 11
17 7 21 18 4 49
17 36 53 37 41 8
17 59 12 20 28 15
17 55 33 46 11 35
17 21 48 12 56 4
17 34 35 14 30 57
17 58 28 19 55 23
17 57 36 5 0 28
17 0 39 59 54 25
17 14 8 4 22 9
17 9 15 29 48 18
17 41 58 8 18 33
17 37 26 40 45 3
17 56 16 35 45 61
17 0 24 42 50 21
17 25 24 26 63 62
17 12 6 51 22 59
17 40 61 36 11 48
17 32 35 18 23 16
17 4 27 54 8 54
17 45 50 30 26 17
17 7 1 45 62 37
18 8 33 14 25 46
18 61 21 9 42 19
18 41 45 24 52 47
18 0 27 58 36 13
18 23 12 7 60 60
18 53 8 47 19 52
18 48 63 40 37 36
18 26 20 57 25 8
18 28 10 52 33 47
18 46 52 49 31 55
18 42 63 7 28 52
18 24 38 39 7 0
18 33 23 7 50 34
18 61 39 56 21 11
18 46 13 13 62 53
18 59 26 3 20 32
18 35 25 45 15 45
18 2 0 1 58 24
18 61 60 52 27 48
18 45 15 31 5 26
18 15 12 40 44 12
18 46 18 31 38 32
18 49 7 9 62 24
18 55 57 50 14 51
18 61 57 31 42 43
18 23 51 32 48 48
18 56 27 58 30 50
18 32 21 2 8 13
18 7 16 28 28 56
18 46 23 20 6 19
18 5 37 14 37 46
18 37 9 59 42 62
19 15 13 30 17 21
19 55 12 40 1 54
19 5 58 1 36 7
19 3 19 3 21 44
19 27 21 2 43 60
19 54 31 19 43 1
19 47 62 26 38 11
19 57 53 12 27 3
19 53 17 33 4 9
19 55 12 17 20 38
19 33 1 24 56 54
19 23 37 36 39 19
19 42 40 56 2 20
19 35 63 58 2 19
19 18 48 44 50 8
19 17 63 3 1 63
19 1 20 29 45 32
19 30 8 2 33 54
19 11 27 0 20 52
19 47 6 57 32 21
19 49 52 31 6 11
19 63 56 29 19 21
19 58 17 60 25 39
19 29 53 10 60 56
19 50 33 4 19 26
19 21 20 55 29 15
19 8 7 48 24 50
19 3 46 38 38 3
19 10 9 51 46 49
19 3 41 52 45 17
19 60 50 26 6 52
19 18 7 5 49 34
20 61 45 42 42 55
20 1 21 35 53 49
20 25 18 27 48 22
20 58 47 36 33 56
20 47 36 61 31 15
20 29 47 15 42 35
20 0 53 38 12 46
20 40 19 34 26 54
20 41 2 15 17 8
20 19 18 48 5 43
20 41 40 29 0 39
20 19 23 3 13 53
20 11 57 12 37 6
20 33 36 14 53 2
20 54 47 16 56 51
20 22 18 4 28 43
20 4 45 10 31 50
20 34 7 9 52 15
20 6 6 42 48 12
20 31 42 43 10 50
20 41 1 8 50 40
20 57 39 52 39 31
20 0 53 14 5 58
20 1 46 38 4 30
20 48 46 47 19 7
20 17 56 48 4 60
20 24 60 8 3 40
20 5 0 46 11 32
20 54 24 0 50 46
20 0 33 44 45 61
20 48 50 9 40 0
20 57 4 12 42 7
21 46 49 14 34 37
21 52 38 22 12 49
21 53 14 33 34 14
21 48 21 30 37 57
21 44 20 16 11 36
21 8 10 47 43 57
21 2 33 17 9 47
21 12 33 10 35 33
21 9 59 38 62 37
21 39 13 55 44 35
21 45 14 51 23 3
21 54 18 8 62 23
21 56 29 28 49 7
21 10 46 35 48 34
21 2 63 5 46 4
21 16 14 1 37 4
21 23 9 31 62 1
21 10 6 38 19 38
21 58 59 29 7 63
21 52 15 21 27 56
21 40 46 53 25 40
21 39 43 43 61 22
21 33 39 32 30 25
21 59 0 2 50 31
21 44 61 43 49 8
21 53 38 35 37 25
21 35 25 56 55 50
21 28 34 1 53 10
21 29 7 9 19 58
21 22 15 56 14 36
21 7 8 8 39 17
21 62 39 7 63 13
22 36 14 16 45 28
22 53 12 39 26 33
22 17 41 62 20 14
22 51 58 12 27 8
22 37 27 45 47 11
22 7 2 0 30 19
22 32 25 47 49 33
22 57 36 46 59 8
22 63 59 2 22 15
22 57 18 37 51 3
22 15 42 15 17 17
22 57 41 24 43 34
22 20 2 12 12 10
22 23 35 10 60 0
22 26 27 6 48 46
22 43 46 54 60 16
22 39 62 33 49 59
22 31 23 4 41 46
22 56 21 9 19 27
22 6 40 19 38 3
22 32 19 57 34 27
22 10 11 24 63 51
22 51 45 62 3 46
22 3 3 7 55 16
22 58 51 44 46 10
22 0 23 47 54 59
22 59 2 12 43 34
22 49 14 6 12 30
22 40 4 7 41 7
22 38 55 5 41 12
22 5 13 10 20 27
22 32 27 34 11 28
23 20 26 3 32 16
23 38 35 0 43 8
23 54 58 47 2 55
23 36 6 57 42 62
23 26 61 16 26 39
23 28 24 37 46 63
23 22 50 43 30 62
23 25 48 20 59 57
23 3 2 24 22 28
23 41 51 62 9 20
23 54 58 26 57 8
23 46 17 52 30 14
23 40 59 61 15 27
23 56 12 36 38 54
23 38 5 47 3 24
23 3 18 59 30 44
23 43 11 1 11 43
23 7 3 46 15 56
23 20 17 34 17 39
23 0 33 50 47 0
23 62 2 26 38 63
23 5 42 23 5 14
23 19 4 43 50 50
23 34 43 47 3 16
23 60 5 4 51 5
23 30 58 47 35 29
23 15 30 63 41 44
23 14 1 9 53 61
23 37 6 7 3 39
23 29 52 22 56 25
23 58 7 52 35 42
23 16 17 1 36 5
24 35 56 56 23 8
24 63 36 13 33 51
24 49 51 45 54 55
24 52 38 52 33 60
24 3 53 17 50 50
24 61 15 55 36 5
24 17 28 25 48 32
24 62 28 20 21 29
24 44 14 44 55 11
24 8 26 63 21 33
24 59 49 19 43 3
24 27 5 59 36 53
24 10 0 30 53 50
24 3 24 16 54 45
24 11 18 0 3 12
24 53 62 62 41 54
24 20 11 13 12 42
24 6 30 14 58 46
24 50 28 54 1 34
24 30 56 46 50 19
24 60 54 48 7 33
24 17 62 32 61 5
24 36 63 16 48 63
24 2 63 61 4 42
24 56 31 55 29 55
24 53 39 37 63 17
24 45 61 37 17 22
24 29 34 28 10 26
24 43 30 62 14 44
24 13 37 57 29 57
24 59 27 24 21 35
24 23 51 25 53 56
25 40 63 35 5 48
25 3 53 61 42 40
25 37 27 21 19 35
25 53 28 48 27 17
25 55 38 58 50 49
25 36 42 33 10 37
25 50 20 9 40 41
25 62 3 6 7 17
25 17 54 5 22 24
25 19 57 42 63 59
25 57 45 7 51 53
25 5 45 41 47 44
25 0 59 60 5 0
25 19 26 8 23 29
25 5 46 25 5 6
25 33 53 39 47 54
25 56 28 60 11 45
25 26 12 23 15 51
25 57 55 46 57 30
25 34 13 26 15 24
25 53 54 41 36 2
25 14 3 32 38 19
25 21 19 0 8 1
25 25 48 23 40 48
25 61 3 32 7 36
25 6 24 54 56 54
25 4 20 16 23 62
25 21 28 0 55 52
25 28 9 11 34 44
25 63 61 51 1 4
25 11 26 59 25 53
25 33 60 47 54 54
26 42 12 49 5 5
26 50 0 30 6 38
26 39 63 0 19 8
26 2 61 43 26 7
26 1 35 57 39 10
26 48 18 43 63 54
26 37 60 38 49 26
26 34 52 16 41 45
26 36 13 9 38 31
26 48 45 62 62 29
26 24 44 15 0 14
26 11 16 60 7 56
26 20 16 35 44 33
26 27 21 12 37 62
26 31 33 4 17 36
26 46 4 36 40 49
26 22 11 53 62 14
26 62 29 38 11 48
26 19 60 54 62 22
26 11 42 14 10 57
26 25 38 56 14 24
26 42 45 15 62 57
26 3 13 41 10 54
26 15 32 43 63 24
26 8 4 20 63 52
26 21 15 58 0 31
26 20 20 0 12 33
26 38 23 51 15 31
26 52 39 33 51 41
26 1 53 39 56 37
26 19 43 21 61 25
26 30 46 19 5 13
27 49 45 42 52 33
27 63 54 47 7 62
27 26 21 27 10 19
27 52 26 15 0 11
27 39 40 60 9 51
27 57 27 16 9 63
27 31 56 38 52 5
27 9 35 17 5 22
27 39 10 59 7 54
27 60 60 46 21 6
27 34 35 32 28 34
27 62 46 2 33 23
27 31 8 54 56 58
27 54 2 20 18 2
27 63 9 59 9 14
27 13 6 55 56 32
27 0 51 27 47 0
27 1 59 57 34 38
27 37 40 63 0 39
27 0 12 41 53 1
27 54 3 56 57 31
27 56 0 53 29 23
27 31 59 44 22 60
27 48 42 59 7 38
27 24 39 54 45 48
27 51 49 59 53 61
27 9 49 17 17 4
27 24 20 28 35 28
27 46 6 23 25 48
27 43 6 49 42 9
27 28 14 49 61 23
27 60 32 3 62 41
28 34 31 6 12 5
28 27 36 6 48 8
28 22 46 22 57 16
28 22 48 14 19 46
28 36 22 38 4 61
28 45 30 22 45 16
28 29 31 11 20 23
28 20 0 38 16 48
28 55 43 45 13 38
28 20 60 39 46 18
28 34 39 29 60 16
28 53 22 3 24 63
28 42 2 32 31 52
28 17 35 0 49 61
28 32 7 3 36 5
28 42 4 56 39 25
28 47 54 23 36 10
28 12 22 5 19 57
28 57 35 58 29 18
28 1 49 58 53 39
28 37 29 12 24 18
28 20 62 38 63 13
28 54 2 61 27 24
28 34 49 28 41 7
28 59 63 26 37 26
28 47 41 21 12 28
28 23 13 23 5 6
28 10 14 54 29 35
28 58 49 39 27 21
28 35 43 2 53 14
28 4 52 55 51 30
28 45 47 13 1 42
29 55 39 31 21 15
29 28 53 18 51 7
29 61 43 22 63 23
29 26 51 3 21 38
29 44 50 30 16 49
29 43 20 49 4 1
29 5 43 20 17 29
29 14 51 16 52 42
29 32 22 13 6 6
29 32 40 46 38 2
29 2 51 7 56 16
29 12 29 15 59 11
29 39 24 60 13 17
29 27 16 42 60 20
29 34 20 15 28 1
29 57 27 47 14 1
29 44 44 42 28 16
29 43 7 41 32 23
29 46 23 54 47 0
29 7 52 42 63 8
29 1 37 54 13 2
29 37 1 23 40 41
29 58 45 6 10 56
29 60 56 50 17 39
29 22 25 46 16 39
29 52 13 5 36 11
29 36 18 22 16 63
29 28 34 61 41 11
29 40 61 24 59 6
29 22 61 23 36 9
29 5 8 62 32 10
29 39 60 7 32 42
30 29 32 27 15 22
30 16 11 16 43 61
30 22 55 34 10 23
30 46 20 40 11 43
30 36 2 35 29 15
30 54 50 43 34 25
30 46 63 61 50 40
30 57 41 8 43 59
30 3 3 39 3 26
30 6 11 60 40 52
30 62 7 20 35 0
30 41 4 39 24 4
30 19 22 49 34 23
30 18 63 38 28 3
30 45 26 33 51 17
30 11 25 50 12 60
30 16 39 10 33 61
30 37 36 63 43 42
30 18 14 3 46 48
30 54 19 11 4 18
30 59 47 63 7 5
30 16 8 51 16 58
30 22 22 29 34 34
30 47 45 24 60 5
30 39 37 63 58 0
30 9 24 41 17 29
30 0 58 52 22 30
30 44 8 52 32 27
30 62 6 9 26 24
30 14 2 15 57 14
30 22 49 41 37 59
30 43 6 26 55 38
31 11 8 36 10 30
31 29 50 26 2 56
31 8 42 31 10 21
31 57 12 15 60 11
31 11 24 14 9 3
31 55 11 37 49 9
31 0 35 24 2 0
31 38 21 52 60 36
31 57 42 28 5 42
31 29 20 57 39 24
31 17 15 47 14 28
31 13 60 17 14 30
31 18 32 41 15 41
31 38 44 8 17 1
31 28 25 13 27 60
31 33 58 7 18 0
31 14 26 47 19 44
31 53 32 13 42 14
31 42 54 3 42 44
31 21 59 57 24 30
31 26 35 12 2 39
31 21 22 38 17 41
31 40 27 54 57 41
31 29 63 4 63 55
31 2 47 31 62 14
31 18 35 12 14 31
31 33 2 53 18 34
31 37 44 0 27 3
31 19 2 54 61 49
31 33 49 11 6 10
31 2 26 21 56 9
31 5 1 51 24 63
32 61 11 20 22 31
32 10 5 46 26 21
32 55 62 32 33 17
32 32 13 40 39 22
32 8 59 33 49 41
32 22 30 25 45 56
32 61 58 55 47 7
32 61 31 52 46 25
32 60 12 2 52 1
32 58 33 17 27 63
32 14 11 1 59 16
32 7 28 17 11 30
32 16 18 48 46 15
32 22 38 28 34 42
32 6 18 6 50 2
32 12 35 39 39 58
32 11 51 8 36 61
32 2 24 56 41 0
32 43 41 45 28 14
32 2 16 3 35 26
32 24 44 29 22 12
32 12 20 28 27 23
32 23 54 21 30 27
32 31 39 21 48 23
32 35 32 63 62 8
32 38 9 15 55 58
32 7 62 56 2 62
32 60 55 36 57 21
32 17 44 3 16 61
32 49 32 9 16 59
32 16 24 12 22 58
32 0 9 5 44 28
33 21 58 49 5 9
33 61 0 29 48 12
33 49 29 6 9 47
33 13 63 46 12 7
33 8 7 61 13 33
33 21 11 39 39 10
33 12 47 24 52 46
33 11 55 46 55 56
33 35 52 57 60 0
33 15 23 41 3 51
33 28 1 52 11 30
33 14 42 63 35 36
33 37 13 62 35 13
33 34 32 49 26 3
33 7 16 25 27 29
33 58 14 26 9 41
33 27 51 33 44 12
33 20 3 19 9 56
33 5 52 59 10 18
33 12 23 58 58 52
33 12 52 8 63 30
33 45 62 31 40 31
33 60 33 46 49 11
33 31 49 50 5 61
33 35 58 52 54 3
33 24 46 57 57 41
33 52 10 51 10 31
33 61 41 59 18 50
33 6 33 12 54 4
33 42 26 63 37 31
33 45 2 36 1 17
33 54 1 24 52 57
34 10 57 45 12 60
34 60 52 22 30 7
34 32 19 1 29 10
34 50 21 54 51 53
34 59 36 25 9 49
34 22 47 54 4 29
34 52 40 27 9 24
34 45 26 37 7 35
34 63 26 14 21 15
34 1 12 54 0 12
34 4 13 59 57 37
34 1 63 38 2 27
34 60 5 18 0 58
34 21 37 14 50 62
34 56 47 22 14 20
34 45 54 6 39 14
34 11 19 4 33 10
34 54 40 19 42 52
34 40 0 20 12 0
34 3 3 13 18 4
34 56 33 53 33 32
34 25 59 12 30 18
34 0 23 44 18 15
34 19 31 46 52 5
34 20 29 30 27 20
34 1 18 38 50 29
34 56 43 30 4 37
34 40 9 30 6 47
34 26 37 58 20 25
34 4 19 52 61 9
34 15 21 41 43 3
34 41 54 49 34 26
35 18 51 41 29 7
35 50 16 16 23 58
35 46 2 2 4 37
35 22 12 17 13 2
35 5 37 10 21 63
35 19 35 23 23 40
35 3 38 41 19 11
35 9 55 36 18 40
35 17 19 59 0 19
35 31 13 12 13 19
35 25 30 62 3 18
35 55 41 7 33 60
35 34 48 27 26 61
35 57 32 5 19 57
35 21 33 31 53 42
35 12 33 19 8 38
35 11 8 11 41 40
35 35 38 23 30 19
35 51 0 3 55 21
35 38 42 17 63 53
35 55 17 32 28 24
35 43 3 53 22 10
35 32 28 5 52 35
35 9 54 63 22 24
35 22 14 51 59 2
35 6 41 6 18 16
35 29 11 6 38 49
35 62 11 53 33 20
35 16 19 62 6 15
35 1 48 59 45 7
35 50 3 26 24 61
35 12 6 53 29 41
36 30 29 57 28 5
36 32 4 48 8 8
36 53 62 13 7 6
36 59 25 21 16 41
36 63 13 35 38 38
36 23 60 17 3 15
36 33 11 8 30 20
36 59 26 42 34 38
36 63 6 48 20 37
36 47 20 19 63 17
36 11 47 51 48 35
36 16 19 61 29 52
36 9 9 28 61 22
36 17 63 51 61 30
36 52 31 28 14 52
36 17 50 5 37 7
36 5 57 30 42 37
36 62 38 33 53 46
36 3 16 5 57 33
36 46 27 4 16 24
36 59 3 14 59 1
36 43 23 63 11 51
36 5 23 24 56 48
36 58 63 44 61 55
36 47 46 35 20 11
36 62 44 3 39 12
36 41 40 36 57 59
36 2 0 21 11 3
36 47 13 43 58 39
36 5 20 48 28 33
36 10 19 4 28 31
36 42 46 16 58 61
37 15 34 23 26 62
37 30 24 45 0 6
37 14 34 18 53 16
37 3 44 11 36 38
37 9 42 17 20 28
37 35 60 63 55 34
37 41 58 9 0 31
37 24 47 34 38 43
37 30 16 17 4 10
37 56 44 39 44 36
37 30 36 22 40 14
37 43 53 53 55 53
37 8 52 53 30 3
37 60 30 24 37 17
37 0 43 1 8 55
37 20 62 57 44 47
37 15 9 58 3 21
37 37 50 60 49 16
37 31 54 37 37 1
37 34 1 7 23 44
37 14 42 56 25 39
37 2 47 4 57 51
37 38 48 11 15 6
37 24 35 17 48 15
37 51 55 14 5 20
37 38 5 54 26 13
37 21 22 52 16 59
37 46 13 46 10 41
37 39 60 50 4 15
37 36 20 11 9 44
37 16 31 63 45 16
37 19 26 0 31 8
38 43 14 37 54 35
38 2 59 6 13 18
38 10 10 18 25 39
38 55 35 44 21 14
38 41 0 5 34 52
38 56 34 63 10 10
38 52 0 2 38 40
38 45 28 6 1 32
38 30 39 55 23 28
38 17 5 29 50 42
38 61 56 16 0 55
38 31 40 61 55 17
38 55 29 22 41 21
38 19 51 6 5 59
38 46 17 52 29 39
38 15 49 46 39 8
38 11 23 30 0 42
38 7 41 55 14 19
38 37 23 15 53 46
38 17 56 9 45 59
38 33 51 49 10 41
38 18 19 48 16 44
38 19 34 37 60 21
38 26 16 44 27 30
38 56 33 26 6 21
38 46 8 22 46 59
38 24 45 53 6 50
38 23 56 42 7 28
38 9 38 31 14 31
38 13 62 10 13 57
38 30 50 24 49 48
38 49 15 17 30 58
39 9 7 58 9 54
39 48 34 27 23 43
39 6 12 17 44 17
39 30 59 34 55 58
39 22 28 56 11 35
39 63 60 18 40 44
39 4 12 11 12 18
39 0 40 33 60 51
39 16 13 46 22 28
39 33 0 41 46 49
39 38 7 5 55 18
39 3 9 55 15 22
39 14 28 59 25 27
39 25 29 27 21 29
39 63 43 27 26 42
39 23 18 30 10 30
39 40 6 47 62 36
39 20 25 43 12 21
39 2 7 50 37 52
39 34 49 8 61 6
39 14 1 10 43 28
39 27 57 6 21 61
39 42 41 14 23 43
39 34 55 9 12 54
39 18 46 21 52 59
39 60 37 42 13 52
39 52 24 2 47 3
39 56 23 4 31 33
39 61 62 12 7 3
39 1 25 6 19 5
39 52 25 16 12 4
39 44 16 24 28 52
40 13 15 16 59 38
40 60 0 52 9 5
40 58 38 45 60 0
40 19 39 22 39 46
40 53 9 29 24 27
40 5 52 28 57 23
40 52 36 12 12 22
40 28 18 44 47 49
40 13 42 9 59 15
40 37 1 41 58 61
40 54 55 19 45 30
40 0 56 8 8 28
40 36 57 40 51 2
40 49 41 24 29 22
40 36 61 5 38 17
40 23 33 42 50 13
40 23 52 51 28 38
40 62 42 22 42 36
40 8 15 18 40 1
40 32 22 36 21 25
40 4 19 33 48 18
40 59 61 27 27 50
40 30 40 24 56 0
40 57 25 59 10 2
40 3 40 32 10 39
40 59 42 15 42 56
40 59 23 4 29 0
40 53 37 10 22 40
40 9 55 0 12 62
40 33 25 58 60 51
40 43 3 17 27 41
40 58 56 13 60 42
41 25 0 22 21 38
41 31 8 11 17 11
41 41 35 14 14 44
41 31 58 30 9 14
41 7 61 25 46 16
41 55 13 36 33 32
41 63 62 18 9 43
41 38 58 51 11 57
41 43 7 35 17 41
41 10 48 22 9 53
41 13 14 44 20 54
41 50 15 24 2 49
41 58 24 33 39 40
41 37 16 7 2 47
41 38 24 19 40 51
41 4 35 25 26 25
41 58 50 40 6 34
41 13 15 12 6 11
41 16 9 25 25 58
41 60 8 32 19 24
41 56 53 33 16 43
41 59 12 20 35 48
41 40 61 43 1 45
41 54 60 54 36 17
41 25 5 25 2 62
41 53 47 43 10 50
41 10 41 34 8 36
41 63 42 11 21 27
41 35 9 50 17 49
41 52 55 12 2 34
41 46 10 31 0 13
41 28 2 14 11 51
42 24 28 6 8 55
42 26 12 26 30 48
42 17 35 16 31 56
42 12 34 51 10 45
42 45 4 44 22 25
42 35 1 31 11 38
42 12 9 1 55 53
42 7 2 59 14 9
42 12 8 39 39 3
42 22 17 46 45 48
42 34 28 46 63 28
42 38 7 45 49 9
42 24 11 29 32 16
42 62 19 62 8 50
42 29 13 21 2 54
42 47 3 19 12 40
42 16 26 46 44 31
42 8 9 49 14 42
42 7 57 10 31 3
42 1 22 59 47 42
42 11 35 16 2 40
42 4 60 22 47 40
42 13 22 18 8 11
42 49 52 48 51 7
42 13 34 62 35 10
42 30 32 12 53 29
42 30 62 59 22 3
42 41 18 54 42 63
42 51 46 60 63 18
42 41 52 12 0 10
42 31 47 1 62 19
42 9 43 29 60 18
43 39 55 56 45 52
43 12 10 8 45 26
43 42 59 2 39 54
43 39 23 58 8 57
43 46 14 62 57 50
43 27 29 4 53 11
43 16 30 53 59 18
43 41 44 35 24 47
43 41 58 49 38 14
43 42 53 15 37 31
43 25 32 34 40 34
43 45 54 15 52 47
43 32 57 0 39 41
43 48 35 38 34 49
43 8 58 58 63 11
43 59 45 48 28 13
43 14 54 19 40 8
43 48 30 18 51 9
43 11 21 23 60 1
43 49 49 62 54 27
43 37 52 26 48 48
43 21 7 45 0 63
43 31 25 42 54 11
43 2 33 43 49 4
43 36 61 51 58 58
43 47 15 2 9 62
43 0 42 21 21 3
43 15 55 44 12 18
43 40 0 57 38 41
43 16 13 43 4 32
43 52 38 56 31 19
43 55 11 46 43 36
44 25 9 12 37 28
44 51 28 50 20 22
44 22 24 53 29 37
44 53 24 57 26 27
44 29 30 60 22 31
44 48 22 27 35 12
44 18 61 13 56 24
44 16 36 62 59 24
44 52 33 41 46 15
44 58 44 55 36 0
44 32 46 37 7 4
44 47 15 8 41 63
44 39 16 49 23 1
44 44 4 26 24 47
44 26 59 20 28 21
44 24 33 2 44 20
44 7 5 46 30 57
44 32 29 8 51 45
44 30 50 41 55 43
44 6 33 16 14 19
44 52 2 9 45 63
44 13 48 9 44 9
44 38 27 52 21 38
44 27 10 17 20 26
44 62 20 60 31 0
44 58 36 34 45 61
44 20 27 33 43 29
44 46 51 14 36 25
44 30 35 56 32 15
44 18 38 0 51 39
44 62 43 34 8 25
44 63 39 61 1 15
45 1 56 11 58 46
45 25 33 11 43 22
45 45 42 33 20 25
45 24 33 48 36 56
45 44 38 1 32 48
45 3 37 49 35 39
45 24 63 1 20 31
45 55 51 44 51 5
45 29 15 37 38 20
45 57 16 28 59 29
45 4 57 18 4 56
45 33 19 31 36 47
45 10 29 27 26 43
45 49 33 28 62 31
45 25 56 56 40 31
45 7 51 35 58 34
45 5 40 39 63 22
45 26 57 28 36 34
45 24 35 37 5 6
45 46 24 16 33 55
45 37 6 43 37 2
45 40 57 21 13 10
45 28 57 39 58 48
45 21 38 43 12 58
45 20 55 43 17 17
45 61 2 2 1 13
45 62 58 52 9 9
45 53 55 58 27 17
45 53 63 41 6 32
45 47 31 43 61 6
45 59 34 5 33 6
45 63 20 25 9 45
46 5 44 55 26 19
46 48 38 12 4 26
46 42 45 57 15 25
46 60 4 40 16 9
46 21 37 29 13 2
46 35 53 19 13 3
46 8 1 3 7 61
46 29 25 4 50 12
46 27 19 32 10 39
46 15 19 54 2 36
46 49 24 27 22 61
46 25 11 55 54 58
46 50 21 44 20 37
46 49 54 11 58 50
46 43 42 40 50 15
46 56 33 13 58 49
46 10 28 54 30 14
46 47 32 14 4 45
46 56 55 43 49 57
46 7 32 28 32 26
46 29 56 50 2 26
46 0 30 14 7 62
46 39 1 22 47 17
46 6 27 15 47 34
46 60 18 1 56 42
46 22 11 56 1 44
46 26 11 58 37 20
46 8 36 21 38 22
46 6 50 24 43 57
46 13 3 30 32 59
46 49 54 2 35 4
46 55 57 44 35 39
47 50 42 6 61 20
47 50 40 28 8 63
47 38 26 62 51 55
47 34 0 37 9 13
47 62 6 18 11 1
47 28 35 61 51 33
47 39 29 32 31 47
47 12 4 5 38 19
47 39 57 13 25 34
47 39 52 56 40 12
47 39 38 60 61 30
47 31 35 55 33 2
47 28 31 14 1 29
47 9 38 48 29 50
47 37 1 59 25 34
47 13 57 21 57 52
47 26 26 0 27 0
47 5 45 17 1 30
47 13 0 33 60 37
47 50 18 13 39 11
47 55 16 54 54 33
47 58 62 18 0 19
47 27 15 11 7 34
47 35 47 12 28 55
47 3 63 29 8 26
47 14 46 44 13 55
47 31 63 53 41 23
47 42 39 29 31 24
47 38 10 5 32 41
47 50 7 37 16 21
47 44 4 43 41 6
47 60 41 40 24 12
48 53 9 14 32 63
48 33 16 17 1 57
48 7 21 0 13 13
48 45 43 9 23 29
48 0 49 12 11 51
48 2 63 13 46 43
48 57 11 13 41 29
48 52 43 63 37 4
48 28 41 25 36 41
48 8 13 4 54 1
48 22 42 47 25 40
48 51 55 45 5 50
48 15 47 4 32 53
48 29 44 34 22 13
48 45 42 4 19 19
48 18 61 60 40 58
48 11 57 14 62 46
48 31 51 39 17 63
48 3 6 9 16 63
48 6 24 59 17 26
48 47 63 62 28 9
48 58 3 40 20 15
48 7 54 24 29 62
48 14 52 32 5 2
48 24 42 60 5 30
48 13 60 9 3 1
48 44 10 45 7 2
48 44 10 23 61 8
48 23 13 28 40 22
48 25 38 18 44 28
48 17 60 56 18 50
48 63 7 24 43 12
49 28 54 31 16 5
49 14 28 1 30 35
49 8 1 1 51 48
49 52 9 19 33 49
49 6 27 3 9 30
49 43 43 26 57 52
49 28 30 22 24 10
49 12 34 33 45 63
49 7 1 61 31 5
49 30 5 49 24 11
49 2 27 12 37 4
49 49 33 45 48 42
49 32 53 54 27 26
49 61 30 16 47 51
49 41 8 39 43 61
49 61 15 49 19 59
49 10 21 5 44 62
49 24 26 63 24 37
49 36 56 4 62 42
49 18 9 38 6 62
49 37 35 57 52 55
49 47 61 17 13 3
49 38 52 54 19 53
49 14 30 4 46 52
49 49 11 56 61 9
49 51 58 59 30 46
49 14 62 4 32 8
49 5 37 32 41 47
49 18 54 39 46 59
49 39 25 53 7 4
49 59 19 50 1 21
49 5 4 45 63 45
50 12 15 62 34 46
50 8 55 19 55 21
50 51 44 52 43 44
50 21 40 29 7 38
50 6 33 60 44 35
50 27 10 27 55 41
50 55 39 37 55 20
50 20 49 26 23 0
50 25 37 3 45 38
50 15 19 61 51 50
50 49 62 6 3 48
50 48 0 2 58 47
50 16 44 0 8 16
50 63 54 52 21 3
50 0 37 30 46 1
50 13 51 31 9 45
50 2 29 15 17 50
50 51 36 11 24 32
50 49 26 44 10 58
50 38 16 61 42 57
50 31 58 50 58 50
50 25 38 5 7 36
50 55 4 49 63 42
50 61 49 25 11 20
50 63 21 29 61 59
50 48 10 36 10 20
50 26 50 59 40 53
50 24 17 53 11 29
50 15 62 8 43 38
50 27 8 24 24 15
50 55 22 60 17 49
50 29 8 19 1 26
51 30 57 42 20 42
51 35 41 10 14 21
51 5 51 40 7 36
51 11 30 29 6 19
51 20 17 5 1 22
51 47 47 35 46 47
51 48 20 38 30 49
51 33 18 17 4 31
51 31 54 58 38 24
51 12 5 41 32 44
51 32 28 21 3 23
51 19 10 4 11 60
51 54 46 12 42 62
51 31 45 53 49 21
51 60 7 47 53 35
51 21 44 42 36 55
51 17 57 1 31 12
51 40 36 40 26 10
51 50 37 13 10 25
51 34 15 45 44 20
51 4 41 32 22 7
51 16 23 57 32 16
51 56 1 27 41 24
51 26 58 1 41 25
51 22 56 21 13 44
51 16 52 40 6 10
51 48 37 1 28 6
51 27 37 62 4 53
51 29 53 1 34 23
51 52 8 18 43 62
51 45 2 2 44 40
51 24 25 59 15 55
52 49 49 43 39 62
52 62 43 21 24 27
52 48 49 7 34 47
52 47 12 8 32 29
52 28 58 27 0 16
52 63 22 39 48 2
52 17 5 31 29 1
52 21 11 63 54 31
52 30 11 22 37 29
52 37 5 20 51 5
52 26 56 42 17 51
52 7 9 61 53 35
52 42 43 27 25 10
52 32 7 56 4 27
52 23 3 25 3 32
52 45 21 52 42 40
52 32 45 56 5 60
52 2 0 57 44 52
52 11 7 38 4 4
52 6 4 15 52 8
52 14 49 9 43 32
52 54 10 18 26 60
52 31 17 59 3 40
52 23 41 40 55 18
52 36 34 40 41 22
52 18 18 0 18 29
52 43 8 2 28 39
52 47 31 57 54 20
52 56 1 11 24 16
52 19 34 24 59 1
52 50 37 43 44 27
52 26 47 60 61 54
53 19 62 39 19 5
53 12 2 24 46 36
53 19 46 0 22 51
53 42 32 37 35 53
53 42 6 27 19 10
53 41 19 50 38 24
53 30 61 55 59 59
53 24 59 45 32 29
53 9 6 51 58 27
53 11 7 34 3 48
53 55 23 50 35 12
53 57 57 48 26 46
53 5 59 51 6 52
53 45 32 40 32 33
53 2 31 29 52 62
53 16 19 62 23 42
53 44 60 10 20 6
53 37 8 5 41 48
53 62 56 45 52 28
53 29 27 27 16 1
53 2 12 20 48 12
53 55 55 35 32 36
53 63 34 39 61 6
53 51 53 28 13 58
53 1 16 27 12 62
53 19 23 57 3 31
53 32 9 37 59 29
53 30 5 35 18 55
53 41 55 15 8 36
53 33 27 22 57 48
53 36 28 38 23 32
53 57 17 17 19 52
54 12 4 25 18 44
54 15 46 9 14 2
54 3 31 36 62 33
54 17 19 57 56 29
54 45 30 62 51 20
54 11 25 39 34 54
54 15 52 33 63 4
54 61 25 57 49 48
54 14 52 36 44 27
54 48 63 57 62 63
54 10 25 31 40 49
54 36 25 34 27 19
54 42 23 5 25 49
54 2 15 60 58 24
54 22 32 31 63 30
54 16 30 14 42 39
54 42 40 19 29 12
54 3 18 3 0 1
54 18 28 25 19 19
54 25 20 48 20 36
54 25 48 41 39 11
54 58 7 42 56 27
54 62 26 27 29 60
54 27 56 46 39 6
54 10 38 17 35 55
54 57 9 54 1 32
54 16 39 15 29 18
54 12 53 27 28 16
54 45 61 30 61 41
54 26 23 20 34 10
54 37 32 8 55 6
54 40 5 18 60 28
55 16 4 56 47 35
55 30 52 25 11 36
55 50 63 45 58 6
55 4 7 42 46 2
55 22 52 44 23 58
55 6 37 50 32 60
55 9 8 53 24 12
55 23 46 12 2 1
55 44 1 23 6 46
55 36 13 21 38 59
55 40 29 61 33 14
55 43 15 51 14 54
55 17 19 57 28 36
55 50 59 46 32 63
55 30 3 3 23 17
55 48 12 51 18 8
55 12 57 7 7 39
55 63 35 33 43 7
55 62 44 48 23 35
55 54 3 41 33 38
55 34 54 16 57 59
55 47 35 38 26 33
55 43 49 26 52 43
55 33 47 55 49 53
55 47 35 49 50 41
55 56 27 12 58 31
55 53 48 36 34 47
55 61 59 31 16 61
55 8 22 41 39 26
55 25 29 36 41 14
55 20 48 57 41 0
55 13 47 8 23 58
56 47 62 60 46 43
56 51 41 10 60 10
56 38 39 23 58 38
56 29 48 19 52 20
56 28 56 32 46 23
56 51 10 33 51 35
56 12 61 14 53 4
56 31 22 6 20 49
56 9 44 50 22 8
56 3 44 6 8 3
56 18 37 25 47 56
56 6 54 50 51 15
56 57 6 56 17 13
56 51 50 19 63 29
56 27 31 41 18 18
56 8 7 16 21 2
56 58 20 44 22 28
56 28 43 35 10 5
56 62 1 10 30 56
56 42 35 41 59 3
56 44 34 30 48 25
56 53 56 30 35 54
56 6 37 45 8 15
56 6 23 30 62 28
56 19 2 46 26 28
56 29 11 1 1 63
56 49 39 16 38 43
56 18 23 63 56 31
56 19 51 10 22 35
56 9 37 22 35 25
56 15 50 15 63 36
56 44 7 34 13 60
57 23 17 13 23 54
57 23 28 18 46 27
57 60 45 44 4 33
57 1 34 35 52 36
57 9 9 7 16 32
57 1 34 20 48 41
57 38 21 31 51 1
57 49 45 51 47 32
57 63 25 42 15 13
57 41 16 33 56 33
57 29 63 31 61 33
57 1 60 9 18 55
57 17 23 11 1 21
57 62 8 40 59 37
57 26 0 40 59 16
57 33 14 49 63 7
57 26 56 60 42 59
57 1 55 16 0 39
57 20 44 34 47 38
57 21 43 28 27 37
57 42 50 35 31 9
57 26 22 29 16 25
57 40 53 63 38 61
57 22 55 45 57 57
57 8 61 11 23 42
57 46 14 48 29 42
57 58 28 9 8 58
57 33 10 52 47 6
57 58 22 53 34 16
57 53 34 32 10 36
57 11 17 48 61 44
57 54 27 23 6 51
58 41 57 58 24 11
58 15 43 60 30 59
58 43 31 43 35 13
58 40 30 19 43 14
58 62 61 2 19 35
58 28 36 29 37 32
58 35 10 41 15 8
58 27 1 18 32 29
58 32 29 28 49 25
58 34 61 25 54 32
58 33 45 10 25 24
58 40 21 30 14 43
58 6 60 44 25 14
58 48 31 43 57 57
58 54 0 33 27 18
58 41 27 18 25 7
58 1 20 1 54 55
58 16 22 24 48 14
58 60 31 3 37 54
58 20 5 31 59 28
58 62 59 35 43 22
58 1 11 28 23 12
58 29 11 20 61 46
58 37 46 30 15 47
58 9 37 17 5 48
58 40 17 58 15 54
58 44 41 1 42 39
58 6 50 58 12 10
58 12 5 50 63 44
58 23 12 7 32 38
58 6 54 58 16 12
58 30 32 42 52 48
59 53 51 41 12 17
59 57 15 13 34 40
59 42 55 39 8 7
59 11 37 19 45 56
59 4 4 11 33 12
59 19 33 31 23 52
59 51 39 7 42 7
59 54 6 44 20 34
59 51 4 34 52 22
59 44 47 63 24 22
59 55 14 20 2 6
59 55 3 23 5 61
59 2 16 4 44 15
59 35 20 18 45 55
59 12 31 43 3 26
59 51 61 32 40 37
59 44 30 10 18 30
59 4 17 13 17 4
59 24 6 2 26 45
59 45 33 13 45 48
59 21 62 8 16 30
59 59 0 39 49 52
59 18 13 41 18 19
59 45 26 16 53 58
59 63 39 34 11 17
59 15 25 53 20 41
59 58 22 13 49 25
59 6 25 1 35 27
59 61 13 17 47 17
59 53 26 40 40 47
59 46 43 45 45 18
59 30 52 51 40 40
60 19 31 53 35 53
60 8 30 23 56 63
60 42 50 25 24 15
60 25 62 62 36 22
60 16 63 28 15 4
60 9 46 21 40 55
60 13 25 59 44 43
60 54 22 32 30 1
60 37 63 15 44 40
60 63 17 33 28 25
60 20 5 3 39 51
60 8 27 36 14 2
60 3 44 31 18 12
60 5 41 60 16 11
60 62 20 38 26 16
60 56 27 51 19 62
60 26 41 62 33 59
60 23 49 14 8 19
60 47 8 29 21 35
60 52 50 14 34 41
60 31 14 48 24 15
60 52 14 15 43 32
60 33 16 33 53 28
60 4 29 50 7 43
60 4 5 50 55 52
60 47 31 13 60 49
60 50 39 19 14 20
60 14 21 63 4 20
60 5 32 58 54 30
60 6 60 8 31 62
60 3 10 63 35 32
60 17 10 43 56 2
61 31 14 15 18 33
61 1 41 13 2 61
61 15 10 21 2 45
61 29 61 0 49 55
61 47 4 47 56 23
61 41 56 1 35 47
61 14 62 23 58 43
61 53 25 38 23 15
61 32 10 25 24 56
61 10 36 13 60 8
61 10 54 35 56 19
61 38 32 19 48 13
61 10 30 48 3 20
61 0 49 17 53 47
61 30 13 14 54 56
61 18 57 58 25 58
61 14 34 34 8 62
61 32 10 0 59 52
61 37 5 47 32 4
61 28 25 42 56 62
61 55 39 3 53 23
61 19 3 3 6 1
61 43 58 47 50 29
61 9 1 8 57 35
61 60 48 5 11 46
61 52 46 9 14 2
61 13 23 3 55 45
61 16 40 7 48 47
61 52 55 29 31 24
61 59 20 20 18 14
61 24 0 53 26 50
61 55 45 42 18 45
62 26 17 18 31 18
62 17 14 27 48 57
62 22 48 9 39 2
62 55 30 10 18 23
62 26 59 56 1 47
62 6 49 56 6 19
62 47 24 47 9 49
62 16 20 32 7 7
62 45 45 60 49 12
62 50 38 22 26 60
62 33 6 62 50 31
62 46 53 60 22 25
62 27 4 18 45 23
62 37 14 21 15 43
62 34 14 53 56 7
62 42 62 30 44 38
62 45 56 34 31 28
62 10 29 37 52 9
62 28 17 41 34 21
62 48 48 38 41 16
62 35 60 10 28 45
62 40 25 45 35 9
62 47 59 50 13 53
62 20 22 61 1 44
62 33 49 37 53 32
62 48 36 35 50 58
62 54 39 48 31 30
62 12 38 22 58 34
62 4 43 0 39 51
62 28 16 47 11 35
62 40 19 30 14 50
62 30 41 5 50 7
63 32 46 60 48 27
63 34 12 27 41 63
63 4 36 39 39 53
63 58 34 1 3 47
63 2 50 55 4 48
63 6 40 10 19 60
63 0 6 19 53 6
63 29 8 36 47 56
63 61 43 7 5 44
63 17 30 54 3 43
63 31 31 52 14 60
63 29 56 10 47 33
63 18 54 48 61 40
63 35 19 30 61 57
63 32 50 11 59 35
63 29 43 47 15 63
63 60 0 61 14 60
63 49 38 32 25 39
63 50 27 52 53 31
63 4 61 18 5 24
63 41 31 11 13 56
63 14 39 4 61 63
63 17 21 37 32 8
63 37 1 5 51 15
63 35 59 14 31 0
63 48 37 1 46 5
63 34 40 1 39 34
63 38 53 26 21 13
63 8 44 35 29 18
63 21 62 34 25 55
63 7 23 58 50 39
63 9 56 55 56 21
