0 28 24 23 22 19
0 9 27 20 0 21
0 31 24 15 0 7
0 20 10 28 29 11
0 29 24 15 4 30
0 24 5 10 8 0
0 4 21 8 26 1
0 19 11 24 20 22
0 17 23 13 31 14
0 5 9 4 6 13
0 0 0 2 6 7
0 25 10 19 8 26
0 27 12 5 0 27
0 31 23 7 19 29
0 2 1 28 29 18
0 1 19 22 22 18
0 18 16 26 18 29
0 17 6 8 7 16
0 31 24 29 0 21
0 30 5 14 7 16
0 21 23 31 27 23
0 5 8 2 13 7
0 0 23 31 17 9
0 11 4 4 0 12
0 12 14 9 1 5
0 29 22 1 5 15
0 17 21 19 16 18
0 13 23 29 6 11
0 24 15 21 12 8
0 17 25 10 14 2
0 25 5 1 21 25
0 25 15 8 24 23
0 17 26 8 14 15
0 19 1 9 11 26
0 30 6 1 27 2
0 19 26 6 11 15
0 4 25 3 18 1
0 29 9 9 6 17
0 15 26 11 24 7
0 11 17 5 23 2
0 8 14 14 14 24
0 19 4 25 23 23
0 3 12 1 24 8
0 5 22 12 28 30
0 27 11 5 7 20
0 31 29 9 3 6
0 4 7 25 21 18
0 6 22 14 15 14
0 0 25 21 22 30
0 13 2 25 19 4
0 11 26 18 20 26
0 10 14 26 13 27
0 27 9 24 19 2
0 4 0 24 5 23
0 5 21 0 14 21
0 26 24 26 24 13
0 9 18 29 4 29
0 9 19 11 16 4
0 26 5 18 11 29
0 2 27 28 30 3
0 29 31 7 31 14
0 11 26 10 26 13
0 28 4 28 22 6
0 25 21 20 25 16
1 20 5 13 27 13
1 10 7 1 24 25
1 29 4 7 27 17
1 0 0 1 16 1
1 2 18 29 6 24
1 15 20 2 16 14
1 31 10 31 4 27
1 8 3 3 23 31
1 15 8 21 21 7
1 24 18 31 28 16
1 31 11 19 30 7
1 4 22 7 29 21
1 21 7 19 13 5
1 26 9 27 11 1
1 27 3 17 17 27
1 0 20 23 4 13
1 19 15 27 30 20
1 21 28 31 27 24
1 20 28 10 9 17
1 30 20 18 11 26
1 7 2 4 16 25
1 9 27 27 11 29
1 8 6 5 7 21
1 23 31 19 6 14
1 23 21 31 3 27
1 7 29 31 1 24
1 26 10 30 30 6
1 4 14 19 4 21
1 22 11 0 9 18
1 27 4 6 9 13
1 24 20 19 1 28
1 4 19 19 5 23
1 19 0 28 25 4
1 9 14 8 8 4
1 31 10 14 26 1
1 25 29 26 26 0
1 31 19 28 14 19
1 24 22 27 18 17
1 18 2 1 9 10
1 25 2 5 13 13
1 10 18 3 3 15
1 6 3 29 9 9
1 31 13 24 26 3
1 8 4 6 18 3
1 1 0 24 17 20
1 15 30 3 19 14
1 10 22 3 26 13
1 21 6 28 25 13
1 4 22 19 8 30
1 27 28 4 2 23
1 2 2 15 3 26
1 1 26 14 2 17
1 13 0 26 28 30
1 14 12 25 7 1
1 7 23 5 25 14
1 16 12 28 24 9
1 4 6 10 10 21
1 12 20 2 28 18
1 31 21 10 17 15
1 17 26 6 30 30
1 15 8 20 31 14
1 25 28 13 16 25
1 25 7 20 4 7
1 2 25 16 19 19
2 10 16 26 0 24
2 5 18 20 24 8
2 7 21 4 7 12
2 6 7 25 17 25
2 1 30 22 18 4
2 17 27 5 13 11
2 11 20 22 6 11
2 31 21 21 28 18
2 0 1 27 20 20
2 4 30 22 7 12
2 18 5 23 10 28
2 27 27 18 6 16
2 9 3 7 26 13
2 1 21 31 5 30
2 11 13 21 9 24
2 20 19 14 23 25
2 10 30 19 13 0
2 2 12 10 28 13
2 23 31 6 30 20
2 27 23 6 20 23
2 12 10 31 25 29
2 26 15 25 8 28
2 15 20 4 6 31
2 7 4 22 17 31
2 25 25 19 13 28
2 11 28 25 5 2
2 19 14 22 19 13
2 29 9 20 28 2
2 24 28 29 4 5
2 18 28 27 26 8
2 26 9 2 7 23
2 23 5 21 6 21
2 10 14 15 24 20
2 15 20 7 31 10
2 14 1 0 9 3
2 2 31 6 13 30
2 23 10 25 30 18
2 15 18 29 21 30
2 29 14 18 29 31
2 30 27 6 5 18
2 19 28 16 15 7
2 2 2 8 6 2
2 17 9 23 11 4
2 20 7 17 25 18
2 3 15 12 0 9
2 3 18 24 14 1
2 3 3 4 12 2
2 10 13 1 24 22
2 7 7 19 22 30
2 7 23 14 22 4
2 24 18 9 5 0
2 13 0 29 12 22
2 7 17 13 30 15
2 5 29 28 29 13
2 22 23 18 3 3
2 8 14 22 3 10
2 8 21 2 18 17
2 7 21 27 14 5
2 15 28 23 23 23
2 1 13 5 28 22
2 9 8 31 4 26
2 21 7 29 7 24
2 23 15 16 25 21
2 23 9 23 15 30
3 1 29 23 16 29
3 1 19 25 3 29
3 6 19 11 0 14
3 3 19 21 14 23
3 20 29 19 19 23
3 10 16 7 26 8
3 5 24 26 26 17
3 12 31 12 2 9
3 5 31 23 27 27
3 3 26 13 25 17
3 13 7 21 29 1
3 17 25 7 12 1
3 27 25 18 18 8
3 24 31 12 3 10
3 24 0 26 27 29
3 23 13 25 0 1
3 22 17 19 18 9
3 20 20 24 20 25
3 11 3 27 23 13
3 29 21 19 25 12
3 30 1 7 30 22
3 0 24 1 7 13
3 29 9 12 21 18
3 25 28 20 20 14
3 1 7 23 11 30
3 10 29 0 6 17
3 29 23 27 17 28
3 5 9 15 14 9
3 0 21 21 11 3
3 5 2 24 17 6
3 3 14 21 12 12
3 8 30 8 12 3
3 2 10 0 21 21
3 12 2 0 30 15
3 9 26 16 27 5
3 26 26 5 0 27
3 14 23 26 0 21
3 13 16 18 25 11
3 10 24 5 27 21
3 9 14 23 25 29
3 1 26 2 25 7
3 5 30 0 10 7
3 3 7 1 10 0
3 20 5 20 12 0
3 4 10 0 28 26
3 2 31 20 4 23
3 10 3 14 11 10
3 18 9 11 30 11
3 22 19 3 0 19
3 23 4 13 20 6
3 30 24 19 28 29
3 31 16 9 23 27
3 2 20 30 23 25
3 18 19 5 31 14
3 12 13 11 5 22
3 14 3 11 27 28
3 12 29 23 15 7
3 28 10 0 16 16
3 20 0 4 3 25
3 31 23 11 25 6
3 11 5 4 12 18
3 16 23 29 20 15
3 0 27 31 11 10
3 24 0 31 6 29
4 25 19 4 20 11
4 15 3 30 7 8
4 7 30 0 24 17
4 17 11 7 3 27
4 3 11 22 27 31
4 19 9 0 20 23
4 9 26 0 5 12
4 3 3 3 26 29
4 16 8 30 1 3
4 28 2 7 0 6
4 26 15 10 2 22
4 3 17 11 3 28
4 19 6 20 12 1
4 11 11 2 31 11
4 22 15 19 7 5
4 28 10 17 31 14
4 0 6 0 6 10
4 21 25 19 0 6
4 3 8 25 13 23
4 12 1 6 0 31
4 21 22 18 8 13
4 2 27 15 15 25
4 26 30 27 19 10
4 1 3 0 9 3
4 10 11 29 1 22
4 20 29 0 9 15
4 11 25 10 26 28
4 13 16 14 12 4
4 23 12 16 11 8
4 13 26 6 24 19
4 2 30 12 21 4
4 16 22 17 19 4
4 14 18 1 23 21
4 8 6 12 31 5
4 15 14 16 30 3
4 22 16 8 26 20
4 8 5 19 20 8
4 24 1 10 21 22
4 24 24 9 19 25
4 22 5 27 25 31
4 23 11 19 18 21
4 2 0 9 11 9
4 12 31 26 28 19
4 7 13 27 26 20
4 6 1 9 22 31
4 10 20 9 7 15
4 11 7 28 1 13
4 8 20 28 19 22
4 9 0 25 7 9
4 6 15 14 28 1
4 9 9 4 6 5
4 25 0 2 29 26
4 22 15 8 24 17
4 12 25 5 2 21
4 18 12 23 21 13
4 18 22 16 18 20
4 31 5 3 15 2
4 3 28 24 28 19
4 9 29 0 0 1
4 26 11 30 23 0
4 28 10 28 21 26
4 25 19 5 22 25
4 23 31 13 19 8
4 12 18 7 3 17
5 25 9 25 24 9
5 4 7 20 1 18
5 17 11 26 26 12
5 0 25 13 5 0
5 29 15 11 7 3
5 25 20 10 3 14
5 4 21 14 19 13
5 29 23 8 1 3
5 10 18 23 0 26
5 6 29 0 14 21
5 11 20 20 7 20
5 20 30 26 16 17
5 29 26 20 18 11
5 17 20 10 8 14
5 21 31 21 23 28
5 3 28 28 22 7
5 1 19 14 31 9
5 3 23 12 5 5
5 9 24 12 2 0
5 10 28 2 14 12
5 22 26 24 30 14
5 27 23 18 22 1
5 9 10 9 13 22
5 29 6 20 11 29
5 14 15 0 13 5
5 6 13 22 4 29
5 30 7 10 7 11
5 29 7 18 1 26
5 11 4 1 3 23
5 17 4 16 14 22
5 3 23 23 21 12
5 23 24 9 3 16
5 3 19 0 28 14
5 5 7 29 10 13
5 10 10 26 28 25
5 31 6 0 2 3
5 19 24 4 18 10
5 1 22 21 31 21
5 19 2 21 2 29
5 23 23 30 5 3
5 8 18 27 19 13
5 25 10 22 0 20
5 30 21 26 11 26
5 15 16 25 10 18
5 16 6 3 8 9
5 7 4 16 29 28
5 26 18 7 6 16
5 24 18 19 11 10
5 3 3 13 8 3
5 24 21 4 3 31
5 8 17 11 29 9
5 20 20 1 17 7
5 28 17 4 1 27
5 6 29 17 12 13
5 24 22 3 28 1
5 30 27 20 14 4
5 20 24 3 2 2
5 19 1 7 13 30
5 9 20 19 21 10
5 18 17 12 25 9
5 22 26 14 27 27
5 29 18 3 20 20
5 6 19 25 19 5
5 27 14 28 16 17
6 29 24 17 1 1
6 13 23 2 21 24
6 16 28 8 29 18
6 25 25 13 18 19
6 26 0 24 2 29
6 8 26 26 6 23
6 22 13 13 6 22
6 14 15 11 14 9
6 25 3 14 29 0
6 24 25 11 20 18
6 26 30 17 21 9
6 7 27 13 17 28
6 8 31 10 20 8
6 25 30 12 10 20
6 6 11 4 27 18
6 25 10 4 1 19
6 29 10 5 4 21
6 17 26 29 25 28
6 20 28 16 30 19
6 23 27 28 12 21
6 1 14 10 17 16
6 12 8 2 12 18
6 15 19 1 10 23
6 7 2 11 26 24
6 19 11 13 29 1
6 30 1 2 3 5
6 17 5 13 4 27
6 11 24 1 15 28
6 12 29 15 28 5
6 21 10 18 22 9
6 20 18 1 16 6
6 5 13 6 6 28
6 9 23 13 8 23
6 25 28 2 19 10
6 30 18 31 29 17
6 6 9 13 5 16
6 6 11 11 14 1
6 23 9 23 5 24
6 12 3 8 0 0
6 31 22 18 25 6
6 16 24 20 1 5
6 14 29 26 2 26
6 2 1 0 1 30
6 6 17 2 12 19
6 19 6 7 15 11
6 15 17 16 27 12
6 24 0 15 30 12
6 20 0 22 0 24
6 6 17 20 12 17
6 19 21 30 6 19
6 6 17 15 3 15
6 20 7 6 7 12
6 22 28 0 13 24
6 7 12 1 13 13
6 20 0 29 6 9
6 24 28 22 26 15
6 21 27 4 27 16
6 28 6 27 21 6
6 14 25 25 8 17
6 7 3 26 1 26
6 21 19 30 16 15
6 15 2 10 11 30
6 17 15 4 9 25
6 18 22 27 5 1
7 22 26 29 1 10
7 28 9 1 22 27
7 8 3 3 3 29
7 22 25 31 7 11
7 23 2 13 20 0
7 29 15 17 17 9
7 4 1 17 1 19
7 13 17 21 10 29
7 6 11 15 5 23
7 7 20 25 8 2
7 28 3 30 18 4
7 5 9 0 6 30
7 21 21 11 29 5
7 7 9 20 14 10
7 7 5 27 15 9
7 3 31 21 31 31
7 15 10 5 7 28
7 7 9 12 22 19
7 4 12 17 22 3
7 11 25 9 17 16
7 7 9 22 20 4
7 10 6 15 30 24
7 6 21 25 27 26
7 15 11 11 10 7
7 18 6 28 20 19
7 11 1 22 31 3
7 2 17 24 15 22
7 12 12 6 21 2
7 14 21 22 3 26
7 2 1 16 13 6
7 15 5 8 22 29
7 25 13 31 22 31
7 14 7 12 30 4
7 24 9 6 15 21
7 26 9 7 8 16
7 29 15 7 1 1
7 4 30 5 24 14
7 10 29 19 26 17
7 5 4 22 9 31
7 4 27 31 6 2
7 22 7 23 14 13
7 8 12 10 31 29
7 16 8 17 10 3
7 4 16 19 29 20
7 6 19 15 4 22
7 21 19 6 27 19
7 17 26 4 10 19
7 2 26 4 13 0
7 18 28 30 16 27
7 2 21 6 9 29
7 15 22 0 27 10
7 5 1 27 3 16
7 9 4 8 15 23
7 21 30 20 15 25
7 10 15 14 0 8
7 0 12 24 3 23
7 30 25 8 19 6
7 0 4 9 9 8
7 21 16 12 2 24
7 21 17 10 29 6
7 23 20 28 31 16
7 6 14 28 29 0
7 23 28 22 29 29
7 3 17 23 2 8
8 22 8 20 1 28
8 6 11 13 23 10
8 22 12 17 0 5
8 20 24 17 9 14
8 17 5 12 9 12
8 0 15 13 20 16
8 1 12 3 17 25
8 26 24 8 20 28
8 16 6 23 14 15
8 22 31 27 9 30
8 16 16 17 26 29
8 9 13 9 10 12
8 9 4 8 31 20
8 15 7 25 17 0
8 8 22 30 18 15
8 18 5 26 19 9
8 19 1 3 3 16
8 19 28 28 9 26
8 27 3 28 13 25
8 17 7 22 18 14
8 28 21 11 24 16
8 30 0 5 13 29
8 14 2 26 25 14
8 14 26 6 24 28
8 16 8 28 4 11
8 2 24 8 21 31
8 0 13 17 23 2
8 15 31 7 7 12
8 16 10 6 30 5
8 31 13 23 16 30
8 14 30 4 9 28
8 10 3 18 29 13
8 16 9 31 24 11
8 21 6 11 18 21
8 0 0 21 23 14
8 20 5 2 19 22
8 16 18 8 2 17
8 19 9 15 4 19
8 3 8 31 16 18
8 2 25 30 28 21
8 6 2 8 1 15
8 19 11 3 6 16
8 19 8 25 13 14
8 6 19 27 9 11
8 9 14 20 10 19
8 18 20 5 28 12
8 29 12 18 4 27
8 5 12 1 5 31
8 9 13 25 9 13
8 3 15 12 22 30
8 27 31 29 21 8
8 3 13 11 13 25
8 22 10 6 24 0
8 30 7 4 25 23
8 2 13 17 7 23
8 25 31 2 3 24
8 14 31 23 17 7
8 2 18 26 25 24
8 17 14 10 17 29
8 24 0 15 6 28
8 0 3 14 12 15
8 28 27 4 16 20
8 11 18 28 28 16
8 13 27 2 15 13
9 18 26 21 25 31
9 8 0 30 0 20
9 14 24 12 22 25
9 11 11 27 8 16
9 21 20 30 2 13
9 13 17 7 5 6
9 18 23 31 15 11
9 19 15 31 1 28
9 13 7 28 4 13
9 16 21 18 31 11
9 14 26 2 22 24
9 28 24 21 14 29
9 27 8 1 31 28
9 5 29 21 29 28
9 22 25 2 25 4
9 26 12 0 24 26
9 27 23 30 26 21
9 11 7 5 4 8
9 20 2 6 2 12
9 8 25 1 0 22
9 15 11 3 30 11
9 25 8 0 0 17
9 19 6 23 1 5
9 24 4 8 24 18
9 6 21 5 31 17
9 13 3 30 9 28
9 26 16 29 3 9
9 9 1 22 1 16
9 30 1 19 4 18
9 26 13 1 19 8
9 27 24 29 24 6
9 20 14 30 14 24
9 18 0 30 24 16
9 21 25 21 8 12
9 2 5 22 14 19
9 28 3 8 20 17
9 8 7 3 15 26
9 6 0 28 26 15
9 8 25 5 7 9
9 22 2 9 5 18
9 16 22 15 10 20
9 1 6 8 2 8
9 11 31 22 9 4
9 16 20 9 26 3
9 27 1 6 20 3
9 2 13 12 9 3
9 13 5 27 27 8
9 3 5 7 12 19
9 14 2 15 14 31
9 12 24 11 22 0
9 6 13 30 12 31
9 22 17 13 11 12
9 26 0 2 2 20
9 20 7 22 31 27
9 31 15 13 9 28
9 21 19 23 31 25
9 28 6 0 28 30
9 30 1 24 29 1
9 1 8 26 29 2
9 21 15 26 19 18
9 13 9 7 7 3
9 30 14 30 23 8
9 7 27 28 17 1
9 23 6 3 9 4
10 16 30 13 15 11
10 17 1 28 15 0
10 11 21 10 14 19
10 7 19 24 21 19
10 0 22 28 7 10
10 20 14 0 26 18
10 0 0 13 18 1
10 17 17 22 3 11
10 22 1 3 31 7
10 9 28 18 0 16
10 29 5 21 29 0
10 10 25 27 4 31
10 18 18 31 22 17
10 31 7 11 19 21
10 7 21 16 22 30
10 0 12 21 2 15
10 19 23 28 25 8
10 28 1 9 0 15
10 12 29 10 21 4
10 10 2 19 23 27
10 1 15 31 9 15
10 2 30 28 18 12
10 28 20 10 23 20
10 7 17 13 26 5
10 2 26 12 18 29
10 0 29 13 25 0
10 1 24 16 23 1
10 28 7 8 9 18
10 2 1 7 5 9
10 2 0 25 14 26
10 5 28 12 29 26
10 3 6 31 16 29
10 17 22 30 27 7
10 13 13 14 31 14
10 21 25 14 17 9
10 30 4 18 30 7
10 19 22 26 24 26
10 31 12 0 19 28
10 25 29 0 0 14
10 28 6 2 2 2
10 31 8 15 12 4
10 5 17 14 29 0
10 27 0 0 7 10
10 12 13 4 17 23
10 12 0 2 21 5
10 0 19 17 18 16
10 6 15 25 14 5
10 9 3 18 6 1
10 22 28 3 5 11
10 27 15 30 23 20
10 15 24 21 18 31
10 14 15 25 7 23
10 23 28 1 0 23
10 21 21 20 5 21
10 13 22 15 3 3
10 3 4 1 30 6
10 19 3 13 1 23
10 2 22 29 12 9
10 13 12 16 29 22
10 2 13 24 22 15
10 16 14 13 21 16
10 27 25 27 20 6
10 25 12 6 5 21
10 23 14 23 2 17
11 30 13 28 26 17
11 23 18 28 13 9
11 10 18 16 27 7
11 26 2 26 10 21
11 14 1 24 7 8
11 30 16 23 22 20
11 17 22 26 8 21
11 0 23 22 22 28
11 6 18 10 3 4
11 23 8 25 27 11
11 9 19 16 2 26
11 7 10 31 17 28
11 19 15 6 25 6
11 12 13 15 16 17
11 22 18 4 1 5
11 12 28 8 17 0
11 27 12 31 21 9
11 13 0 11 22 4
11 10 18 14 3 23
11 17 9 31 1 30
11 17 8 6 11 27
11 4 5 26 5 11
11 26 31 3 1 7
11 3 23 26 2 12
11 1 14 2 18 16
11 4 8 11 29 17
11 30 6 27 25 10
11 24 16 19 3 18
11 24 18 5 6 25
11 30 2 4 11 25
11 16 2 20 24 9
11 4 25 0 30 16
11 21 9 23 19 2
11 3 2 19 7 6
11 1 1 1 17 9
11 7 13 24 4 6
11 16 15 2 12 12
11 8 14 19 23 0
11 25 17 17 30 7
11 10 29 6 15 30
11 30 4 19 29 10
11 26 3 26 27 17
11 8 1 4 7 0
11 0 19 16 31 2
11 0 12 15 21 15
11 29 19 13 19 22
11 19 16 5 11 30
11 28 10 25 8 27
11 31 8 12 18 13
11 4 6 15 1 10
11 23 11 24 0 31
11 1 6 12 26 18
11 31 12 21 13 5
11 13 16 0 28 13
11 12 17 10 1 10
11 17 5 19 21 3
11 29 24 21 27 31
11 24 22 4 22 20
11 12 1 5 27 26
11 6 22 24 4 31
11 27 5 4 13 31
11 9 20 30 5 27
11 20 29 25 10 28
11 2 15 28 6 4
12 17 26 11 25 7
12 15 8 9 8 3
12 28 3 3 2 15
12 15 2 31 26 26
12 20 20 8 7 8
12 26 16 11 11 5
12 11 15 18 0 1
12 13 13 28 26 31
12 29 30 11 21 8
12 3 17 31 12 22
12 31 25 5 16 16
12 9 26 28 9 17
12 7 0 15 4 25
12 19 8 14 21 6
12 5 25 14 16 16
12 8 6 15 6 30
12 20 23 5 26 23
12 28 4 30 13 24
12 19 31 25 17 3
12 31 31 17 30 26
12 11 31 22 28 4
12 11 25 1 21 5
12 25 30 25 7 4
12 8 26 13 2 17
12 23 11 11 17 19
12 27 26 30 31 31
12 29 27 14 2 27
12 13 30 22 27 19
12 28 29 25 19 18
12 13 30 23 26 11
12 24 11 22 10 26
12 6 11 6 17 22
12 28 27 30 14 24
12 15 14 2 0 25
12 15 29 15 22 20
12 31 9 2 13 29
12 22 13 20 10 11
12 11 18 1 23 14
12 0 5 24 24 14
12 0 4 12 13 11
12 10 16 7 8 30
12 16 24 4 2 26
12 7 26 30 26 0
12 0 20 23 6 11
12 10 20 3 22 24
12 4 8 9 25 26
12 0 28 8 3 13
12 2 26 31 0 15
12 15 14 17 23 29
12 18 13 23 14 26
12 12 10 13 28 25
12 7 19 14 22 13
12 14 29 29 5 17
12 30 18 9 26 25
12 19 9 26 14 24
12 31 5 20 8 11
12 21 15 3 19 19
12 5 9 27 4 10
12 6 28 31 3 11
12 3 18 18 28 15
12 10 22 21 16 13
12 7 29 5 30 1
12 19 18 18 30 13
12 18 5 8 16 9
13 10 11 17 23 2
13 28 27 31 5 28
13 31 16 0 7 11
13 27 14 2 31 15
13 14 3 28 21 31
13 14 12 1 7 7
13 14 14 16 15 30
13 14 11 20 24 10
13 25 16 27 20 30
13 5 30 30 8 23
13 24 30 19 29 14
13 18 0 30 30 7
13 4 13 16 27 5
13 30 24 13 8 20
13 25 3 14 28 9
13 16 14 10 1 22
13 13 2 18 11 3
13 8 17 6 10 3
13 3 11 4 22 14
13 29 10 27 18 4
13 4 11 10 4 24
13 3 16 14 14 25
13 14 6 22 18 19
13 1 10 13 14 4
13 1 17 5 24 22
13 1 20 10 17 4
13 5 9 29 11 31
13 13 18 10 29 16
13 12 13 5 26 5
13 26 23 2 31 2
13 26 29 23 12 19
13 11 17 30 26 23
13 16 16 5 3 16
13 27 4 17 19 8
13 4 2 18 25 26
13 0 16 9 13 20
13 23 22 3 18 11
13 4 24 25 18 4
13 15 9 12 8 3
13 3 7 11 19 24
13 5 11 4 15 3
13 16 21 2 20 13
13 11 15 11 26 6
13 8 26 8 10 27
13 25 0 4 1 19
13 8 2 15 10 12
13 21 13 25 30 8
13 18 17 16 1 30
13 27 8 24 16 7
13 7 13 5 23 28
13 1 29 30 13 18
13 16 28 1 16 1
13 16 28 18 25 25
13 24 12 3 21 5
13 16 11 26 0 3
13 30 27 0 23 14
13 8 19 7 17 24
13 27 0 21 0 30
13 8 21 25 12 5
13 29 31 1 28 23
13 12 30 17 21 4
13 16 18 17 31 24
13 6 10 1 19 20
13 29 29 29 16 25
14 1 15 28 28 13
14 12 19 1 10 14
14 28 4 29 11 22
14 15 18 3 24 9
14 16 17 25 24 19
14 25 29 9 28 23
14 31 8 5 10 24
14 10 4 29 31 22
14 15 10 18 15 8
14 4 23 23 17 21
14 10 10 14 11 12
14 0 30 8 6 3
14 27 5 23 13 24
14 2 14 24 10 30
14 19 16 5 3 9
14 31 5 31 12 10
14 14 24 9 6 24
14 13 25 16 3 6
14 22 4 20 22 2
14 16 14 13 31 12
14 21 27 3 7 26
14 20 2 31 21 27
14 8 3 26 19 31
14 29 23 5 22 16
14 18 16 19 12 25
14 25 1 14 25 30
14 18 12 3 17 23
14 3 27 1 9 5
14 20 2 3 26 14
14 3 21 27 3 10
14 29 6 2 0 1
14 28 23 30 10 24
14 29 13 31 1 23
14 31 11 30 31 4
14 30 22 12 8 5
14 7 8 29 9 29
14 10 31 4 15 12
14 24 1 9 19 29
14 26 7 21 4 14
14 23 14 6 25 8
14 11 1 20 9 6
14 31 31 27 17 22
14 23 30 4 29 2
14 18 4 1 21 30
14 13 9 8 24 14
14 24 29 19 1 13
14 18 30 31 10 2
14 9 22 3 8 2
14 1 23 7 30 4
14 21 9 28 15 27
14 14 7 17 27 10
14 20 27 20 9 21
14 14 26 12 8 31
14 19 25 11 31 24
14 19 31 12 28 11
14 20 10 7 30 28
14 12 11 29 30 5
14 18 13 1 2 5
14 4 11 6 16 20
14 27 29 14 8 24
14 21 3 1 16 26
14 22 30 6 6 22
14 24 8 19 15 13
14 13 3 31 3 19
15 2 13 11 7 1
15 6 28 11 20 15
15 6 31 31 12 1
15 25 29 3 17 0
15 22 6 2 18 6
15 4 8 18 28 12
15 16 31 15 23 16
15 5 23 19 20 8
15 26 9 23 4 31
15 18 12 9 11 12
15 4 10 19 3 26
15 16 23 13 10 23
15 14 31 14 9 28
15 30 29 24 3 30
15 18 23 19 19 9
15 31 1 24 21 2
15 15 29 30 0 19
15 20 21 24 0 21
15 5 17 12 2 18
15 13 8 13 5 0
15 5 30 0 13 4
15 9 14 19 24 7
15 15 20 2 14 0
15 1 22 3 14 10
15 22 1 18 16 13
15 22 4 0 20 19
15 17 17 7 28 3
15 22 0 9 0 21
15 11 20 14 7 11
15 4 3 12 8 25
15 14 22 15 30 2
15 23 12 7 22 11
15 10 22 19 22 22
15 31 15 5 1 29
15 10 17 19 31 24
15 24 27 31 16 8
15 6 11 5 12 9
15 20 5 0 30 7
15 26 21 19 8 2
15 5 11 29 17 17
15 30 10 4 27 15
15 8 0 6 11 25
15 21 22 7 15 5
15 22 20 2 18 23
15 5 7 28 1 23
15 14 26 25 8 22
15 4 6 22 16 2
15 18 24 3 10 8
15 25 24 10 23 9
15 25 3 11 4 20
15 20 23 31 16 20
15 1 11 25 28 20
15 23 5 22 12 7
15 6 31 13 25 25
15 27 26 25 28 3
15 19 12 23 23 3
15 23 19 30 29 31
15 14 27 20 4 18
15 18 31 16 26 27
15 12 31 18 2 14
15 14 12 12 5 22
15 21 26 27 5 12
15 18 23 14 21 30
15 6 20 19 14 9
16 26 31 4 8 22
16 30 28 4 3 9
16 9 20 10 23 15
16 26 22 4 6 31
16 17 18 11 11 7
16 12 17 16 15 28
16 31 25 13 9 14
16 17 15 1 1 20
16 15 22 23 31 5
16 24 24 30 4 11
16 11 12 7 2 3
16 19 27 15 21 17
16 25 10 24 4 22
16 8 11 1 7 25
16 3 25 6 5 15
16 1 25 7 8 20
16 12 29 18 8 2
16 5 23 9 22 7
16 19 26 20 16 25
16 16 24 16 1 17
16 28 9 23 15 31
16 1 5 25 23 30
16 20 28 3 15 27
16 0 7 1 10 0
16 26 21 24 4 27
16 26 13 6 27 2
16 26 10 4 11 0
16 29 27 26 11 15
16 18 7 27 19 4
16 17 5 25 1 16
16 12 5 20 9 6
16 19 10 11 15 26
16 17 31 18 14 4
16 8 26 18 1 0
16 5 4 12 22 25
16 31 30 12 2 27
16 4 3 20 13 13
16 20 10 31 29 29
16 5 3 14 5 23
16 19 1 31 6 15
16 11 3 3 4 17
16 11 8 26 5 2
16 26 3 8 15 15
16 7 18 6 31 1
16 29 16 22 31 27
16 22 6 3 8 9
16 3 29 13 13 25
16 4 8 27 18 31
16 3 24 31 3 10
16 16 31 19 9 11
16 11 2 5 26 12
16 10 20 24 4 12
16 23 13 27 6 27
16 27 16 15 18 2
16 6 16 9 20 1
16 28 28 10 7 5
16 27 7 20 30 26
16 8 2 9 17 19
16 2 10 13 6 30
16 9 27 27 12 4
16 25 17 30 24 1
16 9 5 18 18 29
16 9 20 22 2 11
16 17 2 5 18 28
17 13 11 16 28 13
17 14 12 3 2 11
17 21 18 25 25 5
17 13 18 9 14 16
17 7 15 8 31 15
17 4 13 11 17 0
17 17 16 6 4 20
17 6 15 6 23 6
17 1 29 22 7 8
17 23 27 2 22 31
17 1 6 26 12 7
17 1 5 13 0 1
17 7 31 27 15 1
17 1 14 29 23 19
17 25 20 17 8 23
17 9 22 10 0 3
17 19 23 17 13 3
17 22 17 3 10 10
17 16 29 14 31 5
17 3 20 10 28 9
17 12 26 26 25 7
17 5 0 7 9 2
17 29 24 24 19 28
17 0 0 23 18 1
17 29 17 17 20 1
17 6 27 22 14 5
17 22 16 18 15 17
17 7 17 18 20 19
17 13 3 24 21 31
17 11 31 21 26 15
17 0 0 17 8 7
17 4 21 16 17 1
17 16 13 12 11 13
17 5 25 12 3 7
17 3 11 31 24 6
17 23 22 25 20 19
17 15 6 31 17 5
17 27 26 22 6 3
17 6 30 14 2 11
17 1 2 20 20 2
17 4 17 16 29 19
17 8 10 10 5 29
17 26 13 24 5 11
17 20 29 2 22 5
17 1 20 11 15 17
17 17 16 15 24 11
17 25 2 13 29 14
17 17 20 6 20 27
17 5 22 27 21 9
17 27 19 24 19 30
17 3 27 8 21 11
17 5 2 2 15 14
17 12 12 27 18 24
17 26 20 17 8 18
17 11 1 11 30 29
17 7 18 0 10 27
17 12 7 14 8 11
17 9 1 23 30 27
17 16 22 4 22 23
17 28 31 26 1 29
17 2 18 11 5 9
17 9 18 17 22 26
17 26 13 20 1 31
17 10 19 18 6 17
18 20 22 9 12 26
18 30 20 10 3 12
18 0 31 29 3 14
18 10 21 16 28 20
18 23 25 1 20 23
18 4 19 2 28 8
18 13 29 7 24 21
18 17 19 24 23 11
18 23 27 16 22 29
18 19 28 10 24 5
18 16 7 16 13 12
18 26 20 22 28 5
18 19 14 12 17 25
18 31 21 31 17 14
18 16 22 21 31 2
18 12 7 24 23 0
18 13 3 15 20 18
18 0 31 19 16 7
18 5 8 8 20 22
18 17 29 10 19 6
18 23 18 2 31 16
18 22 5 0 24 19
18 9 28 29 12 15
18 14 21 28 15 17
18 26 21 7 30 12
18 17 26 11 5 2
18 22 30 15 24 30
18 13 12 27 11 21
18 11 18 3 8 10
18 5 30 6 19 17
18 26 15 12 22 6
18 7 29 28 13 6
18 13 8 6 0 12
18 18 20 31 6 2
18 2 9 2 1 12
18 12 22 28 30 7
18 24 11 0 8 8
18 1 0 9 13 1
18 19 17 1 19 14
18 5 17 22 27 4
18 16 14 0 18 3
18 22 6 26 23 18
18 1 18 30 18 10
18 11 21 25 13 6
18 10 28 27 21 22
18 23 13 29 23 13
18 24 21 28 4 14
18 4 9 21 23 28
18 13 19 10 28 10
18 29 10 6 17 27
18 29 23 10 25 8
18 31 3 29 20 20
18 14 9 18 6 10
18 31 2 21 8 16
18 20 2 20 9 9
18 29 17 7 4 14
18 2 0 12 24 17
18 8 31 28 29 29
18 15 27 1 9 3
18 19 15 0 31 1
18 14 1 22 16 22
18 2 3 22 15 8
18 20 12 20 5 26
18 10 20 24 7 12
19 31 21 20 15 25
19 25 23 31 19 0
19 13 31 27 1 7
19 17 12 30 4 21
19 1 27 10 26 15
19 2 2 17 17 5
19 9 27 11 18 28
19 8 6 20 29 31
19 6 15 25 27 30
19 22 30 29 29 6
19 6 1 13 9 17
19 31 10 14 0 1
19 30 31 16 9 9
19 16 30 16 13 2
19 28 19 5 28 6
19 13 31 18 24 28
19 6 10 13 10 11
19 23 0 19 2 18
19 31 5 28 13 0
19 19 5 24 0 12
19 7 27 4 7 16
19 24 11 22 11 22
19 15 16 11 5 4
19 18 3 21 10 4
19 5 12 26 10 26
19 1 22 0 12 27
19 8 0 28 19 26
19 1 8 31 8 15
19 2 20 26 3 24
19 18 18 11 2 22
19 29 31 21 27 26
19 11 6 27 27 7
19 13 22 8 1 1
19 28 4 9 15 3
19 13 3 0 21 16
19 15 4 7 22 19
19 21 4 13 2 11
19 16 14 30 6 20
19 20 6 19 10 10
19 14 24 18 28 30
19 12 6 17 2 5
19 4 7 24 10 0
19 11 4 2 4 0
19 21 31 18 10 18
19 4 14 10 12 31
19 23 4 23 27 8
19 13 31 18 0 7
19 15 17 18 1 23
19 24 24 25 11 16
19 10 24 1 16 22
19 2 25 8 5 10
19 1 15 17 27 22
19 23 26 5 4 1
19 5 21 20 10 31
19 1 29 1 1 13
19 24 9 4 2 1
19 18 31 6 21 30
19 5 7 4 12 29
19 19 0 15 22 3
19 7 16 2 18 24
19 25 21 26 26 24
19 30 2 22 22 24
19 25 28 31 20 29
19 28 30 1 31 20
20 6 19 24 0 10
20 28 16 0 23 21
20 27 28 17 0 4
20 13 3 6 20 1
20 23 18 4 2 28
20 2 8 7 31 27
20 30 27 12 12 16
20 16 14 26 18 21
20 8 18 22 23 29
20 30 9 29 10 5
20 11 14 30 22 11
20 26 6 19 26 31
20 16 4 16 12 4
20 22 3 25 9 4
20 9 27 24 0 12
20 21 29 12 24 23
20 3 26 4 19 26
20 23 14 28 16 10
20 24 7 21 1 23
20 14 12 6 21 30
20 30 15 27 13 26
20 22 11 24 11 28
20 18 9 26 5 22
20 8 14 4 17 25
20 24 28 22 23 25
20 3 4 7 9 10
20 18 28 27 2 27
20 2 31 16 21 12
20 30 23 3 31 20
20 24 21 26 17 24
20 24 8 2 8 9
20 0 13 22 12 12
20 17 24 21 22 3
20 4 29 18 14 2
20 6 20 29 7 23
20 28 16 12 5 6
20 6 25 9 8 12
20 23 31 30 21 21
20 4 25 16 2 18
20 10 27 24 10 16
20 14 1 31 29 6
20 10 15 28 11 16
20 28 19 15 25 17
20 16 25 29 10 19
20 20 24 2 4 4
20 7 24 7 7 23
20 30 19 26 26 19
20 23 28 20 11 29
20 31 7 3 21 14
20 7 8 3 19 27
20 21 9 9 8 3
20 15 22 17 14 11
20 26 28 16 5 30
20 21 19 2 25 22
20 20 30 24 2 28
20 12 30 23 13 26
20 17 24 6 9 23
20 4 21 5 23 30
20 17 16 23 27 5
20 24 27 31 29 30
20 27 22 18 19 17
20 3 9 25 9 26
20 26 19 19 18 10
20 28 17 21 2 15
21 17 23 9 28 10
21 2 6 20 5 30
21 7 9 15 25 23
21 17 31 18 26 2
21 13 24 6 5 24
21 4 22 2 15 25
21 3 6 21 30 6
21 10 25 3 23 12
21 18 2 15 12 20
21 18 21 4 8 22
21 31 14 4 3 18
21 5 9 28 5 15
21 31 18 2 16 4
21 15 5 8 3 8
21 1 23 15 27 12
21 0 17 24 12 0
21 1 23 25 31 6
21 21 30 8 26 25
21 12 20 14 5 29
21 12 0 20 31 31
21 7 23 31 6 2
21 20 22 26 4 4
21 23 30 18 29 17
21 26 11 7 13 30
21 6 23 1 15 26
21 13 14 12 27 1
21 5 28 30 16 2
21 26 2 10 27 4
21 15 15 9 12 5
21 27 30 3 29 4
21 10 6 22 27 24
21 2 16 6 21 30
21 25 2 0 6 16
21 0 17 15 5 4
21 7 17 3 17 16
21 9 3 12 24 21
21 10 19 9 2 29
21 23 8 31 31 3
21 4 16 10 10 19
21 19 11 4 25 27
21 6 11 20 3 18
21 24 14 2 7 24
21 8 12 11 5 20
21 17 2 17 16 6
21 14 6 3 0 0
21 11 24 14 14 4
21 27 15 8 18 19
21 13 4 28 23 20
21 27 26 24 20 28
21 10 12 20 3 23
21 11 18 17 13 15
21 30 18 13 23 24
21 21 28 27 10 3
21 30 31 15 24 25
21 28 27 9 8 28
21 8 4 29 11 31
21 13 14 23 12 15
21 8 22 28 11 11
21 22 15 19 12 7
21 18 11 4 24 8
21 17 8 11 0 0
21 6 26 9 1 29
21 23 2 22 31 18
21 13 1 11 11 5
22 20 9 29 31 1
22 0 17 30 1 27
22 22 16 7 30 15
22 23 10 19 0 30
22 28 19 8 28 8
22 1 24 21 2 23
22 14 4 14 2 6
22 17 25 3 29 8
22 6 9 15 2 5
22 9 0 14 17 24
22 11 16 28 29 16
22 10 9 8 22 25
22 4 7 0 31 14
22 15 9 11 19 17
22 19 6 10 12 19
22 23 21 27 31 31
22 21 3 25 26 22
22 18 27 28 0 13
22 2 8 21 19 9
22 19 25 9 27 18
22 1 25 8 14 11
22 8 13 0 0 27
22 6 30 2 25 10
22 11 29 6 25 2
22 14 27 4 29 5
22 29 17 13 10 0
22 8 26 2 3 31
22 29 3 6 11 2
22 10 14 13 22 23
22 22 20 10 31 1
22 11 13 26 13 16
22 1 2 11 24 13
22 17 1 18 7 10
22 12 4 17 26 0
22 19 26 1 24 27
22 19 1 23 15 12
22 17 8 27 14 0
22 11 19 23 17 2
22 31 25 27 10 21
22 8 10 31 14 22
22 31 4 4 13 5
22 16 0 25 26 2
22 20 28 0 19 31
22 31 5 30 31 11
22 30 7 12 9 12
22 7 5 25 12 18
22 2 25 7 18 28
22 19 24 9 16 20
22 0 21 4 4 21
22 15 0 5 25 14
22 18 15 31 8 15
22 30 31 4 25 17
22 27 27 6 24 11
22 24 16 19 21 21
22 11 18 20 14 14
22 5 13 6 24 10
22 1 12 1 26 30
22 9 20 16 15 4
22 23 24 15 25 6
22 3 19 8 12 27
22 17 23 12 31 16
22 5 23 7 16 14
22 28 30 16 11 16
22 14 16 31 30 28
23 30 1 22 7 8
23 0 4 22 24 6
23 2 22 0 27 28
23 12 22 3 7 13
23 2 10 21 29 19
23 1 30 31 23 25
23 31 24 30 19 28
23 27 13 24 13 12
23 3 16 7 2 30
23 12 21 21 29 6
23 18 27 3 26 30
23 24 11 14 4 28
23 28 11 27 14 24
23 13 1 14 15 14
23 24 29 21 27 19
23 24 15 12 29 25
23 3 19 27 6 16
23 29 1 9 18 7
23 29 14 16 29 9
23 27 7 31 4 7
23 30 20 17 16 5
23 8 18 5 10 11
23 5 28 13 6 30
23 10 28 6 22 12
23 8 3 29 24 24
23 30 11 30 11 12
23 7 13 6 8 14
23 4 9 28 17 26
23 21 5 14 17 28
23 11 18 7 25 18
23 10 29 12 8 6
23 9 16 27 27 18
23 27 27 16 16 2
23 25 2 28 7 20
23 31 20 21 20 30
23 22 30 14 17 22
23 31 8 5 31 25
23 18 5 0 4 31
23 12 12 20 20 18
23 31 2 12 3 20
23 29 24 17 20 4
23 28 12 1 21 5
23 20 26 9 3 23
23 21 24 3 26 31
23 21 23 12 25 15
23 23 2 26 16 30
23 25 15 21 25 1
23 19 15 30 15 24
23 14 8 23 21 13
23 11 29 24 26 0
23 5 6 15 24 22
23 14 30 12 30 0
23 9 4 8 13 24
23 21 22 6 13 25
23 16 23 20 19 1
23 26 8 16 29 11
23 0 29 2 27 17
23 20 10 9 17 27
23 17 11 18 12 14
23 15 21 8 8 1
23 7 17 20 19 24
23 21 14 29 17 15
23 14 10 29 9 21
23 22 9 18 28 31
24 5 12 23 0 2
24 21 6 22 2 0
24 28 11 28 23 18
24 26 26 3 25 30
24 26 8 30 8 10
24 11 4 18 6 20
24 10 16 6 7 27
24 21 5 28 10 11
24 24 19 26 1 13
24 28 11 26 31 22
24 9 19 1 25 13
24 23 6 4 20 8
24 26 4 25 29 25
24 25 25 16 18 0
24 27 10 14 6 3
24 3 19 30 28 20
24 5 8 10 28 10
24 0 6 9 25 14
24 8 0 11 8 17
24 5 28 3 14 4
24 18 16 22 5 10
24 29 23 20 2 24
24 22 22 15 21 7
24 4 27 19 5 15
24 9 29 29 27 18
24 14 4 10 4 28
24 10 16 2 30 9
24 13 29 16 20 26
24 12 0 24 8 28
24 0 27 22 27 21
24 29 0 1 3 1
24 22 2 27 20 8
24 28 18 17 25 19
24 3 4 2 0 14
24 14 9 26 5 18
24 13 17 1 24 11
24 4 13 8 30 22
24 18 0 10 7 15
24 24 25 1 5 26
24 15 21 4 30 22
24 25 30 1 25 18
24 0 13 26 27 12
24 30 11 8 25 12
24 11 23 2 28 22
24 1 4 14 10 6
24 8 16 9 10 29
24 23 8 10 16 19
24 6 5 5 11 3
24 22 3 23 17 11
24 0 17 2 27 21
24 22 25 12 6 2
24 9 6 23 16 27
24 18 31 13 19 10
24 11 5 14 29 14
24 27 23 16 8 29
24 7 29 23 8 8
24 30 23 30 25 31
24 30 26 13 26 0
24 22 8 13 28 29
24 8 30 5 1 15
24 19 30 25 13 23
24 5 14 30 30 15
24 2 7 27 29 0
24 25 2 7 23 3
25 21 5 24 27 25
25 19 17 28 22 12
25 25 22 7 21 8
25 8 29 19 2 17
25 24 10 7 20 17
25 18 9 25 24 8
25 27 13 3 12 21
25 15 3 21 6 22
25 2 9 15 15 15
25 23 4 24 29 2
25 23 30 6 31 7
25 15 11 25 17 20
25 26 23 11 6 27
25 27 2 7 12 27
25 23 10 19 4 2
25 21 27 21 4 12
25 7 12 15 13 6
25 28 10 22 15 27
25 30 6 23 11 14
25 14 23 3 9 7
25 31 1 28 10 0
25 17 20 0 12 22
25 0 28 8 21 4
25 19 20 8 21 12
25 21 25 21 9 7
25 1 23 15 23 11
25 7 7 26 11 8
25 27 31 20 1 3
25 21 8 11 30 14
25 9 24 7 1 11
25 7 0 5 14 27
25 24 27 21 12 23
25 24 25 15 4 13
25 19 20 13 19 8
25 1 12 20 23 8
25 11 25 21 7 27
25 16 17 24 18 28
25 12 10 27 9 20
25 15 7 9 11 6
25 19 25 16 29 3
25 13 5 21 21 0
25 20 26 29 16 19
25 9 12 7 16 20
25 5 28 27 9 3
25 19 30 16 17 7
25 12 17 10 18 26
25 3 31 2 20 7
25 14 16 0 28 23
25 26 19 20 15 22
25 14 3 28 23 2
25 28 0 21 15 17
25 0 0 27 23 15
25 27 24 8 15 18
25 18 25 15 7 16
25 30 4 9 5 4
25 0 3 16 3 19
25 3 10 15 28 21
25 18 24 2 30 31
25 14 16 14 24 24
25 7 5 16 0 20
25 25 1 29 30 8
25 5 4 24 2 24
25 18 5 6 15 27
25 4 20 27 30 1
26 26 28 20 11 0
26 28 4 20 20 16
26 1 7 15 13 31
26 24 14 9 10 20
26 10 8 20 12 23
26 6 0 9 2 6
26 24 15 20 19 19
26 15 0 15 15 20
26 25 10 3 22 3
26 18 31 8 24 6
26 13 30 0 27 27
26 28 8 26 27 17
26 21 28 19 27 2
26 23 28 11 5 9
26 21 20 25 22 30
26 31 2 10 9 30
26 3 2 11 14 10
26 3 16 21 6 12
26 22 24 27 12 13
26 21 1 1 28 20
26 27 11 29 8 23
26 25 17 30 29 22
26 22 13 14 14 8
26 27 27 23 7 9
26 0 3 12 1 29
26 2 18 17 14 14
26 9 13 27 17 8
26 28 1 12 0 2
26 15 9 12 9 8
26 12 9 10 13 7
26 27 5 0 25 23
26 28 21 29 7 21
26 6 28 2 5 5
26 6 25 26 30 1
26 4 22 31 7 8
26 16 26 17 24 28
26 29 1 5 7 21
26 15 7 16 15 26
26 1 22 8 22 10
26 27 15 5 22 29
26 25 16 15 31 2
26 30 7 11 19 0
26 5 15 15 17 24
26 11 19 16 19 29
26 8 26 12 17 19
26 25 15 12 16 25
26 1 14 5 19 16
26 20 28 1 28 16
26 0 19 14 16 26
26 29 19 0 29 31
26 13 6 23 30 7
26 13 6 14 5 19
26 16 27 4 5 6
26 15 16 17 20 31
26 16 18 11 26 7
26 27 30 18 26 26
26 29 2 30 15 4
26 12 10 11 18 3
26 26 1 27 3 21
26 30 12 11 23 11
26 0 4 31 14 20
26 5 31 5 31 4
26 26 25 22 25 13
26 31 27 22 15 24
27 0 11 24 5 7
27 26 16 28 18 24
27 20 15 21 4 10
27 3 24 11 28 8
27 18 26 26 30 29
27 28 23 14 29 9
27 20 11 31 10 27
27 14 13 10 16 3
27 9 19 10 16 6
27 16 5 24 2 8
27 9 12 11 17 24
27 4 17 14 17 20
27 21 18 0 14 20
27 4 10 29 11 16
27 4 16 10 7 26
27 2 19 15 3 7
27 25 12 15 16 21
27 12 8 4 3 6
27 27 5 12 0 7
27 12 27 23 27 27
27 13 14 24 6 4
27 10 7 2 31 21
27 31 26 6 9 6
27 0 12 14 26 7
27 2 1 4 6 31
27 8 21 7 18 26
27 8 6 15 8 26
27 19 27 23 9 21
27 22 22 16 28 25
27 26 11 19 22 15
27 9 23 23 13 9
27 24 24 14 15 5
27 24 22 16 28 1
27 0 8 24 19 7
27 8 8 18 9 5
27 16 5 9 20 28
27 14 1 5 23 17
27 29 0 16 27 28
27 11 26 22 8 10
27 15 23 0 29 29
27 6 3 25 24 25
27 30 5 7 18 0
27 0 26 18 4 0
27 2 9 1 30 25
27 29 18 6 1 2
27 1 15 18 1 31
27 23 26 9 14 1
27 7 23 11 20 18
27 18 23 9 14 7
27 9 20 17 25 9
27 24 26 4 1 17
27 28 28 9 13 31
27 6 13 23 10 21
27 20 15 16 11 10
27 22 19 21 9 26
27 11 29 22 12 5
27 31 1 0 21 31
27 14 10 23 31 19
27 15 16 15 17 22
27 31 14 15 16 21
27 24 22 30 13 22
27 7 13 10 1 10
27 14 19 21 18 16
27 23 11 19 25 21
28 26 1 27 13 19
28 18 22 22 28 18
28 13 12 12 31 9
28 12 27 9 22 20
28 27 17 1 18 3
28 1 3 30 24 16
28 24 29 27 15 19
28 5 30 27 14 16
28 10 4 15 25 15
28 28 4 23 18 25
28 2 28 30 12 13
28 18 20 18 27 4
28 12 31 23 22 29
28 22 5 29 3 10
28 24 29 22 10 20
28 16 12 11 28 13
28 21 24 17 22 4
28 12 19 26 20 17
28 27 2 29 10 22
28 21 4 19 14 24
28 28 31 1 28 24
28 22 16 10 31 19
28 28 30 2 27 13
28 24 4 24 15 1
28 0 30 21 12 26
28 10 9 8 1 18
28 26 30 13 13 5
28 25 15 6 14 17
28 12 25 30 23 7
28 11 20 26 4 12
28 24 12 7 16 0
28 7 8 24 6 1
28 8 6 29 17 27
28 12 15 21 28 18
28 12 5 24 31 3
28 10 31 23 23 1
28 8 29 9 28 26
28 11 22 16 0 12
28 6 0 14 23 21
28 15 17 20 27 18
28 1 20 28 4 2
28 28 25 27 18 18
28 7 25 17 25 10
28 11 12 16 23 26
28 0 30 13 7 29
28 8 19 21 10 19
28 4 2 10 3 5
28 1 29 26 26 15
28 2 15 10 9 22
28 1 17 0 16 5
28 7 4 28 10 15
28 9 14 5 5 12
28 17 13 13 19 3
28 29 6 20 11 19
28 6 7 18 28 20
28 14 2 26 27 3
28 27 17 1 21 4
28 6 31 24 24 21
28 29 24 5 20 28
28 28 21 29 3 4
28 21 29 1 11 30
28 20 2 9 27 8
28 4 12 18 14 0
28 13 2 18 19 7
29 1 10 25 23 19
29 27 27 1 7 30
29 6 3 8 26 1
29 27 1 13 24 28
29 2 2 29 16 28
29 0 6 12 3 15
29 5 4 29 17 0
29 28 23 25 19 21
29 12 21 23 15 9
29 30 12 22 21 27
29 29 23 25 8 29
29 30 21 5 21 14
29 4 3 2 14 22
29 5 3 29 10 22
29 26 27 26 24 7
29 5 0 6 20 17
29 21 7 12 4 10
29 13 21 13 20 10
29 30 30 3 0 29
29 2 16 10 13 0
29 25 30 18 1 6
29 12 11 14 11 5
29 20 10 18 6 11
29 27 13 26 4 17
29 5 4 18 26 25
29 15 10 2 11 31
29 9 9 5 22 24
29 14 24 17 25 1
29 4 2 29 5 25
29 9 1 15 10 27
29 28 16 25 30 2
29 4 4 31 20 7
29 21 0 10 10 21
29 20 5 9 0 16
29 30 6 30 9 28
29 10 9 30 14 27
29 25 15 25 16 13
29 8 18 9 30 2
29 14 16 2 25 12
29 16 7 8 21 11
29 14 6 0 29 3
29 13 16 25 18 20
29 20 13 5 8 22
29 20 28 30 15 14
29 17 14 8 12 27
29 23 22 10 20 0
29 3 16 7 4 9
29 18 14 7 22 8
29 4 27 23 27 12
29 12 7 14 13 18
29 22 10 17 12 8
29 9 18 15 20 0
29 11 31 17 2 13
29 17 7 7 23 23
29 2 21 18 26 15
29 25 28 15 20 9
29 14 17 26 13 18
29 18 14 17 15 1
29 8 13 16 29 28
29 24 20 3 14 2
29 17 2 1 26 18
29 29 11 7 15 26
29 21 4 22 10 16
29 16 19 5 30 29
30 17 16 23 5 2
30 16 18 16 20 31
30 24 13 19 21 24
30 17 15 5 25 23
30 30 20 21 9 13
30 9 21 7 21 27
30 19 7 18 18 15
30 10 1 21 18 18
30 15 7 28 18 24
30 15 13 29 6 6
30 17 4 12 24 25
30 31 27 13 3 17
30 23 14 6 11 30
30 29 10 14 22 10
30 10 1 29 14 5
30 26 0 24 9 21
30 21 5 15 19 11
30 29 25 13 4 6
30 23 6 19 10 23
30 4 22 29 15 24
30 20 28 5 11 31
30 30 29 13 30 27
30 31 11 23 18 22
30 18 8 20 21 6
30 16 14 12 21 13
30 6 25 5 16 17
30 2 19 29 12 28
30 20 0 24 20 9
30 22 6 6 19 15
30 11 8 17 4 9
30 22 1 19 30 9
30 29 26 17 2 6
30 25 18 17 1 27
30 12 20 8 6 24
30 15 28 16 28 0
30 16 21 29 11 16
30 3 1 10 8 21
30 30 12 25 22 16
30 21 13 17 11 14
30 17 14 5 2 6
30 18 30 28 6 6
30 25 21 17 9 28
30 3 17 26 17 17
30 12 9 14 30 6
30 3 29 22 6 13
30 22 21 8 2 30
30 0 18 27 31 26
30 26 22 20 6 12
30 15 4 7 1 18
30 25 26 16 10 31
30 26 12 17 30 9
30 9 0 3 11 21
30 10 12 18 2 4
30 0 6 4 18 1
30 9 7 15 14 30
30 20 12 12 14 24
30 13 24 10 15 12
30 7 26 17 23 20
30 13 1 17 17 11
30 28 14 3 29 20
30 31 20 6 16 13
30 2 3 21 6 6
30 22 17 9 5 26
30 20 15 5 11 2
31 30 16 19 18 6
31 15 2 8 13 31
31 30 3 6 23 8
31 29 12 3 20 14
31 14 7 3 2 10
31 0 11 9 12 12
31 9 21 13 13 16
31 3 0 13 12 29
31 15 21 16 9 9
31 16 30 22 1 22
31 15 1 4 30 9
31 26 8 9 0 27
31 31 27 29 26 19
31 9 27 2 11 4
31 18 29 24 29 15
31 17 11 4 0 17
31 19 9 19 27 0
31 8 5 12 7 18
31 18 30 8 23 10
31 3 8 31 3 4
31 31 7 31 4 13
31 16 7 14 19 25
31 29 2 13 13 0
31 29 28 16 24 14
31 20 1 7 12 25
31 5 10 8 16 7
31 31 14 8 23 7
31 3 5 1 14 10
31 7 19 0 4 25
31 5 6 14 7 28
31 3 6 3 6 23
31 21 4 11 2 18
31 26 8 29 4 14
31 11 27 30 18 17
31 28 17 17 27 3
31 0 8 29 5 5
31 3 10 26 30 20
31 7 12 21 8 10
31 6 8 20 23 25
31 7 30 11 11 3
31 20 8 5 3 21
31 10 19 7 20 19
31 22 14 24 24 31
31 10 27 30 8 2
31 12 25 8 13 2
31 19 8 22 16 15
31 7 10 7 11 14
31 27 3 22 28 8
31 25 25 25 12 8
31 29 28 0 2 7
31 16 24 17 0 4
31 17 7 17 16 18
31 28 26 16 6 8
31 27 3 23 26 12
31 11 25 30 19 3
31 16 24 14 4 19
31 27 15 29 30 14
31 28 26 21 7 10
31 30 3 11 16 25
31 8 19 12 4 29
31 4 29 20 29 22
31 13 17 17 26 29
31 29 18 7 7 23
31 30 5 13 9 15
