8 1
2.29995078225400773e-01 -1.92476405501368159e-01 -1.52208814526213110e-03 2.99912019490645387e-01
-7.91863941839591329e-02 3.04152690809886403e-03 -6.09458742080461260e-02 9.99706731635484486e-02
-3.71311830932732206e-02 4.00854849813052794e-03 -1.27955299883138890e-01 1.33294230884731274e-01
5.85189180217946039e-02 2.38720959274952516e-01 1.03233946863486442e-01 2.66588461769462548e-01
-1.72196418969963044e-01 -5.32946291798137156e-02 8.71893153729607073e-02 2.00234614691612439e-01
1 2 3 4 5 1 2 3
-5.93591294530025344e-04 -3.76745690528002219e-01 9.26316540021797197e-01 1.00000000000000000e+00
-1.14615767736033450e-01 -1.47053744538671649e-01 -2.86433177906666059e-01 3.41768259793499674e-01
5.53551486258716599e-02 -4.16361594886348330e-02 9.04468432561841285e-02 1.13922753264499882e-01
7.07279664013432674e-02 -5.85515044556213018e-02 1.21004033098189814e-01 1.51897004352666537e-01
-8.96051528248396345e-02 2.68139531423400856e-01 1.11188614527442262e-01 3.03794008705333074e-01
7.81378055336581501e-02 -2.08981229404730587e-02 -3.62063129751501248e-02 8.86179738840006948e-02
1 2 3 4 5 1 2 3
-9.99938541081759835e-01 -1.05233524843606572e-03 1.10366049945892566e-02 1.00000000000000000e+00
1.08664331519396334e-01 -1.29281674496386945e-01 -2.54418243213331008e-01 3.05369171307295961e-01
-7.75357161080195850e-05 7.71923513015166706e-06 -6.54963663237238618e-05 1.01789723769098647e-04
5.06765280299641141e-05 -9.22127665188493875e-05 -8.57234718406591064e-05 1.35719631692131565e-04
-2.46011269703772656e-01 -5.96100127089608384e-02 -9.80019146250035861e-02 2.71439263384263052e-01
1.37373797372454365e-01 1.88976180736736471e-01 3.52571377676498987e-01 4.22954055952979802e-01
1 2 3 4 5 1 2 3
-8.97148543311489077e-01 -4.28971970631389976e-01 1.05392313034182492e-01 1.00000000000000000e+00
-1.20922025301403516e-02 -2.70994364069823912e-01 3.26171603724659032e-01 4.24231165517049424e-01
9.29800568109497667e-07 2.54201686396121484e-07 -2.02332549935245129e-06 2.24120362085938632e-06
-3.90851572346227226e-07 2.69789591781419935e-06 1.22407483012796383e-06 2.98827149447918134e-06
-1.31351598447082635e-01 1.33542288802510373e-01 -3.27281802245583897e-01 3.77094369348488445e-01
1.43443262028227242e-01 1.37449123169709336e-01 1.11099777159408882e-03 1.98669235659346827e-01
1 2 3 4 5 1 2 3
-5.72848358289005377e-01 -7.75664849503211129e-01 2.64931688649644503e-01 1.00000000000000000e+00
2.11954640312986553e-01 9.41352259529671109e-02 -1.19856990072574360e-01 2.61059204749958695e-01
7.05574298865078442e-02 3.21280317674113650e-02 -3.95205380470366949e-02 8.70197349166529077e-02
-5.49280357642238926e-02 4.25370699508722597e-02 9.29280039978030437e-02 1.16026313222203858e-01
-1.11480945898832104e-01 8.59777581370925748e-02 1.84467463925129943e-01 2.32052626444407717e-01
-1.16103088536438387e-01 -2.54778085808343269e-01 -1.18017939803321925e-01 3.03842120666776738e-01
1 2 3 4 5 1 2 3
-4.99617855878977446e-01 -6.52113354491080766e-01 -5.70201868623107400e-01 1.00000000000000000e+00
-1.91309701687087330e-01 1.46524791000440108e-02 -1.51706028549043276e-01 2.44599297222013096e-01
-6.37489575753528576e-02 4.84790109579129238e-03 -5.05985623079618502e-02 8.15330990740043698e-02
2.00249644974715008e-02 8.91072398087673218e-02 5.89655694345090423e-02 1.08710798765339178e-01
3.99835442893769696e-02 1.78158921615278715e-01 1.18037561427423096e-01 2.17421597530678357e-01
1.95050150475591738e-01 -2.86766541619881354e-01 2.53014599950729772e-02 3.47735207407964930e-01
1 2 3 4 5 1 2 3
-5.53724374544767167e-02 -9.67794671846392673e-01 2.45575581677175470e-01 1.00000000000000000e+00
-1.70034915504789053e-01 -1.12616413242627542e-01 8.34340739902210138e-02 2.20353292975078274e-01
-5.66550321425743492e-02 -3.79936759200542040e-02 2.72351183258603344e-02 7.34510976583594294e-02
-7.49538311004181307e-02 -5.07483602987638047e-02 3.73865158828052754e-02 9.79347968778125771e-02
1.38344267832950563e-01 -6.20595682908472862e-02 1.23993432484596253e-01 1.95869593755625154e-01
1.63299510914830942e-01 2.63418017752292843e-01 -2.72049140683482904e-01 4.12391218733124509e-01
1 2 3 4 5 1 2 3
-1.78582034643936821e-01 -9.63460076916653807e-01 -1.99632505094203716e-01 1.00000000000000000e+00
-1.71455328687503461e-01 1.52498995670524440e-01 -1.94888146451764992e-02 2.30288270027225933e-01
-5.71205435452424234e-02 5.08691236473565456e-02 -6.48818748998411608e-03 7.67627566757419916e-02
-7.61595856340799571e-02 6.78256623663321123e-02 -8.65965334736508094e-03 1.02350342234322642e-01
7.85586187199692615e-02 -4.68329776587667335e-02 -1.83132700112120378e-01 2.04700684468645255e-01
2.26176839146856601e-01 -2.24360804025446392e-01 2.17769355594646052e-01 3.85897946594064234e-01
1 2 3 4 5 1 2 3
-9.22407418693989012e-01 2.74202301465911957e-01 2.71988330281078328e-01 1.00000000000000000e+00
