7 8
9 14
5 6
12 17
2 3
15 10
8 9
19 14
17 12
6 7
14 9
1 6
13 12
9 4
12 7
14 19
6 5
4 3
19 14
1 6
11 12
5 10
3 8
14 9
0 1
6 11
3 4
8 13
6 11
2 1
0 5
13 12
4 9
3 2
1 6
9 14
12 13
14 13
4 9
12 17
13 12
9 14
3 4
13 14
17 12
9 8
12 11
8 7
14 13
4 9
12 13
3 4
11 6
9 14
7 6
13 12
3 8
8 7
18 13
12 17
2 3
6 11
9 8
3 2
7 12
11 10
5 6
17 16
8 3
13 12
10 15
1 6
12 11
3 4
14 13
8 7
16 15
4 3
11 12
18 13
9 14
12 11
3 2
13 8
19 14
11 10
13 12
2 7
14 19
11 6
7 12
15 10
1 2
18 13
9 14
6 11
2 7
8 13
19 18
11 12
5 6
13 8
12 17
6 7
13 18
12 11
7 8
17 16
11 12
7 2
18 17
8 13
10 11
6 7
13 18
8 9
11 16
2 7
15 10
18 19
16 17
7 12
11 16
8 7
12 13
7 2
6 11
9 8
13 14
11 6
13 12
2 1
8 9
11 10
6 1
8 13
12 7
9 14
3 2
10 11
1 6
18 13
7 2
11 6
13 8
12 7
1 0
6 11
18 13
8 7
2 1
12 11
13 18
7 6
11 10
13 8
10 15
8 3
12 13
3 2
11 10
8 7
14 13
12 11
7 6
9 14
18 13
8 3
2 1
11 12
8 9
14 13
6 7
9 8
13 18
12 7
6 5
3 8
13 12
5 6
8 13
12 7
6 11
5 10
7 8
5 6
3 8
12 7
1 6
8 3
13 12
12 11
8 13
9 8
11 6
7 12
10 11
8 7
13 12
14 9
6 11
7 8
18 13
8 3
11 12
6 7
19 18
7 8
10 11
5 6
3 4
15 10
8 13
12 7
1 6
13 14
8 7
12 11
10 15
6 5
2 1
10 11
13 18
14 9
5 6
7 8
0 1
15 16
11 6
13 14
8 9
12 7
16 17
11 10
6 1
3 8
12 13
17 18
10 5
11 12
7 6
4 3
16 17
11 10
2 7
12 13
9 4
15 16
1 2
6 7
13 8
3 4
16 17
10 15
6 11
7 12
4 9
8 13
17 18
7 6
8 9
2 7
14 9
11 6
7 12
9 8
19 14
6 11
12 13
14 19
6 5
13 8
19 18
1 6
5 10
14 9
12 13
8 7
10 15
0 5
9 4
13 8
7 12
5 10
9 14
12 11
18 13
7 6
14 19
10 15
11 12
7 2
13 8
17 18
14 9
6 5
13 12
8 7
2 1
9 14
12 13
7 2
3 8
4 9
12 11
7 8
18 13
2 1
17 12
13 8
1 0
6 7
3 2
11 10
16 17
12 7
13 18
2 1
8 9
10 11
17 12
8 7
3 2
1 0
9 4
10 15
12 13
17 18
1 2
7 6
4 9
15 10
17 16
13 12
1 0
6 5
2 3
18 19
12 17
1 2
3 8
5 6
19 18
16 17
13 12
2 7
6 1
4 3
12 17
11 6
2 1
3 8
13 12
17 18
6 5
4 3
1 2
16 17
14 13
1 6
3 8
12 11
2 7
9 14
12 17
13 18
15 16
0 1
5 6
16 11
14 9
10 15
1 2
12 13
18 19
0 5
17 16
9 8
18 13
2 1
3 8
18 13
16 11
12 17
1 6
4 9
8 13
18 17
16 11
4 3
0 1
15 16
12 11
3 8
1 0
19 18
10 15
18 13
11 6
4 3
12 17
9 4
6 11
17 18
5 10
