2 6
14 10
3 7
0 1
12 8
10 9
6 5
7 11
1 2
12 13
4 8
5 6
3 7
11 10
13 9
0 4
6 10
15 11
13 9
4 0
6 5
8 9
6 10
4 8
5 6
10 9
7 6
8 9
10 6
11 7
5 6
15 11
14 10
6 5
9 10
15 14
5 6
8 9
14 13
6 7
1 5
2 6
7 3
4 5
11 7
3 2
6 7
7 11
11 10
3 7
9 10
7 6
6 10
7 3
11 7
10 9
2 6
6 10
5 9
3 7
14 10
2 6
7 11
3 2
9 10
11 15
1 2
6 10
5 9
11 10
2 1
7 6
4 5
7 11
10 9
6 5
15 11
1 5
9 8
10 6
3 7
11 7
5 1
6 2
5 9
7 3
3 2
9 13
4 5
7 11
2 1
5 4
13 9
11 15
13 12
5 9
6 2
7 11
1 0
14 13
1 5
2 6
9 13
4 5
3 2
10 9
13 14
5 6
2 3
6 10
14 15
1 5
9 10
13 14
7 6
2 1
10 14
9 13
6 5
3 2
11 10
13 9
7 11
9 5
9 10
6 7
5 9
11 7
7 6
1 5
9 13
6 5
2 1
7 6
5 4
6 7
5 1
2 6
7 11
1 5
3 7
5 1
2 3
5 9
7 3
9 5
3 2
13 9
2 1
9 13
3 2
1 5
12 13
7 3
2 3
11 7
3 2
15 11
2 3
1 2
2 1
2 3
5 1
6 2
4 5
5 6
3 2
0 4
6 2
7 3
9 5
1 2
5 9
10 6
3 7
6 10
3 2
5 1
13 9
14 10
1 5
2 3
10 11
6 5
0 1
3 2
15 14
11 7
6 2
13 14
4 0
7 6
1 2
11 10
8 4
5 6
4 0
6 2
9 5
0 1
8 9
2 3
6 7
9 10
5 6
3 7
1 2
7 11
10 14
6 2
9 13
3 2
6 7
14 10
11 15
7 3
10 6
15 11
6 7
9 10
14 10
8 9
11 7
15 14
10 6
12 8
14 10
9 8
15 11
5 6
9 10
13 14
4 5
7 6
8 9
12 13
3 7
9 13
4 8
10 9
5 4
11 10
6 5
8 9
15 11
12 8
13 9
14 10
11 7
8 4
5 9
7 11
8 9
1 5
7 6
4 8
2 1
6 10
11 7
5 4
7 11
2 6
1 5
10 9
10 11
7 6
11 7
3 7
2 3
6 7
6 2
3 7
5 6
7 3
1 2
10 6
4 5
3 2
9 10
7 6
5 9
