7 8
9 14
1 6
19 18
2 3
11 16
12 17
15 10
8 9
19 14
5 6
3 4
13 12
15 16
14 9
18 19
6 5
3 2
16 17
9 4
1 6
13 18
15 16
5 10
3 4
18 19
6 7
14 13
0 1
10 15
17 16
6 11
9 4
13 14
0 5
15 16
3 4
6 7
19 14
6 11
7 2
14 9
4 3
7 8
6 1
11 12
3 4
14 19
3 8
4 9
12 7
11 6
1 2
19 14
8 3
14 19
11 10
0 1
8 13
3 2
14 9
1 0
7 8
19 14
6 7
9 8
11 6
14 9
2 7
2 7
9 4
10 11
13 14
6 7
4 3
14 13
7 2
14 9
2 3
7 6
8 3
6 11
2 7
3 8
11 16
1 2
8 13
12 11
2 1
13 12
11 6
3 2
18 13
11 12
6 7
6 11
12 17
13 8
11 12
8 7
16 17
10 11
6 7
13 12
17 18
15 16
5 6
7 8
11 10
18 13
12 17
6 7
8 9
10 5
12 11
18 19
7 8
5 0
10 11
9 4
18 17
3 8
6 7
9 14
7 6
4 9
8 13
14 19
1 6
12 7
13 14
9 4
6 11
8 7
9 14
6 5
11 16
7 8
7 2
5 6
2 1
8 7
6 11
10 5
9 8
6 1
3 2
11 12
11 6
3 8
2 7
6 5
8 13
12 11
7 8
13 18
9 8
12 13
7 6
13 12
6 11
3 8
8 7
11 10
7 12
6 11
3 8
10 15
12 11
9 8
8 13
11 10
8 7
12 11
13 8
7 12
7 6
11 12
8 7
12 7
7 2
13 12
8 13
12 11
8 7
12 13
7 8
9 8
8 9
8 7
4 9
9 8
3 4
9 4
8 7
8 9
7 8
4 9
3 8
12 7
9 4
8 13
11 12
2 7
13 8
6 11
7 2
8 13
1 2
12 13
8 3
13 8
7 12
13 12
8 9
8 13
9 4
11 12
7 8
4 9
10 11
12 13
6 7
8 9
18 13
15 10
11 6
9 8
13 12
10 15
7 8
12 13
10 11
16 15
6 7
12 11
8 9
8 7
11 12
5 6
6 5
7 2
12 13
11 10
8 3
6 7
13 12
9 8
3 4
16 11
1 6
2 3
13 18
7 8
17 16
6 5
8 13
0 1
4 3
18 13
5 10
6 11
8 9
3 2
13 8
10 15
6 1
11 12
19 18
1 6
13 18
3 8
11 10
12 7
11 6
8 13
7 2
10 5
12 13
2 3
6 11
8 9
5 10
11 12
7 8
1 2
14 13
3 4
0 5
6 7
12 13
9 8
2 3
5 10
2 1
7 8
13 12
8 9
3 2
12 11
13 8
17 12
11 6
12 13
9 8
11 16
18 17
8 3
14 9
12 7
16 15
8 13
19 14
7 2
17 16
9 4
12 11
13 8
7 6
2 1
18 17
15 16
13 14
8 3
6 7
1 2
12 17
14 13
3 8
17 18
13 14
3 4
16 17
13 8
4 3
17 16
8 13
8 7
13 14
7 6
7 8
6 5
8 13
6 7
7 8
5 6
13 18
2 7
3 8
17 18
4 3
1 2
6 7
8 13
0 1
9 4
8 3
7 12
13 18
6 1
12 17
3 4
13 8
14 9
11 6
2 3
0 1
16 17
8 13
4 9
19 14
10 11
4 3
12 17
2 1
6 7
14 19
15 10
3 2
17 16
6 11
13 12
1 2
10 11
6 1
10 15
2 7
12 11
15 10
7 6
0 1
6 11
16 15
2 1
5 10
1 6
17 16
3 2
10 5
16 15
2 3
6 11
0 1
18 17
4 3
6 1
10 15
12 17
0 5
19 18
3 8
11 10
6 1
17 18
8 3
2 1
12 11
10 15
18 13
6 7
11 10
1 2
3 4
8 9
15 10
8 13
0 1
4 3
6 11
16 15
3 8
1 2
10 15
3 4
9 8
6 1
15 16
4 9
10 15
5 10
15 10
