15 7
15 14
14 6
0 8
5 4
2 3
3 11
3 2
12 13
11 10
7 6
14 15
0 1
11 3
3 4
8 9
10 9
10 2
9 10
10 11
14 15
2 1
2 1
14 6
6 5
5 6
5 4
5 13
7 6
6 7
2 3
11 10
4 5
10 11
3 11
3 11
7 6
14 6
10 11
4 5
8 9
1 9
1 9
8 9
9 8
9 8
11 12
15 14
14 15
14 13
13 12
12 13
4 5
4 5
8 0
0 8
1 9
8 9
2 3
12 11
11 12
2 3
9 8
1 9
9 8
12 13
9 8
2 1
1 0
2 1
9 8
11 3
15 7
11 3
8 9
13 14
11 12
13 14
2 3
1 9
11 3
13 14
1 9
0 8
1 0
13 14
10 9
3 2
10 2
13 5
12 4
11 12
2 1
5 13
10 9
1 0
0 8
12 13
13 14
13 12
8 9
5 6
10 11
11 3
10 11
12 11
6 5
1 2
0 8
1 2
6 7
1 9
11 10
10 9
5 6
11 10
1 9
5 6
6 7
5 4
0 8
5 4
6 5
12 11
5 6
12 13
12 13
10 9
9 10
8 9
13 12
9 10
10 9
8 9
12 13
8 9
10 9
1 0
5 13
2 1
11 12
4 5
12 4
4 5
11 3
2 10
13 14
1 0
11 3
10 9
11 3
3 2
2 3
11 3
8 9
8 9
11 12
8 9
10 9
9 8
13 14
5 6
5 13
6 5
7 6
15 7
9 8
3 11
13 14
5 6
14 15
6 14
5 13
5 6
5 13
1 9
10 9
8 9
9 8
11 12
3 2
11 3
0 8
14 15
14 15
2 1
10 2
2 10
11 10
12 11
11 12
11 3
13 14
2 10
4 5
13 5
5 13
4 5
15 7
5 6
7 6
15 7
9 10
5 13
13 12
5 13
9 8
2 1
1 2
10 11
12 11
11 10
12 11
9 8
2 1
2 3
5 13
13 5
4 3
11 12
8 9
8 9
10 9
11 10
12 11
4 5
2 3
2 10
2 10
11 10
3 11
11 10
10 11
9 10
10 11
13 12
5 6
4 5
2 1
0 1
1 2
1 0
1 9
0 1
1 0
5 4
14 6
5 6
13 14
14 15
6 14
5 6
13 14
7 15
14 6
15 14
14 15
15 14
6 14
10 9
1 9
4 12
9 8
5 4
12 13
3 2
2 3
11 3
4 3
3 11
10 11
11 10
4 5
3 4
6 5
13 12
5 6
11 12
8 0
