7 13
14 8
4 5
2 1
10 4
16 10
10 4
8 14
13 7
12 6
6 0
12 6
15 9
4 3
4 10
1 2
2 3
3 4
4 3
3 2
10 4
9 3
15 9
9 3
17 11
5 4
11 5
5 4
10 16
16 10
10 4
0 1
1 0
0 1
6 0
1 2
10 16
17 11
11 17
5 11
5 11
2 8
1 2
2 8
8 14
1 2
1 7
16 10
0 6
15 9
0 6
16 10
0 6
1 0
16 10
9 15
1 0
16 10
9 15
0 6
9 15
1 0
9 15
16 10
1 0
16 10
1 0
10 4
4 10
4 5
3 4
5 4
10 4
10 16
11 5
4 5
5 11
17 11
4 5
9 15
9 3
15 9
0 6
9 3
3 2
9 3
3 2
3 2
9 15
13 7
13 7
15 9
7 1
1 0
7 1
13 7
6 0
5 4
4 5
11 5
7 1
2 1
9 15
15 9
7 1
1 7
2 1
15 9
2 8
15 9
3 4
15 9
2 3
15 9
2 3
11 17
15 9
11 17
2 3
9 15
2 3
3 4
11 17
11 17
3 4
9 15
16 10
10 4
16 10
3 4
15 9
9 15
15 9
2 8
11 17
2 8
11 17
9 15
2 8
1 0
4 10
1 0
9 3
3 4
1 0
4 5
9 3
9 15
11 5
1 0
15 9
2 8
2 3
17 11
12 6
6 0
12 6
0 6
1 0
1 0
6 0
2 1
3 2
2 1
0 6
6 0
5 11
11 17
8 2
2 8
17 11
11 5
5 11
8 14
4 10
4 3
4 5
8 14
4 10
9 3
3 2
9 3
9 3
4 10
9 3
7 13
8 14
4 10
9 3
8 14
9 3
4 10
7 13
4 10
4 10
9 3
7 13
9 15
4 10
15 9
3 4
15 9
4 5
3 4
4 10
9 3
0 6
17 11
11 17
0 6
7 13
8 14
7 13
8 14
8 14
7 13
8 14
17 11
8 14
17 11
3 2
7 13
9 15
15 9
6 0
8 14
6 0
6 0
4 3
6 0
7 13
6 0
9 15
7 13
1 2
15 9
7 1
1 2
7 1
2 3
3 4
10 16
8 14
10 16
2 8
8 14
9 3
7 1
1 0
7 1
0 1
1 0
0 6
2 1
7 13
9 15
7 13
9 3
9 3
2 8
3 2
2 1
3 2
6 0
5 4
6 0
6 12
6 12
2 8
6 12
9 15
9 3
10 16
4 5
5 11
11 5
4 5
7 13
17 11
11 5
10 16
11 5
4 10
5 4
2 8
6 12
10 16
6 12
15 9
10 16
11 5
7 13
6 12
9 3
3 2
2 3
6 12
4 5
6 12
4 5
10 16
6 0
15 9
9 3
3 4
5 4
6 12
8 2
6 0
7 13
6 12
0 1
7 13
8 14
6 12
7 13
6 0
0 1
14 8
7 13
9 3
1 7
7 13
9 15
15 9
8 2
13 7
7 1
4 5
11 5
4 5
10 16
11 5
4 5
10 16
17 11
9 3
4 5
4 5
8 2
17 11
8 14
9 15
11 17
6 12
11 17
6 12
6 0
2 3
2 8
8 2
3 4
4 10
9 3
3 2
2 1
15 9
16 10
16 10
1 0
0 6
6 12
0 6
1 0
3 9
3 9
2 1
15 9
3 2
9 3
10 16
4 10
3 4
8 2
4 5
2 8
4 5
6 12
17 11
2 3
17 11
6 0
8 14
17 11
9 15
8 2
11 17
11 5
11 17
9 15
11 5
9 15
9 3
10 4
17 11
10 4
11 17
11 17
4 5
7 1
13 7
8 2
15 9
9 15
1 7
9 3
7 13
14 8
0 1
6 0
6 12
7 13
8 14
6 12
7 13
0 1
7 13
6 12
8 2
6 0
5 4
2 1
1 0
2 1
4 10
3 4
9 3
15 9
10 16
6 0
4 5
4 5
10 16
2 3
3 2
9 3
7 13
6 12
11 5
6 12
15 9
6 12
10 16
6 12
2 8
6 12
4 10
5 4
11 5
10 16
6 12
11 5
6 12
6 12
17 11
6 12
7 13
6 12
11 5
6 12
10 16
3 2
1 2
1 2
3 2
6 12
9 15
2 8
6 12
5 11
5 4
6 12
2 8
6 12
7 13
6 12
9 15
7 13
6 12
2 8
0 1
7 13
2 8
7 13
2 8
6 12
7 13
6 12
7 13
10 16
8 14
6 12
6 12
7 13
3 4
7 13
0 1
15 9
0 1
7 13
9 15
7 13
4 10
4 3
8 14
15 9
0 1
9 15
0 1
7 13
0 1
2 3
3 2
2 1
0 1
7 13
6 0
6 0
7 13
6 0
8 14
6 0
7 13
6 0
6 0
10 16
9 3
9 3
10 16
9 15
6 0
7 13
10 16
6 0
7 13
10 16
10 16
8 14
10 16
8 14
7 13
10 16
10 16
8 14
6 0
3 2
3 2
4 3
6 0
2 1
10 16
14 8
2 8
3 2
14 8
2 3
8 2
2 1
2 8
6 0
15 9
9 15
15 9
6 0
6 12
15 9
9 15
6 12
15 9
6 12
15 9
6 12
6 0
15 9
6 0
8 14
2 8
8 14
2 1
9 15
5 11
4 5
5 11
10 16
3 4
15 9
10 16
9 15
3 4
9 15
3 4
15 9
15 9
10 16
15 9
10 16
2 1
2 8
2 3
2 1
3 4
4 5
5 11
11 17
11 17
5 11
15 9
6 0
15 9
6 0
7 13
15 9
7 13
6 0
7 13
9 15
2 1
2 8
4 5
3 4
2 3
0 6
15 9
2 1
6 0
2 1
9 15
1 0
6 12
15 9
10 16
10 16
10 16
6 12
10 16
6 12
6 12
10 16
9 15
6 12
0 1
2 8
7 1
1 7
0 1
2 1
3 4
3 2
8 2
7 13
15 9
1 0
11 5
2 8
5 4
14 8
9 3
