14 10
3 7
2 6
12 13
10 9
6 5
3 2
8 12
11 10
7 6
13 9
2 1
12 8
10 6
14 13
15 11
6 7
10 11
7 11
6 5
3 7
5 6
7 6
9 5
3 7
10 6
5 1
13 9
7 6
1 0
10 6
7 11
5 6
11 10
10 9
7 6
1 5
15 11
3 7
0 1
9 5
2 6
7 11
2 6
5 4
13 9
7 3
4 5
3 7
1 5
8 4
5 9
7 6
4 0
12 8
5 6
4 8
7 3
9 5
6 10
3 2
5 1
10 14
13 9
6 2
7 3
14 15
1 0
4 5
9 13
5 1
10 14
8 4
14 10
9 5
12 8
1 2
4 5
10 9
13 9
5 6
8 4
5 9
12 13
10 6
9 5
14 13
6 7
13 12
10 14
4 5
13 9
12 8
5 1
12 13
10 9
6 5
8 4
13 12
5 6
14 13
12 8
9 5
13 14
8 12
14 10
4 8
13 12
10 14
5 4
12 13
9 8
9 10
1 5
14 13
0 4
10 6
13 12
5 9
2 1
15 14
6 10
5 1
13 14
11 15
7 6
9 13
14 15
6 5
3 7
14 13
6 10
5 9
9 5
7 6
9 8
6 5
11 7
8 12
5 9
6 10
9 8
1 5
10 6
5 9
2 6
11 10
8 12
5 1
6 2
12 8
10 14
5 4
4 5
5 9
9 13
5 6
13 9
5 4
6 7
13 12
9 5
10 6
7 3
5 1
12 8
13 14
3 7
14 13
9 5
8 12
9 13
8 4
1 5
13 12
8 9
2 1
4 0
10 9
13 14
12 8
0 1
9 8
11 10
12 13
12 8
14 10
9 10
8 12
10 9
4 8
13 9
11 10
0 4
5 9
6 10
15 11
4 0
10 6
9 8
10 9
2 6
11 10
6 2
9 8
14 10
9 10
6 10
13 9
5 6
10 9
4 5
11 10
2 6
5 9
10 11
1 2
9 8
5 6
15 11
10 9
8 12
4 5
9 5
11 10
13 12
9 8
7 11
14 13
5 9
3 7
10 11
13 12
6 5
14 13
11 7
6 5
9 5
2 6
1 2
10 9
3 2
10 9
2 3
14 10
1 2
11 10
15 14
6 10
5 1
2 3
9 5
10 14
7 6
14 10
4 5
10 9
15 14
1 5
14 15
6 10
5 9
7 6
