19 14
9 4
0 1
5 6
7 8
2 3
13 12
15 16
4 9
6 11
1 2
15 10
19 18
14 9
7 6
1 0
9 8
2 7
0 5
3 8
5 10
9 8
10 11
8 7
7 12
7 6
12 17
6 7
17 12
7 12
12 13
13 14
17 12
14 13
16 17
13 12
12 17
11 12
17 18
13 12
6 11
18 17
12 17
11 6
6 1
7 12
18 17
12 11
6 5
2 7
17 16
11 6
12 7
11 10
13 12
7 2
5 6
10 11
8 13
2 1
11 12
1 0
2 7
15 10
12 13
6 1
2 3
16 15
13 8
17 12
11 6
8 9
12 7
16 17
13 18
9 4
13 8
14 9
9 8
8 7
9 14
7 6
8 13
14 19
12 7
6 5
7 12
12 17
7 2
17 18
11 12
18 13
16 17
13 8
18 19
15 16
8 3
13 12
18 17
18 13
7 8
12 11
14 13
6 7
8 9
17 18
12 13
16 17
2 7
7 12
15 16
13 14
8 13
7 6
14 9
18 13
6 11
12 7
11 10
7 8
13 12
7 2
11 12
13 18
2 7
13 14
16 11
12 17
15 16
12 7
11 6
11 12
7 12
16 11
12 13
11 12
12 7
16 11
7 12
12 11
7 2
11 16
16 15
11 12
11 16
12 11
7 12
12 7
12 11
11 12
16 11
11 12
15 16
12 11
16 11
11 12
12 7
7 12
2 7
7 2
7 12
12 7
13 12
6 7
12 11
7 2
18 13
11 16
19 18
6 11
16 11
7 6
11 12
12 13
11 16
17 12
16 11
12 7
16 15
7 2
12 13
15 16
2 7
10 15
8 7
7 12
13 8
12 17
14 13
7 8
13 8
7 6
19 14
13 12
6 7
12 13
8 7
12 11
7 2
9 8
11 12
7 8
14 9
10 11
8 7
11 12
7 6
8 9
15 10
3 8
12 13
5 10
7 12
13 18
4 3
8 7
12 11
3 2
8 13
6 7
11 10
7 12
13 18
5 6
14 13
12 7
18 17
0 5
13 12
6 7
17 16
18 19
12 13
7 2
16 15
7 6
15 16
7 12
10 15
12 13
2 7
5 10
13 12
7 6
1 2
10 15
7 12
13 14
15 10
12 17
7 2
15 16
17 12
6 7
2 3
12 13
5 6
3 4
13 8
1 6
11 12
14 13
0 1
6 7
12 17
10 11
19 14
6 5
12 11
1 2
13 14
5 0
7 6
2 3
12 13
6 5
3 2
8 13
11 6
3 4
18 13
4 3
6 5
13 12
3 8
17 18
14 13
16 17
12 11
2 3
12 11
9 14
15 16
17 18
1 2
4 9
13 12
16 11
7 2
10 15
0 1
14 9
13 18
17 16
1 0
9 4
18 13
6 1
15 16
8 9
13 12
18 17
2 1
10 15
11 6
7 8
11 12
17 18
1 6
5 10
8 13
17 12
2 7
19 18
3 8
11 12
1 2
18 13
6 11
9 8
4 9
