1 2
9 5
6 10
7 3
4 8
1 0
2 6
7 11
6 10
5 1
3 2
0 4
10 6
1 5
8 4
6 2
5 1
4 0
1 2
9 5
0 4
10 6
2 1
13 9
3 2
0 1
5 1
2 3
4 0
1 2
9 5
2 6
5 1
13 9
1 0
6 2
5 9
0 4
2 3
4 8
3 7
0 1
2 3
0 4
8 12
7 11
4 0
1 2
7 3
12 8
3 2
0 1
1 0
7 3
5 1
4 0
11 7
2 1
8 4
7 11
1 2
4 8
2 6
1 5
8 4
3 2
1 0
5 9
2 1
9 13
7 3
1 5
2 6
2 1
6 10
9 5
6 2
0 1
5 9
2 6
1 0
9 5
1 2
0 4
10 6
2 6
4 0
5 1
2 3
0 1
8 4
3 2
2 1
3 7
1 5
6 2
0 1
2 3
5 9
1 0
3 2
1 2
0 4
3 7
1 0
2 1
4 0
3 2
1 5
8 4
6 2
7 3
4 8
5 9
2 1
3 7
11 7
3 2
1 0
7 3
2 6
1 2
7 11
3 7
2 1
2 3
11 7
1 2
0 1
3 2
7 3
6 2
4 0
5 1
3 2
8 4
10 6
12 8
2 1
0 4
7 3
8 4
5 1
11 7
3 2
9 5
7 3
12 8
4 0
6 2
5 1
8 4
10 6
2 3
11 7
8 12
1 0
