11 6
7 8
9 4
2 3
19 14
12 13
17 16
15 10
6 5
4 9
13 12
16 15
1 6
8 9
17 12
6 11
3 8
0 1
9 14
7 6
8 9
1 2
11 12
4 3
2 7
9 14
11 10
5 6
3 4
1 0
7 8
11 6
15 10
14 19
4 9
2 1
8 13
12 11
10 15
19 18
0 1
14 13
10 5
11 6
13 8
11 6
15 10
9 14
8 7
18 13
11 12
16 15
9 14
7 6
15 16
14 19
5 6
2 7
6 7
10 5
1 2
7 6
0 1
2 3
7 8
5 6
13 8
6 7
0 5
7 12
11 6
18 13
7 8
6 11
17 18
12 7
13 8
16 17
11 12
7 6
7 12
10 11
12 13
7 8
5 10
13 18
12 11
6 7
8 3
10 15
18 19
11 16
8 7
5 6
18 17
11 12
7 6
17 18
12 13
16 11
7 8
11 12
18 13
6 7
13 8
18 17
6 11
8 9
12 13
11 16
7 8
9 4
17 16
6 11
13 8
16 15
12 7
5 6
18 13
8 9
11 16
1 6
8 13
10 11
16 17
2 1
13 8
5 10
8 7
13 18
10 5
13 8
7 6
18 17
8 13
12 13
13 12
12 11
13 14
7 12
11 16
14 13
12 7
13 8
11 12
7 8
10 11
12 13
12 11
5 10
13 18
11 10
13 12
10 5
11 12
5 0
12 13
10 11
13 14
12 11
0 1
5 10
11 12
1 2
5 0
7 12
10 5
0 1
12 13
10 11
5 0
2 7
11 12
0 5
11 10
1 0
10 11
2 1
10 5
7 2
5 10
12 7
5 0
2 7
13 12
0 1
10 5
7 12
14 13
0 5
13 14
5 10
1 0
10 5
2 1
10 11
7 2
0 5
11 10
5 0
2 7
12 11
1 0
12 7
0 1
11 10
2 1
7 12
10 11
13 12
1 2
10 5
18 13
12 7
5 0
13 12
7 2
12 11
2 1
8 13
12 7
13 18
7 2
11 12
13 14
2 7
13 12
16 11
2 1
8 7
11 12
14 13
15 16
7 2
12 13
11 16
9 14
12 7
13 18
9 8
16 15
2 1
6 11
7 8
18 13
17 12
1 2
4 9
6 7
17 18
12 11
3 4
1 0
7 8
16 17
18 13
11 6
0 1
12 7
17 16
14 13
8 9
11 10
17 18
7 2
13 14
6 11
10 5
2 7
9 14
18 17
13 12
5 10
8 7
13 18
7 2
9 8
18 17
2 7
14 9
17 16
19 18
8 7
19 14
18 17
9 4
2 1
14 13
7 12
3 8
16 17
12 17
13 14
8 7
2 3
13 12
17 16
7 8
14 9
12 13
16 17
9 14
7 6
12 11
13 18
16 15
6 1
7 12
8 13
6 11
12 17
9 8
11 10
6 5
17 12
4 9
11 16
5 6
12 13
18 17
3 4
10 11
9 14
13 18
2 3
9 4
11 6
18 13
8 3
11 12
6 5
13 12
17 18
8 13
16 17
3 8
13 18
15 16
4 3
16 11
18 13
10 15
8 3
17 16
14 13
11 12
16 17
9 8
10 11
19 14
8 9
17 18
5 10
7 8
18 17
9 14
15 10
2 7
17 18
14 19
8 9
16 15
1 2
12 17
4 9
0 1
11 12
18 17
3 4
1 2
11 12
19 18
6 1
2 7
0 1
11 6
1 6
1 2
6 11
