2 6
14 10
12 13
10 9
6 5
2 3
15 14
6 5
11 10
13 9
3 2
10 6
12 13
3 7
15 11
13 9
6 10
5 6
10 11
2 6
9 5
11 15
10 6
13 9
6 7
12 13
11 10
5 6
15 11
13 12
14 10
7 6
14 13
3 7
6 5
13 14
5 9
7 6
14 10
2 3
6 5
13 9
11 7
10 14
5 4
7 11
14 13
4 5
7 3
11 15
13 12
1 5
4 8
6 7
2 1
7 11
5 9
9 8
7 6
1 0
4 5
5 4
10 9
11 7
5 9
0 4
14 10
7 11
4 8
9 5
6 10
13 14
10 9
5 1
0 4
2 6
9 8
10 6
4 5
8 9
11 10
10 14
9 13
8 4
7 11
4 5
14 13
11 10
4 0
13 9
5 4
14 13
9 8
4 5
10 14
13 9
5 9
13 12
14 15
14 13
10 9
6 5
5 9
11 10
15 14
2 6
11 15
6 7
9 5
13 14
5 6
7 11
9 13
6 7
9 5
14 13
5 6
8 9
3 7
9 10
6 7
5 6
10 11
13 9
5 9
11 7
6 10
14 13
6 5
8 9
10 14
7 3
5 4
10 6
14 15
4 5
6 2
4 0
7 6
0 4
5 6
4 8
2 6
8 9
6 5
4 0
1 2
12 8
9 10
5 6
1 5
10 14
8 4
6 7
2 1
6 10
9 5
8 12
4 0
2 6
12 8
10 14
5 9
6 10
8 9
5 1
14 15
6 2
1 5
10 6
9 10
2 6
10 11
6 7
1 2
8 9
10 9
11 7
6 2
7 11
6 5
14 10
2 3
11 10
7 6
9 5
10 6
7 3
8 9
14 10
11 7
2 3
5 6
12 8
13 14
1 5
10 6
3 7
8 12
4 5
15 14
7 6
12 13
2 3
14 15
5 6
15 11
4 5
2 6
10 14
11 7
5 6
15 14
7 3
9 5
11 10
5 9
6 7
10 14
5 6
8 9
14 15
4 5
9 8
7 6
13 14
15 11
5 1
10 14
12 13
9 5
13 14
10 9
6 5
7 6
5 9
6 10
5 1
3 7
2 3
7 6
