7 3
5 6
14 10
12 13
0 1
3 7
2 6
10 9
4 0
7 11
6 10
13 9
1 2
0 4
11 10
3 7
5 6
10 6
15 11
3 2
6 7
10 11
11 7
6 5
11 10
5 9
3 7
15 11
9 13
1 5
11 7
10 9
13 12
14 15
7 6
9 5
14 13
6 2
9 8
13 12
15 14
7 11
5 6
12 8
14 13
10 6
1 5
2 6
0 1
6 2
3 2
2 6
3 2
6 5
5 4
2 1
1 5
4 8
6 5
2 1
5 9
1 0
9 13
6 5
2 1
13 12
10 9
7 6
13 14
6 2
11 7
14 13
2 3
13 9
9 5
13 14
5 4
9 10
14 13
6 5
13 9
4 0
7 6
4 5
10 9
6 2
5 1
9 13
5 6
9 5
10 9
6 5
11 10
5 9
10 11
5 4
6 10
11 7
14 10
5 6
10 11
10 6
6 10
10 14
6 10
14 15
14 10
5 6
6 5
15 14
10 6
6 10
6 5
14 10
11 10
13 14
10 6
7 11
6 5
11 15
9 10
7 6
10 14
15 11
5 6
10 11
3 7
15 14
6 7
9 5
6 5
13 9
5 6
4 5
5 6
8 4
6 7
0 4
2 6
6 5
3 2
6 2
5 9
6 10
9 13
6 7
13 9
10 14
2 6
12 13
7 3
6 5
1 2
13 9
8 12
6 2
9 13
5 6
2 3
1 5
0 1
5 4
5 6
2 1
3 2
9 5
1 2
8 9
2 6
5 9
9 10
6 7
7 6
9 10
5 6
7 11
9 5
11 15
6 5
8 9
5 6
9 8
10 9
6 7
4 8
5 1
7 6
0 4
12 8
6 10
1 0
8 9
7 6
10 11
6 10
2 6
14 10
6 2
2 1
6 2
10 6
7 6
14 10
3 7
5 6
15 14
10 9
2 3
4 5
13 14
11 7
6 2
1 5
8 4
2 3
5 9
10 6
14 10
5 1
6 2
10 14
1 5
7 6
13 14
5 6
15 14
4 5
12 13
11 15
5 1
13 14
10 11
9 5
12 13
11 10
10 9
6 10
2 6
7 6
6 5
2 6
5 9
3 2
5 1
