15 10
9 4
7 8
11 6
2 3
19 14
12 7
10 11
8 9
6 5
18 19
15 16
11 6
7 12
4 9
3 8
5 10
1 6
9 14
10 11
12 17
4 3
0 1
12 11
8 9
17 16
5 6
3 4
11 12
9 14
1 2
10 5
17 12
2 7
6 11
14 19
4 9
12 13
14 9
18 17
2 1
7 12
14 13
19 18
2 3
13 12
18 17
3 2
13 8
12 11
8 7
12 13
11 16
8 13
11 12
13 14
7 12
6 11
12 13
10 11
7 8
12 17
13 12
16 17
14 13
12 11
18 17
11 6
13 12
19 18
17 16
6 1
12 11
16 15
18 17
7 6
11 12
0 1
17 16
13 12
11 6
8 7
16 15
14 13
9 8
12 11
6 1
7 2
8 13
10 11
19 14
2 1
13 12
11 6
3 8
18 19
11 10
18 13
12 11
13 8
6 11
8 13
7 12
11 12
9 8
1 6
13 12
11 16
8 3
14 9
2 1
13 8
12 7
1 6
9 4
16 15
9 8
11 12
3 4
6 5
14 13
12 11
8 7
5 0
4 3
9 14
7 12
11 16
0 1
8 7
11 12
12 11
0 1
2 7
13 12
7 6
3 2
8 13
12 11
4 3
7 2
13 18
6 5
17 12
5 10
2 3
7 8
12 17
14 13
7 6
17 12
3 4
10 11
18 13
19 14
2 7
10 5
4 9
2 3
9 8
11 10
5 6
7 12
3 8
12 11
9 4
10 5
9 14
12 7
6 11
8 9
7 6
11 12
6 11
7 8
12 13
14 9
10 11
12 7
3 8
19 14
11 12
8 7
5 10
14 9
4 3
17 12
10 11
7 2
9 4
0 5
12 11
2 7
18 17
11 6
12 7
19 18
6 7
17 12
11 10
13 18
6 5
7 8
18 19
11 6
12 7
2 7
13 12
12 11
6 7
7 8
11 12
8 7
12 17
10 11
7 2
17 12
8 9
11 16
8 7
18 17
11 10
7 12
9 8
12 7
14 9
8 3
17 12
13 14
9 4
6 7
16 17
11 12
18 13
9 14
11 16
14 9
17 18
12 13
16 11
14 19
12 17
8 13
11 16
17 12
19 14
7 8
18 17
11 10
15 16
8 7
13 14
10 5
6 11
18 19
16 17
1 6
16 15
17 18
5 10
17 16
1 6
19 18
10 11
18 19
5 6
12 17
11 16
10 15
18 17
11 12
6 7
10 5
7 2
12 13
17 18
15 10
5 0
1 6
16 17
2 3
19 18
12 11
7 6
1 2
17 12
14 19
5 6
2 3
18 19
16 17
9 14
13 12
6 5
14 9
13 18
3 4
17 12
8 13
17 18
4 3
18 13
9 4
7 8
18 19
12 13
4 9
3 8
2 7
11 12
13 18
9 4
7 2
10 11
17 18
12 13
4 3
16 11
8 13
15 10
18 13
11 12
3 8
10 5
19 18
11 16
8 7
17 12
11 12
18 17
2 7
9 8
11 6
12 17
1 2
4 9
18 19
10 11
19 18
0 1
2 7
1 2
15 10
11 12
17 18
1 0
16 15
5 10
11 12
6 11
