2 6
7 3
14 10
0 1
12 13
5 9
4 8
10 9
3 7
5 6
1 2
4 0
6 10
13 9
2 3
7 11
0 4
5 6
11 10
12 13
3 7
15 11
9 5
6 10
2 3
13 9
2 6
11 7
5 1
12 13
7 11
9 10
6 10
11 15
13 14
9 10
2 6
11 15
14 13
6 10
8 9
3 2
14 15
11 10
7 6
15 14
2 1
9 10
2 6
14 10
7 6
13 9
1 2
15 14
10 6
9 5
11 7
2 1
14 10
5 6
0 1
3 2
10 9
5 1
2 6
3 7
14 13
9 10
2 1
10 11
5 9
2 1
11 10
9 5
6 2
10 9
5 1
6 5
9 10
10 11
4 5
9 13
2 6
9 10
1 5
6 7
15 11
13 12
9 5
0 1
6 10
14 15
5 9
1 2
7 6
4 5
2 3
0 1
10 9
6 7
5 4
1 2
9 10
4 0
9 5
10 11
8 4
5 1
11 7
9 13
10 14
7 3
4 5
8 4
7 11
5 6
5 4
3 7
4 8
6 5
7 6
8 9
5 4
4 5
6 7
9 10
9 5
4 0
6 2
7 11
5 1
0 4
7 6
8 9
11 15
2 6
9 8
1 0
6 5
3 2
10 9
7 6
5 1
6 5
2 1
6 10
1 2
7 6
0 1
10 9
11 7
1 5
4 0
9 8
7 6
15 11
5 9
1 2
11 7
4 5
14 15
2 6
0 1
11 15
7 6
9 5
13 14
7 11
5 6
10 9
10 11
8 9
3 7
5 4
11 15
6 5
9 8
15 14
9 5
7 6
11 10
12 8
14 15
5 1
13 9
6 7
4 8
11 15
14 10
12 13
1 5
6 2
8 4
15 11
9 5
6 10
2 1
12 8
5 6
14 15
13 9
11 7
1 2
10 14
7 3
9 5
1 0
9 10
7 11
5 6
0 1
13 14
9 8
10 11
3 7
6 2
14 13
4 0
5 9
6 10
11 7
10 9
4 5
7 3
10 6
1 5
3 2
7 11
14 10
5 1
2 3
4 5
13 14
6 2
5 6
14 10
14 10
2 6
9 5
13 14
11 10
4 5
3 2
12 13
6 5
10 9
15 11
13 14
5 1
11 15
7 6
12 13
6 10
3 7
5 9
13 14
2 3
7 6
