8 12
1 0
10 6
3 2
5 9
7 11
6 2
0 4
9 5
10 6
4 8
3 2
8 4
6 2
7 3
1 2
8 12
6 10
12 8
1 2
10 6
2 6
0 1
8 4
1 2
4 0
6 2
0 1
8 4
2 1
0 4
4 0
6 2
1 5
5 1
3 2
4 8
1 2
7 3
0 4
9 5
8 12
2 3
1 0
13 9
2 6
3 7
1 5
1 2
6 10
2 3
0 1
4 0
1 2
3 7
8 4
5 1
2 6
4 0
6 2
12 8
1 0
2 3
8 12
10 6
0 1
3 7
8 4
6 2
1 5
4 8
3 2
7 11
6 10
5 9
4 0
3 7
1 2
2 3
1 5
0 4
9 13
0 1
3 2
9 5
4 8
1 0
5 9
7 3
4 0
2 1
11 7
0 4
5 1
6 2
7 11
8 4
1 0
9 5
2 6
0 4
2 1
12 8
0 1
4 8
3 2
0 4
1 5
7 3
2 6
8 12
1 0
2 3
5 9
2 1
0 4
9 13
3 7
4 0
3 2
5 9
7 11
8 4
2 1
3 7
0 4
1 5
2 3
12 8
7 11
1 0
8 12
0 1
1 2
4 0
2 3
8 4
7 3
1 2
12 8
0 1
4 8
11 7
2 3
6 2
3 7
4 0
5 1
0 1
7 11
2 3
8 4
10 6
9 5
7 3
2 1
12 8
4 0
3 7
8 12
0 4
1 5
6 2
7 3
4 8
10 6
9 5
3 2
8 4
1 5
0 4
8 12
6 2
7 3
5 9
2 3
1 0
