2 1
4 5
7 13
9 15
8 14
1 2
11 5
13 7
15 9
14 8
0 1
2 3
5 4
17 11
8 14
1 0
3 4
5 11
8 2
0 6
7 1
4 10
9 3
14 8
0 6
16 10
15 9
12 6
4 10
6 0
5 4
0 1
10 4
11 5
4 5
1 7
16 10
17 11
7 1
5 11
10 4
0 1
4 5
10 16
11 17
4 3
1 0
16 10
0 1
5 4
3 2
7 1
2 8
0 6
10 4
11 5
6 0
3 4
17 11
10 4
1 0
9 3
11 17
0 6
2 1
5 4
3 9
0 1
6 12
4 10
8 2
11 5
6 0
3 4
10 16
5 11
1 0
10 4
9 3
2 1
0 6
4 10
0 1
6 12
8 2
3 4
10 16
1 0
9 3
5 4
1 7
0 6
3 9
11 5
4 10
7 1
17 11
3 4
9 15
1 2
5 11
3 9
2 8
1 0
11 5
1 2
8 14
4 5
3 2
5 11
2 8
2 1
1 7
3 2
1 2
9 3
7 1
8 2
15 9
3 4
1 2
4 5
2 8
0 1
5 11
3 2
5 4
11 17
1 7
6 0
9 3
1 0
17 11
3 4
2 1
4 5
3 2
7 1
13 7
1 2
5 11
10 4
3 9
11 17
16 10
4 5
7 1
2 8
8 2
5 11
10 4
7 13
1 2
10 16
4 5
14 8
4 10
2 3
5 11
5 4
2 8
11 17
2 1
3 4
11 5
8 2
4 5
4 10
2 1
5 11
2 8
1 0
4 10
11 5
1 7
3 4
8 14
11 17
2 1
17 11
7 13
5 4
2 3
0 1
11 5
10 4
8 2
1 0
5 4
17 11
2 8
3 4
6 0
7 1
11 17
3 2
8 14
5 11
2 8
4 3
2 1
5 4
1 7
8 2
4 3
0 1
5 4
7 13
2 1
4 5
8 2
1 0
14 8
3 2
2 8
3 2
9 3
