7 6
9 4
2 3
19 14
12 13
15 10
5 6
13 12
14 9
7 8
19 18
15 16
7 6
19 14
4 9
17 12
6 11
12 7
9 8
16 17
1 6
14 9
3 8
12 13
6 5
9 8
1 6
5 10
0 1
6 7
10 11
6 7
1 2
11 12
5 10
2 7
6 11
0 1
7 8
2 7
8 13
13 14
7 12
3 8
13 14
12 11
2 7
8 3
14 13
7 2
12 13
11 12
13 18
12 13
18 17
13 14
11 12
14 19
6 11
12 17
9 14
11 6
13 12
17 18
4 9
11 12
18 19
5 6
14 9
12 13
6 1
18 19
10 5
9 4
12 11
6 7
19 18
4 3
9 14
13 12
11 6
17 18
3 2
9 8
18 17
2 1
14 9
8 13
3 4
16 17
3 2
8 7
13 14
17 16
2 7
13 8
16 15
7 6
14 13
9 8
15 10
7 12
6 5
9 14
8 3
15 16
6 7
12 13
14 9
16 15
5 0
12 7
19 14
9 4
7 6
6 11
12 7
13 12
8 7
6 5
12 11
14 13
7 2
3 8
13 12
11 10
6 7
8 9
7 8
18 13
17 12
16 11
11 16
13 14
6 7
8 3
17 16
8 13
14 9
11 12
15 16
13 14
16 17
8 13
14 19
15 16
17 18
7 8
18 17
6 7
16 11
18 19
16 17
7 6
17 18
6 11
18 13
11 16
7 6
13 18
6 7
17 18
6 11
13 14
18 17
7 6
17 16
16 15
11 16
16 17
6 11
17 18
11 16
7 6
16 17
18 13
8 7
17 16
17 18
16 17
11 16
18 17
6 11
13 18
16 11
18 13
11 16
8 13
16 17
11 6
3 8
17 16
8 3
16 11
18 17
4 3
15 16
11 6
17 18
6 7
16 11
11 6
16 17
6 11
17 18
6 7
18 17
7 6
13 18
8 7
14 13
18 17
7 8
18 13
9 14
13 14
7 6
6 7
13 18
6 11
18 17
13 8
18 13
11 6
8 7
11 16
17 18
19 18
16 11
16 15
18 13
14 19
15 16
13 8
18 19
17 16
12 13
8 3
10 15
16 15
18 17
8 7
14 13
17 16
9 8
19 14
16 11
13 8
12 17
16 17
11 6
7 8
13 14
11 16
12 7
17 18
8 9
6 11
3 8
17 16
18 19
12 11
9 8
15 16
18 17
11 6
8 3
7 12
19 18
4 9
16 17
10 11
8 13
17 16
9 14
6 11
13 18
5 10
14 9
11 6
18 13
6 7
11 10
17 18
11 12
7 8
18 17
5 6
12 11
8 3
2 7
6 5
12 13
7 2
10 11
0 5
13 12
7 8
5 10
1 0
8 13
7 12
10 15
1 0
6 7
11 12
8 9
13 18
5 6
12 17
18 13
7 2
9 8
10 11
7 8
12 13
2 3
17 18
6 5
8 9
12 11
6 7
3 4
18 19
1 2
11 12
4 3
7 8
19 18
1 6
12 17
8 3
7 6
3 8
17 12
6 7
3 4
13 12
6 7
12 17
4 3
8 13
6 5
9 8
18 13
11 12
1 6
17 18
13 12
3 8
5 6
16 11
8 13
2 3
6 5
16 17
14 13
5 0
8 9
12 13
18 13
11 12
8 13
12 7
10 11
3 8
7 6
17 12
15 10
13 8
4 3
2 7
6 5
16 17
14 13
9 8
2 3
11 6
18 17
9 14
3 4
7 2
12 11
2 3
9 4
13 14
11 16
12 13
8 9
15 16
6 11
7 8
18 13
10 15
12 11
3 8
14 13
2 7
17 18
5 10
12 17
8 13
19 14
1 2
9 8
14 19
2 7
0 1
12 17
1 2
3 8
4 9
19 18
1 0
