12 13
2 6
9 10
4 8
13 14
6 5
2 3
14 10
13 9
3 2
9 5
11 10
3 7
12 13
10 6
7 11
5 9
5 6
7 3
10 11
13 9
6 2
15 11
9 8
5 4
11 15
2 6
4 0
5 6
11 7
2 3
7 11
6 10
4 5
9 10
15 11
7 6
2 6
11 10
14 15
8 9
6 10
15 11
3 2
9 13
14 15
9 10
2 6
11 7
15 14
10 6
3 2
7 6
14 13
13 9
6 7
6 5
9 8
13 14
2 6
5 1
14 10
13 12
7 6
9 5
1 0
12 13
6 5
8 9
0 1
13 14
7 6
4 5
9 10
2 1
14 13
8 4
11 7
10 6
14 15
0 4
7 11
2 6
4 0
10 11
3 7
1 0
11 15
9 10
4 8
7 3
8 12
7 11
0 4
3 2
4 8
11 10
0 1
7 11
10 9
0 4
1 2
9 13
4 0
14 10
3 7
11 10
2 3
0 1
13 12
1 2
10 9
7 11
3 7
11 10
9 8
1 0
0 4
10 9
2 3
11 7
0 1
7 11
13 9
1 2
10 11
4 0
3 7
11 10
2 1
0 1
11 7
2 3
14 10
7 11
10 14
1 2
7 3
10 11
0 1
14 13
3 7
11 10
2 3
7 11
10 14
7 3
1 2
11 10
3 7
0 1
4 0
2 3
7 11
1 2
0 1
3 2
4 0
2 3
0 4
7 3
3 7
1 0
0 4
11 7
2 1
1 0
3 2
7 11
1 2
10 11
7 3
0 4
11 7
2 1
14 10
11 10
3 2
0 1
13 14
2 1
10 11
3 7
9 13
4 0
7 3
1 2
10 14
14 10
11 7
3 2
1 0
2 1
7 3
10 11
13 14
0 4
2 3
11 7
9 10
14 13
1 0
3 7
11 10
1 2
8 9
4 0
7 11
3 2
12 8
0 4
7 3
2 1
10 11
8 12
11 7
9 10
2 3
0 1
11 10
3 2
8 9
1 0
10 11
0 1
7 3
9 8
10 14
11 7
2 1
0 4
14 10
4 0
2 3
7 11
15 14
9 10
3 2
6 7
1 0
5 4
14 13
6 10
0 4
2 1
10 9
14 15
5 6
1 0
13 12
2 3
10 11
13 14
6 5
0 1
13 9
10 14
9 8
14 13
10 9
8 4
11 10
5 9
4 8
14 10
13 9
1 5
8 12
10 11
6 5
2 1
12 8
14 10
7 6
9 5
13 14
6 10
3 7
12 13
7 3
9 13
8 12
10 9
4 8
12 13
6 10
5 9
12 8
4 5
7 6
14 10
6 5
3 7
9 10
15 14
7 6
1 5
15 14
4 5
11 7
2 1
10 14
6 7
9 5
14 10
15 11
5 6
14 13
1 5
10 14
2 1
9 5
13 14
3 2
5 4
8 9
12 13
15 14
2 3
6 5
13 12
1 2
5 9
7 6
5 1
9 8
2 6
9 5
3 2
4 5
10 9
1 5
5 6
6 10
5 9
7 6
