14 10
2 6
3 7
12 13
1 0
6 5
10 9
0 1
11 10
13 9
4 0
10 6
15 11
12 13
6 10
14 13
5 6
10 9
7 6
9 8
10 11
6 2
3 7
10 11
8 4
7 6
2 1
10 6
3 2
5 6
9 5
5 9
5 6
9 13
6 2
8 9
13 14
1 5
7 6
10 9
2 1
11 7
13 9
6 5
15 11
9 5
12 13
6 10
7 11
14 15
13 9
2 6
11 7
9 13
9 5
15 11
14 13
10 11
8 9
4 5
15 14
10 11
9 10
15 11
8 9
10 6
14 15
10 9
12 8
6 2
11 15
9 8
2 1
6 5
15 11
8 12
9 10
1 5
8 4
2 1
10 6
8 9
3 2
9 8
2 1
13 9
4 8
9 5
0 4
10 9
4 8
9 5
5 1
10 9
1 5
13 9
5 9
0 1
12 13
4 5
13 9
5 6
4 5
5 4
5 6
1 5
6 10
5 9
6 5
9 13
5 4
2 6
13 14
6 10
4 8
8 12
10 14
4 8
6 10
14 15
5 4
2 6
15 14
10 11
8 12
6 5
13 14
3 2
5 9
6 10
14 13
1 5
10 11
13 12
7 6
15 14
5 6
8 12
10 9
0 1
5 4
11 10
13 12
2 1
6 5
4 8
14 13
7 6
0 4
8 9
6 10
4 8
10 9
0 4
9 13
5 4
10 6
8 9
6 5
4 0
14 10
5 4
9 10
7 6
13 14
10 6
9 5
4 8
6 5
9 8
11 10
5 9
2 6
8 4
15 11
6 10
1 5
8 9
2 6
5 1
4 8
10 14
1 5
3 2
2 6
0 1
2 6
5 1
4 0
7 6
3 2
0 1
6 5
2 1
7 3
9 5
10 6
6 5
14 10
4 5
2 6
11 10
9 5
10 11
7 6
8 9
1 5
10 6
11 7
13 9
5 1
6 7
15 11
2 1
13 9
7 6
14 15
9 8
14 13
1 2
7 11
13 9
2 1
10 14
8 12
9 5
3 2
14 15
8 9
4 5
2 1
7 3
13 14
10 9
2 3
12 13
15 14
9 5
2 6
13 14
1 2
6 5
10 14
12 13
1 5
2 3
7 6
5 9
1 2
9 5
2 1
5 1
3 2
9 5
4 5
10 9
1 5
6 10
5 9
7 6
