2 6
3 7
14 10
12 13
4 8
1 0
10 9
6 5
7 11
12 8
0 1
3 2
13 14
11 10
3 7
13 9
1 2
10 6
15 11
13 9
0 1
6 5
10 9
6 7
10 11
8 9
7 6
11 15
12 8
3 7
6 5
8 9
6 5
7 11
4 5
15 11
3 7
5 9
11 10
0 4
6 5
11 7
4 8
7 6
5 9
8 12
0 4
6 2
10 9
4 8
7 11
13 9
2 1
10 6
4 0
8 12
3 2
10 9
6 5
1 0
12 13
6 10
5 4
13 12
2 6
14 10
1 5
6 10
3 2
13 14
9 10
14 15
10 6
8 9
15 14
6 2
9 8
11 10
8 4
5 6
10 9
4 5
2 6
9 10
4 8
1 5
6 7
0 4
7 6
1 0
4 5
10 6
11 7
5 4
0 1
6 10
7 11
6 5
4 0
10 9
7 3
5 4
7 6
9 13
11 10
1 0
6 5
9 13
0 4
7 6
10 9
14 13
1 0
6 7
9 10
2 6
8 9
14 10
6 5
9 13
6 10
5 4
13 12
6 5
4 8
10 9
5 9
6 7
9 8
10 6
4 5
8 12
6 7
5 9
10 6
12 8
8 9
6 5
14 10
2 6
9 5
11 10
5 1
6 7
10 9
7 6
1 2
11 10
5 9
6 2
9 8
2 1
9 10
8 4
1 0
10 9
2 1
0 4
6 2
4 5
2 3
7 6
8 4
6 10
3 7
0 4
12 8
7 6
2 3
10 9
13 12
6 5
14 10
12 13
1 2
6 5
9 10
15 14
12 8
7 6
5 9
14 15
8 12
3 7
6 10
4 5
12 8
7 6
9 10
6 10
9 5
5 6
10 14
9 10
5 6
10 14
9 5
7 6
14 10
5 9
6 2
14 13
10 9
13 9
6 10
9 5
2 6
9 5
6 10
13 9
1 5
9 5
2 1
12 13
6 2
9 5
14 13
3 2
6 5
8 9
15 14
9 13
2 1
5 6
14 15
5 9
2 6
11 15
1 5
15 14
10 6
7 11
1 2
5 6
14 15
2 1
5 9
3 2
1 5
9 13
2 3
12 13
9 5
1 2
14 13
4 5
8 9
5 1
13 12
10 14
5 9
2 1
14 15
12 13
9 8
4 5
15 14
3 2
9 5
10 9
1 5
6 10
5 9
7 6
