7 3
2 6
14 10
12 13
4 8
3 7
5 6
10 9
7 11
13 9
6 10
5 6
11 10
3 7
12 13
6 10
5 9
11 15
6 7
10 9
15 11
13 9
7 11
10 9
7 6
14 13
11 7
6 10
7 6
10 9
6 2
9 8
14 10
3 7
8 4
2 1
10 6
13 14
7 11
8 12
1 0
6 2
11 15
4 0
9 8
7 6
5 4
0 1
13 9
12 8
7 11
9 5
1 2
14 13
8 4
11 7
10 9
5 1
3 2
13 12
11 15
4 5
6 10
9 8
1 2
7 3
0 4
6 5
10 14
8 9
3 2
4 8
5 1
11 10
13 9
7 3
10 6
9 5
8 12
1 2
11 7
14 10
4 8
1 5
12 13
7 11
0 1
10 14
8 9
13 12
15 11
1 5
9 10
15 14
11 7
9 8
5 1
14 15
8 9
4 5
2 1
11 15
4 8
1 2
6 5
10 11
8 4
0 1
10 6
2 3
12 8
4 0
6 2
5 1
8 9
13 12
10 6
1 2
9 8
14 13
6 2
8 4
10 14
9 8
14 13
4 5
11 10
13 12
7 11
5 6
10 9
4 0
10 11
12 8
1 5
0 4
6 2
11 15
14 10
8 4
13 12
4 8
9 10
14 13
10 11
5 9
9 8
11 7
1 5
14 10
15 11
9 10
8 12
5 6
0 1
12 13
14 15
11 10
5 1
6 7
4 0
10 11
13 14
1 0
8 12
9 10
14 13
4 8
0 1
11 7
15 14
6 10
13 9
0 4
10 9
14 15
1 0
2 6
12 13
9 8
15 14
5 1
10 6
3 2
5 6
8 4
11 15
13 9
4 8
6 10
7 11
12 13
6 5
0 4
11 15
10 9
12 8
6 2
4 5
10 11
13 9
5 6
9 13
4 0
11 7
6 5
0 4
9 10
2 6
10 9
1 0
6 10
2 1
5 9
4 0
10 6
9 13
8 4
0 1
6 2
8 9
10 11
3 2
5 9
11 10
6 5
9 8
7 3
10 14
5 9
6 7
10 14
2 3
1 5
10 6
13 14
8 9
7 3
5 6
14 13
10 9
4 5
14 15
10 6
5 1
2 6
15 14
14 10
9 5
11 10
13 14
6 5
15 11
7 6
10 9
12 13
5 1
5 9
11 15
13 14
6 10
3 7
2 3
12 13
7 6
