2 3
1 0
4 8
5 9
6 10
8 4
10 6
1 2
9 5
7 3
0 4
5 1
6 2
3 7
4 0
3 2
7 11
0 1
4 8
4 0
1 2
8 12
12 8
0 1
2 6
4 0
6 2
5 1
8 4
6 10
1 2
4 0
2 1
10 6
0 1
6 2
1 5
4 0
2 6
5 1
6 10
0 4
3 2
9 5
8 4
1 0
6 2
7 3
13 9
1 5
2 6
12 8
3 7
8 12
3 2
9 5
0 1
6 10
11 7
5 9
4 0
1 2
6 2
4 8
1 5
8 4
0 1
3 2
10 6
4 8
2 3
1 5
4 0
1 2
12 8
3 7
6 2
0 4
5 1
8 12
7 11
9 5
2 3
0 1
10 6
4 0
5 1
3 2
13 9
8 4
1 0
9 13
4 8
2 1
5 9
5 1
0 4
6 2
12 8
13 9
1 0
2 6
4 8
2 1
0 4
3 2
4 8
0 1
2 6
4 0
7 3
1 5
8 4
5 9
1 0
3 2
2 1
0 4
9 13
4 0
3 2
1 5
13 9
2 3
1 0
4 8
9 5
0 1
3 7
5 9
1 2
7 11
0 4
9 5
2 1
4 8
3 7
3 2
8 12
7 3
12 8
2 3
11 7
8 4
6 2
3 7
4 0
7 3
1 2
8 4
2 3
7 11
0 1
12 8
2 1
4 0
3 7
5 1
2 3
4 8
6 2
5 1
8 4
9 5
0 4
10 6
3 2
12 8
6 2
5 1
7 3
4 0
10 6
11 7
8 4
2 3
1 0
