7 8
9 4
15 10
11 6
2 3
19 14
6 5
4 9
12 7
10 11
18 19
15 16
5 10
7 12
11 6
8 9
1 6
12 17
3 8
9 14
10 11
12 11
0 1
8 9
5 6
17 16
4 3
11 12
1 2
9 14
3 4
10 5
17 12
2 7
14 19
6 11
12 13
14 9
18 17
2 1
14 13
7 12
19 18
4 9
2 3
13 12
18 17
3 2
13 8
12 11
12 13
8 7
11 16
8 13
11 12
13 14
7 12
6 11
12 13
10 11
7 8
12 17
13 12
16 17
12 11
14 13
18 17
13 12
11 6
9 14
17 16
19 18
12 11
6 1
16 15
18 17
11 6
13 12
17 16
0 1
8 13
11 12
7 6
16 15
12 11
14 13
8 7
6 1
10 11
13 12
9 8
19 14
7 2
11 6
18 13
9 14
3 8
2 1
11 10
13 8
18 19
12 11
8 13
13 12
6 11
9 8
7 12
14 9
8 3
11 16
1 6
12 11
16 15
9 8
3 4
2 1
12 7
13 8
1 6
11 16
9 4
11 12
8 7
6 5
14 13
4 3
12 7
5 0
9 14
7 12
0 1
2 7
12 11
0 1
8 7
3 2
13 12
7 6
8 13
4 3
12 11
6 5
7 2
13 18
17 12
2 3
7 8
12 17
5 10
14 13
7 6
3 4
10 11
17 12
18 13
19 14
2 7
4 9
10 5
2 3
11 10
7 12
9 14
5 6
6 11
9 4
12 7
3 8
10 5
9 8
12 11
7 6
8 9
11 12
7 8
6 11
12 13
14 9
12 7
3 8
10 11
19 14
5 10
8 7
11 12
4 3
14 9
10 11
17 12
7 2
9 4
0 5
12 11
2 7
18 17
11 6
12 7
13 18
17 12
6 7
19 18
6 5
7 8
18 19
12 7
11 6
13 12
2 7
6 7
12 11
7 8
11 12
8 7
10 11
12 17
11 10
7 2
8 9
12 11
8 7
17 12
9 8
11 16
7 12
18 17
14 9
8 3
12 7
13 14
9 4
17 12
18 13
9 14
6 7
16 17
11 12
14 9
8 13
17 18
14 19
11 16
12 13
7 8
16 11
19 14
12 17
8 7
15 16
11 10
17 12
18 19
13 14
11 16
10 5
18 17
16 17
6 11
5 10
19 18
16 15
1 6
10 11
17 18
17 16
18 19
5 6
10 15
18 17
1 6
11 16
10 5
6 7
19 18
12 17
15 10
5 0
11 12
17 18
7 2
14 19
1 6
12 13
18 19
16 17
2 3
9 14
7 6
12 11
1 2
13 18
14 9
5 6
17 12
2 3
6 5
16 17
13 12
3 4
17 18
8 13
4 3
18 13
17 12
4 9
7 8
12 13
9 4
18 19
3 8
2 7
13 18
11 12
4 3
7 2
12 13
17 18
10 11
4 9
18 13
16 11
15 10
8 13
11 12
19 18
10 5
11 6
17 12
3 8
18 19
18 17
11 16
8 7
11 12
2 7
9 8
19 18
10 11
12 17
1 2
4 9
15 10
2 7
11 12
0 1
17 18
11 12
5 10
1 0
16 15
6 11
1 2
