7 3
10 9
2 6
12 8
14 13
3 7
11 10
5 6
9 13
4 8
15 11
7 6
14 10
5 9
12 13
6 10
11 7
8 9
7 6
11 10
5 6
3 7
6 10
7 11
4 5
11 10
7 3
15 11
3 2
9 10
2 1
11 15
10 14
8 9
7 11
1 5
13 14
0 1
11 7
15 14
5 4
7 3
2 1
14 13
10 11
5 9
3 7
1 2
4 5
15 11
9 10
13 12
3 2
5 6
14 13
11 10
12 8
2 6
7 3
10 14
9 8
3 2
6 7
13 14
12 8
2 1
14 15
6 10
1 0
10 14
7 6
5 1
11 7
15 14
0 4
1 5
14 10
7 11
4 8
5 6
4 0
3 7
6 10
5 1
0 4
10 11
2 6
4 5
10 14
11 15
1 5
11 10
14 13
1 2
9 10
15 14
7 11
0 1
10 9
4 0
6 10
9 8
10 14
9 5
6 10
14 15
5 9
7 6
15 11
14 13
4 5
11 7
9 13
6 5
0 4
14 10
7 3
13 9
15 11
6 2
11 7
9 10
5 6
13 12
2 3
15 14
7 6
5 9
14 13
6 5
9 13
5 1
7 6
4 5
0 4
5 6
5 9
6 2
4 5
7 6
9 5
0 4
11 7
5 6
4 0
15 11
4 5
6 7
0 4
5 9
7 11
4 5
11 15
7 6
5 6
7 11
15 14
4 5
11 15
6 7
0 4
7 11
4 0
6 7
4 5
5 4
6 5
5 4
7 6
4 0
5 6
11 7
0 4
6 5
15 11
5 4
6 7
14 15
9 5
11 7
13 14
4 5
15 11
7 6
13 9
7 11
5 4
12 13
6 7
11 15
4 5
8 12
11 7
6 5
7 11
5 4
7 6
5 9
4 0
6 5
0 4
9 13
6 7
5 4
2 6
4 0
5 6
0 4
3 2
6 5
1 0
6 7
5 4
1 2
7 11
2 1
4 5
10 6
7 6
11 15
0 4
9 5
3 7
15 11
1 0
13 9
8 4
15 14
7 11
2 3
9 10
11 15
1 2
15 14
11 7
5 1
6 2
14 15
4 5
1 0
13 14
15 11
1 5
11 7
14 15
12 13
2 1
5 1
10 11
13 12
15 14
7 3
7 11
13 14
1 5
11 7
14 13
5 6
1 2
14 15
11 10
7 6
2 1
4 5
10 14
6 5
7 11
8 4
6 10
5 4
3 7
13 14
2 6
9 10
15 14
12 13
3 2
11 10
13 14
6 2
10 11
12 13
5 6
3 2
15 11
1 5
10 6
2 3
11 15
2 1
6 2
10 6
9 10
2 6
8 9
10 6
9 10
4 8
6 5
2 6
8 9
7 6
9 5
10 6
6 5
6 5
2 6
3 2
