10 6
3 2
1 0
5 9
8 12
7 11
6 2
9 5
0 4
12 8
10 6
1 2
9 13
4 0
3 2
5 1
13 9
0 4
6 2
7 3
4 8
9 5
2 1
4 0
3 7
1 2
8 4
6 2
5 1
2 6
9 5
3 2
6 10
2 1
7 3
1 0
2 3
0 4
1 5
3 2
5 1
4 8
6 2
1 0
8 12
9 5
0 4
13 9
1 0
4 8
5 1
0 4
2 1
9 5
4 0
1 0
8 4
5 1
12 8
1 2
2 6
1 5
5 1
2 1
5 9
9 5
1 2
5 1
2 3
9 13
2 1
3 7
9 5
1 2
13 9
2 3
1 2
2 1
3 2
5 1
0 1
7 3
6 2
9 5
4 0
3 7
1 5
2 6
2 3
0 1
5 9
8 4
1 2
0 4
9 5
4 0
2 3
1 5
3 7
5 9
4 8
2 6
0 1
6 2
11 7
1 5
0 4
7 3
1 2
10 6
5 9
3 2
7 11
6 10
2 1
3 7
2 3
1 0
6 2
0 4
1 5
4 0
2 1
5 9
4 8
2 3
1 5
3 7
0 4
9 5
7 11
1 0
2 1
11 7
3 2
2 6
7 3
11 7
2 3
1 2
3 7
2 3
3 7
2 1
2 3
6 2
1 2
10 6
2 1
0 1
3 2
4 0
7 3
5 1
3 7
8 4
9 5
12 8
7 11
5 9
3 7
4 8
5 1
0 4
7 11
9 5
8 4
3 7
5 9
2 3
4 0
11 7
8 4
6 2
3 7
0 4
10 6
12 8
2 3
6 10
1 0
8 12
8 4
