19 14
7 8
13 12
11 6
15 10
9 14
3 8
5 6
12 7
19 18
16 15
14 9
8 3
6 7
11 12
9 4
5 6
7 12
14 19
4 3
0 5
1 6
13 12
19 14
8 7
8 3
6 11
12 17
14 9
0 1
3 2
5 6
9 14
8 13
11 12
2 3
6 1
13 14
11 10
3 2
7 6
13 12
5 10
14 19
8 3
14 13
17 12
6 5
7 8
6 11
0 5
4 3
19 14
8 7
5 6
9 4
7 12
4 3
13 12
4 9
2 3
17 12
8 13
9 4
12 11
13 8
4 3
10 11
7 12
4 9
11 10
12 7
11 6
10 5
6 7
10 11
11 12
7 8
5 10
12 13
8 9
11 10
5 6
8 3
9 4
13 18
10 11
15 10
9 8
12 13
11 16
8 7
4 9
10 15
14 13
17 12
9 8
10 11
7 12
7 2
15 10
13 12
9 4
2 7
5 10
4 9
14 13
12 17
8 7
0 5
10 15
17 12
9 14
10 5
7 6
13 8
17 16
19 14
6 11
15 10
9 8
13 12
5 6
10 15
8 7
12 11
14 9
10 5
1 6
12 17
19 14
0 5
15 10
7 6
17 12
5 0
10 15
10 5
0 1
1 2
5 0
15 10
0 1
2 7
7 8
1 2
0 5
2 1
8 9
12 7
5 10
0 1
2 7
10 15
9 4
13 12
5 0
1 2
7 8
14 9
1 0
2 7
10 5
8 9
0 1
7 12
5 10
7 2
5 0
15 10
12 17
1 2
8 7
13 8
0 1
2 7
5 0
7 8
1 2
8 13
0 1
10 5
2 7
13 14
1 2
0 5
7 8
15 10
12 7
5 0
14 19
10 5
0 1
2 7
12 13
7 12
15 10
0 5
1 2
13 8
2 7
5 0
12 13
10 15
10 5
0 1
12 7
13 14
2 1
5 10
7 12
1 2
5 0
15 10
12 13
1 0
2 7
10 5
0 1
7 12
15 10
1 2
0 1
2 7
5 0
2 1
0 5
7 2
10 5
1 0
12 7
2 1
5 10
13 12
0 5
7 2
10 15
12 13
2 7
1 0
14 13
10 5
2 1
12 7
5 10
19 14
13 12
1 2
0 5
10 15
7 2
1 0
13 14
5 10
12 7
14 13
5 0
15 10
2 7
13 12
0 5
10 15
14 19
7 2
10 5
9 14
2 1
7 12
5 10
8 7
1 0
7 2
13 8
5 0
12 7
0 1
8 13
17 12
2 7
9 8
0 5
7 2
12 13
4 9
2 1
12 7
13 14
3 4
7 2
1 0
14 9
13 12
2 7
0 5
9 14
6 1
8 7
5 0
14 19
9 8
7 2
6 5
8 13
2 1
14 9
5 10
8 7
13 12
19 14
2 7
12 17
7 2
12 13
7 8
11 12
1 2
6 7
17 12
2 1
7 8
11 6
18 17
8 13
7 12
16 11
6 5
13 14
8 9
12 11
6 7
17 16
12 13
9 8
14 19
11 6
9 4
19 14
7 8
13 12
11 16
13 14
6 7
8 9
18 19
11 12
16 17
14 13
7 6
12 11
16 15
7 2
18 13
14 19
11 16
13 8
15 16
8 7
7 8
3 8
7 2
8 13
2 7
13 18
8 7
7 6
18 13
13 14
6 7
8 13
19 14
7 8
13 18
9 8
6 7
18 17
13 8
7 6
14 9
2 7
19 14
5 6
8 7
11 6
10 5
9 8
6 1
15 10
0 5
14 9
8 7
11 6
0 5
3 8
7 12
9 14
16 11
6 1
9 8
7 2
11 10
6 5
8 13
2 7
9 4
11 10
6 1
13 12
3 8
4 9
10 15
12 17
13 18
8 3
15 10
7 12
17 18
8 9
3 4
14 13
16 15
18 13
17 12
7 8
19 14
4 3
17 18
3 2
14 19
8 9
12 11
12 17
2 7
3 4
13 14
11 6
18 17
2 1
8 3
16 17
1 2
17 18
1 6
16 17
0 1
6 11
18 17
1 2
15 16
18 17
2 7
10 15
13 18
5 10
1 2
19 18
8 13
15 10
3 8
18 13
18 17
4 3
9 8
19 18
12 17
