1 0
2 3
5 9
4 8
6 10
0 4
9 5
1 2
10 6
7 3
8 4
6 2
5 1
3 7
4 0
3 2
7 11
4 8
0 1
4 0
1 2
8 12
0 1
12 8
2 6
4 0
5 1
6 2
8 4
1 2
4 0
2 1
0 1
2 6
6 10
3 2
4 0
5 1
1 5
2 6
0 4
3 2
8 4
5 1
10 6
12 8
6 2
5 9
7 3
1 0
3 2
8 12
0 1
6 10
9 13
11 7
4 0
1 2
3 7
13 9
1 5
6 2
4 8
3 2
8 4
0 1
9 5
10 6
2 3
4 8
1 5
13 9
1 2
4 0
12 8
3 7
0 4
5 1
6 2
8 12
7 11
0 1
9 5
2 3
10 6
5 1
4 0
3 2
13 9
8 4
1 0
9 13
4 8
2 1
5 9
0 4
5 1
6 2
12 8
2 6
1 0
4 8
2 1
0 4
3 2
4 8
0 1
7 3
2 6
1 5
4 0
8 12
3 2
1 0
8 4
5 9
2 1
0 4
12 8
9 13
3 2
1 0
4 8
13 9
4 0
2 3
1 5
8 12
0 1
3 7
5 9
1 2
7 11
4 0
9 5
2 1
3 7
0 4
5 9
3 2
4 8
7 3
8 4
2 3
11 7
8 12
1 2
3 7
12 8
7 11
0 1
6 2
4 0
3 7
10 6
2 1
0 1
2 3
8 4
1 5
3 2
12 8
4 0
6 2
9 5
7 3
8 4
1 5
10 6
3 2
11 7
5 1
3 7
6 2
2 3
1 0
