6
ladder_12 12 16 20 204 37
0 1
0 6
1 2
1 7
2 3
2 8
3 4
3 9
4 5
4 10
5 11
6 7
7 8
8 9
9 10
10 11
2764 5 817 450 1552 1923 2826 2438 2934 583 2768 1040
71 207 271 276 579 652 820 842 846 911 1603 2096 2184 2199 2256 2340 2691 2761 3264 3923
ladder_16 16 22 26 312 44
0 1
0 8
1 2
1 9
2 3
2 10
3 4
3 11
4 5
4 12
5 6
5 13
6 7
6 14
7 15
8 9
9 10
10 11
11 12
12 13
13 14
14 15
25604 3335 26168 33510 2614 63504 16512 32 24846 59360 36309 259 58078 51037 19277 14384
1285 1290 1797 2060 2829 3079 3599 16576 24800 25405 26161 27656 31533 32928 34542 36063 37661 49216 52205 53280 57837 58333 60135 61536 62461 64429
grid_16 16 24 28 288 42
0 1
0 4
1 2
1 5
2 3
2 6
3 7
4 5
4 8
5 6
5 9
6 7
6 10
7 11
8 9
8 12
9 10
9 13
10 11
10 14
11 15
12 13
13 14
14 15
21287 28373 43795 36950 23224 22680 51481 45951 52550 64233 51795 32521 48415 34824 48732 34335
100 4676 5925 6664 7064 11041 13673 13866 13901 15173 19496 19564 19624 28737 30208 30348 32818 32903 34462 34884 35375 36382 36557 40198 41585 43716 48481 65035
grid_20 20 31 34 415 49
0 1
0 5
1 2
1 6
2 3
2 7
3 4
3 8
4 9
5 6
5 10
6 7
6 11
7 8
7 12
8 9
8 13
9 14
10 11
10 15
11 12
11 16
12 13
12 17
13 14
13 18
14 19
15 16
16 17
17 18
18 19
12480 1016522 14937 555883 589269 753523 885290 833274 581466 824981 91946 452232 781272 530756 435278 435539 119586 86775 504648 235904
224 298 2144 12555 16780 33858 36730 88080 121938 138033 139330 139488 191228 200297 296142 315249 358463 450711 508128 541072 541084 546844 553451 618203 702767 743309 752969 820794 832538 834985 880168 909650 1003445 1030291
branched_14 14 13 24 269 49
0 1
0 4
1 2
1 5
2 3
2 6
3 7
4 8
5 9
6 10
7 11
8 12
9 13
8062 9678 429 3360 11231 15949 391 1000 3437 10350 772 549 15027 9292
19 321 1030 1037 1100 1153 1286 1356 2381 3073 3213 3392 3438 3488 3694 4099 5667 5708 6946 7169 7170 9906 14302 15024
branched_18 18 17 30 412 56
0 1
0 6
1 2
1 7
2 3
2 8
3 4
3 9
4 5
4 10
5 11
6 12
7 13
8 14
9 15
10 16
11 17
106645 642 66064 85394 182674 247682 20807 106517 52738 512 33328 88059 126994 57734 70611 32768 101898 100906
70 3114 12295 12352 12353 12358 20545 23019 33664 33850 37057 37443 78550 82323 85906 86357 98320 98704 102483 107031 119249 131120 134170 165904 197680 199706 199722 231456 232458 250363
