5 6
7 8
12 13
19 14
2 3
15 10
17 16
6 11
9 14
17 12
18 19
10 5
7 6
13 12
14 9
19 18
11 16
7 6
8 9
16 17
9 4
1 6
12 7
6 5
3 4
13 12
9 14
1 6
8 3
10 5
6 7
9 8
5 0
3 2
13 8
12 7
5 6
0 1
7 6
18 13
8 7
6 1
13 8
5 6
1 2
8 3
18 13
7 6
0 1
13 12
7 2
5 0
4 3
8 13
6 7
0 1
9 4
13 8
5 0
1 2
4 9
18 13
7 8
6 1
10 5
9 4
13 8
2 7
0 1
8 7
1 2
13 8
0 1
18 13
5 0
6 1
13 8
0 1
19 18
11 6
8 3
1 2
5 0
6 7
16 11
13 8
3 2
0 1
11 16
10 5
18 13
3 8
2 7
17 16
13 8
1 2
19 18
8 13
7 2
14 19
6 1
8 3
6 7
3 8
2 3
13 8
7 2
14 13
12 7
9 14
1 2
19 14
4 9
0 1
13 12
3 2
9 4
14 13
6 1
12 11
2 3
12 13
1 6
9 14
3 8
14 19
6 11
4 9
13 12
2 3
8 7
9 14
11 12
1 6
11 10
13 14
4 9
10 5
9 4
12 13
10 11
14 9
5 10
12 11
4 9
13 14
11 12
10 5
9 14
0 5
12 13
10 11
5 10
12 11
14 13
10 11
13 14
11 12
10 5
14 13
11 10
12 13
14 9
15 10
12 11
13 12
10 11
11 10
11 12
10 15
12 13
16 11
13 14
11 12
14 9
12 13
6 11
14 13
12 11
1 6
13 14
11 12
13 12
9 14
12 13
8 9
13 14
12 11
9 4
8 13
7 12
4 9
12 17
13 14
3 8
14 13
7 12
17 16
14 19
11 12
19 14
13 12
10 11
9 14
6 11
12 7
8 13
18 19
14 13
11 16
19 18
3 8
13 12
16 17
10 11
19 14
2 3
17 18
16 15
9 14
6 11
12 11
7 6
18 17
4 9
15 10
13 12
1 6
11 16
6 11
14 13
17 16
11 6
13 12
18 17
19 14
15 16
12 11
7 6
17 18
9 14
19 18
13 12
8 7
10 11
14 9
16 17
18 19
8 13
7 12
15 10
4 9
16 11
3 8
13 18
10 5
15 16
6 11
2 3
12 13
18 17
5 0
14 13
3 2
7 12
18 13
3 8
2 7
13 18
1 2
12 7
8 13
0 1
3 8
5 0
6 1
8 9
4 3
10 5
0 1
8 3
9 4
5 10
8 9
3 4
10 15
13 8
2 3
14 9
15 10
1 2
12 13
19 14
5 10
3 4
7 2
6 1
14 9
12 7
0 1
19 14
2 3
4 9
1 6
5 0
11 12
18 19
9 4
6 1
10 11
13 12
17 18
0 1
11 10
18 17
12 11
1 0
16 17
5 10
18 19
6 1
13 12
5 0
11 12
7 6
14 13
0 5
12 7
11 6
9 14
17 12
10 11
2 7
14 19
18 17
15 10
11 12
14 9
7 2
17 16
10 11
19 14
2 1
18 17
5 10
9 14
2 7
11 16
13 18
6 5
8 9
17 18
9 8
1 6
10 5
13 18
2 1
12 17
15 10
11 6
3 8
0 5
14 13
11 12
1 2
18 17
6 5
9 14
10 11
12 13
16 17
2 3
14 9
1 2
11 12
18 13
4 9
16 11
0 1
7 2
19 18
9 4
10 11
18 13
1 0
8 9
12 11
2 1
15 10
17 18
7 8
11 16
6 1
8 13
11 6
15 16
2 7
3 8
11 12
1 6
10 15
9 8
5 10
6 11
12 17
1 2
4 9
