14 10
7 3
5 6
12 13
0 1
3 7
2 6
10 9
0 4
6 10
7 11
13 9
1 2
11 10
5 6
5 9
6 10
15 11
10 9
11 7
1 5
11 10
6 7
9 13
2 1
10 9
15 11
3 7
13 12
1 0
10 6
5 9
11 10
7 6
9 13
1 5
15 11
2 6
14 15
6 10
3 2
15 14
9 10
6 2
6 10
14 13
13 9
11 10
2 6
15 14
9 5
14 13
10 9
4 5
11 10
13 9
0 4
15 11
14 10
5 9
4 8
12 13
6 5
11 7
8 12
10 9
15 14
7 3
5 9
13 12
15 11
3 2
9 8
14 13
11 10
2 1
9 5
10 6
15 14
13 9
1 5
2 3
11 10
5 4
8 9
3 2
15 11
0 1
12 8
9 5
2 1
5 1
13 12
8 4
6 5
12 13
7 6
5 4
13 9
5 6
11 7
13 12
4 0
9 5
3 7
12 13
6 5
9 13
5 1
13 9
6 5
9 13
5 6
6 2
7 6
6 5
3 7
5 4
2 3
9 5
13 9
5 6
9 13
6 7
13 12
9 5
7 6
9 13
5 6
7 3
5 9
6 7
9 5
11 7
13 9
6 5
15 11
9 13
2 6
5 9
7 6
1 2
12 13
4 5
13 9
5 6
0 4
14 13
6 7
6 5
7 11
7 6
11 15
5 9
11 7
1 5
15 11
9 5
0 1
14 15
4 5
1 2
10 9
5 4
15 11
2 1
13 9
8 4
5 9
11 15
4 5
10 11
14 15
5 1
11 7
5 4
7 3
1 0
5 6
7 11
5 1
6 7
9 5
6 2
3 7
8 9
2 6
7 3
6 5
4 8
10 9
7 6
5 4
11 10
14 10
6 5
15 11
0 4
6 7
5 9
13 14
8 4
7 11
10 9
11 10
8 9
10 14
9 5
7 11
6 10
14 15
13 9
2 6
11 15
14 10
8 9
7 11
6 2
13 14
1 2
15 14
6 7
0 1
2 3
14 13
11 7
6 2
1 5
13 14
5 6
1 0
12 13
15 14
4 5
10 14
2 6
13 14
5 1
3 2
14 10
9 5
12 13
10 9
15 14
6 5
13 12
7 6
5 1
14 15
3 7
6 10
5 9
2 3
7 6
