5 6
12 13
15 10
2 3
19 14
9 4
6 7
8 3
13 12
10 5
14 9
6 11
7 12
3 2
1 6
12 17
12 13
6 5
2 1
13 12
1 6
10 5
3 2
5 6
12 7
14 13
7 6
5 10
13 14
6 1
1 2
7 6
0 1
2 3
12 7
1 6
3 4
13 12
6 7
4 9
12 17
14 13
1 6
9 8
17 16
6 5
8 7
0 1
16 15
18 17
7 6
15 10
9 8
16 17
6 5
8 3
10 15
17 12
5 0
16 17
6 5
1 0
0 1
7 6
10 5
6 11
1 2
0 5
2 3
11 6
0 1
5 0
6 7
3 8
0 1
7 8
10 5
8 3
1 2
15 10
3 8
2 7
0 1
9 8
2 3
8 7
14 9
6 7
13 8
19 14
7 8
11 6
18 13
6 5
8 9
5 6
7 8
6 7
3 8
2 3
7 8
5 6
10 5
8 3
8 3
5 6
7 8
6 7
7 8
5 6
8 9
7 2
10 5
9 14
5 6
14 13
8 9
7 8
14 19
13 8
2 7
3 8
13 14
8 7
7 6
13 8
5 6
14 13
3 8
10 5
7 6
5 10
2 7
10 11
7 2
11 12
5 10
2 3
10 11
12 7
11 12
5 10
16 11
17 12
17 16
13 12
11 16
16 17
10 11
16 11
17 18
5 10
18 13
11 16
10 5
10 11
16 17
13 14
18 17
11 16
17 16
10 11
17 18
11 10
18 13
16 17
5 10
17 18
11 16
10 11
16 17
5 10
11 16
10 11
10 5
5 10
10 5
11 10
16 11
10 5
17 16
11 10
18 17
16 11
13 18
16 17
11 10
18 17
14 13
18 13
17 16
13 18
16 11
18 17
11 10
17 16
12 11
18 13
7 12
16 11
10 11
2 7
15 16
11 16
3 2
11 12
2 3
12 13
4 3
12 11
13 14
12 7
14 13
7 12
9 14
12 11
2 7
7 12
3 2
11 10
11 12
2 7
10 5
12 7
2 3
5 10
12 17
1 2
6 5
7 12
17 18
0 5
12 7
8 7
12 11
11 12
7 2
11 10
7 12
2 7
12 11
12 17
11 10
3 2
7 12
10 5
11 12
5 10
7 2
12 17
12 11
17 16
11 12
16 17
11 10
17 18
6 11
11 12
10 11
11 10
11 12
15 10
12 11
16 15
10 5
12 13
16 11
5 0
11 12
13 14
0 5
13 12
5 6
12 13
0 5
12 11
13 14
13 12
14 13
13 12
19 14
13 18
12 17
19 18
14 13
12 11
18 17
11 10
13 14
17 16
13 12
10 11
18 17
12 11
17 18
11 16
19 18
16 11
13 18
14 19
11 6
17 18
8 13
19 14
6 5
12 13
16 17
9 8
17 12
14 13
11 16
7 8
18 17
12 11
15 16
3 8
2 7
18 13
16 17
11 12
4 3
1 2
13 18
17 12
0 1
15 16
14 13
17 18
11 12
1 0
10 15
9 14
18 17
0 1
10 11
13 18
4 9
2 1
15 10
9 8
12 13
6 1
17 18
16 15
5 10
14 9
11 6
9 4
14 13
11 12
1 6
8 9
13 18
11 12
4 9
7 8
12 17
6 11
14 9
8 13
2 7
3 8
19 14
1 2
14 19
9 8
4 9
