9 4
19 14
2 3
5 6
7 8
0 1
12 13
17 18
15 10
6 7
4 9
13 12
3 8
10 5
1 0
19 18
16 15
14 9
7 12
6 11
0 5
2 1
10 15
14 13
9 8
12 17
6 5
16 11
8 3
10 5
13 18
19 14
12 17
7 6
9 14
13 8
6 11
3 4
17 16
14 13
6 5
4 3
16 15
17 18
13 12
9 4
5 6
14 19
13 8
6 7
12 11
14 9
6 11
7 12
9 8
10 11
13 12
6 11
14 13
17 12
7 6
8 13
19 14
10 11
8 7
5 6
14 9
11 10
6 5
7 2
13 8
19 14
10 11
8 7
5 6
14 13
10 15
18 19
8 9
1 6
5 0
15 16
9 8
6 7
10 15
8 9
6 7
8 7
5 6
9 8
7 6
8 7
7 6
8 13
6 5
12 7
13 8
6 1
11 12
3 8
5 6
8 7
13 12
1 0
6 7
14 13
12 17
9 8
11 6
8 9
12 13
6 11
4 9
13 14
8 3
11 16
9 14
8 13
3 2
6 11
14 19
16 17
3 8
12 11
9 14
17 18
10 11
4 9
14 13
11 12
15 10
9 14
13 18
16 11
10 5
12 13
6 11
12 17
14 13
15 10
11 6
17 12
8 13
9 14
1 6
12 11
14 9
17 16
5 6
9 8
16 15
6 1
14 9
10 5
1 2
9 4
2 3
6 1
14 9
3 2
11 6
2 1
3 8
12 11
1 6
3 2
10 11
1 2
6 5
4 3
2 1
1 6
3 2
6 11
2 1
4 3
11 10
2 3
11 16
1 2
10 15
3 4
6 11
3 2
16 11
1 6
4 3
12 11
6 1
3 4
2 1
11 16
9 4
11 10
3 2
6 11
4 3
11 12
1 6
3 4
6 11
12 17
2 1
1 6
11 12
3 2
1 2
6 11
2 1
2 3
1 6
3 2
6 1
2 1
11 6
12 11
3 2
1 6
6 1
4 3
17 12
2 3
9 4
11 6
16 17
1 2
14 9
12 11
2 3
1 6
11 12
9 4
2 1
3 4
17 12
3 2
6 1
4 9
1 2
11 6
4 3
9 14
2 1
16 11
14 9
2 3
6 1
15 16
11 6
3 4
1 2
16 15
3 2
4 9
1 6
10 11
16 17
6 1
2 3
9 14
5 10
17 12
6 11
1 2
14 9
3 4
12 17
2 1
11 6
4 9
13 12
11 10
2 3
6 1
9 4
6 11
1 2
9 14
3 4
10 15
16 11
4 9
1 6
3 2
2 3
11 6
9 14
6 1
3 4
14 9
10 11
2 1
4 9
6 11
19 14
1 2
9 4
11 16
5 6
3 2
9 14
1 6
11 12
16 17
2 3
17 16
6 1
12 11
3 4
2 1
12 17
6 5
3 2
4 9
17 16
9 14
8 3
16 17
3 2
8 9
18 17
13 8
2 1
9 14
17 16
9 8
1 6
18 13
16 15
8 13
6 5
19 18
0 1
8 3
6 11
18 17
14 19
13 8
7 6
3 2
11 12
2 3
8 9
18 13
11 6
7 2
5 6
8 3
13 12
9 4
16 11
13 8
6 1
2 3
4 9
12 17
0 5
3 2
7 8
17 18
6 11
5 10
1 2
8 7
11 16
8 13
2 3
11 6
16 15
13 8
3 4
2 7
1 6
11 10
17 16
7 12
13 18
3 8
4 9
6 11
18 13
2 7
8 3
11 6
19 18
8 13
3 2
6 5
11 16
4 3
14 19
7 2
9 8
17 18
5 6
11 12
16 15
13 14
2 3
4 9
5 10
6 1
4 3
18 13
10 15
11 6
19 14
9 4
3 2
17 18
10 5
2 7
4 9
18 17
5 10
9 14
3 2
7 12
17 18
10 5
4 3
8 9
16 17
2 1
11 12
19 18
15 16
3 8
1 6
18 17
10 11
13 12
16 11
8 7
3 2
1 6
15 10
19 18
7 12
17 16
0 1
5 10
14 19
11 6
9 8
18 13
7 2
11 10
15 16
14 9
19 18
12 17
2 7
10 15
17 12
9 4
19 14
2 1
17 18
15 16
12 11
9 8
14 19
1 2
12 11
4 9
10 15
0 1
12 17
5 10
15 16
1 2
2 7
1 6
1 2
6 11
