10 6
7 11
1 0
4 8
3 2
9 13
3 7
6 2
0 4
5 9
8 4
0 1
10 6
2 3
4 0
1 2
6 10
0 1
2 6
1 2
0 4
6 2
5 1
4 0
1 0
2 6
9 5
0 1
3 2
10 6
1 0
6 10
2 1
4 0
6 2
5 1
8 4
3 2
10 6
9 5
4 8
2 3
8 12
6 2
3 7
3 2
2 3
1 2
7 3
6 2
0 1
3 7
2 6
7 11
1 2
6 10
0 1
3 2
1 5
7 3
5 9
1 0
9 13
5 9
1 5
0 1
5 9
1 0
9 5
1 5
13 9
4 0
0 4
9 5
0 1
9 13
1 0
2 1
3 2
5 1
1 0
1 5
0 4
5 9
2 1
4 0
6 2
9 5
8 4
1 5
4 0
2 3
10 6
12 8
2 1
5 9
3 7
8 4
2 6
1 5
7 3
9 13
8 12
0 1
9 5
11 7
1 2
4 0
13 9
2 6
1 0
6 2
1 5
0 4
2 1
5 9
2 3
0 1
9 13
1 0
3 7
2 6
7 3
1 5
0 4
6 10
3 2
0 1
4 8
5 9
11 7
2 1
8 4
7 11
9 5
1 0
2 3
8 12
6 2
0 1
12 8
3 7
0 4
1 2
4 0
3 2
0 1
4 0
2 1
8 4
6 2
0 1
4 0
3 2
1 5
4 8
6 2
7 3
1 0
8 4
2 1
3 7
4 0
1 5
3 2
11 7
12 8
1 0
2 6
7 11
5 9
4 8
2 1
9 5
4 0
3 2
5 1
0 4
13 9
2 6
7 3
0 1
9 5
8 4
11 7
3 2
6 10
5 9
12 8
4 0
3 7
5 1
10 6
8 12
6 2
7 3
9 5
1 0
8 4
11 7
10 6
2 3
5 9
7 3
6 10
11 7
