14 10
2 6
7 3
12 13
0 1
4 8
3 7
5 6
10 9
1 2
4 0
13 9
7 11
6 10
0 4
12 13
11 10
5 6
6 10
5 9
15 11
13 9
6 7
11 7
9 10
6 10
3 7
2 6
9 10
7 11
10 11
13 9
3 2
6 10
9 5
15 11
8 9
10 11
5 1
15 11
13 9
1 2
9 10
2 1
12 13
11 10
5 9
1 2
15 11
13 9
2 6
0 1
14 13
11 10
6 7
3 2
15 11
9 10
2 1
5 9
11 10
13 9
11 7
9 5
14 13
13 14
10 9
5 1
14 10
9 5
2 1
10 6
5 1
6 5
10 11
6 2
4 5
11 10
2 6
10 9
1 5
15 11
9 5
0 1
6 10
9 13
1 2
7 6
0 1
13 12
5 9
6 7
2 3
10 9
6 5
1 2
9 10
2 6
4 5
10 11
9 13
5 6
10 14
4 5
8 9
11 7
9 5
7 3
6 10
0 4
5 6
9 8
2 6
8 9
6 5
6 7
5 4
9 5
7 11
2 6
5 1
6 7
8 9
11 15
6 2
5 9
7 6
2 1
9 5
1 0
6 5
9 8
6 7
5 1
7 6
6 2
6 5
7 6
5 9
2 6
6 5
1 2
5 9
0 1
6 7
9 5
7 6
1 2
4 0
8 9
1 5
11 7
2 6
9 8
15 11
7 6
3 2
0 1
5 9
11 7
14 15
4 5
11 15
13 14
9 5
10 11
5 6
7 11
10 9
6 2
11 10
5 4
9 8
7 6
11 15
9 5
8 4
6 5
3 7
15 14
13 9
4 8
7 6
12 13
14 10
15 11
5 1
6 10
11 15
9 5
12 8
13 9
6 7
14 15
1 5
8 4
15 11
10 14
2 1
9 5
4 8
10 6
11 7
1 0
9 8
13 14
9 10
11 15
7 3
1 2
14 13
7 11
5 9
10 6
0 1
10 11
3 7
6 2
1 5
4 0
11 7
6 10
7 3
10 6
3 2
10 9
7 11
2 3
14 10
6 2
13 14
5 6
10 14
12 13
4 5
10 14
2 6
5 1
13 14
11 10
3 2
9 5
15 11
12 13
6 5
10 9
11 15
7 6
5 1
6 10
5 9
3 7
2 3
7 6
