11 6
15 10
7 8
9 4
2 3
19 14
12 7
6 5
4 9
10 11
15 16
8 9
7 12
1 6
5 10
11 6
9 14
12 17
3 8
0 1
12 11
8 9
1 2
5 6
17 16
4 3
10 11
9 14
17 12
2 7
3 4
11 12
14 19
18 17
4 9
2 1
10 5
12 13
6 11
14 9
18 19
2 3
14 13
7 12
19 18
3 2
13 12
18 17
13 8
12 11
8 7
12 13
11 16
8 13
7 12
11 12
13 14
7 8
12 17
6 11
12 13
10 11
16 17
13 12
18 17
12 11
14 13
19 18
17 16
13 12
11 6
9 14
16 15
18 17
6 1
12 11
17 16
11 12
7 6
16 15
0 1
13 12
11 6
8 7
8 13
12 11
6 1
7 2
14 13
10 11
9 8
2 1
13 12
11 6
3 8
19 14
18 13
11 10
9 14
12 11
13 8
18 19
8 13
6 11
7 12
11 12
9 8
1 6
13 12
11 16
8 3
14 9
2 1
12 7
16 15
9 8
3 4
1 6
13 8
11 12
9 4
6 5
12 11
8 7
4 3
5 0
14 13
7 12
11 16
9 14
0 1
8 7
11 12
0 1
2 7
12 11
13 12
7 6
3 2
4 3
12 11
7 2
8 13
6 5
2 3
12 17
5 10
13 18
7 6
7 8
10 11
17 12
3 4
14 13
4 9
2 7
10 5
12 17
18 13
9 4
11 10
5 6
7 12
2 3
9 14
12 7
6 11
10 5
4 3
9 8
7 6
12 11
3 4
11 12
8 9
12 13
10 11
7 8
14 9
12 7
5 10
6 11
19 14
4 9
11 12
8 7
14 9
0 5
3 4
17 12
10 11
7 2
9 4
19 14
12 11
2 7
18 17
11 6
12 7
19 18
6 7
17 12
13 18
6 5
7 8
18 19
11 6
12 7
2 7
13 12
6 7
12 11
11 12
7 8
8 7
10 11
12 17
11 10
7 2
8 9
12 11
8 7
17 12
9 8
11 16
7 12
14 9
18 17
8 3
12 7
13 14
9 4
17 12
18 13
9 14
6 7
16 17
14 9
11 12
8 13
11 16
17 18
12 13
14 19
7 8
12 17
16 11
19 14
8 7
11 16
18 19
17 12
13 14
15 16
18 17
11 10
16 17
19 18
10 5
6 11
16 15
17 18
1 6
5 10
17 16
18 19
1 6
10 11
18 17
5 6
11 16
10 15
12 17
19 18
6 7
10 5
14 19
17 18
7 2
11 12
15 10
5 0
1 6
18 19
12 11
2 3
9 14
5 6
17 18
12 13
1 2
14 9
7 6
16 17
2 3
13 18
6 5
17 12
18 19
3 4
16 17
13 12
4 3
8 13
17 12
4 9
18 13
7 8
9 4
12 13
3 8
17 18
2 7
4 9
11 12
13 18
4 3
7 2
10 11
12 13
16 11
18 13
15 10
11 12
8 13
19 18
10 5
17 12
11 6
3 8
18 19
11 16
8 7
18 17
11 12
2 7
9 8
19 18
10 11
12 17
1 2
4 9
11 12
5 10
17 18
2 7
0 1
15 10
11 12
1 2
1 0
6 11
16 15
