12 13
11 6
15 10
7 8
9 4
2 3
0 1
17 16
19 14
5 6
4 9
13 12
1 2
15 16
7 6
17 12
8 9
10 5
6 11
5 0
3 8
9 14
2 7
8 9
12 11
0 1
4 3
10 5
11 12
7 8
9 14
1 2
3 4
0 5
8 13
14 19
11 16
12 7
4 9
5 10
7 2
14 13
16 11
19 18
10 15
5 0
7 8
11 6
9 14
18 19
5 10
13 8
12 11
7 2
9 14
6 7
18 13
11 12
2 7
13 12
19 18
1 6
7 8
14 13
17 18
12 7
8 13
18 17
7 2
13 12
16 17
18 19
9 8
2 7
17 16
19 14
7 12
18 19
14 9
12 11
19 18
9 14
11 6
12 7
9 4
13 14
7 2
6 1
12 17
11 16
14 9
4 3
1 0
7 8
17 12
16 15
9 4
6 1
2 7
13 12
16 11
7 6
17 16
12 11
14 13
1 2
1 6
18 17
12 13
9 14
6 11
4 9
13 12
19 18
11 16
14 9
17 12
11 10
12 13
6 11
14 13
11 6
9 14
7 6
12 11
4 9
13 12
6 7
17 12
7 2
14 13
6 7
9 14
13 18
2 1
12 7
4 9
2 3
5 6
13 12
7 6
18 13
12 7
6 1
13 12
17 18
7 2
14 13
18 19
12 7
9 14
18 17
7 6
14 19
18 13
17 12
6 5
9 14
12 7
18 17
14 9
12 17
19 18
7 6
19 14
17 18
12 13
14 9
17 12
18 17
9 14
12 7
4 9
19 18
17 12
9 14
18 19
9 4
14 19
17 18
19 18
14 9
12 17
19 14
7 12
14 19
6 7
18 19
5 6
19 18
7 6
10 5
19 14
17 18
6 5
18 19
12 17
14 9
14 19
17 18
7 12
19 14
13 12
6 7
19 18
9 14
12 17
18 19
14 9
14 19
9 4
17 18
19 14
14 9
19 18
9 14
13 14
9 4
14 19
12 13
4 9
7 12
14 9
13 12
2 7
9 4
12 7
13 14
1 2
4 9
12 13
7 6
14 9
12 17
7 2
6 5
9 14
7 12
17 18
13 14
1 6
12 17
2 7
11 6
14 9
18 19
7 12
9 14
12 17
7 2
9 4
11 12
6 7
4 9
17 12
16 11
7 2
3 4
12 13
2 7
11 6
16 17
12 17
13 14
6 1
11 12
6 5
14 9
13 18
12 7
10 11
9 4
18 13
4 9
6 11
7 2
8 13
5 6
8 7
11 16
9 14
2 3
1 6
8 9
3 4
16 11
7 12
14 19
0 5
4 3
15 16
6 1
12 17
19 18
14 9
1 2
12 11
16 17
19 14
9 4
6 5
0 1
18 19
16 15
8 9
11 12
13 14
5 6
1 2
17 18
4 9
7 8
14 19
11 10
5 6
17 16
2 3
14 13
10 11
7 2
12 17
14 9
11 6
16 17
9 14
8 7
3 2
18 17
4 9
7 12
2 1
19 14
17 16
3 4
19 18
8 7
1 0
12 17
14 19
2 7
9 4
0 1
13 12
2 3
17 18
0 5
3 8
7 2
14 13
17 12
19 18
6 5
13 18
8 7
19 14
16 17
4 3
12 11
9 14
2 7
12 13
15 16
2 7
14 9
11 12
10 15
4 9
17 12
1 2
9 8
18 17
11 12
0 1
2 7
8 13
1 0
9 4
16 11
12 17
19 18
3 8
11 12
0 1
15 16
17 18
6 1
10 15
4 3
11 12
11 6
2 1
3 8
5 10
9 8
1 6
3 8
4 9
1 2
6 11
