14 10
7 3
2 6
12 13
4 8
10 9
5 6
3 7
7 11
13 9
6 10
5 6
12 13
11 10
3 7
6 10
5 9
11 15
13 9
6 7
15 11
7 11
10 9
14 13
10 9
7 6
6 10
11 7
7 6
10 9
6 2
9 8
14 10
3 7
2 1
8 4
10 6
13 14
7 11
1 0
8 12
6 2
11 15
9 8
4 0
7 6
5 4
13 9
0 1
12 8
7 11
1 2
9 5
14 13
8 4
11 7
5 1
10 9
3 2
13 12
11 15
6 10
1 2
9 8
4 5
7 3
10 14
6 5
8 9
0 4
3 2
5 1
11 10
4 8
13 9
7 3
9 5
1 2
10 6
8 12
11 7
14 10
0 1
4 8
12 13
15 11
8 9
0 4
5 1
10 14
13 12
7 11
9 10
4 5
2 1
15 14
11 7
9 8
0 4
6 5
14 15
8 9
0 1
10 6
11 15
4 8
1 2
10 11
8 4
0 1
2 3
12 8
6 2
4 0
5 1
8 9
10 6
13 12
1 2
9 8
14 13
6 2
10 14
8 4
11 10
4 5
14 13
9 8
10 11
4 0
5 6
13 12
7 11
10 9
12 8
1 5
0 4
6 2
9 10
8 4
11 15
13 12
14 10
4 8
5 9
10 11
9 8
1 5
14 13
11 7
9 10
8 12
5 6
0 1
15 11
12 13
14 10
5 1
4 0
6 7
11 10
14 15
8 12
1 0
10 11
13 14
0 1
4 8
9 10
14 13
0 4
11 7
6 10
13 9
15 14
1 0
14 15
10 9
5 6
12 13
9 8
15 14
10 6
5 1
8 4
11 15
13 9
2 6
4 8
7 11
6 10
12 13
3 2
0 4
11 15
6 5
13 9
12 8
6 2
10 9
1 0
4 5
10 11
5 6
9 13
0 4
6 5
9 10
1 0
11 7
10 9
2 6
4 0
2 1
6 10
5 9
8 4
10 6
9 13
0 1
6 2
5 9
10 11
0 4
11 10
3 2
8 9
6 5
14 10
7 3
9 8
6 7
14 10
5 9
2 3
10 6
13 14
1 5
8 9
7 3
5 6
14 15
10 9
14 13
4 5
10 6
2 6
5 1
15 14
9 5
14 10
11 10
6 5
13 14
10 9
7 6
15 11
12 13
5 1
13 14
5 9
3 7
6 10
11 15
2 3
12 13
7 6
