2 3
0 8
14 13
10 9
7 6
5 4
8 9
10 2
3 11
14 6
12 13
15 7
0 1
9 10
6 14
11 3
13 12
1 0
10 2
13 14
3 4
7 6
1 9
8 0
3 2
12 13
10 11
15 14
8 9
2 3
11 12
5 13
14 15
10 2
12 13
6 5
11 3
5 6
11 10
14 13
1 2
12 11
4 5
10 9
13 14
7 6
13 12
3 4
11 10
1 9
6 7
11 3
12 13
8 9
2 1
14 6
4 12
10 9
0 8
13 14
7 6
3 4
11 10
1 0
9 8
13 5
14 15
4 12
10 9
11 3
2 1
15 14
12 11
9 1
3 2
11 10
13 12
0 1
10 9
11 3
5 13
9 8
3 4
11 10
9 10
4 5
12 11
8 9
11 10
5 13
4 3
9 1
5 6
13 14
0 8
2 10
11 3
4 5
9 8
13 12
14 15
3 2
1 0
10 9
5 6
13 14
7 15
11 10
6 14
4 5
14 6
12 11
13 5
11 10
15 14
13 12
10 9
3 11
6 14
2 10
5 6
10 11
6 14
1 2
4 5
14 15
11 12
9 10
2 3
1 9
12 13
15 14
4 3
10 11
14 15
10 9
13 12
0 1
11 3
1 9
5 13
3 11
6 14
10 11
6 5
3 4
1 0
9 8
11 12
8 0
5 6
11 10
