7 8
9 14
1 6
2 3
12 17
15 10
5 6
8 9
19 14
13 12
14 9
6 5
17 12
9 4
14 19
1 6
5 10
19 14
4 3
6 7
0 1
3 8
14 9
12 7
11 6
2 1
0 5
3 4
11 12
8 13
1 6
4 9
13 12
11 6
3 2
9 14
12 13
14 13
12 17
4 9
17 12
13 14
9 8
13 12
9 14
8 7
12 11
8 9
14 13
11 6
12 13
3 8
4 9
13 12
7 6
8 9
4 3
18 13
12 17
6 11
8 7
9 14
2 3
7 12
11 10
1 6
9 8
17 16
3 2
13 12
10 15
8 7
5 6
12 11
18 13
2 7
16 15
8 3
11 12
14 13
1 2
3 4
12 11
19 14
13 8
4 3
11 6
13 12
9 14
3 4
11 10
7 12
18 13
14 19
6 11
15 10
8 13
2 7
12 17
19 18
9 14
5 6
11 16
13 8
6 7
17 16
13 18
10 11
11 12
7 2
18 17
7 8
12 11
16 17
6 7
10 11
12 17
8 13
11 12
2 7
8 9
13 18
15 10
7 12
18 19
6 11
8 7
12 13
11 6
13 12
9 8
7 2
11 10
6 1
13 14
8 9
2 1
12 7
10 11
8 13
3 2
1 6
9 14
13 18
11 6
7 2
1 0
18 13
6 11
12 7
2 1
13 8
12 11
18 13
8 3
11 10
13 8
10 15
3 2
8 7
11 10
2 1
13 8
7 6
6 7
14 13
8 3
11 6
12 13
9 14
8 7
6 7
12 11
18 13
8 9
11 12
3 8
14 13
7 6
13 18
9 8
6 7
13 12
6 5
12 7
8 13
5 6
7 8
6 11
5 10
12 7
3 8
5 6
13 12
8 3
1 6
12 11
8 13
7 12
9 8
11 6
8 7
13 12
6 11
14 9
12 11
7 8
18 13
6 7
8 3
11 12
19 18
7 8
12 11
1 6
3 4
10 11
5 6
8 13
2 1
4 3
15 10
8 7
13 14
11 6
0 1
3 4
13 18
11 12
6 5
14 9
10 15
5 6
12 7
13 14
10 11
15 16
11 6
7 8
12 13
16 17
12 7
6 1
8 9
17 18
1 6
11 12
9 4
16 17
7 6
12 13
4 9
1 2
15 16
6 7
13 8
16 17
10 15
7 12
9 8
6 11
17 18
2 7
8 9
11 6
7 12
8 13
14 9
9 8
7 6
12 13
19 14
6 5
13 8
14 19
2 7
9 4
8 7
1 6
12 13
19 18
5 10
9 14
7 12
6 11
13 8
10 15
0 5
14 9
12 11
7 6
18 13
5 10
9 14
11 12
7 2
13 8
17 18
6 5
14 19
10 15
9 4
8 7
13 12
2 1
9 14
12 11
7 8
18 13
1 0
4 9
12 13
7 2
3 8
11 10
17 12
13 8
6 7
1 2
10 11
16 17
13 18
12 7
2 1
8 9
10 15
17 12
3 2
8 7
1 0
9 4
15 10
12 13
17 16
2 1
7 6
4 9
17 18
13 12
2 3
0 1
6 5
12 17
0 1
18 19
5 6
3 8
13 12
1 2
16 17
19 18
12 17
6 1
2 7
17 18
11 6
13 12
2 1
14 13
16 17
1 2
6 5
15 16
13 18
9 14
1 6
2 7
16 11
4 9
12 13
0 1
10 15
5 6
14 9
17 16
18 13
11 6
1 2
0 5
18 17
11 16
9 8
2 1
12 11
19 18
3 8
1 6
4 3
18 13
11 16
12 17
0 1
18 19
8 13
15 16
1 0
6 11
19 18
3 8
10 15
12 11
18 19
5 10
4 3
9 4
17 18
