2 1
7 13
0 6
4 5
14 8
15 9
6 0
11 5
1 2
10 4
13 7
1 0
12 6
2 3
16 10
5 11
6 0
1 7
3 4
8 2
11 17
10 16
0 1
4 5
17 11
6 0
10 4
7 1
11 5
0 1
4 3
16 10
5 11
1 0
3 2
4 10
17 11
0 6
7 1
10 4
9 3
1 0
5 4
6 12
3 9
16 10
2 1
6 0
4 5
15 9
0 1
5 4
8 2
1 2
5 11
3 4
6 0
2 8
10 4
11 5
12 6
7 1
3 2
5 11
6 0
8 14
9 3
11 17
0 1
8 2
3 4
1 7
17 11
6 0
2 8
4 5
1 0
7 13
11 17
12 6
5 4
2 1
11 5
3 4
1 0
8 2
5 11
9 3
1 7
0 6
4 10
0 1
4 5
3 2
10 16
11 17
6 12
5 4
1 0
4 10
2 1
6 0
1 2
3 4
10 16
12 6
2 1
9 3
5 4
3 2
10 4
0 1
15 9
11 5
2 8
1 0
17 11
4 5
16 10
3 2
7 1
10 4
0 6
9 3
5 4
13 7
0 1
8 2
10 16
6 12
3 4
11 5
7 1
14 8
16 10
4 5
3 9
1 2
4 10
7 1
5 11
2 3
4 5
3 2
1 7
11 17
3 4
1 0
17 11
2 8
2 1
4 5
8 14
7 1
5 11
3 2
10 4
1 0
11 5
3 4
2 8
6 0
5 4
1 7
8 14
3 2
10 4
0 1
8 2
11 5
7 13
1 0
17 11
4 3
2 8
11 5
2 1
8 14
5 4
1 2
17 11
2 8
4 3
1 0
5 11
0 1
2 3
8 14
5 4
0 6
3 2
8 2
3 4
6 0
2 8
0 1
4 5
6 12
12 6
1 0
14 8
3 2
9 3
