9 10
2 3
12 13
4 8
13 14
11 10
2 6
3 7
6 5
14 10
13 9
3 2
10 11
7 3
9 5
12 13
7 11
10 6
13 9
5 4
6 10
15 11
5 9
4 0
5 6
11 15
9 8
2 6
11 7
6 10
15 11
7 11
14 15
9 10
2 6
11 10
8 9
6 2
15 11
9 13
7 6
2 3
14 15
9 10
5 6
3 2
11 7
15 14
6 10
4 5
14 13
2 6
13 9
10 6
3 2
9 8
7 6
13 14
8 9
14 10
6 7
13 12
6 5
9 10
11 7
8 4
12 13
10 6
7 11
5 1
13 14
11 10
3 7
4 5
1 0
2 6
14 15
2 1
10 11
0 4
6 5
7 3
14 13
10 9
4 0
7 11
2 6
1 0
11 10
4 8
9 5
3 7
8 12
0 1
10 11
3 2
1 0
9 10
4 8
11 15
10 9
0 4
1 2
7 11
9 13
2 3
4 8
14 10
0 1
11 7
10 9
3 7
1 2
0 4
13 12
9 8
11 10
1 0
2 3
7 11
10 9
0 1
10 11
0 4
3 7
1 2
13 9
14 10
4 0
2 3
11 7
11 10
7 3
2 1
10 14
0 1
7 11
10 11
3 7
1 2
14 13
11 10
7 3
0 1
7 11
2 3
10 14
1 2
3 7
11 10
0 1
2 3
7 11
4 0
1 2
0 1
3 2
4 0
7 3
0 4
2 3
11 7
1 0
3 7
10 11
0 4
2 1
14 10
7 11
1 0
11 10
3 2
13 14
1 2
7 3
10 14
0 4
9 13
3 7
2 1
3 2
11 7
0 1
7 3
2 1
10 11
4 0
3 2
11 7
14 10
1 0
10 11
1 2
7 3
13 14
0 4
9 10
2 1
11 7
14 13
4 0
2 3
11 10
8 9
1 0
3 7
10 11
1 2
0 4
12 8
3 2
9 10
7 11
0 1
8 12
7 3
2 1
11 10
8 9
11 7
2 3
10 14
1 0
9 8
3 2
10 11
0 1
7 3
14 10
0 4
2 1
9 10
15 14
4 0
2 3
11 7
6 10
1 0
7 11
14 15
3 2
5 4
14 13
2 1
6 7
10 9
0 4
5 6
13 9
10 11
1 0
7 3
10 14
9 8
0 1
13 12
6 5
2 3
10 9
13 14
8 4
5 9
11 10
14 13
4 8
1 5
14 10
13 9
8 12
10 11
6 5
2 1
12 8
14 10
7 6
9 5
3 2
13 14
4 5
3 7
6 2
11 7
12 13
6 5
2 1
15 14
11 7
4 5
9 13
8 12
15 14
7 3
5 9
4 8
12 13
6 7
1 5
9 10
12 8
2 1
6 5
3 7
9 13
7 3
10 6
5 6
9 10
3 2
2 3
1 5
10 9
2 6
5 4
7 3
9 10
6 5
1 2
8 9
10 14
11 7
5 9
14 10
2 6
15 11
5 1
9 8
13 14
7 6
3 2
9 5
12 13
15 14
4 5
10 9
13 12
1 5
5 6
5 9
6 10
7 6
