10 6
3 2
7 11
1 0
9 13
4 8
3 7
6 2
9 5
8 12
0 4
2 3
10 6
5 9
8 4
11 7
1 2
6 10
9 13
12 8
7 3
10 6
2 1
4 8
7 11
6 2
5 1
8 4
11 7
2 6
9 5
0 4
1 2
5 9
0 4
0 1
6 2
9 5
2 3
5 9
1 2
3 7
5 1
7 11
1 2
3 7
1 5
2 6
2 1
5 9
1 2
5 1
6 2
9 5
2 6
0 1
3 2
5 9
6 2
1 5
7 3
2 1
5 9
3 7
1 0
2 6
11 7
0 1
6 2
1 0
3 2
4 0
1 5
2 6
0 4
5 9
6 10
1 0
9 13
5 1
13 9
1 0
9 5
0 1
1 0
2 1
0 4
3 2
5 1
7 3
11 7
3 2
7 3
2 6
3 2
6 10
2 1
10 6
1 0
0 4
4 8
8 12
4 8
0 4
8 12
1 0
4 8
2 1
0 4
3 2
5 1
2 6
7 3
9 5
11 7
3 2
5 9
2 1
7 3
3 2
11 7
2 1
3 7
1 5
2 6
0 1
5 1
1 2
2 6
1 5
6 2
5 9
2 6
1 2
0 1
3 2
1 0
0 4
4 8
0 1
0 4
1 2
4 8
6 2
1 2
4 0
5 1
4 8
2 3
0 4
1 5
3 7
6 2
4 0
1 2
5 9
10 6
0 1
3 2
4 8
1 2
7 3
8 4
1 0
2 6
8 12
1 5
3 2
4 8
6 10
7 3
0 1
8 12
4 0
2 3
3 7
0 1
2 3
0 4
1 2
3 7
4 8
2 1
8 4
3 2
8 12
4 0
7 3
6 2
4 8
1 2
3 7
8 12
11 7
2 3
8 4
7 11
4 8
2 6
3 7
2 6
8 4
2 3
4 0
7 3
1 2
8 4
11 7
2 6
0 1
7 3
0 4
5 1
3 2
4 8
11 7
9 5
2 3
4 0
5 9
6 2
3 7
0 4
2 6
7 3
4 0
6 10
8 4
2 1
3 7
2 6
4 0
12 8
5 1
3 2
8 4
10 6
9 5
1 0
6 2
7 3
12 8
4 0
5 9
11 7
10 6
2 3
