15 14
2 3
5 4
0 8
12 13
15 7
14 6
3 11
8 9
0 1
11 10
7 6
3 2
8 0
14 6
10 2
11 3
6 5
3 4
10 9
7 6
9 10
2 3
5 13
10 11
5 6
8 9
11 10
1 9
6 7
5 4
3 11
14 6
8 9
15 14
10 11
0 8
7 6
10 11
14 13
8 9
3 11
13 12
9 8
14 15
11 12
1 9
2 3
15 7
12 11
2 1
9 8
12 13
11 3
1 0
8 9
11 12
2 1
0 8
12 13
3 2
1 0
11 12
13 5
10 2
12 4
5 13
2 1
11 12
1 0
12 13
10 11
0 8
11 3
13 12
1 0
8 9
12 11
13 14
2 1
10 11
1 0
11 10
10 9
11 10
12 11
10 9
13 12
2 10
11 3
5 13
9 10
3 2
12 13
4 5
11 3
8 9
11 12
9 10
2 3
0 8
12 4
3 2
1 9
4 5
11 12
2 1
10 9
5 13
10 2
3 11
9 8
5 6
13 14
11 3
9 10
2 1
6 5
11 10
1 2
4 3
7 6
11 12
0 1
15 7
5 6
12 11
1 0
14 15
11 3
6 14
11 12
14 15
5 6
10 11
14 15
13 5
13 14
4 5
15 7
5 13
4 5
5 13
13 12
5 6
12 11
4 5
7 6
11 10
13 5
15 7
12 11
10 9
5 6
2 10
11 12
14 6
4 5
11 10
13 14
5 6
12 11
2 10
14 15
5 4
11 10
13 14
4 12
1 2
7 15
3 11
6 14
5 4
13 12
11 10
14 6
12 13
3 2
10 11
2 3
15 14
5 6
13 12
9 10
4 3
6 5
14 15
1 9
10 11
6 14
4 5
10 9
0 1
11 3
5 6
15 14
1 9
3 11
9 8
3 4
10 11
1 0
11 12
8 0
11 10
