7 8
9 4
15 10
11 6
2 3
19 14
10 11
8 9
6 5
12 7
18 19
15 16
4 9
7 12
5 10
11 6
3 8
10 11
9 14
1 6
12 17
4 3
12 11
0 1
8 9
5 6
17 16
3 4
11 12
9 14
1 2
10 5
17 12
2 7
14 9
6 11
12 13
14 19
18 17
4 9
2 1
14 13
7 12
19 18
2 3
13 12
18 17
3 2
13 8
12 11
12 13
8 7
11 16
11 12
8 13
7 12
13 14
6 11
12 17
10 11
7 8
12 13
16 17
13 12
18 17
14 13
12 11
17 16
19 18
13 12
11 6
9 14
18 17
16 15
12 11
6 1
17 16
11 6
13 12
16 15
0 1
8 13
7 6
11 12
14 13
12 11
6 1
8 7
13 12
10 11
3 8
9 14
7 2
11 6
18 13
9 8
19 14
2 1
11 10
13 8
18 19
12 11
8 13
6 11
7 12
9 8
1 6
11 16
13 12
8 3
14 9
12 11
9 8
2 1
16 15
3 4
12 7
13 8
11 16
1 6
9 4
11 12
8 7
14 13
6 5
4 3
1 0
12 7
5 0
9 14
7 12
1 0
17 12
2 7
8 7
3 2
12 11
7 6
13 12
4 3
7 2
8 13
6 5
12 11
2 3
7 6
13 18
12 17
5 10
7 8
3 4
17 12
10 5
14 13
10 11
2 7
4 9
5 6
19 14
18 13
2 3
11 10
7 12
9 14
9 4
3 8
6 11
12 7
10 5
12 11
9 8
7 6
8 9
11 12
7 8
6 11
12 13
14 9
10 11
12 7
3 8
19 14
11 12
8 7
5 10
4 3
14 9
17 12
10 11
7 2
9 4
0 5
12 11
18 17
2 7
11 6
12 7
19 18
6 7
17 12
11 10
13 18
6 5
7 8
18 19
11 6
2 7
12 7
6 1
6 7
13 12
7 8
12 11
6 1
8 7
11 12
7 2
8 9
12 17
10 11
8 7
11 16
17 12
9 8
11 10
7 12
16 17
14 9
12 7
18 17
16 11
8 3
11 12
13 14
9 4
6 7
9 14
18 13
11 16
17 12
17 18
16 11
14 19
12 13
12 17
14 9
11 10
15 16
8 13
17 12
19 14
10 5
16 15
6 11
7 8
18 17
13 14
5 10
8 7
16 17
18 19
5 6
10 11
17 16
19 18
6 7
10 15
17 18
14 19
11 16
7 2
10 5
1 6
18 17
2 3
15 10
5 6
19 18
12 17
1 2
7 6
5 0
11 12
17 18
14 19
2 3
6 5
16 17
12 11
18 19
9 14
3 4
12 13
19 18
14 9
4 3
17 12
13 18
4 9
16 17
13 12
18 19
9 4
17 12
8 13
4 9
18 13
7 8
12 13
3 8
2 7
17 18
13 18
11 12
4 3
7 2
10 11
12 13
16 11
8 13
15 10
18 13
11 12
3 8
10 5
19 18
8 7
11 16
17 12
18 17
11 6
2 7
9 8
11 12
18 19
4 9
1 2
12 17
10 11
2 7
19 18
0 1
15 10
11 12
1 0
17 18
16 15
1 2
11 12
5 10
6 11
