7 6
12 13
19 14
2 3
17 16
15 10
5 6
9 14
7 8
13 12
15 16
19 18
7 6
14 9
8 13
17 12
8 9
6 11
12 7
13 18
1 6
16 11
9 4
13 8
3 4
9 8
6 5
17 16
13 12
1 6
8 3
16 17
5 10
6 1
3 2
17 18
10 11
0 5
6 7
0 1
12 17
3 4
8 7
1 2
11 6
17 16
4 3
5 0
13 8
2 7
18 13
12 7
8 7
17 18
13 12
13 8
18 19
7 6
17 12
8 7
17 18
8 9
2 7
18 19
12 17
7 8
19 14
1 2
8 9
7 6
9 14
11 6
8 3
7 12
14 19
16 11
9 14
6 11
14 19
4 9
11 6
9 14
16 11
14 19
11 6
17 16
9 14
10 11
6 1
18 17
4 9
11 12
1 2
17 16
9 14
10 11
2 3
14 19
11 12
1 2
13 14
12 17
6 1
19 18
9 14
11 12
1 2
5 6
14 9
12 17
2 3
8 9
11 12
3 2
9 8
1 2
8 13
2 7
0 1
13 18
3 2
5 0
8 13
2 7
0 1
9 8
3 2
8 13
2 1
4 3
13 18
8 9
12 13
9 14
11 12
8 13
12 13
6 11
8 9
17 12
5 6
13 14
12 11
9 14
11 6
12 17
6 11
13 12
6 5
16 11
8 13
11 6
12 13
5 0
1 6
13 8
16 11
6 1
10 11
8 3
15 16
1 2
16 15
6 1
3 2
15 10
1 6
8 3
6 11
3 4
11 12
1 6
12 13
13 8
8 13
18 13
8 3
12 13
13 12
12 11
18 13
11 10
13 12
11 6
12 11
6 1
16 11
13 12
6 11
1 6
11 16
11 12
16 15
12 13
16 11
6 11
13 12
13 18
11 12
18 19
6 11
12 13
13 18
1 6
11 12
12 13
11 6
11 12
6 11
11 16
11 6
6 11
6 1
16 11
1 6
15 16
6 11
17 16
11 6
12 11
6 1
13 12
1 6
11 12
18 13
12 13
19 18
12 11
11 6
13 12
12 11
8 13
3 8
12 13
6 11
13 12
8 3
11 16
13 18
11 6
16 15
14 13
6 1
12 11
18 19
15 16
18 13
7 12
11 6
13 8
11 12
6 1
19 18
8 3
6 11
17 18
14 13
3 2
9 8
10 11
18 19
17 12
2 1
3 8
5 10
19 18
12 17
7 2
18 19
10 5
17 16
8 7
5 0
17 12
19 18
16 15
2 1
7 6
10 5
14 19
15 16
2 3
8 7
5 10
16 15
3 4
18 19
9 8
0 5
2 3
14 9
5 10
4 3
9 8
10 11
0 5
8 7
11 16
1 0
5 10
7 6
5 0
2 1
8 7
6 5
1 0
9 8
7 2
5 10
8 9
10 15
2 3
7 8
14 9
15 16
13 14
8 9
12 13
7 8
13 12
8 9
2 7
13 8
12 11
1 2
13 14
12 17
8 9
2 7
13 12
9 8
17 18
1 2
13 8
9 4
14 13
8 7
13 12
7 6
8 3
12 11
6 5
9 8
4 3
13 12
7 6
5 0
2 3
14 13
17 12
2 7
11 6
9 14
13 18
16 17
7 8
6 5
18 17
11 16
14 13
15 16
12 17
19 14
13 8
13 12
16 17
8 9
18 17
14 13
7 12
16 11
13 18
2 7
11 6
17 12
8 13
7 2
16 17
6 5
13 12
9 8
15 16
13 8
12 11
4 9
17 16
10 15
8 3
13 18
3 2
12 13
8 9
17 18
8 3
17 12
2 7
9 4
8 13
1 2
11 12
4 3
18 17
14 9
13 8
11 12
0 1
2 7
14 13
12 17
1 0
10 11
3 8
13 8
15 10
6 1
11 12
17 18
14 13
0 1
11 12
9 8
16 15
5 10
19 14
2 1
11 6
4 9
1 6
14 19
19 18
1 2
6 11
