14 10
5 6
7 3
12 13
0 1
2 6
3 7
10 9
6 10
7 11
13 9
1 2
11 10
5 6
6 10
5 9
15 11
6 7
10 9
1 5
11 7
9 13
0 1
3 7
13 12
11 10
5 9
7 6
14 13
10 9
15 11
1 5
12 8
10 6
13 9
15 14
8 4
14 13
2 6
9 5
11 10
6 10
13 9
1 2
5 6
14 10
2 1
6 7
9 5
15 14
5 1
2 6
8 9
14 13
6 5
3 2
10 9
1 0
2 6
9 5
14 10
7 3
1 0
4 5
6 10
3 7
6 2
9 10
1 5
7 11
5 6
11 7
2 6
6 10
3 2
11 10
6 2
10 9
2 1
6 5
7 11
9 8
3 2
10 14
11 15
8 4
2 1
7 3
4 0
8 9
7 11
0 1
9 10
11 15
8 4
1 2
8 9
4 5
2 6
9 10
5 4
6 10
13 9
8 4
2 6
12 13
5 9
1 2
13 14
0 1
14 13
1 2
2 6
6 10
2 6
6 7
1 2
7 11
3 2
6 7
2 1
7 11
1 0
2 1
10 11
7 6
11 15
3 2
6 10
15 14
2 1
7 3
14 13
1 0
15 11
15 14
2 1
0 4
14 13
1 0
10 14
5 1
13 9
0 4
6 10
1 2
9 13
7 6
13 12
5 1
6 10
4 5
9 13
1 2
10 14
9 5
6 10
5 9
13 9
5 6
10 14
9 5
2 6
12 13
5 4
6 2
4 0
2 6
5 4
2 3
9 5
5 9
9 13
6 5
5 6
5 9
6 2
9 5
6 5
10 9
5 9
2 6
5 6
13 9
4 5
9 13
0 4
5 6
13 12
4 5
13 9
5 6
14 13
4 0
6 2
12 13
8 4
6 5
13 9
4 0
8 12
2 6
9 13
0 4
12 8
6 10
1 2
9 5
10 14
1 0
6 10
0 4
2 6
4 8
6 10
0 4
10 14
6 10
2 6
9 10
10 11
1 2
9 10
2 6
11 7
6 2
10 9
7 6
11 10
13 9
10 9
11 7
9 5
11 10
5 1
15 11
10 6
9 5
11 7
5 1
7 6
9 5
11 7
1 2
15 11
10 9
7 6
9 13
14 15
3 7
13 14
9 5
2 3
14 15
5 6
5 9
15 11
13 14
11 10
9 5
15 11
5 6
9 8
6 5
11 10
8 4
10 6
9 5
15 11
6 2
13 9
10 14
5 1
9 5
2 6
10 9
3 2
6 10
8 9
5 6
14 10
4 5
13 14
2 6
14 10
5 1
12 13
15 14
9 5
14 10
6 5
7 6
5 1
10 9
13 14
3 7
6 10
12 13
5 9
15 14
2 3
7 6
