9 4
11 6
2 3
7 8
19 14
15 10
8 9
6 5
4 9
1 6
3 8
9 14
6 11
4 3
0 1
11 6
8 9
3 4
2 1
7 6
9 14
11 10
3 2
6 7
4 9
14 19
2 3
12 7
14 9
6 5
19 18
7 8
1 6
8 9
13 8
9 4
7 8
14 13
8 7
14 9
7 6
13 8
5 6
7 6
6 5
5 10
6 7
10 15
7 8
5 6
15 16
11 6
7 2
16 17
6 11
2 1
17 12
11 16
1 0
12 13
2 1
14 13
7 2
13 12
2 1
12 17
18 13
17 12
8 13
7 12
17 16
3 8
13 12
12 11
13 8
11 10
13 12
8 9
5 10
16 11
13 8
10 11
3 8
14 13
0 5
11 12
8 13
1 0
16 11
7 8
2 1
11 12
3 2
16 11
11 6
16 11
11 6
12 11
7 6
11 10
6 5
12 11
7 6
17 12
8 7
6 1
12 11
11 10
10 11
12 11
11 12
12 17
11 12
10 11
11 12
12 17
11 12
12 11
11 12
12 13
6 11
7 12
13 14
12 11
14 19
12 13
11 10
17 12
13 12
12 7
17 12
7 2
7 12
2 1
12 13
12 17
13 14
17 12
18 13
12 7
16 17
13 8
7 2
17 12
8 13
2 3
17 16
13 18
7 2
8 3
16 11
2 7
7 12
8 7
12 17
13 8
6 7
17 18
7 12
16 17
13 12
7 6
8 13
12 17
6 7
17 16
13 12
17 12
16 15
12 17
12 13
17 16
7 12
8 7
13 12
2 7
12 17
13 8
12 7
7 6
13 12
2 7
7 8
2 7
7 2
12 7
7 2
17 12
7 12
16 17
8 7
15 16
7 12
6 7
12 17
7 8
17 16
12 13
7 2
16 15
12 7
13 12
7 6
17 12
12 13
16 17
17 12
13 8
13 12
17 16
12 7
8 13
18 17
12 13
7 6
3 8
17 16
7 12
13 8
8 13
6 7
17 12
11 6
12 7
18 13
6 7
13 18
11 12
14 13
7 2
1 6
7 6
13 14
8 7
13 18
2 7
13 12
18 17
7 6
12 13
1 2
17 16
19 18
7 8
6 11
16 17
12 7
18 17
7 2
11 12
17 16
10 11
7 12
6 7
12 13
7 8
11 6
13 14
17 12
6 1
8 7
12 11
6 7
9 8
6 11
7 2
8 13
4 9
2 7
1 6
9 8
11 10
13 18
0 1
2 3
11 12
18 17
3 2
1 6
10 11
17 18
5 0
1 2
6 11
17 16
5 10
2 3
6 1
11 10
18 17
16 15
3 4
2 7
11 6
19 18
15 16
4 9
3 2
7 12
17 18
9 14
12 7
13 18
4 9
13 12
8 7
3 4
12 11
7 8
2 3
11 12
7 6
3 4
6 7
11 10
12 17
4 9
12 7
6 11
9 14
5 6
11 16
4 9
11 6
14 19
0 5
16 15
3 4
8 9
19 14
5 10
16 11
2 3
13 8
11 16
7 2
14 13
16 17
6 7
2 1
9 14
5 6
4 9
13 14
12 7
0 5
2 7
14 13
3 4
17 12
1 0
18 13
9 14
0 5
14 9
1 2
17 18
12 13
6 5
2 7
4 9
16 17
18 13
1 0
9 4
11 6
1 2
15 16
5 0
8 9
12 11
2 7
10 15
17 12
7 8
2 1
14 9
10 11
12 13
1 6
2 7
18 17
15 10
8 13
6 7
2 1
12 11
17 18
16 15
3 8
14 13
1 0
17 12
6 5
8 3
17 12
5 10
7 8
2 7
9 8
7 2
8 3
14 9
6 7
1 2
19 14
9 8
0 1
7 2
4 9
11 6
14 19
2 7
1 0
6 11
19 18
1 2
