14 10
2 6
3 7
12 13
0 1
4 8
10 9
6 5
3 2
15 14
0 4
11 10
7 6
13 9
10 6
15 11
6 5
10 11
6 7
7 11
5 6
3 7
7 6
2 6
7 11
6 5
7 3
5 9
10 6
3 2
11 7
1 5
11 10
6 2
5 9
1 2
7 6
9 10
2 6
10 9
3 2
9 5
10 11
13 9
9 5
5 6
9 5
13 9
9 5
5 6
6 7
5 4
10 6
9 5
6 7
5 4
7 11
6 10
6 7
10 14
11 7
14 13
9 10
7 6
10 14
15 11
13 12
6 5
9 10
15 14
7 6
10 14
6 5
11 10
3 7
14 13
2 6
5 4
3 2
9 5
4 8
2 6
5 9
6 10
9 8
2 6
8 9
10 6
8 12
7 6
14 10
6 2
2 6
6 10
2 1
6 2
10 14
1 0
10 6
14 15
9 10
5 9
6 10
13 9
9 13
9 8
13 9
9 5
5 9
5 4
13 9
9 13
4 5
5 9
8 4
10 9
5 4
6 5
4 8
2 6
5 6
6 10
1 5
6 2
10 9
5 4
7 6
4 5
6 10
4 8
10 6
0 4
12 8
10 9
4 0
8 12
14 10
10 6
15 14
11 10
6 2
10 9
2 3
9 5
14 10
9 10
5 1
10 14
5 9
9 13
6 5
14 15
9 10
7 6
4 5
15 11
13 9
3 7
5 4
9 10
2 3
0 4
13 9
1 2
4 0
10 9
2 3
5 4
9 10
3 7
4 8
10 11
2 3
0 4
9 10
1 2
10 6
5 9
10 11
6 7
10 6
7 11
14 10
6 2
3 7
10 11
6 7
14 10
7 3
10 6
11 7
15 14
6 2
10 9
7 3
14 15
2 3
10 6
11 7
1 2
11 10
5 6
5 1
2 3
1 2
5 1
9 5
5 9
10 9
11 10
9 8
8 4
7 11
10 9
11 7
9 8
4 0
11 10
5 9
12 8
3 7
10 11
1 5
7 3
10 9
6 5
14 10
5 9
13 9
10 14
1 5
11 10
2 1
15 14
9 10
1 2
10 9
5 9
11 10
8 9
7 11
9 10
4 8
3 7
15 11
5 9
2 3
8 12
14 10
11 7
4 5
13 12
9 10
1 5
14 13
11 10
5 9
2 1
13 12
5 1
3 2
9 8
14 13
6 5
2 3
15 14
5 9
1 2
10 14
7 6
9 5
14 10
2 3
5 1
15 14
9 5
14 15
10 9
4 5
6 10
1 5
5 9
7 6
