7 3
14 10
5 6
12 13
4 8
3 7
10 9
2 6
6 10
13 9
7 11
5 6
11 10
12 13
3 7
13 9
11 15
6 10
6 7
5 9
15 11
14 13
9 10
7 11
7 6
9 10
6 10
11 7
10 9
7 6
9 8
6 2
14 10
3 7
2 1
8 4
10 6
13 14
7 11
1 0
8 12
6 2
11 15
9 8
4 0
7 6
0 1
13 9
5 4
12 8
7 11
9 5
1 2
8 4
14 13
11 7
10 9
5 1
3 2
11 15
13 12
9 8
4 5
1 2
6 10
7 3
0 4
6 5
10 14
8 9
3 2
11 10
4 8
13 9
5 1
7 3
8 12
1 2
9 5
10 6
7 11
14 10
0 1
4 8
12 13
15 11
0 4
5 1
10 14
8 9
13 12
11 7
9 8
4 5
2 1
15 14
7 11
9 10
0 4
6 5
15 11
8 9
0 1
10 6
11 15
4 8
1 2
10 11
14 15
8 4
0 1
2 3
12 8
6 2
4 0
5 1
13 12
8 9
10 6
1 2
14 13
9 8
6 2
10 14
8 4
11 10
14 13
4 5
9 8
10 9
7 11
5 6
13 12
4 0
10 11
1 5
12 8
0 4
6 2
14 10
8 4
11 15
13 12
9 10
4 8
14 13
5 9
10 11
11 7
9 8
14 10
1 5
9 10
8 12
15 11
5 6
0 1
14 15
11 10
12 13
5 1
4 0
6 7
10 11
13 14
8 12
1 0
9 10
14 13
0 1
4 8
11 7
6 10
13 9
15 14
0 4
14 15
10 9
12 13
1 0
5 6
9 8
15 14
10 6
5 1
8 4
2 6
11 15
13 9
4 8
7 11
6 10
3 2
12 13
0 4
11 15
6 5
10 9
12 8
6 2
4 5
13 9
10 11
1 0
9 13
5 6
0 4
11 7
9 10
6 5
1 0
10 9
2 6
4 0
5 9
6 10
8 4
2 1
10 6
9 13
0 1
6 2
8 9
10 11
0 4
5 9
11 10
2 3
6 7
6 5
14 10
9 8
5 9
6 2
14 10
10 6
13 14
1 5
2 3
8 9
14 13
10 9
5 6
3 2
4 5
10 6
14 15
2 3
15 14
2 6
5 1
9 5
14 10
13 14
11 10
6 5
15 11
10 9
7 6
12 13
5 1
3 7
6 10
5 9
13 14
11 15
2 3
12 13
7 6
