15 10
9 4
7 8
11 6
2 3
19 14
12 7
10 11
8 9
6 5
18 19
15 16
11 6
7 12
4 9
3 8
5 10
1 6
9 14
10 11
12 17
4 3
0 1
12 11
8 9
17 16
5 6
3 4
11 12
9 14
1 2
10 5
17 12
2 7
6 11
14 19
4 9
12 13
14 9
18 17
2 1
7 12
14 13
19 18
2 3
13 12
18 17
3 2
13 8
12 11
8 7
12 13
11 16
8 13
11 12
13 14
7 12
6 11
12 13
10 11
7 8
12 17
13 12
16 17
14 13
12 11
18 17
11 6
13 12
19 18
17 16
6 1
12 11
16 15
18 17
7 6
11 12
0 1
17 16
13 12
11 6
8 7
16 15
14 13
9 8
12 11
6 1
7 2
8 13
10 11
19 14
2 1
13 12
11 6
3 8
18 19
11 10
18 13
12 11
13 8
6 11
8 13
7 12
11 12
9 8
1 6
13 12
11 16
8 3
14 9
2 1
13 8
12 7
1 6
9 4
16 15
9 8
11 12
3 4
6 5
14 13
12 11
8 7
5 0
4 3
9 14
7 12
11 16
0 1
8 7
11 12
0 1
2 7
12 11
7 6
13 12
3 2
6 5
12 17
8 13
7 2
4 3
5 10
12 11
7 8
2 3
13 18
17 12
7 6
10 5
3 4
14 13
5 10
2 7
4 9
12 17
18 13
10 11
9 14
7 12
2 3
11 10
9 8
12 7
6 11
9 4
8 9
12 11
5 6
4 3
7 8
10 5
11 12
4 9
7 6
10 11
12 13
3 4
14 9
12 7
6 11
5 10
19 14
4 9
11 12
8 7
3 4
14 9
0 5
10 11
7 2
17 12
4 9
19 14
12 11
2 7
18 17
9 4
11 6
12 7
13 18
6 7
17 12
19 18
7 8
6 5
18 19
12 7
11 6
13 12
6 7
2 7
12 11
7 8
11 12
10 11
8 7
12 17
7 2
8 9
11 10
8 7
12 11
9 8
17 12
11 16
14 9
7 12
18 17
8 3
12 7
13 14
9 4
17 12
18 13
9 14
6 7
16 17
14 19
11 12
8 13
17 18
12 13
11 16
14 9
7 8
12 17
16 11
19 14
8 7
11 16
17 12
18 19
13 14
11 10
18 17
15 16
16 17
6 11
10 5
19 18
16 15
17 18
1 6
5 10
17 16
18 19
1 6
10 11
12 17
11 16
5 6
10 15
18 17
11 12
6 7
10 5
17 18
7 2
12 11
15 10
1 6
5 0
12 13
19 18
16 17
2 3
5 6
17 12
14 19
1 2
7 6
18 19
16 17
13 12
2 3
9 14
6 5
13 18
17 12
3 4
14 9
17 18
8 13
4 3
18 13
4 9
7 8
18 19
12 13
9 4
3 8
2 7
13 18
11 12
4 3
7 2
17 18
16 11
12 13
4 9
10 11
8 13
18 13
3 8
11 16
15 10
11 12
19 18
10 5
8 7
17 12
11 6
2 7
18 19
9 8
18 17
11 12
1 2
4 9
12 17
0 1
10 11
2 7
19 18
11 12
17 18
15 10
1 0
11 12
16 15
1 2
5 10
6 11
