10 6
7 11
3 2
5 9
1 0
4 8
6 2
9 13
3 7
8 12
2 3
5 9
10 6
7 11
4 8
1 2
6 10
9 5
7 3
0 4
12 8
2 1
10 6
11 7
8 4
2 6
5 1
7 3
4 8
1 2
9 5
8 12
6 2
5 1
12 8
2 1
2 3
1 5
1 2
5 9
3 7
2 1
9 5
1 5
6 2
9 13
3 2
0 1
13 9
2 1
1 0
6 2
2 6
0 1
4 0
1 2
10 6
0 1
3 2
6 10
5 1
7 3
0 4
1 0
11 7
9 5
2 1
4 0
5 9
5 1
0 4
3 2
9 13
8 4
7 3
2 1
5 9
4 8
3 2
1 0
9 5
2 6
0 4
8 12
1 0
3 2
4 8
6 10
7 3
2 1
8 12
0 4
1 5
11 7
8 4
6 2
5 1
7 3
12 8
3 2
1 0
9 5
8 4
2 1
7 3
8 4
5 9
0 4
2 1
3 7
5 1
3 2
4 0
7 11
1 0
2 6
7 3
4 8
6 2
3 7
0 1
4 0
2 3
1 5
8 4
1 0
3 7
6 2
5 9
4 0
1 2
10 6
2 3
0 1
0 4
1 2
3 7
4 8
2 6
4 0
1 2
8 4
2 1
4 0
2 3
0 1
3 2
1 2
7 3
4 0
2 6
3 7
8 4
2 1
11 7
6 10
12 8
6 2
7 11
8 4
2 3
3 7
7 3
11 7
2 3
1 2
7 3
2 6
11 7
0 1
3 2
4 0
5 1
2 3
8 4
6 2
7 3
0 4
12 8
2 6
3 7
8 4
2 1
6 10
7 3
5 1
2 6
10 6
3 2
9 5
7 3
5 1
6 2
1 0
10 6
11 7
2 3
