12 13
2 6
11 10
4 8
13 14
9 10
2 3
6 5
3 7
14 10
13 9
10 11
9 5
3 2
12 13
10 6
7 11
5 9
15 11
6 10
7 3
13 9
5 4
11 7
5 6
9 8
4 0
2 6
11 15
6 10
7 11
15 11
2 6
9 10
14 15
11 10
6 2
8 9
15 11
9 10
7 6
2 3
14 15
5 6
9 13
3 2
11 7
15 14
6 10
4 5
14 13
10 6
13 9
2 6
9 8
7 6
13 14
3 2
14 10
6 5
8 9
11 7
13 12
6 7
5 1
9 10
8 4
12 13
10 6
1 0
4 5
7 11
13 14
3 7
11 10
0 4
2 1
14 13
10 9
4 0
7 11
2 6
14 15
4 8
1 0
11 10
6 5
7 3
8 12
10 11
0 1
9 5
2 6
3 7
9 10
4 8
1 0
11 15
3 2
11 10
0 4
1 2
10 9
7 11
4 8
0 1
2 3
9 13
14 10
0 4
1 2
11 7
10 9
3 7
1 0
13 12
9 8
0 4
2 3
11 10
10 9
0 1
7 11
3 7
1 2
10 11
4 0
13 9
2 1
11 7
14 10
7 3
0 1
11 10
7 11
10 14
2 3
3 7
1 2
10 11
14 13
0 1
11 10
7 3
7 11
2 3
10 14
1 2
3 7
11 10
0 1
2 3
7 11
1 2
4 0
0 1
3 2
4 0
7 3
0 4
11 7
2 3
1 0
3 7
10 11
2 1
0 4
14 10
7 11
1 0
11 10
3 2
13 14
7 3
1 2
10 14
0 4
9 13
3 7
2 1
11 7
3 2
0 1
10 11
7 3
2 1
4 0
14 10
11 7
3 2
1 0
1 2
10 11
7 3
0 4
13 14
2 1
9 10
11 7
14 13
4 0
2 3
11 10
1 0
8 9
3 7
1 2
10 11
0 4
12 8
3 2
7 11
9 10
0 1
8 12
7 3
2 1
11 10
8 9
2 3
11 7
10 14
1 0
9 8
10 11
3 2
0 4
14 10
7 3
2 1
11 7
2 3
15 14
9 10
0 1
6 10
4 0
14 13
3 2
7 11
6 7
10 9
14 15
1 0
5 4
13 12
2 3
13 9
2 1
5 6
10 11
0 4
7 3
9 8
6 5
10 14
1 0
13 14
10 9
0 1
8 4
5 9
11 10
4 8
14 13
14 10
1 5
8 12
13 9
10 11
6 5
2 1
12 8
14 10
3 2
9 5
7 6
13 14
3 7
4 5
6 2
6 5
12 13
2 1
7 3
15 14
4 5
9 13
8 12
11 7
15 14
11 7
5 9
4 8
12 13
6 5
3 7
9 10
12 8
1 5
6 7
9 13
7 3
5 6
2 1
10 9
1 5
10 6
13 9
3 2
2 6
5 4
9 10
7 3
12 13
2 3
6 5
10 9
11 7
13 12
5 9
1 2
7 6
10 14
15 11
5 1
8 9
14 10
2 6
9 5
15 14
3 2
4 5
9 8
1 5
10 9
5 6
6 10
5 9
7 6
