14 49 204
4 8
1 0
5 9
2 3
6 10
8 4
1 2
10 6
9 5
7 3
0 4
5 1
6 2
-1 2
3 7
4 0
3 2
7 11
4 8
-1 8
0 1
4 0
1 2
8 12
0 1
2 6
12 8
4 0
5 1
6 2
1 2
8 4
6 10
2 1
4 0
0 1
6 2
4 0
1 5
2 6
5 1
3 2
10 6
0 4
1 5
7 3
6 2
8 4
1 0
10 6
12 8
3 2
-1 2
5 9
0 1
3 2
6 10
9 5
8 12
4 0
2 6
13 9
1 5
3 7
1 2
8 4
6 10
9 5
4 8
0 1
6 2
13 9
2 3
8 4
1 5
10 6
4 0
1 2
3 7
12 8
-1 8
5 1
6 2
0 4
8 12
11 7
-1 7
0 1
9 5
2 3
10 6
7 11
-1 11
4 0
3 2
5 1
13 9
1 0
8 4
9 13
2 1
4 8
5 9
0 4
5 1
6 2
12 8
13 9
1 0
2 6
-1 6
4 8
2 1
0 4
3 2
0 1
4 8
2 6
7 3
1 5
4 0
5 9
3 2
8 4
1 0
-1 0
2 1
-1 1
0 4
9 13
4 0
3 2
1 5
13 9
1 0
-1 0
2 3
-1 3
4 8
9 5
0 1
3 7
-1 7
5 9
1 2
0 4
-1 4
7 11
-1 11
9 5
-1 5
4 8
2 1
-1 1
3 7
3 2
8 12
7 3
4 8
-1 8
2 3
12 8
0 4
11 7
1 2
4 0
3 7
7 3
6 2
8 4
-1 4
5 1
7 11
4 0
12 8
2 3
8 4
2 1
3 7
2 3
-1 3
0 1
-1 1
5 1
4 0
-1 0
6 2
-1 2
8 4
10 6
9 5
3 2
6 2
7 3
-1 3
12 8
0 4
-1 4
5 1
10 6
1 0
11 7
8 4
2 3
