case,nx,ny,dt,frames,wall_seconds,max_rss_kib
isolated_heal,96,96,0.002,6,1.8204200600157492,53796
