1600 3335
4 8
2 64
32 8
32 0
1 4
32 32
2 0
8 0
1 4
8 8
8 32
1 32
2 128
64 128
16 32
32 16
32 128
32 128
4 128
1 8
16 128
64 8
1 32
64 128
64 128
2 64
32 0
32 0
16 128
2 8
16 64
8 8
16 0
8 16
8 16
16 0
2 8
64 128
64 8
4 32
1 8
8 8
2 0
32 0
1 128
64 4
16 8
64 16
64 32
1 128
8 32
8 0
64 0
2 128
32 16
1 0
16 128
1 32
64 64
2 64
4 64
4 64
64 128
64 128
8 8
64 4
8 128
16 4
4 64
16 32
8 16
4 64
1 64
2 16
2 8
64 32
32 0
32 128
1 4
2 16
32 128
8 128
8 64
8 8
16 16
4 128
1 32
2 32
1 8
64 128
4 16
1 16
4 0
16 128
64 8
64 0
4 32
4 8
1 16
4 0
1 32
4 128
32 4
4 32
64 4
32 128
2 8
16 128
2 64
32 0
64 8
16 4
32 4
16 16
16 64
2 0
4 16
64 16
1 128
32 32
16 32
64 8
2 128
1 128
4 128
2 0
4 0
1 32
16 32
1 8
32 64
2 4
4 64
64 0
2 128
16 64
32 64
1 0
8 16
32 128
4 4
2 4
64 8
4 64
64 4
2 0
1 64
2 64
1 0
8 4
32 128
16 128
2 0
1 4
16 4
2 0
2 32
16 0
8 128
4 4
4 64
1 16
1 4
16 64
64 64
1 32
8 64
1 16
8 8
16 0
4 64
8 128
2 64
8 64
64 0
1 16
8 32
8 0
32 32
2 32
64 0
1 128
1 128
2 8
16 16
4 8
16 32
1 4
8 8
4 8
64 128
64 128
32 4
2 64
16 0
32 4
8 0
2 4
2 0
8 16
2 0
32 32
8 0
64 128
64 4
32 128
4 4
8 4
8 128
2 0
1 0
1 8
32 16
16 16
4 0
8 8
4 128
4 16
8 64
64 0
16 8
2 64
64 128
2 4
1 16
2 4
1 0
2 16
8 16
8 0
16 0
2 4
1 0
16 4
16 0
32 0
32 128
64 64
32 64
4 8
8 64
2 4
64 64
4 16
2 64
2 128
64 32
64 4
16 0
16 64
32 0
1 128
32 0
8 32
64 4
64 8
32 8
8 32
4 32
32 32
8 0
32 4
4 16
16 8
16 8
64 0
2 16
64 8
64 0
16 4
32 128
8 32
8 16
1 32
64 4
64 16
1 16
8 0
8 64
64 128
32 0
2 64
2 128
1 8
4 4
4 64
4 32
1 8
1 128
8 8
1 32
32 16
32 32
1 4
16 32
64 64
1 8
1 0
1 8
32 8
8 64
2 16
16 32
64 32
4 4
32 64
8 8
64 8
4 32
8 4
2 128
64 8
1 32
1 128
1 8
16 8
32 128
64 0
1 64
4 0
32 32
16 8
16 4
32 128
8 128
4 0
2 32
64 4
1 64
64 32
8 64
1 64
2 128
32 0
4 4
8 0
32 16
64 0
32 4
8 64
1 4
32 16
32 4
2 32
1 64
4 128
4 16
4 64
2 128
4 4
4 8
32 128
64 16
1 4
8 16
16 16
64 8
16 0
8 128
4 32
32 16
32 8
4 16
32 128
4 4
4 0
64 16
32 8
4 64
2 8
2 32
2 0
1 0
4 4
4 0
8 16
32 32
4 64
16 0
8 128
2 0
8 0
2 4
64 128
1 128
2 16
32 16
1 16
64 64
4 64
16 32
2 8
16 8
32 32
8 128
2 16
32 0
16 8
2 8
64 4
1 64
2 8
16 0
4 8
16 32
4 64
4 128
8 64
4 8
64 8
32 16
8 16
8 16
16 8
2 32
1 16
16 8
4 8
8 0
1 32
16 8
8 16
64 64
32 8
2 64
8 128
8 4
1 16
32 4
16 0
16 0
8 128
1 4
8 64
16 4
2 4
1 128
64 16
16 16
2 8
4 8
16 32
32 128
64 8
1 8
2 0
8 16
1 8
8 4
2 4
2 128
32 16
64 0
2 16
8 64
1 32
1 16
1 0
1 128
4 16
64 0
32 32
16 8
2 4
4 64
32 8
2 64
64 128
32 128
32 16
32 8
2 8
1 8
4 4
4 4
64 32
4 64
2 8
64 4
8 64
2 64
2 16
4 64
4 0
4 8
16 4
8 128
2 64
16 4
32 32
1 0
16 8
2 128
4 8
1 64
4 0
64 8
32 128
64 64
16 4
2 8
1 64
64 32
4 128
64 64
8 0
64 0
16 32
2 16
64 64
32 64
64 8
32 64
4 4
32 0
1 8
2 16
16 64
64 16
8 0
16 128
4 8
2 4
32 128
16 16
1 64
16 128
64 32
16 4
8 0
2 0
8 0
64 8
2 0
64 32
2 128
8 16
2 32
8 64
1 0
16 128
1 128
4 0
8 4
16 16
4 4
64 64
32 8
32 64
16 128
2 4
32 128
2 64
8 8
2 32
16 4
4 16
1 16
2 16
2 8
32 8
8 4
32 4
32 32
16 0
4 16
64 0
16 64
4 0
32 16
4 4
2 0
8 128
64 0
8 32
64 0
64 4
64 8
16 8
2 8
8 16
8 4
4 64
8 16
8 16
4 0
64 16
1 8
32 4
16 128
16 64
2 16
8 32
64 32
64 4
8 16
2 128
8 0
64 128
64 128
8 4
16 128
4 0
32 128
64 0
32 8
8 8
8 0
2 128
32 4
1 128
1 16
1 4
8 32
8 128
8 128
32 8
64 16
16 0
16 0
4 4
1 16
4 128
2 16
64 64
1 4
2 64
2 0
2 16
4 16
1 64
64 8
1 16
32 64
16 128
64 4
4 0
32 64
32 0
16 0
32 4
8 64
64 32
1 8
16 8
4 16
8 8
4 64
16 128
1 0
4 4
1 128
32 16
16 32
8 128
2 16
32 4
64 16
1 16
4 128
16 8
2 0
4 32
32 32
8 8
1 64
32 128
8 128
64 128
2 8
4 16
16 4
2 8
16 0
16 8
64 32
16 4
32 4
2 0
8 64
1 0
2 4
8 128
64 64
16 64
4 32
1 0
1 0
2 32
2 32
16 16
32 32
8 4
16 128
4 16
8 64
64 64
64 128
4 16
32 32
4 4
8 4
4 16
32 8
16 8
64 8
16 64
4 64
4 4
1 16
16 8
32 32
2 16
16 16
2 0
4 32
4 4
8 8
8 16
2 16
16 128
1 32
2 128
8 64
64 64
8 32
16 8
64 32
2 32
4 16
2 16
16 4
2 64
32 0
32 8
64 4
1 0
1 128
16 128
4 0
32 4
8 4
32 8
16 8
2 64
32 8
8 0
32 4
1 32
16 128
8 0
32 8
2 8
1 8
2 128
8 4
8 0
64 4
2 64
2 16
32 8
2 32
64 16
4 64
32 16
4 4
64 4
4 8
4 32
64 32
4 0
4 0
32 16
8 16
64 4
64 64
4 0
8 8
16 4
32 4
4 8
16 0
1 64
1 32
8 8
4 16
16 16
2 16
16 32
2 32
2 0
1 64
32 8
1 64
4 4
8 0
8 64
8 32
1 128
8 32
1 16
16 0
2 32
4 128
8 128
1 0
2 16
1 64
64 8
16 8
8 16
4 8
1 4
2 0
64 16
64 16
32 32
1 16
2 0
32 16
1 128
16 0
2 16
32 0
8 8
1 32
8 32
1 16
16 64
16 32
32 32
1 16
8 4
1 16
4 4
64 16
32 0
16 0
64 128
1 128
64 16
2 8
16 16
1 32
4 16
8 8
8 128
1 8
64 16
4 16
64 64
16 16
32 64
16 32
64 32
32 16
1 128
4 0
1 64
16 64
8 8
64 0
32 32
4 32
4 64
1 64
64 128
2 8
16 8
8 16
64 128
16 64
64 128
8 128
2 8
8 32
1 16
32 8
16 64
1 32
64 4
1 0
32 4
2 128
16 4
8 64
32 8
64 0
4 16
64 0
32 64
4 64
4 32
32 8
1 128
32 16
32 32
4 16
64 8
32 64
1 8
64 32
16 4
2 8
64 16
8 64
16 64
8 8
1 4
2 4
32 32
4 32
1 8
32 32
1 64
32 8
16 32
8 0
16 0
8 8
32 16
64 0
1 4
1 64
32 16
64 32
1 16
32 32
2 0
32 8
4 128
8 4
1 0
16 16
2 32
1 4
1 0
64 64
32 128
1 4
2 32
1 128
2 32
16 0
2 32
8 64
16 32
16 0
2 8
32 64
16 128
64 64
1 32
16 4
4 16
16 0
64 0
4 8
4 16
1 16
1 16
1 32
64 4
32 64
16 128
16 0
4 0
16 128
4 4
32 32
16 64
1 128
32 128
8 64
32 16
32 64
1 16
4 64
4 4
4 32
16 128
4 64
4 16
8 16
32 8
64 16
2 16
64 16
16 4
32 16
16 8
16 4
64 64
64 16
1 4
32 0
8 8
64 8
16 16
64 128
4 16
64 16
8 64
8 4
32 8
1 8
4 64
16 0
32 64
16 0
4 8
32 32
8 128
64 32
8 16
16 32
1 32
8 8
16 16
16 32
64 32
8 32
16 16
8 64
4 64
1 4
64 32
1 32
64 16
4 64
32 8
2 4
64 0
32 8
32 32
64 64
8 0
16 16
64 64
64 0
4 32
2 32
8 0
16 32
64 32
32 8
1 8
64 16
32 128
32 4
4 32
32 0
16 4
8 64
16 32
1 4
64 32
4 8
2 64
32 128
8 128
1 0
16 128
64 64
16 0
2 16
2 128
4 4
4 4
8 0
8 64
32 8
2 128
1 8
1 4
32 64
8 4
2 4
8 32
16 4
4 4
2 32
32 0
1 128
8 128
2 0
8 0
64 4
8 128
1 4
2 4
4 64
1 4
8 16
2 4
16 64
1 4
32 16
8 8
8 16
2 8
2 32
1 32
32 8
64 64
64 32
2 4
4 32
4 0
16 64
64 128
32 128
8 32
64 16
2 0
64 16
4 4
1 8
64 128
8 4
8 0
32 4
32 8
16 16
2 128
32 0
8 16
32 4
16 128
8 0
16 128
1 4
8 16
4 64
8 16
16 0
4 128
32 4
8 8
32 32
1 16
2 4
2 128
4 128
4 4
16 16
4 32
8 16
16 4
8 32
16 4
4 16
2 4
8 128
32 8
64 64
32 64
4 8
2 4
32 0
16 8
4 0
1 0
64 4
32 4
1 64
32 8
8 4
32 32
1 4
4 0
64 32
2 32
2 128
2 16
1 4
2 4
4 64
2 8
1 0
64 16
32 16
32 0
64 0
16 8
4 16
2 16
8 16
8 64
16 16
2 8
4 64
1 4
64 4
4 64
16 128
64 128
64 32
2 32
32 0
1 8
64 128
64 4
32 64
64 4
4 64
1 16
16 128
64 4
64 8
1 0
4 16
32 4
64 64
8 0
32 4
32 8
1 32
2 32
16 64
16 0
1 8
1 32
16 64
1 0
4 32
2 8
8 128
2 16
1 0
16 0
4 4
2 16
2 4
1 32
1 8
32 4
32 16
8 64
64 4
32 16
32 16
32 64
4 64
16 16
4 128
1 0
16 0
16 16
64 32
8 4
32 16
16 16
32 64
1 16
16 128
1 64
1 32
1 64
8 8
2 0
4 32
8 64
16 4
4 128
2 32
4 0
16 8
16 32
8 64
2 64
2 64
64 4
64 32
64 32
16 16
8 8
1 128
16 128
1 128
8 64
1 8
16 16
2 128
32 4
8 16
2 64
2 64
8 16
16 4
64 128
8 128
32 0
1 16
2 32
2 8
64 0
4 128
4 64
32 0
2 128
1 8
64 128
32 0
64 0
16 0
2 32
2 64
8 16
1 128
1 16
1 8
4 0
8 32
16 128
32 128
4 32
1 32
2 0
4 4
4 4
16 32
4 8
16 16
2 128
8 64
64 0
2 16
8 4
16 8
8 16
2 32
8 32
8 0
2 4
32 0
64 32
16 128
2 4
8 16
32 0
1 16
8 64
2 16
4 64
8 32
8 0
64 8
4 8
64 16
16 8
32 8
8 128
1 0
16 32
64 128
32 16
2 32
1 128
2 0
4 128
2 0
8 64
64 16
64 8
32 128
32 16
16 64
32 8
2 4
1 8
32 128
4 8
1 4
64 16
32 0
64 8
1 16
1 0
32 32
8 128
2 128
32 128
32 4
32 32
1 32
8 8
1 4
8 16
16 32
2 4
32 8
8 16
2 4
2 16
2 128
4 0
64 128
8 32
32 32
4 64
32 8
2 32
4 16
16 16
16 0
32 64
32 8
32 4
32 0
1 0
64 16
64 0
4 8
32 8
16 64
4 128
8 16
32 32
16 8
1 16
1 32
32 32
64 16
1 0
32 0
32 8
32 32
8 8
8 128
32 8
2 16
4 4
32 128
1 4
32 32
32 4
1 8
8 16
64 64
64 128
4 16
64 32
4 4
4 16
4 4
1 32
16 16
16 16
32 64
16 8
64 0
2 32
64 32
4 0
64 4
64 32
64 4
2 16
4 4
16 16
2 4
4 0
64 128
8 64
64 0
64 0
4 8
64 32
8 0
1 128
4 16
8 16
1 16
1 16
4 16
1 0
32 128
1 8
4 128
32 0
16 128
1 64
64 128
1 32
8 16
4 8
4 16
16 8
4 16
2 4
32 8
64 32
8 8
1 4
16 0
16 8
64 8
32 16
64 8
16 8
32 4
4 16
64 4
16 64
2 64
8 4
8 32
32 4
32 4
4 8
4 64
32 0
32 128
8 4
8 32
64 4
64 32
8 0
16 128
64 4
16 32
32 128
4 8
2 8
16 4
2 8
64 32
1 0
8 0
32 16
64 4
32 0
64 8
8 16
2 64
2 64
64 16
1 8
2 0
64 8
16 16
16 0
2 32
1 4
16 16
2 32
2 8
16 128
2 32
1 0
1 32
8 32
32 0
32 0
16 128
2 32
32 16
1 16
8 128
16 4
4 8
32 64
16 64
8 0
16 4
8 32
1 16
4 128
32 8
32 64
8 8
1 16
32 16
16 128
2 16
2 64
1 64
16 4
64 0
32 16
32 0
32 4
8 4
8 64
2 8
32 32
8 0
4 16
32 128
1 32
1 32
64 16
4 16
64 4
16 4
8 4
64 16
2 128
2 4
733 288 32
733 1130 64
1130 1012 32
1130 785 64
785 974 4
785 1156 16
1156 1397 64
1156 1047 8
1047 612 16
1047 236 8
236 191 4
236 234 4
234 1470 32
234 1476 4
234 1557 2
1476 905 64
1476 439 32
439 1557 8
439 1402 64
439 13 4
1402 213 32
1402 1467 64
1467 13 4
1467 691 16
691 442 32
691 772 32
772 667 4
772 698 8
772 887 2
698 878 4
698 153 4
153 887 4
153 513 4
513 1569 16
513 89 4
513 1308 4
89 1358 8
89 1001 16
1001 1308 8
1001 202 16
202 1343 4
202 1444 16
1444 383 32
1444 1170 32
1444 752 8
1170 606 16
1170 142 64
142 752 4
142 576 4
576 39 16
576 751 16
751 144 8
751 22 16
22 219 4
22 261 32
261 208 8
261 1471 64
1471 152 8
1471 595 32
595 1460 4
595 1481 8
1481 121 64
1481 1414 8
1414 1433 64
1414 526 16
526 8 16
526 76 8
76 828 4
76 944 8
76 27 2
944 769 32
944 528 8
528 27 8
528 1547 8
1547 1216 32
1547 865 16
865 1309 64
865 561 8
561 524 8
561 49 4
49 1526 16
49 788 64
788 1196 32
788 937 16
937 1407 4
288 675 4
288 1012 4
1012 1155 8
1012 974 32
974 347 4
974 1397 64
1397 869 32
1397 612 8
612 1171 8
612 191 8
612 222 4
191 543 8
191 1470 32
191 1598 8
1470 222 64
1470 905 8
905 1598 64
905 1557 16
1557 1395 4
1557 213 16
1557 218 4
213 889 64
213 13 8
13 218 8
13 442 32
442 438 8
442 667 64
667 930 4
667 878 4
878 1126 4
878 887 64
887 1197 8
887 1569 32
1569 726 4
1569 1358 4
1358 340 8
1358 1308 64
1308 514 64
1308 1343 8
1308 1574 8
1343 485 4
1343 383 64
383 1574 32
383 606 8
383 699 8
606 321 16
606 752 8
752 699 64
752 39 4
752 614 2
39 694 64
39 144 64
144 614 64
144 219 4
144 319 2
219 512 4
219 208 4
208 319 16
208 152 4
152 254 8
152 1460 32
1460 913 8
1460 121 4
121 140 64
121 1433 32
1433 476 8
1433 8 4
1433 570 4
8 1131 8
8 828 16
828 570 16
828 769 64
769 400 16
769 27 16
769 336 2
27 1423 32
27 1216 16
1216 336 4
1216 1309 64
1216 1528 2
1309 795 32
1309 524 4
524 1528 16
524 1526 16
1526 1513 32
1526 1196 4
1196 73 32
1196 1407 32
1407 1373 32
675 929 16
675 1155 4
1155 332 64
1155 347 32
347 1078 16
347 869 8
869 11 16
869 1171 64
1171 1572 32
1171 543 8
543 1527 8
543 222 64
222 1031 64
222 1598 64
222 501 2
1598 1340 16
1598 1395 32
1395 501 32
1395 889 32
1395 992 8
889 29 64
889 218 16
889 1014 8
218 992 32
218 438 64
438 1014 64
438 930 64
930 646 4
930 1126 4
1126 1463 64
1126 1197 8
1197 393 8
1197 726 64
726 1271 8
726 340 4
340 1389 8
340 514 4
514 198 64
514 485 64
514 1324 2
485 260 32
485 1574 64
1574 1324 32
1574 321 32
321 1585 8
321 699 32
699 1287 8
699 694 8
694 99 64
694 614 8
614 232 64
614 512 16
512 478 8
512 319 32
319 617 32
319 254 64
254 782 64
254 913 64
913 1428 8
913 140 8
140 1016 16
140 476 32
476 24 8
476 1131 64
1131 678 4
1131 570 4
570 961 4
570 400 32
400 851 16
400 1423 64
400 1173 4
1423 1011 32
1423 336 4
336 1173 8
336 795 4
795 275 64
795 1528 8
1528 405 8
1528 1513 16
1513 1238 16
1513 73 4
73 1477 32
73 1373 64
1373 210 4
929 125 64
929 332 16
332 976 4
332 1078 16
1078 837 16
1078 11 4
1078 1231 2
11 30 4
11 1572 64
1572 1231 4
1572 1527 4
1527 43 4
1527 1031 32
1527 1410 8
1031 917 32
1031 1340 32
1340 1410 4
1340 501 64
1340 1049 2
501 764 32
501 29 8
29 1049 8
29 992 32
992 67 16
992 1014 16
1014 127 4
1014 646 32
646 562 16
646 1463 64
1463 915 32
1463 393 64
393 41 4
393 1271 4
1271 229 16
1271 1389 32
1389 1074 8
1389 198 16
198 1482 4
198 260 8
198 585 2
260 1254 4
260 1324 16
1324 585 4
1324 1585 32
1585 613 16
1585 1287 8
1287 1597 32
1287 99 16
99 765 4
99 232 4
232 1062 32
232 478 32
232 721 2
478 1250 64
478 617 64
617 721 8
617 782 32
617 990 8
782 1028 32
782 1428 4
1428 990 32
1428 1016 4
1016 246 64
1016 24 4
24 707 16
24 678 64
678 540 8
678 961 32
961 1242 64
961 851 64
851 1123 4
851 1011 64
1011 768 64
1011 1173 4
1173 1038 4
1173 275 32
275 45 8
275 405 16
405 839 8
405 1238 64
1238 1588 16
1238 1477 16
1477 187 32
1477 210 4
210 1506 64
125 559 4
125 976 16
125 1243 2
976 157 32
976 837 8
837 1243 32
837 30 16
837 197 4
30 674 32
30 1231 8
1231 197 8
1231 43 16
43 573 32
43 917 32
917 313 8
917 1410 32
1410 891 64
1410 764 32
764 1538 4
764 1049 8
764 673 4
1049 1055 4
1049 67 4
1049 734 8
67 673 8
67 127 64
127 734 8
127 562 4
562 1354 16
562 915 8
915 117 8
915 41 8
41 1582 16
41 229 32
229 1008 8
229 1074 4
1074 1589 32
1074 1482 4
1482 564 4
1482 1254 32
1254 852 64
1254 585 64
585 1406 16
585 613 8
613 1182 4
613 1597 32
1597 158 16
1597 765 8
765 759 8
765 1062 4
1062 163 16
1062 1250 8
1250 1266 4
1250 721 4
721 378 32
721 1028 8
1028 750 32
1028 990 32
990 1328 16
990 246 16
246 1101 8
246 707 16
707 1297 8
707 540 4
540 523 8
540 1242 32
1242 952 32
1242 1123 64
1123 1473 8
1123 768 64
1123 989 2
768 394 4
768 1038 4
1038 989 4
1038 45 64
45 1419 32
45 839 64
839 858 4
839 1588 16
839 455 2
1588 563 16
1588 187 64
187 455 16
187 1506 64
1506 958 4
559 461 16
559 157 64
157 1111 64
157 1243 8
1243 375 64
1243 674 8
674 178 8
674 197 32
197 1027 64
197 573 8
573 1059 16
573 313 4
313 833 64
313 891 16
313 1289 4
891 241 64
891 1538 8
1538 1289 16
1538 1055 16
1055 529 16
1055 673 4
673 1516 16
673 734 32
734 901 16
734 1354 64
1354 1344 8
1354 117 64
117 1341 32
117 1582 32
1582 1045 8
1582 1008 4
1008 1302 64
1008 1589 64
1589 873 16
1589 564 4
564 1158 32
564 852 64
852 188 4
852 1406 4
1406 149 16
1406 1182 64
1182 390 8
1182 158 16
1182 1398 2
158 53 16
158 759 8
759 1398 16
759 163 16
163 1022 64
163 1266 64
1266 404 32
1266 378 16
378 1575 4
378 750 4
750 1296 64
750 1328 32
1328 883 64
1328 1101 64
1101 747 16
1101 1297 64
1297 1208 4
1297 523 4
523 777 8
523 952 16
952 1013 64
952 1473 4
952 194 4
1473 1485 4
1473 394 4
1473 282 4
394 194 16
394 989 8
989 282 32
989 1419 8
1419 885 16
1419 858 32
858 1108 16
858 563 32
563 1184 32
563 455 4
563 360 4
455 1179 32
455 958 4
958 360 4
461 129 32
461 1111 32
1111 86 4
1111 375 64
375 1437 16
375 178 16
375 665 4
178 240 4
178 1027 8
1027 665 16
1027 1059 64
1059 956 4
1059 833 32
1059 1149 8
833 1110 16
833 241 64
241 1149 16
241 1289 8
1289 909 16
1289 529 64
529 897 16
529 1516 16
1516 1069 32
1516 901 8
901 809 64
901 1344 4
1344 78 32
1344 1341 16
1341 590 16
1341 1045 4
1045 1033 64
1045 1302 16
1302 1286 8
1302 873 32
873 1549 8
873 1158 8
1158 231 8
1158 188 32
188 892 4
188 149 4
149 985 32
149 390 64
149 10 8
390 498 4
390 53 64
390 71 2
53 10 16
53 1398 4
1398 71 32
1398 1022 8
1022 1306 16
1022 404 16
404 126 4
404 1575 8
1575 1462 32
1575 1296 64
1575 290 8
1296 790 4
1296 883 8
883 290 8
883 747 4
747 624 16
747 1208 4
1208 203 32
1208 777 64
777 669 8
777 1013 64
1013 42 4
1013 1485 8
1485 986 8
1485 194 16
194 235 16
194 282 32
194 598 8
282 257 16
282 885 4
885 598 64
885 1108 4
1108 780 8
1108 1184 32
1184 308 4
1184 1179 64
1179 908 32
1179 360 8
360 1480 8
129 1584 4
129 86 32
86 168 64
86 1437 64
1437 627 4
1437 240 64
240 1550 8
240 665 8
665 649 16
665 956 64
956 855 4
956 1110 64
1110 773 32
1110 1149 8
1149 739 32
1149 909 64
909 1495 32
909 897 16
897 1591 8
897 1069 8
1069 1127 4
1069 809 8
809 18 32
809 78 32
78 268 4
78 590 32
590 510 32
590 1033 32
1033 61 4
1033 1286 4
1286 1245 8
1286 1549 16
1549 1235 32
1549 231 16
231 312 16
231 892 8
892 471 8
892 985 32
985 237 16
985 498 4
498 1072 16
498 10 32
498 473 2
10 1037 4
10 71 16
71 473 4
71 1306 4
1306 1472 8
1306 126 64
126 653 32
126 1462 64
1462 92 16
1462 790 16
790 363 64
790 290 32
290 1592 4
290 624 32
624 1365 16
624 203 64
203 1496 8
203 669 16
669 136 64
669 42 16
42 724 64
42 986 32
986 217 64
986 235 16
235 1479 32
235 257 32
257 283 4
257 598 4
257 181 2
598 154 16
598 780 64
780 181 32
780 308 32
308 1071 8
308 908 8
908 641 8
908 1480 16
1480 1259 4
1584 457 64
1584 168 4
168 1239 32
168 627 4
627 1392 8
627 1550 32
1550 1163 64
1550 649 4
1550 1315 4
649 111 16
649 855 32
855 1315 8
855 773 32
773 170 32
773 739 4
739 1570 32
739 1495 4
1495 801 8
1495 1591 64
1591 1565 16
1591 1127 4
1127 46 64
1127 18 4
18 1190 8
18 268 16
268 1439 8
268 510 4
510 527 64
510 61 32
61 1106 16
61 1245 16
1245 743 16
1245 1235 64
1235 625 16
1235 312 64
1235 1535 4
312 1140 8
312 471 4
471 1535 32
471 237 4
237 834 4
237 1072 16
1072 98 8
1072 1037 4
1037 487 8
1037 473 4
473 304 64
473 1472 64
1472 1051 64
1472 653 8
653 1415 32
653 92 4
92 615 16
92 363 64
363 899 4
363 1592 32
1592 758 32
1592 1365 16
1365 1524 32
1365 1496 64
1496 1280 8
1496 136 64
136 1345 32
136 724 32
724 1042 16
724 217 4
724 1176 2
217 1492 16
217 1479 8
217 666 8
1479 1176 64
1479 283 8
283 666 4
283 154 8
154 1019 64
154 181 8
154 1261 4
181 1098 8
181 1071 64
1071 1261 16
1071 641 32
1071 309 8
641 425 16
641 1259 8
1259 309 64
457 953 64
457 1239 16
1239 1440 32
1239 1392 32
1392 1091 8
1392 1163 32
1163 342 4
1163 111 4
111 395 4
111 1315 32
1315 1382 8
1315 170 8
170 484 4
170 1570 4
1570 409 4
1570 801 16
801 421 4
801 1565 4
1565 704 16
1565 46 64
1565 1275 2
46 1185 8
46 1190 4
1190 1275 64
1190 1439 16
1439 973 32
1439 527 64
1439 352 2
527 351 16
527 1106 32
1106 352 64
1106 743 4
743 44 32
743 625 32
625 289 8
625 1140 32
1140 1548 32
1140 1535 32
1535 263 8
1535 834 4
1535 1252 4
834 1088 32
834 98 32
98 1252 4
98 487 4
487 1446 8
487 304 32
304 5 4
304 1051 16
1051 927 16
1051 1415 8
1415 341 8
1415 615 8
615 541 32
615 899 16
899 1483 8
899 758 32
758 975 8
758 1524 64
1524 607 64
1524 1280 8
1280 151 32
1280 1345 16
1345 1329 16
1345 1042 8
1042 508 4
1042 1492 4
1042 997 4
1492 1077 16
1492 1176 16
1492 303 4
1176 997 64
1176 666 64
666 303 4
666 1019 16
1019 1105 16
1019 1098 16
1019 572 8
1098 670 8
1098 1261 4
1261 572 4
1261 425 64
1261 1335 8
425 207 4
425 309 64
309 1335 8
953 1148 32
953 1440 64
1440 766 16
1440 1091 4
1091 1445 16
1091 342 64
342 1559 4
342 395 8
395 661 8
395 1382 64
1382 264 32
1382 484 32
484 922 64
484 409 32
409 822 4
409 421 4
421 1206 4
421 704 8
704 672 4
704 1185 32
1185 359 4
1185 1275 4
1275 51 32
1275 973 32
973 297 32
973 351 8
351 1150 8
351 352 64
352 1400 16
352 44 16
44 16 64
44 289 4
44 1388 8
289 811 16
289 1548 4
1548 1388 8
1548 263 8
263 639 16
263 1088 64
1088 1383 32
1088 1252 4
1252 1522 16
1252 1446 32
1446 757 16
1446 5 32
5 611 8
5 927 32
927 732 16
927 341 32
341 654 32
341 541 4
541 1292 4
541 1483 4
1483 657 64
1483 975 8
975 574 4
975 607 64
607 492 16
607 151 4
151 1186 8
151 1329 16
1329 1377 4
1329 508 8
1329 1264 4
508 786 64
508 1077 8
508 660 8
1077 1264 8
1077 997 4
997 660 64
997 303 16
303 1265 8
303 1105 64
303 787 2
1105 463 32
1105 670 16
670 787 8
670 572 4
572 1109 16
572 207 16
207 1586 16
207 1335 16
1335 550 8
1148 1036 32
1148 766 4
766 659 8
766 1445 32
1445 362 32
1445 1559 16
1559 293 32
1559 661 64
661 582 4
661 264 32
264 1224 8
264 922 32
922 730 64
922 822 8
822 1113 32
822 1206 16
1206 161 4
1206 672 8
672 880 64
672 359 32
359 664 64
359 51 32
51 1493 16
51 297 16
297 1222 32
297 1150 4
1150 650 4
1150 1400 4
1400 108 64
1400 16 8
1400 348 4
16 736 4
16 811 64
16 1504 8
811 348 8
811 1388 16
1388 1504 16
1388 639 4
1388 184 2
639 183 32
639 1383 16
1383 184 16
1383 1522 32
1522 156 4
1522 757 16
1522 272 4
757 1048 8
757 611 8
611 272 8
611 732 64
732 934 8
732 654 8
654 1408 64
654 1292 16
1292 719 32
1292 657 8
657 211 16
657 574 32
574 1025 8
574 492 8
492 618 8
492 1186 8
492 708 4
1186 943 4
1186 1377 32
1377 708 32
1377 786 4
786 599 8
786 1264 32
1264 1361 4
1264 660 64
660 537 8
660 1265 32
1265 354 64
1265 463 16
463 896 16
463 787 16
787 490 16
787 1109 4
1109 829 32
1109 1586 16
1109 871 4
1586 423 32
1586 550 4
550 871 8
1036 814 4
1036 659 64
659 102 32
659 362 8
362 1311 16
362 293 4
293 1347 8
293 582 8
582 1281 4
582 1224 8
1224 146 64
1224 730 64
730 177 8
730 1113 8
1113 558 16
1113 161 4
161 1057 32
161 880 4
880 368 64
880 664 4
664 536 64
664 1493 32
1493 266 32
1493 1222 8
1222 854 8
1222 650 4
650 1175 32
650 108 16
108 499 16
108 736 64
108 1432 8
736 318 8
736 348 8
736 94 8
348 1432 32
348 1504 64
1504 94 32
1504 183 4
183 644 8
183 184 32
184 711 16
184 156 64
156 331 4
156 1048 16
1048 1590 32
1048 272 4
272 0 16
272 934 32
934 1030 16
934 1408 8
1408 1267 4
1408 719 32
719 1095 16
719 211 16
211 918 16
211 1025 64
1025 462 8
1025 618 64
618 645 64
618 943 8
943 1076 8
943 708 32
708 1100 8
708 599 4
599 353 16
599 1361 8
1361 866 32
1361 537 8
537 358 32
537 354 16
354 849 4
354 896 8
896 52 64
896 490 8
490 214 64
490 829 64
490 1461 2
829 1262 16
829 423 4
423 1461 32
423 871 4
871 1348 32
814 1143 64
814 102 8
102 96 32
102 1311 32
102 584 8
1311 725 32
1311 1347 16
1347 584 8
1347 1281 64
1281 1366 64
1281 146 32
146 862 4
146 177 8
177 1541 4
177 558 16
558 179 4
558 1057 64
558 876 8
1057 794 4
1057 368 16
368 876 32
368 536 64
536 1515 16
536 266 8
266 1435 32
266 854 4
854 948 8
854 1175 4
1175 1465 4
1175 499 64
499 77 16
499 318 64
499 1422 2
318 441 64
318 1432 64
1432 1422 16
1432 94 16
94 567 4
94 644 16
644 496 32
644 711 64
711 1070 32
711 331 16
331 35 16
331 1590 64
1590 507 8
1590 0 32
0 273 8
0 1030 8
1030 1577 64
1030 1267 32
1030 556 8
1267 1272 4
1267 1095 8
1095 556 16
1095 918 16
918 634 8
918 462 64
462 412 8
462 645 4
645 689 64
645 1076 16
1076 895 16
1076 1100 4
1100 1178 16
1100 353 4
1100 642 2
353 1029 4
353 866 32
866 642 4
866 358 16
358 247 16
358 849 32
849 221 32
849 52 16
52 130 64
52 214 32
214 530 8
214 1262 32
1262 115 16
1262 1461 64
1461 1448 64
1461 1348 64
1348 643 4
1143 1425 32
1143 96 16
96 1349 64
96 725 32
725 1004 4
725 584 16
584 820 4
584 1366 4
1366 610 16
1366 862 4
1366 215 4
862 1409 8
862 1541 8
1541 215 4
1541 179 4
179 647 8
179 794 64
794 818 64
794 876 16
876 1221 16
876 1515 8
1515 338 32
1515 1435 64
1435 1284 64
1435 948 8
948 449 8
948 1465 8
1465 1188 32
1465 77 64
77 792 8
77 441 64
77 1294 4
441 1518 8
441 1422 4
1422 1294 8
1422 567 8
567 967 16
567 496 64
496 225 64
496 1070 4
1070 1255 32
1070 35 64
35 1519 16
35 507 4
507 970 4
507 273 32
273 238 64
273 1577 4
273 677 8
1577 742 8
1577 1272 8
1272 677 32
1272 556 8
556 1035 32
556 634 16
634 175 8
634 412 4
412 1368 4
412 689 8
689 812 64
689 895 16
895 1134 8
895 1178 4
1178 602 64
1178 1029 4
1029 382 8
1029 642 16
642 805 32
642 247 4
247 1283 32
247 221 32
221 1450 4
221 130 16
130 1420 64
130 530 4
530 1523 8
530 115 64
115 1209 32
115 1448 8
1448 1578 8
1448 643 4
643 816 32
1425 1546 8
1425 1349 8
1425 1304 8
1349 636 64
1349 1004 64
1004 1304 8
1004 820 4
820 1352 16
820 610 32
610 568 16
610 1409 4
1409 911 16
1409 215 8
215 1323 8
215 647 16
215 110 2
647 621 64
647 818 16
818 110 8
818 1221 64
1221 1079 8
1221 338 32
338 1399 8
338 1284 8
338 697 8
1284 1172 16
1284 449 8
449 697 16
449 1188 64
1188 176 8
1188 792 4
792 1452 64
792 1518 4
1518 141 16
1518 1294 8
1294 853 16
1294 967 16
967 1067 32
967 225 4
225 1562 8
225 1255 4
1255 1234 16
1255 1519 4
1519 1290 64
1519 970 8
970 1020 64
970 238 8
238 329 8
238 742 64
742 90 64
742 677 4
677 166 8
677 1035 8
1035 1159 16
1035 175 4
175 893 4
175 1368 32
1368 1314 32
1368 812 16
812 538 16
812 1134 64
1134 1474 8
1134 602 8
602 791 8
602 382 16
382 1248 8
382 805 4
805 60 64
805 1283 16
1283 396 64
1283 1450 8
1450 999 64
1450 1420 64
1420 440 8
1420 1523 32
1523 220 32
1523 1209 8
1523 1217 4
1209 1534 64
1209 1578 32
1578 1217 16
1578 816 64
816 589 4
1546 364 16
1546 636 16
636 453 32
636 1304 4
636 696 2
1304 741 64
1304 1352 16
1352 696 8
1352 568 32
568 622 8
568 911 64
911 1241 8
911 1323 32
1323 547 64
1323 621 16
1323 1247 4
621 1232 16
621 110 8
110 1247 32
110 1079 32
1079 1193 32
1079 1399 64
1399 783 32
1399 1172 4
1172 710 64
1172 697 8
697 688 16
697 176 64
697 325 2
176 1497 16
176 1452 16
1452 325 16
1452 141 16
141 424 64
141 853 4
853 256 64
853 1067 16
1067 609 32
1067 1562 16
1562 1168 64
1562 1234 64
1562 1500 2
1234 844 64
1234 1290 16
1290 1500 4
1290 1020 64
1020 544 32
1020 329 4
329 436 8
329 90 8
90 1192 16
90 166 16
166 860 16
166 1159 32
1159 38 8
1159 893 32
893 72 4
893 1314 16
1314 1573 8
1314 538 4
1314 402 8
538 841 16
538 1474 8
1474 402 8
1474 791 4
791 47 8
791 1248 64
1248 577 32
1248 60 32
60 389 8
60 396 32
396 964 16
396 999 8
999 242 64
999 440 8
440 875 4
440 220 64
220 1060 4
220 1534 32
1534 1024 32
1534 1217 32
1534 97 8
1217 28 4
1217 589 16
589 97 64
364 1119 64
364 453 4
453 848 16
453 741 4
741 335 8
741 696 64
696 209 4
696 622 8
622 744 32
622 1241 8
1241 399 8
1241 547 8
547 294 32
547 1232 32
1232 373 64
1232 1247 32
1232 813 4
1247 474 32
1247 1193 16
1193 813 32
1193 783 32
783 806 64
783 710 64
783 244 8
710 251 16
710 688 32
688 244 16
688 1497 32
1497 1416 64
1497 325 4
325 1385 8
325 424 4
424 1447 4
424 256 8
424 1058 8
256 147 32
256 609 8
609 1058 8
609 1168 64
609 279 4
1168 882 16
1168 844 64
844 279 32
844 1500 32
1500 1230 8
1500 544 4
1500 1458 8
544 103 4
544 436 32
436 1458 4
436 1192 64
1192 159 8
1192 860 64
860 1571 32
860 38 16
38 1 8
38 72 16
72 864 32
72 1573 32
72 1166 2
1573 745 8
1573 841 16
841 1166 16
841 402 16
841 1253 8
402 369 16
402 47 16
47 1253 64
47 577 4
577 1531 4
577 389 4
389 1153 4
389 964 4
964 419 64
964 242 16
242 1204 32
242 875 4
875 1214 64
875 1060 16
1060 456 64
1060 1024 16
1024 972 32
1024 28 8
28 186 4
28 97 4
97 328 8
1119 500 16
1119 848 32
848 377 8
848 335 8
335 370 32
335 209 8
209 884 16
209 744 32
744 1054 64
744 399 4
399 1007 64
399 294 8
294 1183 32
294 373 16
373 914 16
373 474 32
474 1104 4
474 813 32
474 447 2
813 416 16
813 806 32
813 122 4
806 447 4
806 251 64
251 122 16
251 244 64
244 1146 16
244 1416 16
1416 83 8
1416 1385 64
1385 36 16
1385 1447 64
1447 807 64
1447 147 16
147 138 32
147 1058 32
1058 357 64
1058 882 4
882 731 8
882 279 32
279 761 32
279 1230 16
1230 1164 4
1230 103 64
1230 1023 2
103 248 16
103 1458 64
1458 1023 8
1458 159 4
159 1411 16
159 1571 4
1571 1369 64
1571 1 16
1 1142 4
1 864 4
864 1384 4
864 745 32
745 836 64
745 1166 8
1166 381 16
1166 369 16
369 770 64
369 1253 64
1253 1052 8
1253 1531 16
1531 64 16
1531 1153 16
1531 160 8
1153 58 32
1153 419 32
419 160 32
419 1204 64
419 212 8
1204 693 4
1204 1214 64
1214 212 8
1214 456 32
456 776 32
456 972 4
972 552 8
972 186 4
972 322 8
186 1478 16
186 328 32
328 322 64
500 356 4
500 377 32
377 511 16
377 370 32
370 1244 64
370 884 16
884 109 64
884 1054 64
1054 1233 16
1054 1007 16
1054 831 8
1007 1342 16
1007 1183 4
1183 831 16
1183 914 4
914 729 32
914 1104 8
1104 549 32
1104 416 4
1104 1512 4
416 1278 16
416 447 64
447 1512 64
447 122 4
122 123 16
122 1146 4
1146 310 32
1146 83 8
83 107 4
83 36 16
36 195 4
36 807 16
807 1333 16
807 138 16
138 912 4
138 357 16
138 840 8
357 1147 4
357 731 32
731 840 8
731 761 64
761 904 64
761 1164 4
1164 430 64
1164 248 64
248 1443 4
248 1023 4
1023 403 32
1023 1411 32
1411 128 32
1411 1369 64
1369 1514 64
1369 1142 8
1142 1120 16
1142 1384 16
1384 1145 4
1384 836 4
836 1006 4
836 381 4
381 371 8
381 770 8
381 1043 8
770 592 8
770 1052 16
770 748 8
1052 1043 8
1052 64 32
1052 842 4
64 748 4
64 58 8
58 842 16
58 160 4
160 1044 8
160 693 8
693 132 4
693 212 64
212 1454 64
212 776 64
776 993 32
776 552 8
552 171 16
552 1478 32
1478 705 8
1478 322 16
322 1034 64
356 164 16
356 511 16
511 505 32
511 1244 8
1244 1102 8
1244 109 4
109 604 64
109 1233 32
1233 933 4
1233 1342 64
1342 1219 4
1342 831 16
831 846 32
831 729 16
729 977 16
729 549 64
549 516 32
549 1278 32
1278 1350 16
1278 1512 4
1278 1256 4
1512 517 32
1512 123 16
123 1256 32
123 310 64
310 406 32
310 107 4
107 464 4
107 195 64
195 1594 4
195 1333 32
1333 346 64
1333 912 16
912 1529 8
912 1147 8
912 392 8
1147 991 4
1147 840 64
840 392 8
840 904 64
904 1211 32
904 430 64
430 113 32
430 1443 4
1443 684 16
1443 403 64
403 632 16
403 128 32
128 70 4
128 1514 16
1514 671 16
1514 1120 64
1514 1317 4
1120 491 16
1120 1145 64
1145 1317 64
1145 1006 4
1006 628 64
1006 371 4
1006 955 4
371 703 8
371 592 16
371 593 8
592 955 4
592 1043 64
1043 593 64
1043 748 16
748 1228 16
748 842 64
842 48 4
842 1044 64
1044 475 4
1044 132 32
132 1137 4
132 1454 64
1454 1539 64
1454 993 32
1454 925 8
993 571 32
993 171 16
171 925 4
171 705 4
705 1536 32
705 1034 64
1034 1005 4
164 714 16
164 505 8
505 433 16
505 1102 16
1102 857 32
1102 604 4
604 1331 16
604 933 16
933 1503 4
933 1219 32
1219 712 64
1219 846 4
846 1161 4
846 977 16
977 1199 64
977 516 8
516 1376 64
516 1350 4
1350 906 4
1350 517 4
517 1505 64
517 1256 16
1256 655 64
1256 406 16
406 7 8
406 464 8
464 784 16
464 1594 32
464 4 4
1594 200 8
1594 346 4
346 4 32
346 1529 64
1529 681 64
1529 991 8
991 1442 16
991 392 4
392 1026 4
392 1211 4
1211 180 4
1211 113 4
113 800 64
113 684 16
684 1561 64
684 632 8
632 1316 4
632 70 64
70 870 64
70 671 64
671 1593 64
671 491 8
671 616 4
491 608 8
491 1317 16
1317 616 8
1317 628 32
628 702 4
628 703 32
703 1556 32
703 955 64
955 1303 64
955 593 8
593 250 64
593 1228 4
1228 902 8
1228 48 16
48 965 32
48 475 16
475 270 32
475 1137 8
1137 861 8
1137 1539 8
1137 995 2
1539 1464 4
1539 571 4
571 995 64
571 925 8
571 587 8
925 50 16
925 1536 32
1536 587 4
1536 1005 8
1005 763 4
714 581 4
714 433 32
433 477 64
433 857 4
857 1194 64
857 1331 4
1331 74 32
1331 1503 64
1503 998 8
1503 712 4
712 938 16
712 1161 4
712 1339 2
1161 580 16
1161 1199 16
1199 1339 8
1199 1376 16
1199 88 4
1376 942 32
1376 906 32
906 88 4
906 1505 8
1505 1431 16
1505 655 64
655 1300 64
655 7 64
7 1201 64
7 784 64
784 417 32
784 200 32
200 1321 4
200 4 16
4 366 16
4 681 64
681 1215 64
681 1442 32
1442 280 4
1442 1026 32
1026 546 4
1026 180 16
1026 810 8
180 1596 64
180 800 8
800 810 8
800 1561 8
1561 26 4
1561 1316 32
1316 56 16
1316 870 32
870 385 32
870 1593 16
1593 468 16
1593 608 32
608 1144 64
608 616 32
616 554 32
616 702 8
702 145 4
702 1556 8
702 15 2
1556 579 8
1556 1303 64
1303 15 64
1303 250 64
250 1002 64
250 902 4
902 924 32
902 965 8
965 413 4
965 270 4
270 1362 16
270 861 32
861 695 16
861 1464 64
1464 428 16
1464 995 32
995 939 4
995 50 32
50 760 16
50 587 32
587 815 4
587 763 4
763 1403 4
581 1133 8
581 477 32
477 1177 4
477 1194 8
1194 59 64
1194 74 16
74 1579 64
74 998 16
998 1039 64
998 938 8
938 569 8
938 580 16
580 651 4
580 1339 4
1339 1412 64
1339 942 8
942 410 8
942 88 4
88 823 16
88 1431 16
88 872 4
1431 91 32
1431 1300 16
1300 872 4
1300 1201 4
1201 1525 16
1201 417 16
417 432 16
417 1321 16
1321 494 4
1321 366 8
366 923 8
366 1215 64
1215 1260 64
1215 280 8
280 1053 4
280 546 8
546 1507 4
546 1596 32
1596 255 8
1596 810 16
810 495 4
810 26 16
26 1494 32
26 56 4
56 979 4
56 385 8
385 1210 32
385 468 64
468 518 8
468 1144 16
1144 1009 32
1144 554 8
554 1083 64
554 145 32
145 34 32
145 579 64
579 778 32
579 15 16
15 1285 4
15 1002 4
1002 936 16
1002 924 8
924 1530 8
924 413 32
413 774 4
413 1362 4
413 1195 4
1362 984 4
1362 695 8
695 1195 16
695 428 8
428 285 16
428 939 16
939 1187 8
939 760 4
939 638 4
760 1160 64
760 815 4
815 638 16
815 1403 8
1403 134 16
1133 1511 32
1133 1177 32
1177 139 64
1177 59 8
59 467 16
59 1579 32
1579 605 4
1579 1039 64
1039 1138 64
1039 569 32
1039 797 2
569 1421 8
569 651 4
651 797 32
651 1412 4
1412 796 16
1412 410 32
410 1364 4
410 823 8
823 1075 8
823 91 64
91 105 16
91 872 8
91 265 4
872 32 16
872 1525 4
1525 265 64
1525 432 32
432 1327 32
432 494 64
494 1181 64
494 923 4
923 33 8
923 1260 32
1260 1082 8
1260 1053 16
1053 1291 16
1053 1507 16
1507 1200 16
1507 255 32
255 343 64
255 495 4
495 962 8
495 1494 16
495 662 8
1494 223 8
1494 979 4
979 662 4
979 1210 4
979 1427 4
1210 1336 8
1210 518 16
518 1427 4
518 1009 8
518 1576 4
1009 330 4
1009 1083 8
1083 1576 8
1083 34 16
34 1438 8
34 778 16
778 920 64
778 1285 8
1285 982 32
1285 936 32
936 1459 8
936 1530 32
936 349 4
1530 767 64
1530 774 32
774 349 64
774 984 8
984 1475 64
984 1195 32
1195 971 4
1195 285 4
285 361 64
285 1187 32
1187 429 64
1187 1160 32
1160 101 8
1160 638 32
638 1413 4
638 134 32
134 583 16
1511 1430 16
1511 139 16
139 1041 32
139 467 64
467 414 8
467 605 64
605 185 16
605 1138 16
1138 233 16
1138 1421 32
1421 21 64
1421 797 32
1421 633 2
797 104 64
797 796 32
796 633 4
796 1364 4
1364 1017 16
1364 1075 4
1075 301 8
1075 105 4
105 192 8
105 32 64
32 1263 32
32 265 32
32 983 8
265 700 64
265 1327 8
1327 983 8
1327 1181 64
1181 737 4
1181 33 16
33 519 32
33 1082 16
1082 415 16
1082 1291 4
1291 262 4
1291 1200 16
1200 928 32
1200 343 16
343 919 16
343 962 4
962 1205 64
962 223 16
223 525 32
223 662 32
662 169 64
662 1336 8
662 206 8
1336 65 4
1336 1427 32
1427 206 8
1427 330 4
330 337 32
330 1576 32
330 1207 4
1576 1087 32
1576 1438 16
1438 1207 8
1438 920 64
920 1167 16
920 982 8
982 79 32
982 1459 16
1459 626 16
1459 767 16
767 762 64
767 349 8
349 648 8
349 1475 16
349 1429 8
1475 66 16
1475 971 4
971 1429 64
971 361 16
361 557 4
361 429 8
429 1307 8
429 101 8
101 756 8
101 1413 32
101 1084 2
1413 755 32
1413 583 64
583 1084 4
1430 1551 4
1430 1041 32
1041 259 4
1041 414 4
1041 426 8
414 850 16
414 185 8
185 426 4
185 233 32
233 1227 4
233 21 32
21 1544 64
21 104 64
104 1533 8
104 633 4
633 1360 8
633 1017 64
1017 1374 32
1017 301 16
301 856 32
301 192 32
301 830 4
192 945 64
192 1263 32
192 532 4
1263 830 4
1263 700 32
700 532 8
700 983 32
983 832 8
983 737 32
737 480 8
737 519 64
519 1066 4
519 415 64
519 271 8
415 560 32
415 262 64
262 271 16
262 928 64
928 87 64
928 919 4
919 305 8
919 1205 8
1205 596 4
1205 525 64
525 1456 4
525 169 32
525 1198 8
169 754 8
169 65 64
65 1198 8
65 206 8
206 679 64
206 337 32
337 408 16
337 1087 8
1087 817 8
1087 1207 4
1207 1489 4
1207 1167 4
1167 401 16
1167 79 32
79 963 8
79 626 32
626 954 64
626 762 32
762 863 32
762 648 32
648 1213 4
648 66 64
66 715 16
66 1429 8
1429 591 8
1429 557 64
1429 1537 2
557 1434 4
557 1307 4
1307 1537 32
1307 756 32
756 372 16
756 755 16
756 295 4
755 14 16
755 1084 8
1084 295 8
1551 133 4
1551 259 32
259 407 32
259 850 8
850 190 4
850 426 16
426 1568 64
426 1227 8
1227 690 8
1227 1544 16
1544 656 8
1544 1533 32
1544 1226 8
1533 1555 32
1533 1360 4
1360 1226 64
1360 1374 32
1374 619 8
1374 856 64
856 682 64
856 945 4
945 1305 8
945 830 4
830 472 32
830 532 16
532 1229 8
532 832 16
832 683 16
832 480 16
480 334 16
480 1066 16
1066 384 8
1066 560 32
560 276 16
560 271 16
271 226 32
271 87 8
87 1318 32
87 305 4
305 966 4
305 596 8
596 877 16
596 1456 16
1456 31 32
1456 754 8
754 1484 16
754 1198 8
1198 1390 32
1198 679 32
1198 1092 4
679 422 32
679 408 16
679 239 2
408 1092 4
408 817 64
817 239 8
817 1489 64
1489 1552 32
1489 401 4
401 465 8
401 963 4
963 1357 16
963 954 32
954 921 4
954 863 4
863 420 8
863 1213 8
1213 454 64
1213 715 4
715 1466 8
715 591 8
715 1274 4
591 941 32
591 1434 8
1434 1274 8
1434 1537 64
1537 367 16
1537 372 16
372 355 8
372 14 4
14 1276 8
14 295 16
295 1132 4
133 249 32
133 407 8
407 663 16
407 190 32
190 575 64
190 1568 4
1568 824 16
1568 690 64
690 687 32
690 656 8
690 555 4
656 749 64
656 1555 16
1555 555 16
1555 1226 16
1555 926 4
1226 503 8
1226 619 32
619 926 16
619 682 64
682 1351 8
682 1305 64
1305 727 8
1305 472 4
1305 835 8
472 1064 16
472 1229 64
1229 835 16
1229 683 4
683 1499 16
683 334 16
334 466 32
334 384 32
334 1139 4
384 1258 8
384 276 4
276 1139 8
276 226 32
226 1251 4
226 1318 8
1318 542 16
1318 966 4
966 291 32
966 877 64
877 1107 64
877 31 4
877 588 4
31 1595 32
31 1484 16
31 1273 2
1484 588 32
1484 1390 4
1390 1273 16
1390 422 8
422 95 16
422 1092 16
1092 623 64
1092 239 4
239 746 8
239 1552 16
1552 1115 8
1552 465 4
465 706 16
465 1357 8
1357 253 64
1357 921 16
921 1046 16
921 420 64
420 1151 8
420 454 32
454 333 16
454 1466 16
1466 1003 64
1466 941 8
941 9 4
941 1274 4
1274 326 4
1274 367 32
367 900 64
367 355 8
367 551 2
355 85 32
355 1276 4
355 317 2
1276 551 16
1276 1132 64
1132 317 16
249 230 32
249 663 8
663 1405 64
663 575 4
575 2 32
575 824 8
575 1332 8
824 411 16
824 687 16
687 1332 64
687 749 32
749 652 16
749 555 64
555 1237 64
555 503 64
555 1118 2
503 586 32
503 926 32
926 1118 4
926 1351 32
1351 431 16
1351 727 64
727 1085 64
727 1064 4
1064 793 64
1064 835 64
835 723 32
835 1499 16
1499 894 16
1499 466 32
466 881 16
466 1258 16
1258 509 8
1258 1139 4
1139 1099 16
1139 1251 64
1251 63 4
1251 542 32
542 488 4
542 291 64
291 1554 8
291 1107 32
1107 1157 32
1107 1595 4
1595 1202 32
1595 588 64
1595 1381 2
588 302 8
588 1273 8
1273 1381 16
1273 95 8
95 940 16
95 623 8
623 452 8
623 746 8
746 825 32
746 1115 32
1115 131 32
1115 706 64
706 819 4
706 253 4
253 798 32
253 1046 8
1046 738 64
1046 1151 32
1046 479 4
1151 62 4
1151 333 4
333 479 32
333 1003 4
1003 228 4
1003 9 64
9 1312 16
9 326 64
326 1386 4
326 900 32
900 539 8
900 85 16
85 1073 4
85 551 8
85 483 8
551 252 16
551 317 64
317 483 32
230 716 8
230 1405 8
1405 771 8
1405 2 64
2 676 16
2 411 64
411 1065 8
411 1332 64
1332 1502 4
1332 652 4
652 12 8
652 1237 16
1237 1558 4
1237 586 16
1237 54 8
586 386 4
586 1118 32
1118 54 4
1118 431 4
431 1378 64
431 1085 4
1085 1490 16
1085 793 32
793 1367 64
793 723 8
723 987 64
723 894 8
723 1370 4
894 458 8
894 881 8
881 1370 64
881 509 8
509 1141 32
509 1099 16
1099 1103 4
1099 63 64
63 286 64
63 488 8
488 448 16
488 1554 32
1554 969 4
1554 1157 32
1157 1121 16
1157 1202 16
1202 1418 4
1202 302 16
302 81 64
302 1381 64
1381 365 4
1381 940 16
940 93 16
940 452 16
452 1583 4
452 825 64
452 1080 4
825 451 16
825 131 16
825 775 8
131 1080 16
131 819 8
819 775 8
819 798 64
798 1313 32
798 738 32
738 1391 4
738 62 64
62 68 64
62 479 64
479 1089 64
479 228 64
228 299 16
228 1312 64
228 345 4
1312 1404 4
1312 1386 32
1386 345 64
1386 539 16
539 826 8
539 1073 64
1073 1269 64
1073 252 32
252 1093 64
252 483 16
483 135 4
716 437 32
716 771 8
771 1532 32
771 676 32
676 320 4
676 1065 16
1065 630 64
1065 1502 16
1502 548 4
1502 12 32
12 1338 4
12 1558 16
12 1154 8
1558 779 64
1558 386 8
386 1154 64
386 54 16
54 1203 32
54 1378 64
1378 80 4
1378 1490 16
1490 1117 16
1490 1367 64
1367 418 16
1367 987 32
987 1581 16
987 458 16
987 1563 4
458 1000 64
458 1370 4
1370 1563 4
1370 1141 16
1141 781 64
1141 1103 64
1103 1545 8
1103 286 4
1103 951 2
286 391 8
286 448 32
448 951 32
448 969 8
969 444 64
969 1121 8
1121 916 16
1121 1418 16
1418 594 64
1418 81 32
1418 968 2
81 1162 16
81 365 32
365 968 8
365 93 32
93 201 8
93 1583 8
93 960 4
1583 1015 4
1583 451 32
451 960 16
451 1080 8
1080 735 16
1080 775 16
1080 533 2
775 470 16
775 1313 16
1313 533 64
1313 1391 4
1313 808 2
1391 119 8
1391 68 8
1391 1220 4
68 808 4
68 1089 8
1089 1220 32
1089 299 32
1089 155 8
299 162 4
299 1404 8
1404 155 64
1404 345 4
345 535 4
345 826 8
826 1135 32
826 1269 64
1269 1223 64
1269 1093 4
1093 1337 64
1093 135 8
135 859 4
437 888 32
437 1532 16
1532 1068 4
1532 320 4
1532 274 2
320 1288 32
320 630 4
630 274 64
630 548 4
548 1510 8
548 1338 16
548 306 2
1338 629 4
1338 779 64
779 306 4
779 1154 16
1154 1063 64
1154 1203 64
1203 545 8
1203 80 16
80 685 32
80 1117 32
80 23 2
1117 515 8
1117 418 4
418 23 32
418 1581 16
1581 531 32
1581 1000 64
1000 534 32
1000 1563 32
1563 996 8
1563 781 64
781 1298 64
781 1545 8
1545 1096 32
1545 391 32
391 193 16
391 951 4
391 1566 8
951 82 4
951 444 8
444 1566 32
444 916 8
916 1553 8
916 594 32
594 959 64
594 1162 64
1162 114 32
1162 968 8
968 1136 16
968 201 32
968 327 4
201 324 32
201 1015 64
1015 327 64
1015 960 4
960 344 64
960 735 4
735 216 8
735 470 8
470 6 4
470 533 8
533 1396 8
533 119 4
119 658 4
119 808 4
808 740 4
808 1220 8
1220 1441 64
1220 162 16
162 1372 32
162 155 32
155 315 64
155 535 16
535 640 16
535 1135 32
1135 323 32
1135 1223 8
1223 435 8
1223 1337 16
1337 728 16
1337 859 4
859 635 4
888 493 4
888 1068 16
1068 287 8
1068 1288 8
1288 827 64
1288 274 64
274 1191 64
274 1510 8
1510 553 4
1510 629 4
629 173 32
629 306 8
306 1322 32
306 1063 64
306 316 2
1063 903 32
1063 545 64
545 316 8
545 685 64
685 376 16
685 515 16
515 116 4
515 23 32
515 522 8
23 1491 16
23 531 32
531 522 8
531 534 64
531 1319 4
534 469 16
534 996 64
996 1319 4
996 1298 8
1298 497 4
1298 1096 4
1096 1268 4
1096 193 32
1096 150 2
193 434 8
193 82 64
193 481 4
82 150 4
82 1566 4
1566 481 64
1566 1553 8
1553 1359 16
1553 959 32
1553 1501 8
959 601 32
959 114 32
114 1501 64
114 1136 16
1136 298 64
1136 324 32
324 821 8
324 327 4
327 69 8
327 344 32
344 387 8
344 216 64
216 278 4
216 6 64
6 124 32
6 1396 4
1396 243 64
1396 658 64
658 1097 64
658 740 32
658 1379 2
740 314 32
740 1441 4
1441 1379 32
1441 1372 16
1372 182 64
1372 315 8
315 296 4
315 640 16
640 307 64
640 323 16
323 1498 32
323 435 4
435 890 16
435 728 16
728 1240 4
728 635 16
635 1371 32
493 981 8
493 287 4
287 1543 4
287 827 4
827 720 32
827 1191 32
1191 709 8
1191 553 64
553 427 32
553 173 4
173 292 8
173 1322 4
1322 1426 8
1322 903 32
903 1517 32
903 316 16
316 1387 64
316 376 8
316 174 8
376 1457 8
376 116 16
116 174 16
116 1491 4
1491 1380 32
1491 522 16
522 867 32
522 469 64
469 118 64
469 1319 4
1319 1165 4
1319 497 16
497 1326 8
497 1268 64
497 1355 8
1268 566 8
1268 434 8
434 1355 16
434 150 16
434 398 2
150 932 4
150 481 64
481 398 4
481 1359 16
1359 868 8
1359 601 16
601 879 4
601 1501 32
1501 1449 4
1501 298 16
1501 907 2
298 506 64
298 821 4
298 1056 4
821 907 8
821 69 32
69 1056 4
69 387 4
387 799 32
387 278 4
278 1169 16
278 124 64
278 1212 4
124 258 64
124 243 4
243 1212 4
243 1097 16
1097 1469 8
1097 314 32
314 1189 64
314 1379 4
1379 55 32
1379 182 16
182 1375 4
182 296 8
296 947 16
296 307 16
307 701 8
307 1498 16
307 1334 2
1498 1521 32
1498 890 4
1498 227 2
890 1334 16
890 1240 64
1240 227 8
1240 1371 64
1371 350 8
981 1486 64
981 1543 32
1543 838 4
1543 720 16
720 1599 16
720 709 8
720 1090 8
709 988 16
709 427 8
427 1090 4
427 292 8
292 578 64
292 1426 64
1426 845 8
1426 1517 4
1517 1295 16
1517 1387 16
1387 446 8
1387 1457 4
1387 1061 4
1457 1249 8
1457 174 32
174 1061 16
174 1380 4
1380 1488 32
1380 867 64
867 486 32
867 118 16
118 1218 16
118 1165 32
1165 112 16
1165 1326 32
1326 445 8
1326 566 8
566 1393 16
566 1355 64
566 1246 2
1355 520 4
1355 932 4
932 1246 4
932 398 8
398 37 8
398 868 4
868 600 64
868 879 32
879 25 64
879 1449 64
1449 1455 64
1449 506 8
506 443 8
506 907 64
907 753 4
907 1056 16
907 1325 8
1056 637 4
1056 799 8
799 1325 4
799 1169 64
1169 631 64
1169 258 64
1169 886 8
258 1356 8
258 1212 32
1212 886 4
1212 1469 8
1212 597 8
1469 565 64
1469 1189 8
1189 597 8
1189 55 4
55 1086 16
55 1375 4
1375 910 8
1375 947 64
947 1094 64
947 701 16
701 1114 4
701 1521 64
1521 1424 4
1521 1334 4
1334 874 64
1334 227 32
227 521 8
227 350 64
350 450 4
1486 281 8
1486 838 32
838 379 64
838 1599 4
838 504 8
1599 311 32
1599 988 4
988 504 64
988 1090 8
1090 1010 64
1090 578 32
578 1282 64
578 845 8
845 245 16
845 1295 8
1295 1116 16
1295 446 64
446 1487 4
446 1249 32
1249 1417 4
1249 1061 16
1061 1567 32
1061 1488 32
1488 84 4
1488 486 16
486 980 64
486 1218 32
1218 1394 8
1218 112 4
112 1520 32
112 445 4
445 957 32
445 1393 64
1393 1320 4
1393 520 32
1393 284 2
520 680 16
520 1246 32
1246 284 8
1246 37 64
37 380 4
37 600 4
600 196 16
600 25 4
25 1587 8
25 1455 4
25 100 8
1455 1018 4
1455 443 32
443 100 32
443 753 8
753 1346 8
753 637 16
637 994 32
637 1325 4
1325 277 4
1325 631 16
631 603 8
631 1356 16
1356 1310 8
1356 886 32
886 1560 64
886 565 16
565 620 16
565 597 32
597 949 32
597 1086 4
1086 718 64
1086 910 32
910 1580 64
910 1094 32
1094 224 8
1094 1114 4
1114 20 64
1114 1424 8
1114 137 4
1424 722 64
1424 874 4
874 137 8
874 521 16
521 1040 8
521 450 4
450 1277 8
281 1353 16
281 379 32
379 17 32
379 311 32
311 1129 4
311 504 16
504 75 32
504 1010 64
1010 1509 4
1010 1282 32
1010 692 2
1282 269 8
1282 245 8
245 692 16
245 1116 64
1116 1112 8
1116 1487 16
1487 3 32
1487 1417 8
1487 1299 2
1417 931 4
1417 1567 64
1417 1564 4
1567 1299 16
1567 84 64
84 1564 4
84 980 4
980 167 64
980 1394 8
1394 1180 16
1394 1520 64
1520 1301 8
1520 957 4
957 172 8
957 1320 16
1320 397 4
1320 680 8
680 1124 16
680 284 64
284 1436 16
284 380 4
380 802 64
380 196 16
196 1257 32
196 1587 64
1587 1122 16
1587 1018 32
1018 843 4
1018 100 8
100 713 64
100 1346 32
1346 339 4
1346 994 64
994 189 32
994 277 4
277 1542 16
277 603 64
603 489 16
603 1310 16
1310 950 64
1310 1560 16
1560 1050 64
1560 620 64
620 898 32
620 949 64
949 1021 32
949 718 8
718 1128 64
718 1580 64
1580 57 8
1580 224 32
224 847 8
224 20 4
20 267 4
20 722 32
722 1081 32
722 137 64
137 717 16
137 1040 64
137 120 4
1040 1270 16
1040 1277 4
1277 120 8
1353 459 64
1353 17 8
17 19 64
17 1129 8
1129 668 16
1129 75 8
75 1225 16
75 1509 8
1509 1508 32
1509 269 16
269 388 8
269 692 64
692 143 16
692 1112 32
692 300 8
1112 1032 64
1112 3 16
3 300 8
3 931 32
3 1236 2
931 106 16
931 1299 16
1299 1236 16
1299 1564 8
1564 1293 8
1564 167 64
167 148 64
167 1180 32
1180 165 64
1180 1301 4
1180 1451 4
1301 946 8
1301 172 64
172 1451 32
172 397 64
172 205 4
397 1330 4
397 1124 8
1124 205 32
1124 1436 64
1436 374 8
1436 802 8
802 1453 16
802 1257 64
1257 935 64
1257 1122 64
1122 199 64
1122 843 32
843 1125 16
843 713 16
713 482 4
713 339 8
713 1279 4
339 1174 4
339 189 32
189 1279 16
189 1542 64
1542 686 8
1542 489 16
489 789 64
489 950 8
950 40 16
950 1050 16
1050 1363 8
1050 898 4
898 803 4
898 1021 16
1021 460 64
1021 1128 64
1128 978 4
1128 57 16
57 1540 16
57 847 64
847 1468 8
847 267 8
267 1401 8
267 1081 4
1081 1152 4
1081 717 16
717 502 32
717 1270 16
1270 204 16
1270 120 8
120 804 64
459 19 64
19 668 8
668 1225 4
1225 1508 16
1508 388 4
388 143 4
143 1032 64
1032 300 64
300 106 4
106 1236 16
1236 1293 32
1293 148 4
148 165 8
165 946 8
946 1451 4
1451 1330 4
1330 205 8
205 374 16
374 1453 16
1453 935 4
935 199 64
199 1125 32
1125 482 8
482 1174 4
1174 1279 32
1279 686 4
686 789 4
789 40 32
40 1363 4
1363 803 32
803 460 8
460 978 16
978 1540 32
1540 1468 8
1468 1401 4
1401 1152 16
1152 502 64
502 204 64
204 804 16
733 1130 785 288 1012 974 1156 1397 1047 612 236 675 929 125 1155 332 347 1078 869 1171 11 1572 976 559 157 461 1111 191 837 1243 375 234 1470 543 222 1527 1476 1031 905 1598 30 1231 674 178 43 917 197 573 1027 1059 439 1402 1467 1557 1340 313 833 1410 891 1395 501 241 764 213 889 29 1049 13 691 772 442 129 86 667 1437 240 1584 168 457 1239 627 1392 1550 1163 218 992 438 930 1014 67 127 953 698 1440 1091 342 665 956 1110 649 855 773 111 1315 170 1148 766 1036 659 153 1445 362 814 1143 1425 878 887 102 1311 96 725 513 1569 1349 1004 1538 1055 1289 529 1559 293 1347 584 1149 909 897 739 1546 636 1570 1495 1591 395 661 582 1382 264 484 1281 1224 922 730 146 1366 801 409 364 453 1119 848 646 562 1126 1463 915 1197 726 393 673 1516 1069 820 610 1304 1352 741 696 734 1354 117 41 1582 89 1001 862 1271 229 500 356 164 377 511 505 1409 568 911 335 370 1244 1358 340 202 1389 1308 514 198 1444 1343 383 714 433 581 477 485 260 1574 1324 1170 142 606 321 822 1113 752 699 177 1541 901 1585 809 1127 1565 46 209 622 18 1241 884 744 1054 1344 1341 78 399 1007 109 1102 604 1233 1342 268 1133 1511 1430 1177 139 1041 857 1194 59 467 590 1045 1033 1331 74 1579 605 421 1206 933 1503 576 998 1039 414 1008 1138 1074 1589 1302 873 1219 39 694 1287 99 712 751 938 569 144 704 1551 1185 22 261 1471 595 219 259 133 249 230 850 716 437 888 407 190 663 575 1405 2 771 676 1532 1482 161 558 1057 1254 585 564 1158 852 188 1068 185 233 613 1597 426 614 1227 1568 690 824 411 687 232 1332 208 152 1460 765 493 1062 512 478 287 1250 981 1543 1486 319 617 254 782 913 838 281 379 320 1288 827 720 1065 630 274 1191 215 1323 547 294 1353 17 459 19 1599 311 1183 1190 1275 1439 973 1502 510 527 548 1510 553 709 672 427 880 359 831 846 61 51 664 368 536 297 1493 1222 266 1481 121 140 179 794 647 621 818 876 1221 1161 580 351 1106 352 1150 1414 1433 1129 668 854 110 1232 373 1247 474 988 504 1090 1010 75 1225 526 1515 338 1435 1284 948 721 1028 476 8 1428 990 1131 1016 246 76 1079 1399 914 1104 729 549 977 1199 1509 1508 828 944 769 24 678 707 1193 813 528 27 570 400 1423 961 851 1011 540 1242 1123 768 516 1376 1339 942 651 1412 410 783 806 1172 710 1547 1216 865 1309 1421 21 797 796 1544 104 416 1278 1350 906 447 1512 336 561 1173 795 275 1533 656 749 251 1555 122 652 12 555 1237 524 1528 49 788 1526 1513 937 405 1238 1558 1338 779 1038 45 839 1196 1407 73 1373 1477 1588 187 210 1506 629 173 1364 633 1017 449 697 688 244 517 1146 123 310 1505 1256 406 655 1360 88 823 1226 1431 91 503 1300 1075 1374 619 926 301 856 682 586 1118 292 578 1282 872 105 32 192 945 1305 1263 1351 727 650 1175 1465 1188 176 431 1085 386 54 1378 1154 1203 306 1322 1426 1063 903 545 1517 80 685 1497 1400 108 1416 499 77 7 1201 792 1452 325 1525 265 700 1385 83 36 107 195 464 784 417 1594 200 1321 432 1327 494 1181 983 1286 1549 231 1245 1235 312 743 625 44 16 736 318 441 289 811 1140 1548 1388 348 1432 1504 94 1406 892 471 1535 1182 158 149 390 53 1422 985 498 1518 141 424 10 316 1387 759 1398 71 163 1022 1266 378 404 237 1072 1447 834 98 807 830 532 472 1229 1064 1490 1117 793 1367 835 723 987 376 1457 515 116 845 174 1295 446 1249 269 245 1116 692 388 418 23 1112 143 1032 1487 3 300 832 683 1499 894 1491 1417 931 1380 1061 106 1567 1488 84 1299 1236 1294 853 256 1581 531 522 867 458 1000 534 469 118 486 980 1218 147 138 1333 346 912 1529 4 681 1564 167 1293 148 366 1215 923 1260 1037 1575 750 1296 263 1328 883 1088 737 480 334 466 1101 1297 33 519 639 1383 473 1066 384 1258 487 304 1306 126 1462 1472 1051 653 1415 1252 1522 183 184 1446 156 757 1082 881 1370 1563 996 567 644 711 496 967 225 415 560 5 927 341 747 509 1141 781 1298 1067 609 1058 357 1562 1168 882 1070 1255 1234 844 279 731 761 1147 840 991 392 904 1211 1442 280 1026 523 1208 611 777 732 952 1013 1048 331 1590 272 35 1053 276 0 934 1291 262 271 226 92 790 290 363 624 615 541 203 1139 1251 1099 1103 1519 1290 1500 546 1507 1200 928 87 1318 654 1408 1030 1267 507 273 1577 970 1020 1292 719 180 1596 63 1473 286 238 742 329 90 544 436 1192 1230 103 1458 1164 430 248 113 800 810 1592 899 1365 758 1524 1496 669 136 1280 1345 1483 975 607 151 657 1329 394 1485 989 194 282 574 492 42 724 1042 255 343 1319 1165 112 1394 1520 1180 165 919 1272 677 1545 391 986 1096 217 166 860 497 1268 1326 1095 556 1035 1159 1492 235 257 211 1025 918 462 634 618 1419 858 563 1186 1377 943 708 508 1077 786 885 1108 1184 455 1179 598 780 308 908 958 175 893 1479 1176 283 666 997 1264 660 360 1480 154 1019 181 1098 1071 542 641 488 1261 425 1259 309 448 951 412 1368 1314 38 303 1105 670 1023 1443 403 684 1561 193 82 26 495 1494 645 689 812 1076 895 1134 538 1474 566 434 1355 305 159 1411 1571 1369 128 599 72 1 1573 864 632 1316 56 962 1205 1265 463 1361 537 787 1100 353 354 223 525 866 358 70 870 1514 671 1593 966 291 596 877 1107 1554 1157 385 468 1142 1384 572 207 1335 745 836 1120 491 1145 969 608 444 1144 1317 979 1210 1178 602 1566 150 481 445 957 1393 518 1009 662 1320 169 1336 65 1427 1006 628 616 1029 382 642 247 1109 1586 849 221 550 896 52 130 791 1248 841 805 60 1283 490 214 396 829 402 47 577 1166 369 1253 1301 381 172 397 770 389 946 1451 423 702 1262 871 1461 1348 1531 1052 530 115 1448 64 1456 31 754 1595 1484 588 1202 1450 1420 554 1083 371 145 34 703 592 1043 955 1556 579 593 1303 15 250 1002 999 1523 440 220 964 242 1209 1534 1578 1217 643 816 1121 1153 419 1204 875 1214 58 748 842 160 1060 456 1024 28 1044 972 932 398 1228 520 1246 37 1198 1390 48 902 965 924 413 1273 206 679 330 337 778 1576 1438 920 1087 1207 422 95 1330 302 1381 940 693 212 776 132 1454 589 97 1418 81 475 1137 1539 408 817 365 1489 93 916 594 1162 1553 959 1092 623 1359 1285 936 239 680 284 1552 1124 601 1436 205 374 114 1501 993 1167 401 982 79 270 452 1362 746 825 861 1464 465 1115 706 131 186 552 171 1478 328 322 571 995 705 1034 925 1536 1005 50 587 763 1459 1530 767 1583 451 774 349 695 963 626 954 762 984 1475 1195 863 648 66 968 201 1015 868 600 879 25 1449 1455 1136 298 324 327 380 802 1453 196 1587 1018 1257 935 1122 199 843 1125 506 821 907 69 443 428 939 1056 971 1429 285 361 557 1187 429 760 1160 815 638 1403 134 1080 1357 253 921 420 1213 454 100 713 960 344 735 216 819 798 482 775 470 6 1313 533 1046 1151 738 62 1391 68 119 808 715 1466 591 1307 941 1434 1537 101 756 372 1413 583 1274 755 333 1003 9 326 367 900 1084 479 228 1089 1312 299 753 637 1346 994 387 799 278 124 1169 258 1325 1396 243 631 355 85 658 1097 1212 740 339 1174 189 1279 1220 1441 277 1542 686 603 1404 1386 345 314 1469 1189 1379 162 155 1372 182 55 315 489 789 1356 886 565 597 1310 950 40 1560 620 949 1050 14 295 898 1363 803 1276 1132 1086 1021 460 718 1128 1375 296 947 910 1094 1580 224 551 317 539 1073 252 483 535 826 1269 1135 1223 1093 57 847 1337 135 640 307 323 1498 701 1521 978 1540 1468 859 435 728 635 890 1240 1371 1114 20 267 1334 1424 227 350 874 722 521 450 137 1040 1277 1081 1401 717 1152 1270 502 204 120 804
