1468 89 1198 1188 126 958 1150 1406 990 226 723 563 763 1587 339 1089 1063 743 404 1476 1282 1524 742 297 1590 153 895 792 1182 136 426 218 38 1592 1521 494 406 202 435 939
1562 702 1034 1032 963 496 524 576 1363 1062 366 186 1593 10 1586 1340 1139 470 575 1126 808 703 1579 132 1269 911 1218 167 28 162 675 603 133 918 1201 1588 945 1176 738 177
351 44 581 1123 374 890 725 433 967 657 271 1356 998 706 770 752 327 993 353 628 213 1320 1152 749 347 1159 1398 818 1090 195 634 121 1422 469 1402 1001 1168 606 604 729
287 904 1122 1103 1020 991 1260 937 758 719 1485 375 228 520 617 1117 48 646 169 827 1440 411 1362 277 559 1511 1154 59 587 85 1534 700 1327 1407 441 163 1512 916 1303 395
1386 1075 454 896 1515 155 139 51 492 773 53 1160 880 766 363 74 810 759 408 119 1516 379 1445 1273 1067 149 1248 364 636 1419 797 620 907 913 101 1289 354 1264 868 176
819 641 117 97 438 530 1177 427 1594 858 905 1136 1239 506 303 370 1578 32 777 291 250 1153 18 903 951 236 1112 301 1306 1451 8 1134 312 1024 957 966 27 78 279 1185
1474 676 430 558 16 1142 826 1011 1528 1226 1556 626 359 704 276 1319 251 1482 1435 1038 1591 846 992 1049 88 156 114 696 40 1029 429 515 914 615 1581 713 814 383 1200 1074
934 619 735 553 1448 1094 423 1308 179 1299 887 486 382 1568 799 461 76 1569 1403 833 583 974 1203 1514 574 1455 1598 1475 933 1087 1268 1544 1199 635 504 550 1047 99 1294 66
1080 1107 872 473 739 1000 1489 1042 863 943 910 1347 1493 1557 1242 705 1077 100 1574 387 879 1039 900 1570 542 791 1383 602 1135 346 686 122 1052 771 663 1462 299 889 1332 257
535 1187 453 954 428 269 135 1392 1179 597 502 769 1003 545 474 211 1245 1434 1145 196 1433 1481 953 647 73 1193 1147 1076 1439 79 689 1358 1086 157 820 1288 1463 517 805 650
593 1572 1002 754 5 1281 475 400 193 840 1370 1414 1108 1457 902 107 223 582 813 844 1014 1246 677 396 912 330 463 365 1186 224 188 1338 547 748 355 1467 1394 505 393 1082
986 948 829 67 538 1004 717 106 1216 1272 184 503 420 1209 1233 747 554 894 1577 527 906 1158 413 803 1558 4 127 1575 1270 41 61 1009 807 1286 1396 333 275 255 1046 1345
434 96 367 822 401 692 843 268 391 565 730 1078 398 181 415 1428 72 1243 1097 222 455 1397 166 883 956 733 1537 476 1583 941 1256 755 1131 482 1211 1360 787 935 1418 577
1060 1183 893 60 45 1215 1189 1547 569 1084 231 1295 219 65 1517 726 1128 1373 310 285 1141 380 246 425 1498 1129 120 847 1310 681 497 857 1447 1523 142 14 1143 1375 1267 274
865 198 225 21 1165 449 390 1262 955 1119 288 658 358 1316 783 1555 1331 1346 528 901 1190 197 405 242 436 489 112 1007 1291 214 1382 599 512 673 1582 721 1318 1573 319 407
764 458 568 1529 526 1250 1352 832 154 1109 1324 481 148 465 108 925 1325 208 1277 34 259 321 1161 1417 588 860 836 1576 802 779 585 1366 140 1400 1542 50 456 1232 1054 394
311 209 1404 1349 444 362 343 1329 264 31 691 234 1408 789 915 1317 442 1342 345 1167 909 1116 1530 640 173 381 336 81 1045 714 629 980 1293 1309 215 104 1025 152 867 318
240 373 1099 123 1453 659 1005 282 746 1311 446 1115 145 1101 988 216 928 1563 701 1484 1479 92 192 320 165 643 323 1197 952 1098 249 248 750 614 256 1341 1585 187 1354 1285
399 1055 605 734 328 1118 1357 369 630 83 409 539 52 932 478 973 541 595 260 1372 111 1263 1013 1361 724 68 1079 273 93 172 1384 180 852 645 546 75 205 1213 237 171
1194 1313 175 477 1019 69 639 848 1207 467 1257 1571 1121 567 571 678 1507 586 422 1104 627 560 1040 642 522 254 561 1072 460 403 584 690 877 1057 178 43 662 1461 1102 518
607 845 881 1287 1174 668 1244 1006 796 1567 1500 698 942 1367 304 543 143 1597 388 1298 280 1423 850 1464 1184 1271 995 164 1238 1543 1148 761 432 680 926 1212 315 1502 238 329
1 874 768 1033 1017 201 720 424 1323 811 1206 1255 1258 1504 616 959 1421 1553 1348 168 809 637 235 849 886 0 1452 1217 1533 1278 756 95 1297 864 793 1065 294 1068 1290 1219
1138 1210 1541 334 462 191 622 1241 147 137 42 1488 1412 718 417 1506 794 737 1071 923 300 314 160 386 141 1041 349 782 917 653 533 488 1305 1539 760 459 326 624 772 20
11 1169 1540 55 1110 1253 26 555 938 654 82 549 1350 1151 15 245 232 1181 611 150 1261 113 159 580 525 1326 414 921 1490 90 1566 338 1010 507 1554 1589 1550 1163 753 491
360 1146 1426 667 1424 229 1124 1551 679 1196 996 1249 1538 1531 1351 431 1044 1021 715 981 46 1427 1279 392 1283 308 767 230 340 573 862 1596 316 1144 206 855 1058 298 1459 1442
1030 281 1486 1409 1337 1379 1344 625 212 1369 1416 2 552 241 664 284 124 695 1113 744 1425 997 58 302 84 815 1015 468 1170 305 289 1378 1328 1301 861 537 341 1466 613 451
1552 1234 838 1377 1492 1275 125 1561 105 540 258 1178 1175 1280 924 479 1191 309 1027 529 618 86 307 466 1091 1164 919 445 878 35 950 64 384 556 516 534 1225 1497 962 1393
1548 601 971 1339 1333 816 1374 961 1073 922 851 600 1441 631 1465 1111 227 806 1413 448 1501 19 589 572 1368 56 790 801 1449 740 532 265 115 1035 694 1026 1050 1056 1364 548
418 888 1545 975 964 1359 1335 728 1503 1292 711 296 464 495 683 978 317 182 1051 674 570 788 286 660 1480 1450 1415 786 1532 1437 519 416 682 885 131 970 1536 217 1388 1444
247 1061 965 670 785 671 778 1526 421 483 672 596 1385 804 1599 741 989 1231 1584 1307 1411 594 1509 1069 91 544 290 908 207 824 342 513 1127 1252 1240 968 29 842 1023 377
784 30 509 1173 385 1254 776 780 1162 313 1595 103 194 1053 210 94 49 1355 1546 612 1565 324 592 335 128 17 1559 930 795 652 1140 1430 498 1446 129 332 1405 1410 899 666
835 839 1505 185 6 982 1070 1432 1092 1083 870 745 348 1315 1220 1204 869 831 1229 24 372 1195 591 1470 447 1120 1535 1222 638 1224 350 1483 1399 337 13 977 871 1443 439 1494
944 144 1166 669 368 501 891 190 927 1381 1064 1081 1096 821 1302 262 102 1037 220 356 1266 480 357 98 693 221 1247 457 987 1513 661 402 183 7 3 322 557 472 1259 1265
1059 936 727 1491 134 781 825 1321 200 485 376 1223 709 1100 1487 278 649 306 1085 253 648 979 834 33 1343 1322 471 1389 876 1460 1296 109 174 443 1114 12 263 732 536 47
644 514 116 859 1519 1371 884 609 684 508 484 736 623 610 873 1471 189 419 685 1208 762 621 1564 70 940 875 999 562 261 1420 1106 765 1380 1330 590 566 500 531 798 598
1237 697 1205 1227 632 775 1028 1036 1458 292 655 757 452 1436 1477 1560 812 410 1149 1469 25 1180 608 63 437 118 130 1130 1395 146 1496 352 1580 1304 1472 1549 1230 1527 1478 1214
688 239 1137 1508 929 949 800 39 1022 1125 931 266 1518 1495 110 841 1031 267 854 487 1390 1228 1236 946 1132 1105 272 1251 71 1284 898 774 295 1353 1066 731 823 54 490 882
1171 204 1018 1473 1202 1312 920 699 656 1274 361 1429 551 1192 1095 57 1499 510 283 1387 1221 1093 892 9 1456 36 1276 203 371 62 389 523 450 972 325 1334 1088 1157 1300 687
710 1016 87 994 233 969 1314 244 651 1048 1454 1401 1156 712 837 511 397 856 853 707 22 80 158 1525 37 1365 751 378 985 170 1438 493 440 722 243 1133 151 1336 976 270
1008 1043 521 77 633 199 1391 344 23 1520 331 897 716 947 984 161 1376 1012 293 499 817 866 960 1155 412 830 1431 828 665 138 564 1522 1235 579 1172 708 578 1510 983 252
