0.000000000000000000e+00 3.926990816987241395e-01 0.000000000000000000e+00 3.920000000000000000e+03 -3.046968225619639016e-03 7.418302363274715816e-01
0.000000000000000000e+00 3.926990816987241395e-01 1.000000000000000000e+00 3.952000000000000000e+03 -1.806263937747064905e-03 7.424945206134710984e-01
0.000000000000000000e+00 3.926990816987241395e-01 2.000000000000000000e+00 3.824000000000000000e+03 -1.153124207683533728e-03 7.399743396627802561e-01
0.000000000000000000e+00 3.926990816987241395e-01 3.000000000000000000e+00 3.872000000000000000e+03 -2.406707077029207349e-03 7.381510483104546383e-01
0.000000000000000000e+00 3.926990816987241395e-01 4.000000000000000000e+00 3.632000000000000000e+03 -1.879018625319919637e-03 7.356368300208051547e-01
0.000000000000000000e+00 3.926990816987241395e-01 5.000000000000000000e+00 3.920000000000000000e+03 -1.871213595771652324e-03 7.444555395667201703e-01
0.000000000000000000e+00 3.926990816987241395e-01 6.000000000000000000e+00 3.744000000000000000e+03 -1.954089702720396195e-03 7.429473399387889199e-01
0.000000000000000000e+00 3.926990816987241395e-01 7.000000000000000000e+00 3.936000000000000000e+03 -2.929040642317367639e-03 7.342028855592781511e-01
0.000000000000000000e+00 3.926990816987241395e-01 8.000000000000000000e+00 3.712000000000000000e+03 -6.568472489779416789e-04 7.397170901540496279e-01
0.000000000000000000e+00 3.926990816987241395e-01 9.000000000000000000e+00 3.952000000000000000e+03 2.460177466747505795e-04 7.407906841601847869e-01
0.000000000000000000e+00 3.926990816987241395e-01 1.000000000000000000e+01 2.816000000000000000e+03 -1.101018955834599019e-03 7.456773242768212073e-01
0.000000000000000000e+00 3.926990816987241395e-01 1.100000000000000000e+01 4.016000000000000000e+03 -2.358123963583329177e-03 7.398258229845908751e-01
0.000000000000000000e+00 3.926990816987241395e-01 1.200000000000000000e+01 3.920000000000000000e+03 -1.291629634491698849e-03 7.394180196735029575e-01
0.000000000000000000e+00 3.926990816987241395e-01 1.300000000000000000e+01 3.760000000000000000e+03 -2.013255200624703735e-03 7.397702148490570284e-01
0.000000000000000000e+00 3.926990816987241395e-01 1.400000000000000000e+01 3.872000000000000000e+03 -1.071891354797426628e-03 7.358136471682297231e-01
0.000000000000000000e+00 3.926990816987241395e-01 1.500000000000000000e+01 3.792000000000000000e+03 -6.671352251156783923e-04 7.348697369811841851e-01
0.000000000000000000e+00 3.926990816987241395e-01 1.600000000000000000e+01 3.888000000000000000e+03 -2.831038049402445481e-04 7.389142492277649410e-01
0.000000000000000000e+00 3.926990816987241395e-01 1.700000000000000000e+01 3.952000000000000000e+03 -1.809561150770176837e-03 7.387906522527716291e-01
0.000000000000000000e+00 3.926990816987241395e-01 1.800000000000000000e+01 3.888000000000000000e+03 -2.924833222557331452e-03 7.368573316763087355e-01
0.000000000000000000e+00 3.926990816987241395e-01 1.900000000000000000e+01 3.840000000000000000e+03 -1.723702177129362526e-03 7.344171501807539304e-01
0.000000000000000000e+00 3.926990816987241395e-01 2.000000000000000000e+01 3.856000000000000000e+03 -1.705967017240415115e-03 7.379117583479530840e-01
0.000000000000000000e+00 3.926990816987241395e-01 2.100000000000000000e+01 3.936000000000000000e+03 -1.528085231496034355e-03 7.343363734383266950e-01
0.000000000000000000e+00 3.926990816987241395e-01 2.200000000000000000e+01 3.824000000000000000e+03 -2.526613082782876618e-04 7.392670130874239298e-01
0.000000000000000000e+00 3.926990816987241395e-01 2.300000000000000000e+01 3.856000000000000000e+03 -1.721534835168984793e-03 7.424192156533483411e-01
0.000000000000000000e+00 3.926990816987241395e-01 2.400000000000000000e+01 3.808000000000000000e+03 -2.137004897733666992e-03 7.378589701446692795e-01
0.000000000000000000e+00 3.926990816987241395e-01 2.500000000000000000e+01 3.872000000000000000e+03 -2.896072208513175011e-03 7.422185452157206154e-01
0.000000000000000000e+00 3.926990816987241395e-01 2.600000000000000000e+01 3.984000000000000000e+03 -1.232060962596769754e-03 7.380519530906821668e-01
0.000000000000000000e+00 3.926990816987241395e-01 2.700000000000000000e+01 3.968000000000000000e+03 -1.243485440346479669e-03 7.336209496407165576e-01
0.000000000000000000e+00 3.926990816987241395e-01 2.800000000000000000e+01 3.808000000000000000e+03 -2.462396885973058749e-03 7.390275810253300603e-01
0.000000000000000000e+00 3.926990816987241395e-01 2.900000000000000000e+01 3.856000000000000000e+03 -1.520722826987173579e-03 7.394065695359102186e-01
0.000000000000000000e+00 3.926990816987241395e-01 3.000000000000000000e+01 3.808000000000000000e+03 -1.687895689931521439e-03 7.350077459166189930e-01
0.000000000000000000e+00 3.926990816987241395e-01 3.100000000000000000e+01 3.792000000000000000e+03 -1.977643203554947486e-03 7.339742567523241945e-01
0.000000000000000000e+00 3.926990816987241395e-01 3.200000000000000000e+01 3.728000000000000000e+03 -2.003873382627288560e-03 7.359440873577609565e-01
0.000000000000000000e+00 3.926990816987241395e-01 3.300000000000000000e+01 3.888000000000000000e+03 -2.042409190425755264e-03 7.390086775660090757e-01
0.000000000000000000e+00 3.926990816987241395e-01 3.400000000000000000e+01 3.504000000000000000e+03 -1.576413396984865586e-03 7.391631277853176751e-01
0.000000000000000000e+00 3.926990816987241395e-01 3.500000000000000000e+01 3.840000000000000000e+03 -8.722795854782204854e-04 7.364250361110581400e-01
0.000000000000000000e+00 3.926990816987241395e-01 3.600000000000000000e+01 3.936000000000000000e+03 -1.205120519138831161e-03 7.381562153662505343e-01
0.000000000000000000e+00 3.926990816987241395e-01 3.700000000000000000e+01 3.808000000000000000e+03 -2.102529957026029288e-03 7.359240885411421074e-01
0.000000000000000000e+00 3.926990816987241395e-01 3.800000000000000000e+01 3.904000000000000000e+03 -6.102008069339139810e-04 7.350497523762065111e-01
0.000000000000000000e+00 3.926990816987241395e-01 3.900000000000000000e+01 3.856000000000000000e+03 -2.696044345196340567e-03 7.378458679947879073e-01
0.000000000000000000e+00 3.926990816987241395e-01 4.000000000000000000e+01 3.552000000000000000e+03 -2.373741726863973483e-03 7.329713817139171805e-01
0.000000000000000000e+00 3.926990816987241395e-01 4.100000000000000000e+01 3.968000000000000000e+03 -2.721533570468914667e-03 7.375864140601405827e-01
0.000000000000000000e+00 3.926990816987241395e-01 4.200000000000000000e+01 3.904000000000000000e+03 -2.722153289883572601e-03 7.356691890551659840e-01
0.000000000000000000e+00 3.926990816987241395e-01 4.300000000000000000e+01 3.952000000000000000e+03 -1.981687118859178781e-03 7.380640432770062542e-01
0.000000000000000000e+00 3.926990816987241395e-01 4.400000000000000000e+01 3.520000000000000000e+03 -2.696926852856797435e-03 7.394969468545213864e-01
0.000000000000000000e+00 3.926990816987241395e-01 4.500000000000000000e+01 3.696000000000000000e+03 -1.996048383690195768e-03 7.417083238676909218e-01
0.000000000000000000e+00 3.926990816987241395e-01 4.600000000000000000e+01 3.920000000000000000e+03 -1.049725551102391853e-03 7.412828211029803827e-01
0.000000000000000000e+00 3.926990816987241395e-01 4.700000000000000000e+01 3.760000000000000000e+03 -1.673271923928630481e-03 7.351999976393878145e-01
0.000000000000000000e+00 3.926990816987241395e-01 4.800000000000000000e+01 3.920000000000000000e+03 -2.009519398840037795e-03 7.444445663737510044e-01
0.000000000000000000e+00 3.926990816987241395e-01 4.900000000000000000e+01 3.888000000000000000e+03 -1.425330099107533421e-03 7.379890338936468952e-01
0.000000000000000000e+00 3.926990816987241395e-01 5.000000000000000000e+01 3.904000000000000000e+03 -1.692949506438186976e-03 7.355276297172108624e-01
0.000000000000000000e+00 3.926990816987241395e-01 5.100000000000000000e+01 3.792000000000000000e+03 -8.847273635038279240e-04 7.412342132810417761e-01
0.000000000000000000e+00 3.926990816987241395e-01 5.200000000000000000e+01 3.888000000000000000e+03 -1.539858902346325767e-03 7.340463015450277018e-01
0.000000000000000000e+00 3.926990816987241395e-01 5.300000000000000000e+01 3.904000000000000000e+03 -1.669834080594239214e-03 7.403037957622078391e-01
0.000000000000000000e+00 3.926990816987241395e-01 5.400000000000000000e+01 3.904000000000000000e+03 -2.063242434109522488e-03 7.387762401593263029e-01
0.000000000000000000e+00 3.926990816987241395e-01 5.500000000000000000e+01 4.016000000000000000e+03 -1.185131097620440452e-03 7.402424881918219235e-01
0.000000000000000000e+00 3.926990816987241395e-01 5.600000000000000000e+01 3.984000000000000000e+03 -2.559045670278343489e-03 7.391749171140989949e-01
0.000000000000000000e+00 3.926990816987241395e-01 5.700000000000000000e+01 3.952000000000000000e+03 -1.452044129475470700e-03 7.370891255110608720e-01
0.000000000000000000e+00 3.926990816987241395e-01 5.800000000000000000e+01 3.856000000000000000e+03 -1.968259083025059031e-03 7.379504338066873448e-01
0.000000000000000000e+00 3.926990816987241395e-01 5.900000000000000000e+01 3.856000000000000000e+03 -1.773075328871364211e-03 7.375999313209684605e-01
0.000000000000000000e+00 3.926990816987241395e-01 6.000000000000000000e+01 3.952000000000000000e+03 -1.644393160438755884e-03 7.395355491161568207e-01
0.000000000000000000e+00 3.926990816987241395e-01 6.100000000000000000e+01 3.920000000000000000e+03 2.210227851965294583e-04 7.331987256317192836e-01
0.000000000000000000e+00 3.926990816987241395e-01 6.200000000000000000e+01 3.936000000000000000e+03 -1.592605141660112652e-03 7.384326353145621580e-01
0.000000000000000000e+00 3.926990816987241395e-01 6.300000000000000000e+01 3.920000000000000000e+03 -1.758016654075508431e-03 7.343075652820127974e-01
1.000000000000000000e+00 7.853981633974482790e-01 0.000000000000000000e+00 3.808000000000000000e+03 -9.693776143188930633e-03 7.398335845821002454e-01
1.000000000000000000e+00 7.853981633974482790e-01 1.000000000000000000e+00 3.824000000000000000e+03 -9.146368725732980862e-03 7.415329298907491484e-01
1.000000000000000000e+00 7.853981633974482790e-01 2.000000000000000000e+00 3.824000000000000000e+03 -1.102794578310320982e-02 7.399769535469624682e-01
1.000000000000000000e+00 7.853981633974482790e-01 3.000000000000000000e+00 3.776000000000000000e+03 -9.733496397852653068e-03 7.377197241213158119e-01
1.000000000000000000e+00 7.853981633974482790e-01 4.000000000000000000e+00 3.760000000000000000e+03 -1.038077385830910374e-02 7.399491419515609181e-01
1.000000000000000000e+00 7.853981633974482790e-01 5.000000000000000000e+00 3.696000000000000000e+03 -1.020586336096632532e-02 7.456963439327150001e-01
1.000000000000000000e+00 7.853981633974482790e-01 6.000000000000000000e+00 3.744000000000000000e+03 -9.615194726445688844e-03 7.405784201378836640e-01
1.000000000000000000e+00 7.853981633974482790e-01 7.000000000000000000e+00 3.728000000000000000e+03 -1.063093961090895261e-02 7.441159603941335243e-01
1.000000000000000000e+00 7.853981633974482790e-01 8.000000000000000000e+00 3.792000000000000000e+03 -1.019851747442085572e-02 7.461919975573390040e-01
1.000000000000000000e+00 7.853981633974482790e-01 9.000000000000000000e+00 3.536000000000000000e+03 -9.983674409907753247e-03 7.469786188901513801e-01
1.000000000000000000e+00 7.853981633974482790e-01 1.000000000000000000e+01 3.824000000000000000e+03 -9.494796078790432303e-03 7.439650743037858893e-01
1.000000000000000000e+00 7.853981633974482790e-01 1.100000000000000000e+01 4.000000000000000000e+03 -9.695491522268302048e-03 7.400696948053674395e-01
1.000000000000000000e+00 7.853981633974482790e-01 1.200000000000000000e+01 4.000000000000000000e+03 -9.359104050223917073e-03 7.458949149959813729e-01
1.000000000000000000e+00 7.853981633974482790e-01 1.300000000000000000e+01 3.936000000000000000e+03 -8.861586446406255133e-03 7.421750614919836453e-01
1.000000000000000000e+00 7.853981633974482790e-01 1.400000000000000000e+01 3.936000000000000000e+03 -1.004775076885719431e-02 7.456276701722631683e-01
1.000000000000000000e+00 7.853981633974482790e-01 1.500000000000000000e+01 3.952000000000000000e+03 -1.058642131422078692e-02 7.412952146940211540e-01
1.000000000000000000e+00 7.853981633974482790e-01 1.600000000000000000e+01 3.920000000000000000e+03 -9.434225535615625713e-03 7.463422896466810341e-01
1.000000000000000000e+00 7.853981633974482790e-01 1.700000000000000000e+01 3.920000000000000000e+03 -9.159027195168948851e-03 7.385857083840394743e-01
1.000000000000000000e+00 7.853981633974482790e-01 1.800000000000000000e+01 3.968000000000000000e+03 -1.018787869644256598e-02 7.427825835353731865e-01
1.000000000000000000e+00 7.853981633974482790e-01 1.900000000000000000e+01 3.856000000000000000e+03 -9.794900146335773841e-03 7.437095784667894227e-01
1.000000000000000000e+00 7.853981633974482790e-01 2.000000000000000000e+01 3.968000000000000000e+03 -1.099952069607866914e-02 7.429911972968873402e-01
1.000000000000000000e+00 7.853981633974482790e-01 2.100000000000000000e+01 3.856000000000000000e+03 -9.832027864038968973e-03 7.457599871536072511e-01
1.000000000000000000e+00 7.853981633974482790e-01 2.200000000000000000e+01 3.936000000000000000e+03 -9.113647331446631319e-03 7.418422358044297615e-01
1.000000000000000000e+00 7.853981633974482790e-01 2.300000000000000000e+01 3.888000000000000000e+03 -9.550715884368831191e-03 7.445801296927163637e-01
1.000000000000000000e+00 7.853981633974482790e-01 2.400000000000000000e+01 3.904000000000000000e+03 -9.926512228899097776e-03 7.366435172382750363e-01
1.000000000000000000e+00 7.853981633974482790e-01 2.500000000000000000e+01 3.744000000000000000e+03 -9.443140740696031460e-03 7.443891318571287385e-01
1.000000000000000000e+00 7.853981633974482790e-01 2.600000000000000000e+01 3.808000000000000000e+03 -9.236144444269732065e-03 7.455109740447128930e-01
1.000000000000000000e+00 7.853981633974482790e-01 2.700000000000000000e+01 3.792000000000000000e+03 -1.043000669732017764e-02 7.435073508507326068e-01
1.000000000000000000e+00 7.853981633974482790e-01 2.800000000000000000e+01 3.808000000000000000e+03 -9.768788160031020157e-03 7.384229126161712120e-01
1.000000000000000000e+00 7.853981633974482790e-01 2.900000000000000000e+01 3.760000000000000000e+03 -8.583528529068799179e-03 7.494566556316125672e-01
1.000000000000000000e+00 7.853981633974482790e-01 3.000000000000000000e+01 3.792000000000000000e+03 -1.010592898579613756e-02 7.409074770510587493e-01
1.000000000000000000e+00 7.853981633974482790e-01 3.100000000000000000e+01 3.872000000000000000e+03 -9.143836563097123421e-03 7.419998508539944471e-01
1.000000000000000000e+00 7.853981633974482790e-01 3.200000000000000000e+01 3.792000000000000000e+03 -9.840240459169086532e-03 7.454696031912944054e-01
1.000000000000000000e+00 7.853981633974482790e-01 3.300000000000000000e+01 3.776000000000000000e+03 -1.022988770410542328e-02 7.459580570740069749e-01
1.000000000000000000e+00 7.853981633974482790e-01 3.400000000000000000e+01 3.728000000000000000e+03 -1.010147884142118847e-02 7.406237855040262996e-01
1.000000000000000000e+00 7.853981633974482790e-01 3.500000000000000000e+01 2.992000000000000000e+03 -9.741382039654425395e-03 7.419768517319836887e-01
1.000000000000000000e+00 7.853981633974482790e-01 3.600000000000000000e+01 3.792000000000000000e+03 -1.086732596720122249e-02 7.409288034839836001e-01
1.000000000000000000e+00 7.853981633974482790e-01 3.700000000000000000e+01 3.792000000000000000e+03 -9.910909747544051698e-03 7.413723349114442751e-01
1.000000000000000000e+00 7.853981633974482790e-01 3.800000000000000000e+01 3.696000000000000000e+03 -8.981210066476567194e-03 7.353427157988503549e-01
1.000000000000000000e+00 7.853981633974482790e-01 3.900000000000000000e+01 3.664000000000000000e+03 -9.531933219296091081e-03 7.441217994013143988e-01
1.000000000000000000e+00 7.853981633974482790e-01 4.000000000000000000e+01 3.680000000000000000e+03 -9.945764299456510971e-03 7.462060489220491144e-01
1.000000000000000000e+00 7.853981633974482790e-01 4.100000000000000000e+01 3.632000000000000000e+03 -9.525283235750406016e-03 7.404762824203799942e-01
1.000000000000000000e+00 7.853981633974482790e-01 4.200000000000000000e+01 3.808000000000000000e+03 -1.011156728913169961e-02 7.426519048263845457e-01
1.000000000000000000e+00 7.853981633974482790e-01 4.300000000000000000e+01 3.424000000000000000e+03 -1.005311766914908714e-02 7.451203737414797690e-01
1.000000000000000000e+00 7.853981633974482790e-01 4.400000000000000000e+01 3.632000000000000000e+03 -9.183143691213545984e-03 7.458961810076113474e-01
1.000000000000000000e+00 7.853981633974482790e-01 4.500000000000000000e+01 3.680000000000000000e+03 -1.004390607822803171e-02 7.442965080683743295e-01
1.000000000000000000e+00 7.853981633974482790e-01 4.600000000000000000e+01 3.728000000000000000e+03 -9.933970370334251412e-03 7.442835554808784337e-01
1.000000000000000000e+00 7.853981633974482790e-01 4.700000000000000000e+01 3.712000000000000000e+03 -9.738360492327999274e-03 7.455128110837383471e-01
1.000000000000000000e+00 7.853981633974482790e-01 4.800000000000000000e+01 3.728000000000000000e+03 -1.000770593759235313e-02 7.407937931798189712e-01
1.000000000000000000e+00 7.853981633974482790e-01 4.900000000000000000e+01 4.016000000000000000e+03 -1.009768824608212739e-02 7.433246777579807230e-01
1.000000000000000000e+00 7.853981633974482790e-01 5.000000000000000000e+01 3.856000000000000000e+03 -1.012550837831079596e-02 7.452252141431418009e-01
1.000000000000000000e+00 7.853981633974482790e-01 5.100000000000000000e+01 3.776000000000000000e+03 -1.004817148651338844e-02 7.385757324001049895e-01
1.000000000000000000e+00 7.853981633974482790e-01 5.200000000000000000e+01 3.936000000000000000e+03 -8.336528532592360138e-03 7.381963052261922842e-01
1.000000000000000000e+00 7.853981633974482790e-01 5.300000000000000000e+01 3.888000000000000000e+03 -9.798252387440737829e-03 7.366673859801700086e-01
1.000000000000000000e+00 7.853981633974482790e-01 5.400000000000000000e+01 3.920000000000000000e+03 -9.708944264506816357e-03 7.438407252583523199e-01
1.000000000000000000e+00 7.853981633974482790e-01 5.500000000000000000e+01 3.952000000000000000e+03 -9.749786563999931696e-03 7.377334080848786391e-01
1.000000000000000000e+00 7.853981633974482790e-01 5.600000000000000000e+01 3.712000000000000000e+03 -9.097075658974657433e-03 7.475792188277857742e-01
1.000000000000000000e+00 7.853981633974482790e-01 5.700000000000000000e+01 3.872000000000000000e+03 -8.827817981328124619e-03 7.463863822904641676e-01
1.000000000000000000e+00 7.853981633974482790e-01 5.800000000000000000e+01 3.904000000000000000e+03 -9.791910499687110289e-03 7.415989690564168679e-01
1.000000000000000000e+00 7.853981633974482790e-01 5.900000000000000000e+01 3.824000000000000000e+03 -9.733011714252105123e-03 7.412279155501099170e-01
1.000000000000000000e+00 7.853981633974482790e-01 6.000000000000000000e+01 3.920000000000000000e+03 -9.735396129191517187e-03 7.392430215286553974e-01
1.000000000000000000e+00 7.853981633974482790e-01 6.100000000000000000e+01 2.688000000000000000e+03 -1.023995770721108228e-02 7.408299304752679060e-01
1.000000000000000000e+00 7.853981633974482790e-01 6.200000000000000000e+01 2.896000000000000000e+03 -1.005174517655432059e-02 7.439378312776118163e-01
1.000000000000000000e+00 7.853981633974482790e-01 6.300000000000000000e+01 2.864000000000000000e+03 -1.001105070293958205e-02 7.396312037831375141e-01
2.000000000000000000e+00 1.178097245096172418e+00 0.000000000000000000e+00 3.856000000000000000e+03 -1.242577472469620463e-02 7.456216922506717637e-01
2.000000000000000000e+00 1.178097245096172418e+00 1.000000000000000000e+00 3.680000000000000000e+03 -1.060480353842933009e-02 7.430281330199671741e-01
2.000000000000000000e+00 1.178097245096172418e+00 2.000000000000000000e+00 3.728000000000000000e+03 -1.115785963645086511e-02 7.440459476199072775e-01
2.000000000000000000e+00 1.178097245096172418e+00 3.000000000000000000e+00 3.824000000000000000e+03 -1.151785669807326752e-02 7.446699270845528185e-01
2.000000000000000000e+00 1.178097245096172418e+00 4.000000000000000000e+00 3.840000000000000000e+03 -1.070140884361930889e-02 7.412831354210183132e-01
2.000000000000000000e+00 1.178097245096172418e+00 5.000000000000000000e+00 3.840000000000000000e+03 -1.101773101184810692e-02 7.439820615351374622e-01
2.000000000000000000e+00 1.178097245096172418e+00 6.000000000000000000e+00 3.808000000000000000e+03 -1.180547872282730094e-02 7.418526230964042067e-01
2.000000000000000000e+00 1.178097245096172418e+00 7.000000000000000000e+00 3.424000000000000000e+03 -1.184162247340315825e-02 7.486160334201111821e-01
2.000000000000000000e+00 1.178097245096172418e+00 8.000000000000000000e+00 3.792000000000000000e+03 -1.083929533761393733e-02 7.429853514568505179e-01
2.000000000000000000e+00 1.178097245096172418e+00 9.000000000000000000e+00 3.824000000000000000e+03 -1.130216380959330087e-02 7.423538463296527334e-01
2.000000000000000000e+00 1.178097245096172418e+00 1.000000000000000000e+01 3.792000000000000000e+03 -1.002421099599885151e-02 7.395818138541541131e-01
2.000000000000000000e+00 1.178097245096172418e+00 1.100000000000000000e+01 3.840000000000000000e+03 -1.088626517846711696e-02 7.474483582435653695e-01
2.000000000000000000e+00 1.178097245096172418e+00 1.200000000000000000e+01 3.808000000000000000e+03 -1.145950585555376502e-02 7.458582593707149266e-01
2.000000000000000000e+00 1.178097245096172418e+00 1.300000000000000000e+01 3.760000000000000000e+03 -1.121730816362532385e-02 7.458781991836783698e-01
2.000000000000000000e+00 1.178097245096172418e+00 1.400000000000000000e+01 3.504000000000000000e+03 -1.253200161765638185e-02 7.429557895803028389e-01
2.000000000000000000e+00 1.178097245096172418e+00 1.500000000000000000e+01 3.664000000000000000e+03 -1.098085275908084260e-02 7.424226261957460604e-01
2.000000000000000000e+00 1.178097245096172418e+00 1.600000000000000000e+01 3.808000000000000000e+03 -1.142028120473146877e-02 7.424421103657344867e-01
2.000000000000000000e+00 1.178097245096172418e+00 1.700000000000000000e+01 3.760000000000000000e+03 -1.116495799213922807e-02 7.418659638446116755e-01
2.000000000000000000e+00 1.178097245096172418e+00 1.800000000000000000e+01 3.712000000000000000e+03 -1.098407598867984572e-02 7.420550680436958091e-01
2.000000000000000000e+00 1.178097245096172418e+00 1.900000000000000000e+01 3.712000000000000000e+03 -1.212586082701480258e-02 7.445844998443061913e-01
2.000000000000000000e+00 1.178097245096172418e+00 2.000000000000000000e+01 3.872000000000000000e+03 -1.068840861839767155e-02 7.438847819646074999e-01
2.000000000000000000e+00 1.178097245096172418e+00 2.100000000000000000e+01 3.664000000000000000e+03 -1.109388321508735301e-02 7.408298087351206096e-01
2.000000000000000000e+00 1.178097245096172418e+00 2.200000000000000000e+01 3.792000000000000000e+03 -1.119184357783708193e-02 7.466556194167526250e-01
2.000000000000000000e+00 1.178097245096172418e+00 2.300000000000000000e+01 3.792000000000000000e+03 -1.146088844298614670e-02 7.447480899633793783e-01
2.000000000000000000e+00 1.178097245096172418e+00 2.400000000000000000e+01 3.776000000000000000e+03 -1.139112460054730186e-02 7.434167255623477244e-01
2.000000000000000000e+00 1.178097245096172418e+00 2.500000000000000000e+01 3.744000000000000000e+03 -1.105722121259335687e-02 7.447727801985020157e-01
2.000000000000000000e+00 1.178097245096172418e+00 2.600000000000000000e+01 3.952000000000000000e+03 -1.115641436911025963e-02 7.439953937830988684e-01
2.000000000000000000e+00 1.178097245096172418e+00 2.700000000000000000e+01 3.696000000000000000e+03 -1.115261665214056612e-02 7.407008284644380769e-01
2.000000000000000000e+00 1.178097245096172418e+00 2.800000000000000000e+01 3.744000000000000000e+03 -1.160856142813566916e-02 7.371275979348018703e-01
2.000000000000000000e+00 1.178097245096172418e+00 2.900000000000000000e+01 3.760000000000000000e+03 -1.083883718941483672e-02 7.436056446395059583e-01
2.000000000000000000e+00 1.178097245096172418e+00 3.000000000000000000e+01 3.744000000000000000e+03 -1.116440032198983030e-02 7.392590748535159406e-01
2.000000000000000000e+00 1.178097245096172418e+00 3.100000000000000000e+01 3.760000000000000000e+03 -1.121829485323231311e-02 7.454267957613470719e-01
2.000000000000000000e+00 1.178097245096172418e+00 3.200000000000000000e+01 3.824000000000000000e+03 -1.081080734075902730e-02 7.435324907415273854e-01
2.000000000000000000e+00 1.178097245096172418e+00 3.300000000000000000e+01 3.856000000000000000e+03 -1.141420797010187990e-02 7.458050267833605806e-01
2.000000000000000000e+00 1.178097245096172418e+00 3.400000000000000000e+01 3.728000000000000000e+03 -1.291486847855851869e-02 7.453478279192315981e-01
2.000000000000000000e+00 1.178097245096172418e+00 3.500000000000000000e+01 3.888000000000000000e+03 -1.188490086626749730e-02 7.445791182048666634e-01
2.000000000000000000e+00 1.178097245096172418e+00 3.600000000000000000e+01 3.744000000000000000e+03 -1.174569017037275544e-02 7.417919098266716471e-01
2.000000000000000000e+00 1.178097245096172418e+00 3.700000000000000000e+01 3.872000000000000000e+03 -1.235750392119725274e-02 7.448475577646923584e-01
2.000000000000000000e+00 1.178097245096172418e+00 3.800000000000000000e+01 3.840000000000000000e+03 -1.167095303530081216e-02 7.455750273543046980e-01
2.000000000000000000e+00 1.178097245096172418e+00 3.900000000000000000e+01 3.888000000000000000e+03 -1.177838731697172098e-02 7.440284642938866932e-01
2.000000000000000000e+00 1.178097245096172418e+00 4.000000000000000000e+01 3.888000000000000000e+03 -1.196330032620582587e-02 7.460645069588948131e-01
2.000000000000000000e+00 1.178097245096172418e+00 4.100000000000000000e+01 3.856000000000000000e+03 -1.144031602489948771e-02 7.456909064292592815e-01
2.000000000000000000e+00 1.178097245096172418e+00 4.200000000000000000e+01 3.728000000000000000e+03 -1.024088640906227130e-02 7.481794398371829358e-01
2.000000000000000000e+00 1.178097245096172418e+00 4.300000000000000000e+01 3.872000000000000000e+03 -1.088512340133873137e-02 7.434542169766517050e-01
2.000000000000000000e+00 1.178097245096172418e+00 4.400000000000000000e+01 3.984000000000000000e+03 -1.096642162869481893e-02 7.448024929887054890e-01
2.000000000000000000e+00 1.178097245096172418e+00 4.500000000000000000e+01 3.888000000000000000e+03 -1.106839973526528229e-02 7.481847751375251265e-01
2.000000000000000000e+00 1.178097245096172418e+00 4.600000000000000000e+01 3.904000000000000000e+03 -1.193401685494894018e-02 7.428745013390180008e-01
2.000000000000000000e+00 1.178097245096172418e+00 4.700000000000000000e+01 3.904000000000000000e+03 -1.095950042851049668e-02 7.388319605539840351e-01
2.000000000000000000e+00 1.178097245096172418e+00 4.800000000000000000e+01 3.888000000000000000e+03 -1.090721048612825102e-02 7.440013582372602130e-01
2.000000000000000000e+00 1.178097245096172418e+00 4.900000000000000000e+01 3.872000000000000000e+03 -1.144027256657365738e-02 7.384219296162850554e-01
2.000000000000000000e+00 1.178097245096172418e+00 5.000000000000000000e+01 3.872000000000000000e+03 -1.135791466260724011e-02 7.449895261935179924e-01
2.000000000000000000e+00 1.178097245096172418e+00 5.100000000000000000e+01 3.936000000000000000e+03 -1.181028182791280662e-02 7.440533300660745475e-01
2.000000000000000000e+00 1.178097245096172418e+00 5.200000000000000000e+01 3.888000000000000000e+03 -9.920544169498380499e-03 7.444050060848999006e-01
2.000000000000000000e+00 1.178097245096172418e+00 5.300000000000000000e+01 3.904000000000000000e+03 -1.127616098561829393e-02 7.421171412851341742e-01
2.000000000000000000e+00 1.178097245096172418e+00 5.400000000000000000e+01 3.984000000000000000e+03 -1.113395965426733358e-02 7.444554935307998722e-01
2.000000000000000000e+00 1.178097245096172418e+00 5.500000000000000000e+01 3.888000000000000000e+03 -1.221289636818115483e-02 7.424773575560281724e-01
2.000000000000000000e+00 1.178097245096172418e+00 5.600000000000000000e+01 3.920000000000000000e+03 -1.180679299139225473e-02 7.410373394017636395e-01
2.000000000000000000e+00 1.178097245096172418e+00 5.700000000000000000e+01 3.872000000000000000e+03 -1.165589189875712584e-02 7.437471057053166579e-01
2.000000000000000000e+00 1.178097245096172418e+00 5.800000000000000000e+01 3.760000000000000000e+03 -1.036860401785625121e-02 7.400875220850539060e-01
2.000000000000000000e+00 1.178097245096172418e+00 5.900000000000000000e+01 3.776000000000000000e+03 -1.217829401205054729e-02 7.428232149880198421e-01
2.000000000000000000e+00 1.178097245096172418e+00 6.000000000000000000e+01 3.824000000000000000e+03 -1.175393328291694447e-02 7.402524441343898420e-01
2.000000000000000000e+00 1.178097245096172418e+00 6.100000000000000000e+01 3.760000000000000000e+03 -1.121510157294351717e-02 7.429260142257454458e-01
2.000000000000000000e+00 1.178097245096172418e+00 6.200000000000000000e+01 3.696000000000000000e+03 -1.138249629849015683e-02 7.469506832526833229e-01
2.000000000000000000e+00 1.178097245096172418e+00 6.300000000000000000e+01 3.872000000000000000e+03 -1.188526462873875159e-02 7.412143308623639903e-01
