0 10 16 1 3
0 23 29 1 3
0 5 11 2 3
0 24 30 1 2
0 6 12 2 2
1 19 20 1 2
1 24 25 3 1
0 0 6 3 3
0 1 2 2 2
1 30 31 3 1
0 14 15 2 3
1 27 33 2 2
0 27 33 2 1
1 13 19 2 3
1 15 16 1 3
1 31 32 3 2
1 29 35 3 2
0 20 21 2 3
1 4 5 1 3
1 3 4 1 3
0 7 13 2 2
0 25 31 3 2
1 0 1 3 2
1 17 23 3 2
1 22 23 3 3
0 17 23 2 1
1 8 9 2 3
0 3 4 2 1
0 15 21 1 2
1 25 31 3 1
1 32 33 2 1
0 4 5 1 2
1 6 12 3 2
1 27 33 1 1
1 32 33 3 2
1 12 18 3 1
0 21 22 1 2
1 14 15 2 2
0 25 26 3 2
0 26 32 3 3
1 24 30 1 3
1 13 14 3 1
0 6 12 2 3
1 4 10 3 2
0 13 19 2 3
0 19 20 1 2
1 25 31 3 1
1 25 26 1 1
1 2 8 2 2
1 7 8 2 3
1 2 3 3 3
0 20 26 3 2
1 25 26 3 1
0 13 19 2 3
1 28 29 3 1
0 16 17 3 2
1 21 27 3 1
1 26 27 1 2
0 7 13 3 2
0 13 19 2 2
0 8 14 3 3
0 8 9 1 3
1 34 35 3 1
1 28 34 1 1
1 34 35 2 2
0 23 29 2 3
0 12 18 3 1
0 25 31 3 1
0 24 25 2 3
0 13 19 3 3
0 12 13 3 1
