0 28 34 3 3
0 6 12 3 2
0 17 23 2 3
1 4 5 1 3
1 12 18 1 2
0 13 19 2 1
1 34 35 1 2
1 14 15 2 2
1 32 33 3 2
1 28 29 2 3
1 0 1 2 2
1 25 31 2 2
0 23 29 1 2
0 5 11 2 3
1 7 8 1 2
1 8 9 2 3
0 14 15 2 1
0 9 15 2 1
0 6 7 2 1
1 13 19 3 3
0 24 30 1 2
0 24 25 1 3
0 9 10 1 2
1 2 8 1 3
1 31 32 3 1
0 7 13 3 3
1 0 6 1 1
1 14 20 1 2
0 26 27 1 3
0 26 32 1 3
0 6 12 1 1
1 19 20 3 2
1 9 10 1 2
1 18 19 2 2
0 22 28 2 3
0 21 22 3 2
1 23 29 1 2
1 1 2 1 2
1 20 26 2 2
1 2 3 1 3
0 16 22 3 2
1 25 26 2 2
0 10 16 1 3
0 34 35 1 1
1 10 11 2 2
0 9 10 2 3
0 22 23 2 1
1 11 17 2 3
1 16 17 1 3
0 3 4 2 1
0 22 28 2 2
1 11 17 1 2
0 3 9 1 2
0 3 4 3 1
0 24 25 2 3
0 18 24 1 2
0 18 19 2 3
0 19 20 3 1
0 14 20 1 3
1 7 8 3 3
0 13 19 3 2
1 0 1 2 3
1 30 31 1 1
1 24 30 3 2
1 0 1 2 1
1 0 6 2 1
0 4 10 2 3
0 3 4 3 3
1 7 13 3 1
1 12 13 3 2
1 6 12 1 3
1 12 13 3 3
1 15 21 1 3
1 20 21 2 3
0 27 33 1 2
0 21 27 3 2
1 27 33 3 1
1 30 31 2 1
0 13 19 2 1
1 13 19 1 2
1 12 18 3 2
1 1 2 3 1
1 2 3 1 1
0 28 29 2 2
0 31 32 1 2
1 28 34 3 2
1 25 31 3 1
0 28 29 2 3
1 23 29 3 1
1 29 35 1 2
0 3 4 1 3
0 34 35 1 1
1 23 29 2 2
0 27 28 1 2
1 13 19 3 2
1 7 13 3 1
0 28 29 2 1
1 25 31 1 2
0 27 33 2 2
0 21 27 2 2
1 12 18 3 1
