0 10 16 1 3
0 23 29 1 3
0 5 11 2 3
0 24 30 1 2
1 24 25 3 1
1 19 20 1 2
0 6 12 1 1
0 0 1 3 3
1 14 15 1 2
1 12 13 2 3
1 34 35 3 2
0 15 21 3 1
1 8 9 2 3
0 16 17 3 2
1 31 32 1 2
1 30 31 2 2
0 3 4 2 1
0 2 8 2 3
1 27 33 2 2
0 0 6 1 3
1 26 27 1 1
0 16 22 2 2
1 7 13 1 1
0 32 33 2 1
0 20 26 1 2
0 25 26 3 3
0 29 35 1 2
0 12 18 3 2
1 23 29 3 2
0 17 23 1 3
1 32 33 3 2
0 4 5 1 2
0 27 28 2 2
1 2 3 2 3
0 14 15 3 1
0 15 16 3 2
1 15 16 3 3
1 24 30 2 1
1 30 31 1 2
1 25 31 3 3
0 19 20 2 1
0 14 20 1 2
0 33 34 3 2
1 27 33 3 3
0 6 12 2 3
1 4 5 3 3
0 9 15 2 1
1 22 23 2 1
0 27 28 2 2
1 0 6 2 1
1 6 7 2 1
1 7 13 3 1
0 13 14 3 3
0 7 13 1 1
1 2 8 1 3
1 2 3 3 1
0 22 23 2 2
0 17 23 3 1
0 16 22 3 2
0 22 28 2 2
1 2 8 2 3
1 1 2 2 2
