0 24 30 1 2
0 23 29 1 3
0 5 11 2 3
0 6 12 1 1
0 10 16 1 3
0 0 1 1 3
1 24 25 3 1
0 16 17 3 2
1 19 20 1 2
1 14 15 1 2
1 28 29 2 3
1 29 35 2 2
1 8 9 2 3
1 4 5 1 3
0 0 6 3 2
1 32 33 2 1
1 33 34 3 1
1 12 13 2 3
1 3 4 3 2
0 2 8 2 3
0 22 28 2 3
0 25 26 2 2
1 6 7 3 2
0 19 20 2 1
1 10 11 1 1
0 15 16 3 3
1 22 23 2 3
1 21 27 3 3
0 16 22 1 2
1 17 23 1 3
0 17 23 1 3
1 8 14 2 2
0 18 24 3 2
1 34 35 1 1
0 9 15 2 2
0 15 21 3 2
1 24 25 3 2
0 3 9 2 3
1 26 27 3 2
0 29 35 3 3
1 21 27 3 3
0 31 32 1 1
1 30 31 2 3
1 31 32 2 2
0 7 13 1 2
1 6 7 1 2
0 18 19 3 1
0 19 25 2 3
1 32 33 1 3
1 0 6 2 2
1 6 12 1 2
0 13 19 2 3
0 9 10 3 3
0 10 11 2 2
1 20 21 1 3
0 7 13 3 2
1 12 18 2 2
0 18 24 3 1
0 18 19 3 3
1 28 29 1 3
1 15 21 1 2
0 28 34 3 2
0 3 9 2 3
1 18 19 2 3
1 0 1 1 1
0 2 8 1 3
1 24 25 1 2
0 7 13 3 2
0 6 7 1 2
1 6 7 2 3
1 0 6 3 2
1 13 14 3 2
1 13 19 2 1
1 19 20 2 2
1 14 20 3 3
0 8 14 1 1
0 14 15 2 1
1 8 14 1 1
1 2 8 3 3
0 14 15 3 2
0 15 21 2 1
0 14 20 1 1
0 20 21 3 2
0 15 21 3 2
0 20 26 3 1
1 29 35 3 2
1 34 35 3 2
1 28 29 2 2
1 21 22 2 1
1 21 22 1 2
1 20 21 3 2
