0 5 11 2 3
0 6 12 3 2
0 23 29 1 3
0 24 30 1 2
1 18 19 2 2
1 24 25 3 1
1 28 29 2 3
1 29 35 2 2
1 4 5 1 3
1 8 9 2 3
1 14 15 3 3
0 9 15 2 1
1 32 33 2 1
0 0 6 2 1
1 7 8 1 2
0 28 34 3 3
1 33 34 3 1
1 34 35 2 3
0 8 14 1 1
1 12 13 2 3
1 13 14 2 1
0 16 17 3 2
0 10 16 1 3
0 26 27 2 1
0 1 7 3 3
0 18 24 2 3
1 26 27 1 3
1 26 32 2 3
1 30 31 3 1
1 24 30 2 1
1 9 10 1 2
0 33 34 3 1
1 10 11 2 2
0 32 33 3 1
1 17 23 3 2
0 6 7 3 2
0 6 12 2 1
0 7 13 3 2
0 1 7 3 1
1 22 23 3 2
1 12 18 2 3
0 24 25 1 3
0 19 25 3 3
1 29 35 3 1
0 21 27 2 1
0 29 35 3 1
0 9 10 1 1
1 14 20 3 2
0 0 6 3 1
0 3 4 3 1
1 28 29 1 3
1 0 1 2 3
1 30 31 3 1
0 17 23 3 3
0 10 11 3 2
0 13 19 3 1
1 28 29 3 3
0 18 19 1 3
0 34 35 1 2
1 1 2 3 3
0 6 12 2 3
1 22 23 1 1
1 20 21 2 3
1 19 20 2 2
1 13 19 3 2
1 19 20 1 2
0 13 14 2 2
1 19 25 1 3
1 22 23 1 3
1 21 22 3 1
1 15 21 3 3
1 15 16 2 1
1 9 15 3 3
0 23 29 3 3
1 11 17 3 3
1 16 17 1 3
0 26 32 3 2
0 8 14 3 2
1 13 14 2 3
0 3 4 3 1
0 3 9 2 1
1 21 27 2 1
1 21 22 2 1
1 12 18 2 1
1 18 19 1 1
0 22 28 2 2
1 31 32 1 1
1 30 31 1 3
1 31 32 1 1
1 26 32 1 3
1 31 32 3 3
0 26 32 1 2
