0 28 34 3 3
0 6 12 3 2
1 12 18 1 2
0 13 19 2 1
1 4 5 1 3
1 34 35 1 2
1 14 15 2 2
0 17 23 2 3
1 25 31 2 2
1 32 33 3 2
1 0 1 2 2
0 14 15 2 1
1 7 8 2 1
1 29 35 1 1
1 13 14 3 1
0 5 11 2 3
1 19 20 3 3
0 9 15 2 1
1 20 21 3 3
1 9 10 3 2
1 10 11 2 2
1 0 6 3 2
0 23 29 1 2
0 24 30 1 2
0 24 25 1 3
0 13 14 3 1
0 8 14 1 1
1 8 9 3 3
0 27 28 1 3
1 1 2 3 3
0 0 1 2 3
0 3 4 2 1
0 24 30 2 2
0 20 26 2 1
0 22 23 2 1
0 28 29 3 1
0 34 35 1 1
1 29 35 3 2
1 26 27 2 1
1 27 33 2 2
0 0 6 2 3
0 6 7 1 1
1 0 6 1 3
0 19 20 1 1
1 0 1 2 2
0 19 25 2 3
0 3 4 1 1
1 33 34 3 2
0 6 12 2 1
0 0 6 2 1
0 25 26 3 1
1 31 32 3 1
1 0 6 3 3
0 21 27 2 3
0 27 33 1 1
0 26 27 1 1
1 29 35 3 3
1 17 23 3 2
0 2 8 1 1
1 18 24 2 3
1 24 25 1 2
0 7 13 2 1
1 22 28 3 3
1 32 33 1 2
1 27 33 2 1
0 23 29 1 1
0 29 35 1 3
1 2 3 1 1
1 2 8 3 3
0 10 11 1 2
0 4 10 1 1
0 3 4 3 1
1 4 10 3 2
1 12 13 3 1
1 12 18 3 1
0 2 8 2 1
1 15 16 3 1
0 7 8 3 3
0 6 7 2 2
1 22 28 3 3
1 19 20 3 2
0 2 8 2 1
0 22 28 2 2
1 11 17 2 1
0 4 10 1 2
0 16 22 3 2
1 22 28 2 3
0 6 7 1 2
0 6 12 3 1
1 27 28 1 1
1 26 27 1 1
1 20 26 1 2
0 27 33 2 2
1 26 32 2 1
1 26 27 2 2
1 21 27 3 2
1 32 33 1 1
1 25 31 1 2
1 24 25 1 2
1 27 33 2 2
1 32 33 1 3
1 27 33 2 1
1 32 33 1 2
