0 6 12 3 2
0 28 34 3 3
0 5 11 2 3
0 17 23 2 3
1 4 5 1 3
0 24 30 1 2
1 28 29 2 3
1 34 35 1 2
1 14 15 3 3
1 32 33 2 1
1 24 25 3 1
0 13 14 3 2
0 24 25 2 3
1 8 9 2 3
1 7 8 2 1
0 9 15 2 1
1 13 14 3 1
0 6 7 2 1
1 18 19 2 2
0 14 15 2 1
0 23 29 1 2
1 33 34 3 3
1 30 31 2 1
0 22 23 2 1
0 9 10 3 1
1 0 1 2 2
1 12 18 2 1
1 29 35 2 2
0 29 35 1 3
1 12 13 2 2
1 2 3 1 1
0 3 4 3 1
1 26 32 3 3
0 18 24 3 1
1 19 20 1 2
1 26 27 1 1
1 0 6 1 1
1 6 7 1 2
0 31 32 1 3
1 14 20 1 2
1 27 28 2 3
1 16 17 1 1
0 6 12 1 1
1 11 17 1 3
1 16 17 3 2
1 10 11 3 3
1 10 16 1 3
0 26 27 1 2
1 33 34 3 1
1 6 12 3 3
0 13 19 1 2
0 19 25 2 3
0 25 26 3 3
1 26 32 1 3
0 26 27 2 1
1 3 4 3 3
1 4 10 3 3
1 9 10 2 2
0 2 8 3 3
0 0 6 2 2
0 15 21 1 1
0 1 7 3 1
1 15 21 1 3
0 9 10 2 2
1 22 23 2 1
1 8 14 3 2
1 19 20 1 1
0 26 27 2 1
0 27 33 2 3
1 9 15 2 1
0 33 34 1 1
0 27 33 1 1
0 27 28 3 3
0 28 29 2 1
0 27 28 2 2
0 22 28 2 3
1 1 7 3 2
0 23 29 2 2
1 33 34 1 1
1 9 15 2 2
0 3 9 1 2
