1 0 1 2 2
1 6 7 1 2
1 2 3 3 2
1 8 9 2 3
1 4 5 2 1
1 12 13 2 3
1 18 19 2 2
1 14 15 3 3
1 16 17 1 1
1 24 25 3 1
1 30 31 3 1
1 26 27 1 3
1 32 33 2 3
1 28 29 2 3
1 34 35 1 2
1 0 6 1 1
1 1 7 1 3
1 2 8 1 3
1 3 9 3 2
1 5 11 2 2
1 12 18 1 2
1 13 19 1 3
1 14 20 2 2
1 15 21 1 3
1 16 22 3 2
1 17 23 3 1
1 24 30 1 2
1 25 31 2 3
1 26 32 1 1
1 27 33 2 1
1 28 34 2 2
1 29 35 1 3
0 6 12 2 3
0 7 13 1 2
0 19 25 3 3
0 8 14 3 3
0 20 26 2 1
0 9 15 2 1
0 21 27 2 2
0 10 16 1 3
0 22 28 2 3
0 23 29 1 3
0 0 6 1 1
0 12 18 2 1
0 24 30 3 2
0 1 7 3 3
0 13 19 3 1
0 2 8 1 1
0 14 20 1 2
0 26 32 1 1
0 15 21 2 1
0 27 33 1 2
0 4 10 1 1
0 16 22 3 2
0 28 34 3 3
0 5 11 1 1
0 17 23 2 3
0 29 35 3 1
1 6 12 2 3
1 7 13 2 1
1 9 15 2 1
1 10 16 2 3
1 11 17 3 3
1 19 25 2 3
1 23 29 2 3
1 0 1 2 2
1 2 3 3 3
1 4 5 3 2
1 6 7 2 1
1 12 13 3 1
1 10 11 1 1
1 16 17 1 3
1 18 19 2 2
1 24 25 3 1
1 20 21 2 3
0 4 10 1 2
0 14 20 3 3
0 27 33 3 2
0 28 34 3 1
0 1 2 2 2
0 13 14 1 1
0 19 20 1 3
0 15 16 3 3
0 21 22 2 2
0 25 26 3 2
0 27 28 3 1
0 33 34 3 1
1 1 2 1 2
1 7 8 3 2
1 9 10 2 2
1 15 16 1 3
1 19 20 2 1
1 27 28 2 1
1 31 32 3 3
1 2 3 2 3
1 4 5 3 2
1 16 17 1 1
1 18 19 3 2
1 24 25 1 1
1 28 29 1 3
1 32 33 1 1
1 34 35 2 2
0 8 9 3 1
0 14 15 2 2
0 10 11 2 2
0 24 25 1 2
0 20 21 1 3
0 26 27 3 2
0 34 35 2 3
0 8 14 3 1
0 10 16 3 3
0 11 17 2 2
0 20 26 1 2
0 21 27 2 1
0 22 28 2 1
0 14 20 3 1
0 15 21 3 2
0 17 23 2 2
0 27 33 1 1
0 7 8 2 3
0 9 10 3 1
0 13 14 3 1
0 19 20 3 1
0 27 28 1 2
1 2 8 2 2
1 17 23 2 2
1 24 30 2 3
1 26 32 2 1
1 28 34 1 2
1 2 3 3 3
1 4 5 3 2
1 22 23 2 2
1 24 25 2 1
1 34 35 2 2
0 1 7 1 2
0 5 11 3 2
0 13 19 1 2
0 14 20 1 3
0 0 1 1 1
0 6 7 1 3
0 2 3 2 3
0 4 5 1 3
0 24 25 1 1
1 0 6 2 2
1 12 18 3 1
1 25 31 3 2
1 2 8 1 2
1 7 13 2 3
1 19 25 2 3
0 1 2 1 2
0 9 10 3 3
0 31 32 1 1
0 2 8 2 3
0 4 10 3 2
0 14 20 1 3
0 0 1 2 3
0 10 11 3 2
0 24 25 1 2
0 1 7 3 3
0 4 10 3 2
0 5 11 3 3
0 10 11 1 1
0 4 10 2 3
0 5 11 2 2
0 7 13 3 2
0 20 26 1 1
0 10 16 2 1
0 14 20 1 2
0 4 10 1 1
0 7 13 2 3
0 9 15 3 2
0 10 16 2 2
0 1 2 1 2
0 9 10 3 1
1 25 31 2 2
1 28 34 2 2
1 20 21 1 3
1 24 25 2 1
1 34 35 2 2
0 2 3 2 2
0 12 13 2 1
0 24 25 2 3
0 2 8 2 3
0 4 10 2 2
1 2 3 1 1
1 27 28 1 1
1 22 28 2 1
0 3 4 1 2
0 19 25 2 3
0 23 29 1 3
1 2 8 3 1
1 26 32 1 1
1 26 32 3 2
1 4 5 2 3
1 4 5 1 1
1 4 5 3 2
1 3 4 3 3
0 7 13 2 2
0 1 7 1 3
0 1 2 2 2
0 25 26 3 1
0 7 13 1 2
0 12 13 2 3
0 24 25 3 3
0 34 35 3 3
0 12 18 2 3
1 3 9 3 3
1 4 10 2 2
1 25 31 1 2
1 3 9 1 1
1 4 10 1 3
1 25 31 3 1
0 12 18 1 1
0 4 10 2 3
0 17 23 3 1
0 18 24 3 3
0 7 13 1 1
0 11 17 2 1
0 23 29 1 2
0 0 1 2 3
0 12 13 3 3
0 24 25 3 3
0 1 7 3 3
1 25 26 3 3
1 19 25 2 3
0 24 30 2 1
0 17 23 3 1
0 24 30 3 3
1 28 29 2 3
1 27 28 3 2
0 18 19 2 2
0 24 25 1 1
0 34 35 1 3
0 18 24 3 1
0 19 25 2 3
1 28 34 2 3
1 28 34 3 1
1 34 35 3 3
1 27 28 3 1
1 33 34 1 1
1 27 28 1 1
1 22 28 2 1
0 1 2 3 2
0 12 18 2 1
0 2 3 3 3
0 2 3 1 1
1 10 11 1 2
1 11 17 2 3
0 27 28 1 1
0 21 27 2 2
0 26 27 1 2
0 26 32 3 3
0 26 27 2 1
0 26 32 1 3
1 18 19 3 2
0 26 27 3 1
0 12 18 2 1
0 26 32 3 2
0 31 32 1 1
0 25 31 3 3
0 26 32 3 2
0 25 26 2 3
0 25 31 1 3
0 26 32 3 2
