R 0 6 12 3 2
H 0 6
S 0 6
S 0 12
R 0 28 34 3 3
H 0 28
S 0 28
H 0 28
H 0 34
S 0 34
R 0 5 11 2 3
S 0 5
H 0 11
R 0 17 23 2 3
S 0 17
H 0 23
R 0 24 30 1 2
H 0 24
S 0 24
H 0 24
S 0 30
R 0 9 15 2 1
S 0 9
H 0 15
S 0 15
H 0 15
R 0 1 7 3 1
H 0 1
S 0 1
H 0 1
H 0 7
S 0 7
H 0 7
R 0 8 14 1 2
H 0 8
S 0 8
H 0 8
S 0 14
R 0 32 33 3 2
H 0 32
S 0 32
S 0 33
R 0 13 19 2 1
S 0 13
H 0 19
S 0 19
H 0 19
R 0 21 27 1 1
H 0 21
S 0 21
H 0 27
S 0 27
H 0 27
R 0 3 4 2 1
S 0 3
H 0 4
S 0 4
H 0 4
R 0 29 35 3 3
H 0 29
S 0 29
H 0 29
H 0 35
S 0 35
R 0 25 26 3 2
H 0 25
S 0 25
S 0 26
R 1 5 4 3 1
H 1 5
S 1 5
H 1 5
H 1 4
S 1 4
H 1 4
R 1 7 8 1 2
H 1 7
S 1 7
H 1 7
S 1 8
R 1 32 33 2 1
S 1 32
H 1 33
S 1 33
H 1 33
R 1 35 34 2 1
S 1 35
H 1 34
S 1 34
H 1 34
R 1 14 15 3 3
H 1 14
S 1 14
H 1 14
H 1 15
S 1 15
R 1 29 28 3 2
H 1 29
S 1 29
S 1 28
R 1 24 25 3 1
H 1 24
S 1 24
H 1 24
H 1 25
S 1 25
H 1 25
R 1 12 18 1 2
H 1 12
S 1 12
H 1 12
S 1 18
R 1 30 31 3 1
H 1 30
S 1 30
H 1 30
H 1 31
S 1 31
H 1 31
R 1 27 26 3 1
H 1 27
S 1 27
H 1 27
H 1 26
S 1 26
H 1 26
R 1 17 16 1 1
H 1 17
S 1 17
H 1 16
S 1 16
H 1 16
R 1 1 0 2 2
S 1 1
S 1 0
R 1 13 19 2 1
S 1 13
H 1 19
S 1 19
H 1 19
R 1 24 30 2 1
S 1 24
H 1 30
S 1 30
H 1 30
R 1 33 34 2 1
S 1 33
H 1 34
S 1 34
H 1 34
R 1 31 32 2 2
S 1 31
S 1 32
R 1 8 9 2 3
S 1 8
H 1 9
R 1 29 35 2 1
S 1 29
H 1 35
S 1 35
H 1 35
R 1 0 6 1 3
H 1 0
S 1 0
H 1 6
S 1 6
R 1 11 17 3 1
H 1 11
S 1 11
H 1 11
H 1 17
S 1 17
H 1 17
R 1 1 2 1 3
H 1 1
S 1 1
H 1 2
S 1 2
R 0 23 29 2 3
S 0 23
H 0 29
R 0 8 14 3 3
H 0 8
S 0 8
H 0 8
H 0 14
S 0 14
R 0 15 16 3 2
H 0 15
S 0 15
S 0 16
R 0 7 6 1 3
H 0 7
S 0 7
H 0 6
S 0 6
R 1 21 27 3 2
H 1 21
S 1 21
S 1 27
R 0 9 10 3 3
H 0 9
S 0 9
H 0 9
H 0 10
S 0 10
R 1 13 14 3 1
H 1 13
S 1 13
H 1 13
H 1 14
S 1 14
H 1 14
R 1 20 19 2 2
S 1 20
S 1 19
R 0 25 31 1 3
H 0 25
S 0 25
H 0 31
S 0 31
R 1 3 4 2 2
S 1 3
S 1 4
R 0 22 28 2 2
S 0 22
S 0 28
R 0 22 23 2 2
S 0 22
S 0 23
R 0 6 12 3 3
H 0 6
S 0 6
H 0 6
H 0 12
S 0 12
R 0 7 13 3 2
H 0 7
S 0 7
S 0 13
R 0 2 3 1 3
H 0 2
S 0 2
H 0 3
S 0 3
R 0 3 4 1 2
H 0 3
S 0 3
H 0 3
S 0 4
R 1 26 32 1 3
H 1 26
S 1 26
H 1 32
S 1 32
R 1 23 29 1 3
H 1 23
S 1 23
H 1 29
S 1 29
R 1 1 0 2 1
S 1 1
H 1 0
S 1 0
H 1 0
R 0 20 26 2 1
S 0 20
H 0 26
S 0 26
H 0 26
R 0 19 20 1 3
H 0 19
S 0 19
H 0 20
S 0 20
R 1 28 34 1 3
H 1 28
S 1 28
H 1 34
S 1 34
R 1 30 31 1 3
H 1 30
S 1 30
H 1 31
S 1 31
R 0 24 25 2 3
S 0 24
H 0 25
R 1 17 16 3 2
H 1 17
S 1 17
S 1 16
R 1 2 3 2 1
S 1 2
H 1 3
S 1 3
H 1 3
R 0 34 33 2 2
S 0 34
S 0 33
R 0 1 7 3 3
H 0 1
S 0 1
H 0 1
H 0 7
S 0 7
R 0 0 1 2 3
S 0 0
H 0 1
R 0 13 19 2 3
S 0 13
H 0 19
R 0 14 13 2 1
S 0 14
H 0 13
S 0 13
H 0 13
R 1 15 21 1 1
H 1 15
S 1 15
H 1 21
S 1 21
H 1 21
R 1 21 20 1 2
H 1 21
S 1 21
H 1 21
S 1 20
R 1 9 15 1 1
H 1 9
S 1 9
H 1 15
S 1 15
H 1 15
R 0 15 21 1 2
H 0 15
S 0 15
H 0 15
S 0 21
R 0 21 27 1 3
H 0 21
S 0 21
H 0 27
S 0 27
R 0 15 21 1 3
H 0 15
H 0 21
R 0 19 20 3 2
H 0 19
S 0 19
S 0 20
R 1 25 26 3 2
H 1 25
S 1 25
S 1 26
R 0 26 27 1 3
H 0 26
S 0 26
H 0 27
S 0 27
R 1 12 18 2 1
S 1 12
H 1 18
S 1 18
H 1 18
R 0 22 28 2 1
S 0 22
H 0 28
S 0 28
H 0 28
R 0 4 10 1 3
H 0 4
S 0 4
H 0 10
S 0 10
R 0 10 11 1 3
H 0 10
S 0 10
H 0 11
S 0 11
R 0 28 34 1 2
H 0 28
S 0 28
H 0 28
S 0 34
R 1 23 29 1 1
H 1 23
S 1 23
H 1 29
S 1 29
H 1 29
R 0 31 32 3 1
H 0 31
S 0 31
H 0 31
H 0 32
S 0 32
H 0 32
R 0 32 33 3 3
H 0 32
S 0 32
H 0 32
H 0 33
S 0 33
R 0 31 32 2 1
H 0 32
S 0 32
H 0 32
R 0 7 13 1 1
H 0 7
S 0 7
H 0 13
S 0 13
H 0 13
R 0 11 17 3 3
H 0 11
S 0 11
H 0 11
H 0 17
S 0 17
R 0 15 16 3 3
H 0 15
S 0 15
H 0 15
H 0 16
S 0 16
R 1 10 11 2 1
S 1 10
H 1 11
S 1 11
H 1 11
R 1 10 16 2 2
S 1 10
S 1 16
R 0 0 6 3 3
H 0 0
S 0 0
H 0 0
H 0 6
S 0 6
R 0 23 29 1 1
H 0 23
S 0 23
H 0 29
S 0 29
H 0 29
R 0 23 29 1 2
H 0 23
S 0 23
H 0 23
S 0 29
H 0 29
R 0 23 29 2 2
S 0 23
S 0 29
R 0 29 35 1 3
H 0 29
S 0 29
H 0 35
S 0 35
R 0 13 14 1 3
H 0 13
S 0 13
H 0 14
S 0 14
R 0 24 25 1 2
H 0 24
S 0 24
H 0 24
S 0 25
R 0 25 31 2 2
S 0 25
S 0 31
R 0 17 23 1 2
H 0 17
S 0 17
H 0 17
S 0 23
R 1 2 3 3 1
H 1 2
S 1 2
H 1 2
H 1 3
S 1 3
H 1 3
R 0 11 10 2 3
S 0 11
H 0 10
R 0 27 33 2 1
S 0 27
H 0 33
S 0 33
H 0 33
R 0 26 27 2 1
S 0 26
H 0 27
S 0 27
H 0 27
R 0 27 33 2 1
S 0 27
H 0 33
S 0 33
H 0 33
R 0 3 4 1 1
H 0 3
S 0 3
H 0 4
S 0 4
H 0 4
R 0 3 4 1 2
H 0 3
S 0 3
H 0 3
S 0 4
H 0 4
R 0 2 3 2 2
S 0 2
S 0 3
R 0 3 4 2 2
S 0 3
S 0 4
R 1 6 7 1 1
H 1 6
S 1 6
H 1 7
S 1 7
H 1 7
R 1 6 7 3 2
H 1 6
S 1 6
H 1 7
S 1 7
R 1 7 8 1 1
H 1 7
S 1 7
H 1 8
S 1 8
H 1 8
R 1 9 10 2 1
S 1 9
H 1 10
S 1 10
H 1 10
R 1 25 24 2 1
S 1 25
H 1 24
S 1 24
H 1 24
R 1 24 30 1 1
H 1 24
S 1 24
H 1 30
S 1 30
H 1 30
R 1 22 21 2 2
S 1 22
S 1 21
R 1 21 27 1 3
H 1 21
S 1 21
H 1 27
S 1 27
R 0 19 20 3 3
H 0 19
S 0 19
H 0 19
H 0 20
S 0 20
R 0 26 25 3 2
H 0 26
S 0 26
S 0 25
R 0 13 19 2 2
S 0 13
S 0 19
R 1 6 7 2 2
S 1 6
S 1 7
R 1 28 34 3 2
H 1 28
S 1 28
S 1 34
R 1 34 35 1 3
H 1 34
S 1 34
H 1 35
S 1 35
R 1 28 34 1 1
H 1 28
S 1 28
H 1 34
S 1 34
H 1 34
R 1 16 22 2 2
S 1 16
S 1 22
R 0 9 10 2 2
S 0 9
S 0 10
R 1 18 19 2 1
S 1 18
H 1 19
S 1 19
H 1 19
R 1 19 20 2 1
S 1 19
H 1 20
S 1 20
H 1 20
R 1 18 19 2 1
S 1 18
H 1 19
S 1 19
H 1 19
R 1 19 20 2 1
S 1 19
H 1 20
S 1 20
H 1 20
R 1 34 35 2 1
S 1 34
H 1 35
S 1 35
H 1 35
R 1 22 23 2 2
S 1 22
S 1 23
R 1 6 7 2 3
S 1 6
H 1 7
R 0 2 1 2 1
S 0 2
H 0 1
S 0 1
H 0 1
R 0 1 7 1 1
H 0 1
S 0 1
H 0 7
S 0 7
H 0 7
R 1 12 18 2 1
S 1 12
H 1 18
S 1 18
H 1 18
R 1 3 9 2 3
S 1 3
H 1 9
R 1 2 3 2 1
S 1 2
H 1 3
S 1 3
H 1 3
R 1 3 9 2 3
S 1 3
H 1 9
R 1 23 29 2 2
S 1 23
S 1 29
R 1 4 10 1 1
H 1 4
S 1 4
H 1 10
S 1 10
H 1 10
R 1 5 4 3 1
H 1 5
S 1 5
H 1 5
H 1 4
S 1 4
H 1 4
R 1 4 10 2 1
S 1 4
H 1 4
H 1 10
S 1 10
H 1 10
R 0 21 22 1 1
H 0 21
S 0 21
H 0 22
S 0 22
H 0 22
R 0 21 22 1 2
H 0 21
S 0 21
H 0 21
S 0 22
H 0 22
R 0 15 21 1 2
H 0 15
S 0 15
H 0 15
S 0 21
R 0 21 27 2 3
S 0 21
H 0 27
R 0 11 17 2 3
S 0 11
H 0 17
R 0 10 11 2 2
S 0 10
S 0 11
R 1 16 22 1 2
H 1 16
S 1 16
H 1 16
S 1 22
R 1 15 16 2 3
S 1 15
H 1 16
R 1 16 17 1 1
H 1 16
S 1 16
H 1 17
S 1 17
H 1 17
R 1 15 16 1 3
H 1 15
H 1 16
S 1 16
R 1 16 17 1 2
S 1 16
H 1 16
H 1 17
S 1 17
R 1 23 22 1 3
H 1 23
S 1 23
H 1 22
S 1 22
R 1 21 22 2 1
S 1 21
H 1 22
S 1 22
H 1 22
R 1 31 30 2 1
S 1 31
H 1 30
S 1 30
H 1 30
R 1 25 31 1 1
H 1 25
S 1 25
H 1 31
S 1 31
H 1 31
R 1 31 30 2 1
S 1 31
H 1 30
S 1 30
H 1 30
R 0 25 31 2 3
S 0 25
H 0 31
R 0 13 19 2 2
S 0 13
S 0 19
R 1 1 7 1 1
H 1 1
S 1 1
H 1 7
S 1 7
H 1 7
R 1 1 7 1 2
H 1 1
S 1 1
H 1 1
S 1 7
H 1 7
R 1 1 7 2 2
S 1 1
S 1 7
R 1 7 8 3 2
H 1 7
S 1 7
S 1 8
R 0 28 34 1 1
H 0 28
S 0 28
H 0 34
S 0 34
H 0 34
R 1 22 23 1 1
H 1 22
S 1 22
H 1 23
S 1 23
H 1 23
R 1 22 23 3 2
H 1 22
S 1 22
H 1 23
S 1 23
R 1 23 29 2 2
S 1 23
S 1 29
R 0 3 9 1 2
H 0 3
S 0 3
H 0 3
S 0 9
R 1 29 35 1 2
H 1 29
S 1 29
H 1 29
S 1 35
R 1 16 15 1 2
H 1 16
S 1 16
H 1 16
S 1 15
R 1 15 21 2 3
S 1 15
H 1 21
R 1 28 34 1 1
H 1 28
S 1 28
H 1 34
S 1 34
H 1 34
R 1 28 34 1 2
H 1 28
S 1 28
H 1 28
S 1 34
H 1 34
R 1 22 28 3 2
H 1 22
S 1 22
S 1 28
R 1 28 34 2 2
S 1 28
S 1 34
R 1 22 23 2 1
S 1 22
H 1 23
S 1 23
H 1 23
R 0 8 14 1 1
H 0 8
S 0 8
H 0 14
S 0 14
H 0 14
R 0 8 14 1 2
H 0 8
S 0 8
H 0 8
S 0 14
H 0 14
R 0 8 14 2 2
S 0 8
S 0 14
R 0 14 20 1 2
H 0 14
S 0 14
H 0 14
S 0 20
R 0 21 27 2 1
S 0 21
H 0 27
S 0 27
H 0 27
R 0 27 26 1 1
H 0 27
S 0 27
H 0 26
S 0 26
H 0 26
R 0 2 8 2 1
S 0 2
H 0 8
S 0 8
H 0 8
R 1 13 14 1 2
H 1 13
S 1 13
H 1 13
S 1 14
R 1 12 13 2 3
S 1 12
H 1 13
R 1 13 14 1 2
H 1 13
S 1 13
H 1 13
S 1 14
R 0 25 24 1 1
H 0 25
S 0 25
H 0 24
S 0 24
H 0 24
R 0 25 24 1 2
H 0 25
S 0 25
H 0 25
S 0 24
H 0 24
R 0 24 30 2 2
S 0 24
S 0 30
R 0 9 8 1 3
H 0 9
S 0 9
H 0 8
S 0 8
R 0 13 19 2 1
S 0 13
H 0 19
S 0 19
H 0 19
R 0 19 25 3 2
H 0 19
S 0 19
S 0 25
R 1 34 35 1 1
H 1 34
S 1 34
H 1 35
S 1 35
H 1 35
R 1 33 34 2 1
S 1 33
H 1 34
S 1 34
H 1 34
R 1 22 23 1 1
H 1 22
S 1 22
H 1 23
S 1 23
H 1 23
R 1 22 23 1 3
S 1 23
R 1 23 29 2 1
S 1 23
H 1 29
S 1 29
H 1 29
R 1 34 35 2 1
S 1 34
H 1 35
S 1 35
H 1 35
R 1 17 16 2 1
S 1 17
H 1 16
S 1 16
H 1 16
R 1 11 17 1 1
H 1 11
S 1 11
H 1 17
S 1 17
H 1 17
R 1 11 17 3 2
H 1 11
S 1 11
H 1 17
S 1 17
R 0 0 1 1 1
H 0 0
S 0 0
H 0 1
S 0 1
H 0 1
R 0 1 7 2 2
S 0 1
S 0 7
R 0 0 1 2 3
H 0 0
H 0 1
R 1 3 4 3 2
H 1 3
S 1 3
S 1 4
R 0 21 22 1 1
H 0 21
S 0 21
H 0 22
S 0 22
H 0 22
R 0 21 22 1 2
H 0 21
S 0 21
H 0 21
S 0 22
H 0 22
R 0 21 22 2 2
S 0 21
S 0 22
R 0 22 23 2 2
S 0 22
S 0 23
R 0 16 15 1 1
H 0 16
S 0 16
H 0 15
S 0 15
H 0 15
R 0 16 15 1 2
H 0 16
S 0 16
H 0 16
S 0 15
H 0 15
R 0 16 15 2 2
S 0 16
S 0 15
R 0 10 16 2 1
S 0 10
H 0 16
S 0 16
H 0 16
R 0 11 10 1 1
H 0 11
S 0 11
H 0 10
S 0 10
H 0 10
R 0 10 16 1 1
H 0 10
S 0 10
H 0 16
S 0 16
H 0 16
R 0 14 13 3 2
H 0 14
S 0 14
S 0 13
R 0 13 19 2 2
S 0 13
S 0 19
R 1 14 20 3 1
H 1 14
S 1 14
H 1 14
H 1 20
S 1 20
H 1 20
R 1 20 19 2 3
S 1 20
H 1 19
S 1 19
R 1 14 20 2 1
S 1 14
H 1 20
S 1 20
H 1 20
R 1 20 19 2 1
S 1 20
H 1 19
S 1 19
H 1 19
R 1 19 20 1 1
H 1 19
S 1 19
H 1 20
S 1 20
H 1 20
R 1 18 19 1 1
H 1 18
S 1 18
H 1 19
S 1 19
H 1 19
R 1 18 19 1 2
H 1 18
S 1 18
H 1 18
S 1 19
H 1 19
R 1 19 20 2 3
S 1 19
H 1 20
R 0 1 7 2 3
S 0 1
H 0 7
R 0 7 8 3 1
H 0 7
S 0 7
H 0 7
H 0 8
S 0 8
H 0 8
R 1 7 8 1 2
H 1 7
S 1 7
H 1 7
S 1 8
R 1 8 14 2 3
S 1 8
H 1 14
R 0 31 32 2 2
S 0 31
S 0 32
R 0 32 33 2 3
S 0 32
H 0 33
R 0 26 27 2 1
S 0 26
H 0 27
S 0 27
H 0 27
R 0 26 27 1 3
S 0 26
S 0 27
R 0 27 28 2 2
S 0 27
S 0 28
R 1 26 25 2 1
S 1 26
H 1 25
S 1 25
H 1 25
R 1 25 31 2 1
S 1 25
H 1 31
S 1 31
H 1 31
R 1 26 25 2 1
S 1 26
H 1 25
S 1 25
H 1 25
R 1 13 19 1 3
H 1 13
S 1 13
H 1 19
S 1 19
R 1 20 26 3 3
H 1 20
S 1 20
H 1 20
H 1 26
S 1 26
R 1 16 15 1 1
H 1 16
S 1 16
H 1 15
S 1 15
H 1 15
R 1 15 21 3 1
H 1 15
S 1 15
H 1 15
H 1 21
S 1 21
H 1 21
R 1 16 15 2 3
S 1 16
H 1 15
R 1 15 21 1 3
R 1 15 14 2 3
S 1 15
H 1 14
R 1 21 22 1 3
H 1 21
S 1 21
H 1 22
S 1 22
R 1 10 11 1 1
H 1 10
S 1 10
H 1 11
S 1 11
H 1 11
R 1 4 10 2 3
S 1 4
H 1 10
R 1 10 11 3 2
H 1 10
S 1 10
H 1 11
S 1 11
R 0 14 20 1 1
H 0 14
S 0 14
H 0 20
S 0 20
H 0 20
R 0 14 20 1 2
H 0 14
S 0 14
H 0 14
S 0 20
H 0 20
R 0 14 20 2 2
S 0 14
S 0 20
R 0 20 26 1 1
H 0 20
S 0 20
H 0 26
S 0 26
H 0 26
R 0 26 27 2 1
S 0 26
H 0 27
S 0 27
H 0 27
R 0 19 25 1 2
H 0 19
S 0 19
H 0 19
S 0 25
R 0 18 19 3 3
H 0 18
S 0 18
H 0 18
H 0 19
S 0 19
R 0 19 25 3 2
H 0 19
S 0 25
R 0 2 3 1 1
H 0 2
S 0 2
H 0 3
S 0 3
H 0 3
R 0 2 3 1 2
H 0 2
S 0 2
H 0 2
S 0 3
H 0 3
R 0 2 3 2 2
S 0 2
S 0 3
R 0 3 9 2 1
S 0 3
H 0 9
S 0 9
H 0 9
R 1 28 29 1 1
H 1 28
S 1 28
H 1 29
S 1 29
H 1 29
R 1 28 29 1 2
H 1 28
S 1 28
H 1 28
S 1 29
H 1 29
R 1 28 29 2 2
S 1 28
S 1 29
R 1 27 28 1 1
H 1 27
S 1 27
H 1 28
S 1 28
H 1 28
R 1 22 28 1 1
H 1 22
S 1 22
H 1 28
S 1 28
H 1 28
R 1 20 26 2 2
S 1 20
S 1 26
R 1 14 20 3 1
H 1 14
S 1 14
H 1 14
H 1 20
S 1 20
H 1 20
R 1 20 26 2 2
S 1 20
S 1 26
R 1 4 5 2 1
S 1 4
H 1 5
S 1 5
H 1 5
R 1 5 11 2 1
S 1 5
H 1 11
S 1 11
H 1 11
R 1 4 5 2 3
H 1 5
R 1 3 4 1 2
H 1 3
S 1 3
H 1 3
S 1 4
R 0 27 33 1 3
H 0 27
S 0 27
H 0 33
S 0 33
R 0 26 32 1 2
H 0 26
S 0 26
H 0 26
S 0 32
R 0 16 17 2 1
S 0 16
H 0 17
S 0 17
H 0 17
R 0 17 23 2 2
S 0 17
S 0 23
R 0 16 17 2 1
S 0 16
H 0 17
S 0 17
H 0 17
R 0 17 23 2 2
S 0 17
S 0 23
R 0 5 11 1 1
H 0 5
S 0 5
H 0 11
S 0 11
H 0 11
R 0 5 11 1 2
H 0 5
S 0 5
H 0 5
S 0 11
H 0 11
R 0 5 11 2 2
S 0 5
S 0 11
R 0 4 5 1 1
H 0 4
S 0 4
H 0 5
S 0 5
H 0 5
R 0 17 16 1 3
H 0 17
S 0 17
H 0 16
S 0 16
R 0 11 17 1 1
H 0 11
S 0 11
H 0 17
S 0 17
H 0 17
R 0 17 16 2 1
S 0 17
H 0 17
H 0 16
S 0 16
H 0 16
R 0 11 10 3 2
H 0 11
S 0 11
S 0 10
R 0 26 32 3 2
H 0 26
S 0 26
S 0 32
R 0 32 33 2 1
S 0 32
H 0 33
S 0 33
H 0 33
R 1 16 15 1 1
H 1 16
S 1 16
H 1 15
S 1 15
H 1 15
R 1 16 15 1 2
H 1 16
S 1 16
H 1 16
S 1 15
H 1 15
R 1 16 15 2 2
S 1 16
S 1 15
R 1 10 16 2 3
S 1 10
H 1 16
R 0 26 25 1 1
H 0 26
S 0 26
H 0 25
S 0 25
H 0 25
R 0 26 25 3 2
H 0 26
S 0 26
H 0 25
S 0 25
R 0 25 31 3 2
H 0 25
S 0 25
S 0 31
R 0 21 27 1 1
H 0 21
S 0 21
H 0 27
S 0 27
H 0 27
R 0 21 27 1 2
H 0 21
S 0 21
H 0 21
S 0 27
H 0 27
R 0 21 27 2 2
S 0 21
S 0 27
R 0 27 33 3 1
H 0 27
S 0 27
H 0 27
H 0 33
S 0 33
H 0 33
R 0 28 27 3 1
H 0 28
S 0 28
H 0 28
H 0 27
S 0 27
H 0 27
R 0 33 34 1 2
H 0 33
S 0 33
H 0 33
S 0 34
R 1 34 35 1 3
H 1 34
S 1 34
H 1 35
S 1 35
R 0 10 11 2 2
S 0 10
S 0 11
R 0 11 17 1 2
H 0 11
S 0 11
H 0 11
S 0 17
R 0 10 11 2 2
S 0 10
S 0 11
R 1 11 17 1 1
H 1 11
S 1 11
H 1 17
S 1 17
H 1 17
R 1 16 22 1 1
H 1 16
S 1 16
H 1 22
S 1 22
H 1 22
R 1 17 16 3 3
H 1 17
S 1 17
H 1 17
H 1 16
R 0 3 4 2 2
S 0 3
S 0 4
R 1 6 12 2 2
S 1 6
S 1 12
R 1 8 14 2 2
S 1 8
S 1 14
R 1 16 22 1 1
H 1 16
S 1 16
H 1 22
S 1 22
H 1 22
R 1 21 27 1 1
H 1 21
S 1 21
H 1 27
S 1 27
H 1 27
R 1 21 27 1 2
H 1 21
S 1 21
H 1 21
S 1 27
H 1 27
R 1 21 27 2 2
S 1 21
S 1 27
R 1 27 28 1 1
H 1 27
S 1 27
H 1 28
S 1 28
H 1 28
R 1 20 26 1 3
H 1 20
S 1 20
H 1 26
S 1 26
R 1 14 20 2 3
S 1 14
H 1 20
R 1 21 20 3 1
H 1 21
S 1 21
H 1 21
H 1 20
S 1 20
H 1 20
R 0 21 27 1 3
H 0 21
S 0 21
H 0 27
S 0 27
R 0 28 29 1 2
H 0 28
S 0 28
H 0 28
S 0 29
R 1 3 9 1 1
H 1 3
S 1 3
H 1 9
S 1 9
H 1 9
R 1 3 9 3 3
R 1 2 3 1 1
H 1 2
S 1 2
H 1 3
S 1 3
H 1 3
R 0 14 20 1 3
H 0 14
S 0 14
H 0 20
S 0 20
R 0 20 19 2 3
S 0 20
H 0 19
S 0 19
R 0 19 18 3 2
H 0 19
S 0 19
S 0 18
R 0 14 20 1 2
H 0 14
S 0 14
H 0 14
S 0 20
R 0 13 14 2 2
S 0 13
S 0 14
R 0 14 20 1 2
H 0 14
S 0 14
H 0 14
S 0 20
R 1 20 26 2 1
S 1 20
H 1 26
S 1 26
H 1 26
R 0 1 2 1 1
H 0 1
S 0 1
H 0 2
S 0 2
H 0 2
R 0 1 2 1 2
H 0 1
S 0 1
H 0 1
S 0 2
H 0 2
R 0 0 1 3 2
H 0 0
S 0 0
S 0 1
R 0 1 2 2 2
S 0 1
S 0 2
R 1 13 19 3 3
H 1 13
S 1 13
H 1 13
H 1 19
S 1 19
R 0 9 10 3 2
H 0 9
S 0 9
S 0 10
R 0 5 11 1 1
H 0 5
S 0 5
H 0 11
S 0 11
H 0 11
R 0 10 16 1 1
H 0 10
S 0 10
H 0 16
S 0 16
H 0 16
R 0 4 10 3 3
H 0 4
S 0 4
H 0 4
H 0 10
R 0 10 16 2 1
H 0 10
S 0 10
H 0 10
H 0 16
S 0 16
H 0 16
R 0 22 28 2 2
S 0 22
S 0 28
R 0 28 27 1 1
H 0 28
S 0 28
H 0 27
S 0 27
H 0 27
R 0 22 28 2 1
S 0 22
H 0 28
S 0 28
H 0 28
R 1 34 35 1 3
H 1 34
S 1 34
H 1 35
S 1 35
R 1 2 3 1 2
H 1 2
S 1 2
H 1 2
S 1 3
R 0 0 1 1 1
H 0 0
S 0 0
H 0 1
S 0 1
H 0 1
R 0 1 7 2 1
S 0 1
H 0 7
S 0 7
H 0 7
R 0 0 1 2 1
S 0 0
H 0 1
S 0 1
H 0 1
R 0 1 7 2 1
S 0 1
H 0 7
S 0 7
H 0 7
R 0 27 33 1 1
H 0 27
S 0 27
H 0 33
S 0 33
H 0 33
R 0 27 33 1 2
H 0 27
S 0 27
H 0 27
S 0 33
H 0 33
R 0 27 33 2 2
S 0 27
S 0 33
R 0 33 32 3 2
H 0 33
S 0 33
S 0 32
R 0 34 33 1 1
H 0 34
S 0 34
H 0 33
S 0 33
H 0 33
R 0 34 33 1 3
S 0 33
R 0 28 34 2 2
S 0 28
S 0 34
R 0 25 26 2 1
S 0 25
H 0 26
S 0 26
H 0 26
R 0 25 26 1 2
H 0 25
S 0 25
H 0 25
S 0 26
R 0 26 27 1 1
H 0 26
S 0 26
H 0 27
S 0 27
H 0 27
R 0 9 10 1 1
H 0 9
S 0 9
H 0 10
S 0 10
H 0 10
R 0 9 10 1 2
H 0 9
S 0 9
H 0 9
S 0 10
H 0 10
R 0 8 9 1 2
H 0 8
S 0 8
H 0 8
S 0 9
R 0 9 10 2 2
S 0 9
S 0 10
R 0 10 9 1 1
H 0 10
S 0 10
H 0 9
S 0 9
H 0 9
R 0 10 9 3 2
H 0 10
S 0 10
H 0 9
S 0 9
R 0 4 10 3 2
H 0 4
S 0 4
S 0 10
R 1 35 34 2 2
S 1 35
S 1 34
R 1 4 5 2 1
S 1 4
H 1 5
S 1 5
H 1 5
R 1 5 11 2 1
S 1 5
H 1 11
S 1 11
H 1 11
R 1 4 5 2 1
S 1 4
H 1 5
S 1 5
H 1 5
R 1 5 11 2 1
S 1 5
H 1 11
S 1 11
H 1 11
R 0 11 17 1 1
H 0 11
S 0 11
H 0 17
S 0 17
H 0 17
R 0 17 16 2 2
S 0 17
S 0 16
R 0 11 17 2 1
S 0 11
H 0 11
H 0 17
S 0 17
H 0 17
R 0 17 16 2 2
S 0 17
S 0 16
R 1 8 14 1 2
H 1 8
S 1 8
H 1 8
S 1 14
R 1 9 8 2 2
S 1 9
S 1 8
R 1 8 14 1 2
H 1 8
S 1 8
H 1 8
S 1 14
R 0 14 15 2 2
S 0 14
S 0 15
R 0 15 21 1 2
H 0 15
S 0 15
H 0 15
S 0 21
R 0 14 15 2 2
S 0 14
S 0 15
R 0 21 27 1 1
H 0 21
S 0 21
H 0 27
S 0 27
H 0 27
R 0 21 27 1 2
H 0 21
S 0 21
H 0 21
S 0 27
H 0 27
R 0 21 27 2 2
S 0 21
S 0 27
R 0 27 26 2 1
S 0 27
H 0 26
S 0 26
H 0 26
R 0 26 32 3 2
H 0 26
S 0 26
S 0 32
R 1 23 29 1 1
H 1 23
S 1 23
H 1 29
S 1 29
H 1 29
R 1 23 29 1 2
H 1 23
S 1 23
H 1 23
S 1 29
H 1 29
R 1 23 29 2 2
S 1 23
S 1 29
R 1 29 35 2 2
S 1 29
S 1 35
R 1 34 35 2 3
S 1 34
H 1 35
R 0 14 20 2 1
S 0 14
H 0 20
S 0 20
H 0 20
R 0 20 21 2 1
S 0 20
H 0 21
S 0 21
H 0 21
R 0 14 20 2 1
S 0 14
H 0 20
S 0 20
H 0 20
R 0 11 17 1 1
H 0 11
S 0 11
H 0 17
S 0 17
H 0 17
R 0 17 23 2 2
S 0 17
S 0 23
R 0 11 17 2 1
S 0 11
H 0 11
H 0 17
S 0 17
H 0 17
R 0 17 23 2 2
S 0 17
S 0 23
R 0 11 10 1 1
H 0 11
S 0 11
H 0 10
S 0 10
H 0 10
R 0 14 15 2 3
S 0 14
H 0 15
R 1 9 8 2 2
S 1 9
S 1 8
R 1 29 35 2 1
S 1 29
H 1 35
S 1 35
H 1 35
R 1 35 34 3 2
H 1 35
S 1 35
S 1 34
R 0 29 35 1 1
H 0 29
S 0 29
H 0 35
S 0 35
H 0 35
R 0 29 35 1 2
H 0 29
S 0 29
H 0 29
S 0 35
H 0 35
R 0 29 35 2 2
S 0 29
S 0 35
R 0 35 34 3 1
H 0 35
S 0 35
H 0 35
H 0 34
S 0 34
H 0 34
R 1 20 26 2 1
S 1 20
H 1 26
S 1 26
H 1 26
R 0 22 28 1 1
H 0 22
S 0 22
H 0 28
S 0 28
H 0 28
R 0 22 28 1 2
H 0 22
S 0 22
H 0 22
S 0 28
H 0 28
R 0 22 28 2 2
S 0 22
S 0 28
R 0 28 27 2 3
S 0 28
H 0 27
R 0 27 33 3 1
H 0 27
S 0 27
H 0 27
H 0 33
S 0 33
H 0 33
R 0 33 34 2 1
S 0 33
H 0 34
S 0 34
H 0 34
R 0 27 33 2 1
S 0 27
H 0 33
S 0 33
H 0 33
R 0 28 34 1 1
H 0 28
S 0 28
H 0 34
S 0 34
H 0 34
R 0 9 15 1 1
H 0 9
S 0 9
H 0 15
S 0 15
H 0 15
R 0 9 15 3 3
R 0 15 21 3 1
H 0 15
S 0 15
H 0 15
H 0 21
S 0 21
H 0 21
R 0 15 16 3 2
H 0 15
S 0 15
S 0 16
R 1 22 28 3 3
H 1 22
S 1 22
H 1 22
H 1 28
S 1 28
R 1 28 27 1 2
H 1 28
S 1 28
H 1 28
S 1 27
R 1 4 10 2 2
S 1 4
S 1 10
R 1 10 11 2 2
S 1 10
S 1 11
R 0 4 10 2 2
S 0 4
S 0 10
R 0 10 16 1 3
H 0 10
S 0 10
H 0 16
S 0 16
R 0 4 10 2 3
H 0 10
R 0 11 10 2 2
S 0 11
S 0 10
R 0 27 33 1 1
H 0 27
S 0 27
H 0 33
S 0 33
H 0 33
R 0 27 33 1 2
H 0 27
S 0 27
H 0 27
S 0 33
H 0 33
R 0 27 33 2 2
S 0 27
S 0 33
R 0 20 26 2 1
S 0 20
H 0 26
S 0 26
H 0 26
R 0 26 27 2 2
S 0 26
S 0 27
R 0 20 26 2 1
S 0 20
H 0 26
S 0 26
H 0 26
R 0 26 27 2 2
S 0 26
S 0 27
R 0 20 19 3 1
H 0 20
S 0 20
H 0 20
H 0 19
S 0 19
H 0 19
R 0 25 31 1 1
H 0 25
S 0 25
H 0 31
S 0 31
H 0 31
R 0 25 31 1 2
H 0 25
S 0 25
H 0 25
S 0 31
H 0 31
R 0 19 25 2 2
S 0 19
S 0 25
R 0 25 31 2 2
S 0 25
S 0 31
R 1 7 6 1 2
H 1 7
S 1 7
H 1 7
S 1 6
R 1 7 13 1 1
H 1 7
S 1 7
H 1 13
S 1 13
H 1 13
R 1 7 13 3 3
R 1 13 19 2 3
S 1 13
H 1 19
S 1 19
R 1 18 19 2 2
S 1 18
S 1 19
R 0 18 19 1 1
H 0 18
S 0 18
H 0 19
S 0 19
H 0 19
R 0 18 19 1 2
H 0 18
S 0 18
H 0 18
S 0 19
H 0 19
R 0 19 25 2 1
S 0 19
H 0 25
S 0 25
H 0 25
R 0 18 19 3 3
H 0 18
S 0 18
H 0 18
H 0 19
S 0 19
R 1 13 19 1 1
H 1 13
S 1 13
H 1 19
S 1 19
H 1 19
R 1 13 19 1 2
H 1 13
S 1 13
H 1 13
S 1 19
H 1 19
R 1 13 19 2 2
S 1 13
S 1 19
R 1 19 25 2 2
S 1 19
S 1 25
R 1 0 6 1 1
H 1 0
S 1 0
H 1 6
S 1 6
H 1 6
R 1 0 6 1 2
H 1 0
S 1 0
H 1 0
S 1 6
H 1 6
R 1 0 6 2 2
S 1 0
S 1 6
R 0 25 26 1 2
H 0 25
S 0 25
H 0 25
S 0 26
R 0 24 25 2 2
S 0 24
S 0 25
R 0 25 26 1 2
H 0 25
S 0 25
H 0 25
S 0 26
R 0 19 20 2 2
S 0 19
S 0 20
R 1 8 14 2 2
S 1 8
S 1 14
R 1 19 25 1 1
H 1 19
S 1 19
H 1 25
S 1 25
H 1 25
R 1 20 19 1 1
H 1 20
S 1 20
H 1 19
S 1 19
H 1 19
R 0 2 8 1 1
H 0 2
S 0 2
H 0 8
S 0 8
H 0 8
R 0 2 8 1 2
H 0 2
S 0 2
H 0 2
S 0 8
H 0 8
R 0 2 8 2 2
S 0 2
S 0 8
R 0 14 20 1 1
H 0 14
S 0 14
H 0 20
S 0 20
H 0 20
R 0 14 20 1 2
H 0 14
S 0 14
H 0 14
S 0 20
H 0 20
R 0 14 20 2 2
S 0 14
S 0 20
R 0 8 14 2 1
S 0 8
H 0 14
S 0 14
H 0 14
R 0 20 26 2 2
S 0 20
S 0 26
R 0 26 27 1 2
H 0 26
S 0 26
H 0 26
S 0 27
R 0 20 26 2 2
S 0 20
S 0 26
R 0 8 7 1 1
H 0 8
S 0 8
H 0 7
S 0 7
H 0 7
R 0 7 13 1 1
H 0 7
S 0 7
H 0 13
S 0 13
H 0 13
R 1 30 31 1 1
H 1 30
S 1 30
H 1 31
S 1 31
H 1 31
R 0 15 21 1 1
H 0 15
S 0 15
H 0 21
S 0 21
H 0 21
R 0 15 21 1 2
H 0 15
S 0 15
H 0 15
S 0 21
H 0 21
R 0 15 21 2 2
S 0 15
S 0 21
R 0 14 15 2 3
S 0 14
H 0 15
R 0 16 15 2 1
S 0 16
H 0 15
S 0 15
H 0 15
R 1 8 14 3 2
H 1 8
S 1 8
S 1 14
R 1 14 13 2 1
S 1 14
H 1 13
S 1 13
H 1 13
R 1 19 25 2 2
S 1 19
S 1 25
R 1 26 32 2 1
S 1 26
H 1 32
S 1 32
H 1 32
R 1 26 32 1 3
S 1 26
S 1 32
R 1 32 31 2 1
S 1 32
H 1 31
S 1 31
H 1 31
R 1 8 9 1 2
H 1 8
S 1 8
H 1 8
S 1 9
R 1 26 32 1 2
H 1 26
S 1 26
H 1 26
S 1 32
R 0 12 18 3 1
H 0 12
S 0 12
H 0 12
H 0 18
S 0 18
H 0 18
R 1 31 32 1 1
H 1 31
S 1 31
H 1 32
S 1 32
H 1 32
R 1 31 32 1 2
H 1 31
S 1 31
H 1 31
S 1 32
H 1 32
R 1 30 31 2 2
S 1 30
S 1 31
R 1 31 32 2 2
S 1 31
S 1 32
R 1 24 30 2 3
S 1 24
H 1 30
R 0 16 15 1 1
H 0 16
S 0 16
H 0 15
S 0 15
H 0 15
R 0 16 15 1 2
H 0 16
S 0 16
H 0 16
S 0 15
H 0 15
R 0 16 15 2 2
S 0 16
S 0 15
R 0 10 16 2 1
S 0 10
H 0 16
S 0 16
H 0 16
R 0 14 20 2 1
S 0 14
H 0 20
S 0 20
H 0 20
R 0 20 26 3 1
H 0 20
S 0 20
H 0 20
H 0 26
S 0 26
H 0 26
R 0 14 20 2 1
H 0 20
S 0 20
H 0 20
R 0 25 26 2 1
S 0 25
H 0 26
S 0 26
H 0 26
R 1 11 10 1 1
H 1 11
S 1 11
H 1 10
S 1 10
H 1 10
R 1 11 10 1 2
H 1 11
S 1 11
H 1 11
S 1 10
H 1 10
R 1 11 10 2 2
S 1 11
S 1 10
R 1 10 16 3 2
H 1 10
S 1 10
S 1 16
R 1 10 16 2 1
S 1 10
H 1 16
S 1 16
H 1 16
R 1 10 16 1 3
S 1 10
S 1 16
R 1 16 22 2 3
S 1 16
H 1 22
S 1 22
R 1 10 16 1 3
H 1 10
H 1 16
R 0 28 27 2 1
S 0 28
H 0 27
S 0 27
H 0 27
R 0 23 29 1 1
H 0 23
S 0 23
H 0 29
S 0 29
H 0 29
R 0 23 29 1 2
H 0 23
S 0 23
H 0 23
S 0 29
H 0 29
R 0 23 29 2 2
S 0 23
S 0 29
R 0 29 28 2 2
S 0 29
S 0 28
R 0 27 28 1 1
H 0 27
S 0 27
H 0 28
S 0 28
H 0 28
R 0 27 28 1 2
H 0 27
S 0 27
H 0 27
S 0 28
H 0 28
R 0 27 28 2 2
S 0 27
S 0 28
R 0 28 29 2 2
S 0 28
S 0 29
R 0 13 14 1 1
H 0 13
S 0 13
H 0 14
S 0 14
H 0 14
R 0 13 14 1 2
H 0 13
S 0 13
H 0 13
S 0 14
H 0 14
R 0 13 14 2 2
S 0 13
S 0 14
R 0 14 20 1 2
H 0 14
S 0 14
H 0 14
S 0 20
R 0 22 28 2 1
S 0 22
H 0 28
S 0 28
H 0 28
R 1 27 28 2 1
S 1 27
H 1 28
S 1 28
H 1 28
R 1 27 33 2 1
S 1 27
H 1 33
S 1 33
H 1 33
R 1 33 32 2 1
S 1 33
H 1 32
S 1 32
H 1 32
R 1 27 33 2 1
S 1 27
H 1 33
S 1 33
H 1 33
R 1 33 32 2 1
S 1 33
H 1 32
S 1 32
H 1 32
R 0 6 7 1 3
H 0 6
S 0 6
H 0 7
S 0 7
R 0 0 6 3 3
H 0 0
S 0 0
H 0 0
H 0 6
R 0 6 7 2 1
H 0 6
S 0 6
H 0 6
H 0 7
S 0 7
H 0 7
R 1 25 24 2 2
S 1 25
S 1 24
R 1 24 30 2 3
S 1 24
H 1 30
R 0 6 7 1 1
H 0 6
S 0 6
H 0 7
S 0 7
H 0 7
R 0 6 7 1 2
H 0 6
S 0 6
H 0 6
S 0 7
H 0 7
R 0 7 8 2 1
S 0 7
H 0 8
S 0 8
H 0 8
R 0 1 0 1 2
H 0 1
S 0 1
H 0 1
S 0 0
R 0 7 13 3 2
H 0 7
S 0 7
S 0 13
R 1 19 25 1 1
H 1 19
S 1 19
H 1 25
S 1 25
H 1 25
R 1 19 25 1 2
H 1 19
S 1 19
H 1 19
S 1 25
H 1 25
R 1 25 31 2 2
S 1 25
S 1 31
R 0 0 6 2 3
S 0 0
H 0 6
R 0 24 30 1 1
H 0 24
S 0 24
H 0 30
S 0 30
H 0 30
R 0 24 30 3 2
H 0 24
S 0 24
H 0 30
S 0 30
R 0 25 24 2 2
S 0 25
S 0 24
R 1 6 7 1 1
H 1 6
S 1 6
H 1 7
S 1 7
H 1 7
R 1 6 7 1 2
H 1 6
S 1 6
H 1 6
S 1 7
H 1 7
R 1 6 7 2 2
S 1 6
S 1 7
R 1 7 8 2 2
S 1 7
S 1 8
R 1 7 8 1 1
H 1 7
S 1 7
H 1 8
S 1 8
H 1 8
R 1 7 8 1 2
H 1 7
S 1 7
H 1 7
S 1 8
H 1 8
R 1 8 9 2 2
S 1 8
S 1 9
R 1 1 7 2 1
S 1 1
H 1 7
S 1 7
H 1 7
R 1 7 8 2 1
S 1 7
H 1 8
S 1 8
H 1 8
R 1 1 7 2 3
H 1 7
R 0 15 16 3 1
H 0 15
S 0 15
H 0 15
H 0 16
S 0 16
H 0 16
R 1 9 15 1 1
H 1 9
S 1 9
H 1 15
S 1 15
H 1 15
R 1 9 15 1 2
H 1 9
S 1 9
H 1 9
S 1 15
H 1 15
R 1 9 15 2 2
S 1 9
S 1 15
R 1 15 14 1 2
H 1 15
S 1 15
H 1 15
S 1 14
R 1 16 22 1 1
H 1 16
S 1 16
H 1 22
S 1 22
H 1 22
R 1 16 22 1 2
H 1 16
S 1 16
H 1 16
S 1 22
H 1 22
R 1 16 22 2 2
S 1 16
S 1 22
R 1 15 16 1 1
H 1 15
S 1 15
H 1 16
S 1 16
H 1 16
R 0 12 18 2 1
S 0 12
H 0 18
S 0 18
H 0 18
R 0 8 14 2 2
S 0 8
S 0 14
R 0 3 9 3 1
H 0 3
S 0 3
H 0 3
H 0 9
S 0 9
H 0 9
R 0 9 8 3 2
H 0 9
S 0 8
R 0 3 9 2 1
S 0 3
H 0 3
S 0 9
H 0 9
R 1 7 13 2 1
S 1 7
H 1 13
S 1 13
H 1 13
R 1 7 13 1 2
H 1 7
S 1 7
H 1 7
S 1 13
R 1 6 7 1 2
H 1 6
S 1 6
H 1 6
S 1 7
R 1 13 19 1 3
H 1 13
S 1 13
H 1 19
S 1 19
R 1 19 18 3 3
H 1 19
S 1 19
H 1 19
H 1 18
S 1 18
R 1 13 19 3 3
S 1 13
H 1 13
H 1 19
R 0 0 6 2 3
S 0 0
H 0 6
R 1 24 25 2 2
S 1 24
S 1 25
R 0 6 12 1 2
H 0 6
S 0 6
H 0 6
S 0 12
R 1 12 18 2 1
S 1 12
H 1 18
S 1 18
H 1 18
R 1 7 13 1 1
H 1 7
S 1 7
H 1 13
S 1 13
H 1 13
R 1 13 12 1 3
H 1 13
S 1 13
H 1 12
S 1 12
R 0 1 2 2 1
S 0 1
H 0 2
S 0 2
H 0 2
R 1 7 8 3 3
H 1 7
S 1 7
H 1 7
H 1 8
S 1 8
R 1 22 28 1 1
H 1 22
S 1 22
H 1 28
S 1 28
H 1 28
R 1 22 28 1 2
H 1 22
S 1 22
H 1 22
S 1 28
H 1 28
R 1 22 28 2 2
S 1 22
S 1 28
R 1 16 22 3 1
H 1 16
S 1 16
H 1 16
H 1 22
S 1 22
H 1 22
R 0 11 10 1 1
H 0 11
S 0 11
H 0 10
S 0 10
H 0 10
R 0 11 10 1 2
H 0 11
S 0 11
H 0 11
S 0 10
H 0 10
R 0 11 10 2 2
S 0 11
S 0 10
R 0 10 16 2 1
S 0 10
H 0 16
S 0 16
H 0 16
R 1 19 25 1 2
H 1 19
S 1 19
H 1 19
S 1 25
R 1 13 19 2 2
S 1 13
S 1 19
R 1 19 25 1 2
H 1 19
S 1 19
H 1 19
S 1 25
R 1 7 13 1 2
H 1 7
S 1 7
H 1 7
S 1 13
R 0 1 0 1 2
H 0 1
S 0 1
H 0 1
S 0 0
R 0 13 19 2 2
S 0 13
S 0 19
R 1 15 16 1 1
H 1 15
S 1 15
H 1 16
S 1 16
H 1 16
R 1 15 16 1 2
H 1 15
S 1 15
H 1 15
S 1 16
H 1 16
R 1 15 16 2 2
S 1 15
S 1 16
R 1 14 15 2 3
S 1 14
H 1 15
R 1 1 7 1 1
H 1 1
S 1 1
H 1 7
S 1 7
H 1 7
R 1 1 7 1 2
H 1 1
S 1 1
H 1 1
S 1 7
H 1 7
R 1 0 1 2 2
S 1 0
S 1 1
R 1 1 7 2 2
S 1 1
S 1 7
R 1 20 19 1 2
H 1 20
S 1 20
H 1 20
S 1 19
R 1 14 20 2 2
S 1 14
S 1 20
R 1 20 19 1 2
H 1 20
S 1 20
H 1 20
S 1 19
R 0 25 26 2 1
S 0 25
H 0 26
S 0 26
H 0 26
R 0 13 14 2 2
S 0 13
S 0 14
R 1 20 26 2 1
S 1 20
H 1 26
S 1 26
H 1 26
R 1 8 7 2 2
S 1 8
S 1 7
R 1 18 24 1 2
H 1 18
S 1 18
H 1 18
S 1 24
R 1 24 25 2 1
S 1 24
H 1 25
S 1 25
H 1 25
R 0 2 1 3 1
H 0 2
S 0 2
H 0 2
H 0 1
S 0 1
H 0 1
R 0 1 7 2 2
S 0 1
S 0 7
R 0 2 1 2 1
S 0 2
H 0 2
H 0 1
S 0 1
H 0 1
R 0 1 7 2 2
S 0 1
S 0 7
R 0 25 31 1 1
H 0 25
S 0 25
H 0 31
S 0 31
H 0 31
R 0 25 31 1 2
H 0 25
S 0 25
H 0 25
S 0 31
H 0 31
R 0 25 31 2 2
S 0 25
S 0 31
R 0 20 26 1 1
H 0 20
S 0 20
H 0 26
S 0 26
H 0 26
R 0 20 26 3 2
H 0 20
S 0 20
H 0 26
S 0 26
R 0 26 25 1 2
H 0 26
S 0 26
H 0 26
S 0 25
R 0 20 26 1 2
H 0 20
S 0 20
H 0 20
S 0 26
R 1 26 25 2 1
S 1 26
H 1 25
S 1 25
H 1 25
R 0 14 20 2 1
S 0 14
H 0 20
S 0 20
H 0 20
R 0 14 20 1 2
H 0 14
S 0 14
H 0 14
S 0 20
R 0 8 14 2 2
S 0 8
S 0 14
R 0 14 13 2 2
S 0 14
S 0 13
R 0 2 3 1 2
H 0 2
S 0 2
H 0 2
S 0 3
R 0 3 4 2 2
S 0 3
S 0 4
R 1 12 18 1 1
H 1 12
S 1 12
H 1 18
S 1 18
H 1 18
R 1 12 18 1 2
H 1 12
S 1 12
H 1 12
S 1 18
H 1 18
R 1 12 18 2 2
S 1 12
S 1 18
R 1 13 12 2 1
S 1 13
H 1 12
S 1 12
H 1 12
R 0 0 1 2 2
S 0 0
S 0 1
R 0 3 9 2 1
S 0 3
H 0 9
S 0 9
H 0 9
R 1 18 24 2 2
S 1 18
S 1 24
R 0 1 2 2 1
S 0 1
H 0 2
S 0 2
H 0 2
R 0 2 8 2 1
S 0 2
H 0 8
S 0 8
H 0 8
R 0 1 2 2 1
S 0 1
H 0 2
S 0 2
H 0 2
R 1 6 12 1 1
H 1 6
S 1 6
H 1 12
S 1 12
H 1 12
R 1 6 12 1 2
H 1 6
S 1 6
H 1 6
S 1 12
H 1 12
R 1 0 6 1 2
H 1 0
S 1 0
H 1 0
S 1 6
R 1 6 12 2 2
S 1 6
S 1 12
R 1 7 8 3 2
H 1 7
S 1 7
S 1 8
R 1 20 26 1 1
H 1 20
S 1 20
H 1 26
S 1 26
H 1 26
R 1 20 26 1 2
H 1 20
S 1 20
H 1 20
S 1 26
H 1 26
R 1 20 26 2 2
S 1 20
S 1 26
R 1 26 25 2 1
S 1 26
H 1 25
S 1 25
H 1 25
R 1 1 0 1 2
H 1 1
S 1 1
H 1 1
S 1 0
R 1 0 6 1 2
H 1 0
S 1 0
H 1 0
S 1 6
R 0 6 12 2 3
S 0 6
H 0 12
R 1 1 0 2 1
S 1 1
H 1 0
S 1 0
H 1 0
R 0 12 13 2 2
S 0 12
S 0 13
R 1 28 29 1 1
H 1 28
S 1 28
H 1 29
S 1 29
H 1 29
R 1 28 29 1 2
H 1 28
S 1 28
H 1 28
S 1 29
H 1 29
R 1 28 29 2 2
S 1 28
S 1 29
R 1 26 27 2 1
S 1 26
H 1 27
S 1 27
H 1 27
R 1 27 28 2 2
S 1 27
S 1 28
R 1 26 27 2 1
S 1 26
H 1 27
S 1 27
H 1 27
R 1 27 28 2 2
S 1 27
S 1 28
R 1 18 19 1 1
H 1 18
S 1 18
H 1 19
S 1 19
H 1 19
R 1 18 19 1 2
H 1 18
S 1 18
H 1 18
S 1 19
H 1 19
R 1 18 19 2 2
S 1 18
S 1 19
R 1 19 20 2 2
S 1 19
S 1 20
R 1 19 25 2 2
S 1 19
S 1 25
R 1 18 24 2 2
S 1 18
S 1 24
R 0 13 12 2 2
S 0 13
S 0 12
R 1 21 22 2 1
S 1 21
H 1 22
S 1 22
H 1 22
R 1 22 28 2 1
S 1 22
H 1 28
S 1 28
H 1 28
R 1 21 22 2 1
S 1 21
H 1 22
S 1 22
H 1 22
R 1 22 28 2 1
S 1 22
H 1 28
S 1 28
H 1 28
R 1 19 25 2 1
S 1 19
H 1 25
S 1 25
H 1 25
R 1 25 26 2 3
S 1 25
H 1 26
R 1 19 25 2 1
S 1 19
H 1 25
S 1 25
H 1 25
R 1 25 26 2 3
S 1 25
H 1 26
R 1 13 19 1 1
H 1 13
S 1 13
H 1 19
S 1 19
H 1 19
R 1 13 19 1 2
H 1 13
S 1 13
H 1 13
S 1 19
H 1 19
R 1 14 13 2 2
S 1 14
S 1 13
R 1 13 19 2 2
S 1 13
S 1 19
R 1 24 25 2 1
S 1 24
H 1 25
S 1 25
H 1 25
R 1 25 26 2 1
S 1 25
H 1 26
S 1 26
H 1 26
R 1 24 25 2 1
S 1 24
H 1 25
S 1 25
H 1 25
R 1 25 26 2 1
S 1 25
H 1 26
S 1 26
H 1 26
R 1 7 8 1 2
H 1 7
S 1 7
H 1 7
S 1 8
R 1 1 7 1 2
H 1 1
S 1 1
H 1 1
S 1 7
R 1 7 13 2 2
S 1 7
S 1 13
R 1 6 7 2 2
S 1 6
S 1 7
R 1 7 13 1 2
H 1 7
S 1 7
H 1 7
S 1 13
R 1 6 7 2 2
S 1 6
S 1 7
R 1 2 3 1 1
H 1 2
S 1 2
H 1 3
S 1 3
H 1 3
R 1 2 3 1 2
H 1 2
S 1 2
H 1 2
S 1 3
H 1 3
R 1 2 3 2 2
S 1 2
S 1 3
R 1 3 4 2 1
S 1 3
H 1 4
S 1 4
H 1 4
R 1 3 4 1 2
H 1 3
S 1 3
H 1 3
S 1 4
R 1 3 4 2 1
S 1 3
H 1 4
S 1 4
H 1 4
R 1 4 5 2 2
S 1 4
S 1 5
R 1 3 4 2 1
S 1 3
H 1 4
S 1 4
H 1 4
R 1 2 3 1 1
H 1 2
S 1 2
H 1 3
S 1 3
H 1 3
R 1 2 3 1 2
H 1 2
S 1 2
H 1 2
S 1 3
H 1 3
R 1 1 2 2 2
S 1 1
S 1 2
R 1 2 3 2 2
S 1 2
S 1 3
R 1 3 2 1 2
H 1 3
S 1 3
H 1 3
S 1 2
R 1 2 8 2 1
S 1 2
H 1 8
S 1 8
H 1 8
R 1 3 9 3 1
H 1 3
S 1 3
H 1 3
H 1 9
S 1 9
H 1 9
R 0 12 18 3 1
H 0 12
S 0 12
H 0 12
H 0 18
S 0 18
H 0 18
R 1 25 31 1 2
H 1 25
S 1 25
H 1 25
S 1 31
R 0 8 9 1 1
H 0 8
S 0 8
H 0 9
S 0 9
H 0 9
R 0 8 9 1 2
H 0 8
S 0 8
H 0 8
S 0 9
H 0 9
R 0 8 9 2 2
S 0 8
S 0 9
R 0 9 15 1 2
H 0 9
S 0 9
H 0 9
S 0 15
R 0 2 8 2 1
S 0 2
H 0 8
S 0 8
H 0 8
R 0 3 9 1 1
H 0 3
S 0 3
H 0 9
S 0 9
H 0 9
R 0 3 9 1 2
H 0 3
S 0 3
H 0 3
S 0 9
H 0 9
R 0 3 9 2 2
S 0 3
S 0 9
R 0 4 3 2 3
S 0 4
H 0 3
R 1 18 24 2 2
S 1 18
S 1 24
R 0 13 14 2 1
S 0 13
H 0 14
S 0 14
H 0 14
R 0 14 15 2 1
S 0 14
H 0 15
S 0 15
H 0 15
R 0 13 14 2 1
S 0 13
H 0 14
S 0 14
H 0 14
R 0 14 15 2 1
S 0 14
H 0 15
S 0 15
H 0 15
R 1 7 6 1 3
H 1 7
S 1 7
H 1 6
S 1 6
R 1 1 7 1 1
H 1 1
S 1 1
H 1 7
S 1 7
H 1 7
R 1 7 6 2 1
S 1 7
H 1 7
H 1 6
S 1 6
H 1 6
R 1 20 26 1 1
H 1 20
S 1 20
H 1 26
S 1 26
H 1 26
R 1 20 26 1 2
H 1 20
S 1 20
H 1 20
S 1 26
H 1 26
R 1 20 26 2 2
S 1 20
S 1 26
R 1 14 20 3 1
H 1 14
S 1 14
H 1 14
H 1 20
S 1 20
H 1 20
R 0 20 21 2 1
S 0 20
H 0 21
S 0 21
H 0 21
R 0 21 27 2 3
S 0 21
H 0 27
R 0 20 21 2 1
S 0 20
H 0 21
S 0 21
H 0 21
R 0 21 27 2 3
S 0 21
H 0 27
R 1 3 9 2 1
S 1 3
H 1 9
S 1 9
H 1 9
R 1 3 9 1 2
H 1 3
S 1 3
H 1 3
S 1 9
R 1 9 15 2 1
S 1 9
H 1 15
S 1 15
H 1 15
R 0 8 9 1 1
H 0 8
S 0 8
H 0 9
S 0 9
H 0 9
R 0 8 9 1 2
H 0 8
S 0 8
H 0 8
S 0 9
H 0 9
R 0 8 9 2 2
S 0 8
S 0 9
R 0 9 15 3 3
H 0 9
S 0 9
H 0 9
H 0 15
S 0 15
R 0 7 8 2 2
S 0 7
S 0 8
R 1 10 11 1 1
H 1 10
S 1 10
H 1 11
S 1 11
H 1 11
R 1 10 11 1 2
H 1 10
S 1 10
H 1 10
S 1 11
H 1 11
R 1 9 10 2 2
S 1 9
S 1 10
R 1 10 11 2 2
S 1 10
S 1 11
R 0 8 14 2 2
S 0 8
S 0 14
R 1 1 2 1 2
H 1 1
S 1 1
H 1 1
S 1 2
R 1 2 3 1 2
H 1 2
S 1 2
H 1 2
S 1 3
R 1 2 3 2 1
S 1 2
H 1 3
S 1 3
H 1 3
R 1 1 2 2 1
S 1 1
H 1 2
S 1 2
H 1 2
R 1 2 8 2 2
S 1 2
S 1 8
R 0 1 2 2 1
S 0 1
H 0 2
S 0 2
H 0 2
R 0 2 3 2 1
S 0 2
H 0 3
S 0 3
H 0 3
R 0 1 2 2 1
S 0 1
H 0 2
S 0 2
H 0 2
R 0 2 3 2 1
S 0 2
H 0 3
S 0 3
H 0 3
R 0 10 16 2 1
S 0 10
H 0 16
S 0 16
H 0 16
R 0 16 15 2 2
S 0 16
S 0 15
R 0 10 16 2 1
S 0 10
H 0 16
S 0 16
H 0 16
R 0 16 15 2 2
S 0 16
S 0 15
R 1 5 11 1 1
H 1 5
S 1 5
H 1 11
S 1 11
H 1 11
R 1 5 11 1 2
H 1 5
S 1 5
H 1 5
S 1 11
H 1 11
R 1 5 11 2 2
S 1 5
S 1 11
R 1 11 10 2 2
S 1 11
S 1 10
R 1 9 15 1 1
H 1 9
S 1 9
H 1 15
S 1 15
H 1 15
R 1 10 9 2 3
S 1 10
H 1 9
R 1 9 15 2 1
S 1 9
H 1 9
H 1 15
S 1 15
H 1 15
R 0 3 4 1 2
H 0 3
S 0 3
H 0 3
S 0 4
R 1 4 3 1 2
H 1 4
S 1 4
H 1 4
S 1 3
R 0 13 19 1 1
H 0 13
S 0 13
H 0 19
S 0 19
H 0 19
R 0 13 19 1 2
H 0 13
S 0 13
H 0 13
S 0 19
H 0 19
R 0 13 19 2 2
S 0 13
S 0 19
R 1 34 35 1 1
H 1 34
S 1 34
H 1 35
S 1 35
H 1 35
R 1 34 35 1 2
H 1 34
S 1 34
H 1 34
S 1 35
H 1 35
R 1 34 35 2 2
S 1 34
S 1 35
R 1 16 22 1 1
H 1 16
S 1 16
H 1 22
S 1 22
H 1 22
R 1 16 22 1 2
H 1 16
S 1 16
H 1 16
S 1 22
H 1 22
R 1 16 22 2 2
S 1 16
S 1 22
R 0 0 1 1 1
H 0 0
S 0 0
H 0 1
S 0 1
H 0 1
R 0 0 1 1 2
H 0 0
S 0 0
H 0 0
S 0 1
H 0 1
R 0 0 1 2 2
S 0 0
S 0 1
R 0 1 7 2 1
S 0 1
H 0 7
S 0 7
H 0 7
R 0 7 13 2 3
S 0 7
H 0 13
R 0 1 7 2 1
S 0 1
H 0 7
S 0 7
H 0 7
R 0 7 13 2 3
S 0 7
H 0 13
R 0 0 1 1 1
H 0 0
S 0 0
H 0 1
S 0 1
H 0 1
R 1 12 13 1 1
H 1 12
S 1 12
H 1 13
S 1 13
H 1 13
R 1 12 13 1 2
H 1 12
S 1 12
H 1 12
S 1 13
H 1 13
R 1 12 13 2 2
S 1 12
S 1 13
R 0 2 8 1 1
H 0 2
S 0 2
H 0 8
S 0 8
H 0 8
R 0 2 8 1 2
H 0 2
S 0 2
H 0 2
S 0 8
H 0 8
R 0 2 8 2 2
S 0 2
S 0 8
R 0 8 9 1 2
H 0 8
S 0 8
H 0 8
S 0 9
R 0 22 21 1 1
H 0 22
S 0 22
H 0 21
S 0 21
H 0 21
R 0 22 21 1 2
H 0 22
S 0 22
H 0 22
S 0 21
H 0 21
R 0 22 21 2 2
S 0 22
S 0 21
R 0 21 27 2 1
S 0 21
H 0 27
S 0 27
H 0 27
R 0 27 26 2 1
S 0 27
H 0 26
S 0 26
H 0 26
R 0 21 27 2 1
S 0 21
H 0 27
S 0 27
H 0 27
R 0 27 26 2 1
S 0 27
H 0 26
S 0 26
H 0 26
R 0 19 25 1 1
H 0 19
S 0 19
H 0 25
S 0 25
H 0 25
R 0 19 25 1 2
H 0 19
S 0 19
H 0 19
S 0 25
H 0 25
R 0 19 25 2 2
S 0 19
S 0 25
R 0 24 30 1 2
H 0 24
S 0 24
H 0 24
S 0 30
R 0 25 24 2 2
S 0 25
S 0 24
R 0 24 30 1 2
H 0 24
S 0 24
H 0 24
S 0 30
R 1 18 24 2 2
S 1 18
S 1 24
R 0 12 18 1 1
H 0 12
S 0 12
H 0 18
S 0 18
H 0 18
R 0 12 18 1 2
H 0 12
S 0 12
H 0 12
S 0 18
H 0 18
R 0 12 18 2 2
S 0 12
S 0 18
R 0 18 19 2 2
S 0 18
S 0 19
R 1 7 8 1 2
H 1 7
S 1 7
H 1 7
S 1 8
R 1 8 9 1 2
H 1 8
S 1 8
H 1 8
S 1 9
R 1 7 8 1 2
H 1 7
S 1 7
H 1 7
S 1 8
R 0 7 8 3 1
H 0 7
S 0 7
H 0 7
H 0 8
S 0 8
H 0 8
R 0 8 9 2 1
S 0 8
H 0 9
S 0 9
H 0 9
R 0 7 8 2 1
S 0 7
H 0 8
S 0 8
H 0 8
R 0 12 13 1 1
H 0 12
S 0 12
H 0 13
S 0 13
H 0 13
R 0 12 13 1 2
H 0 12
S 0 12
H 0 12
S 0 13
H 0 13
R 0 12 13 2 2
S 0 12
S 0 13
R 0 13 14 3 2
H 0 13
S 0 13
S 0 14
R 1 19 18 1 1
H 1 19
S 1 19
H 1 18
S 1 18
H 1 18
R 1 19 18 1 2
H 1 19
S 1 19
H 1 19
S 1 18
H 1 18
R 1 19 18 2 2
S 1 19
S 1 18
R 1 0 6 1 1
H 1 0
S 1 0
H 1 6
S 1 6
H 1 6
R 1 0 6 1 2
H 1 0
S 1 0
H 1 0
S 1 6
H 1 6
R 1 0 6 2 2
S 1 0
S 1 6
R 0 1 2 1 1
H 0 1
S 0 1
H 0 2
S 0 2
H 0 2
R 0 1 2 1 2
H 0 1
S 0 1
H 0 1
S 0 2
H 0 2
R 0 1 2 2 2
S 0 1
S 0 2
R 0 1 7 2 1
S 0 1
H 0 7
S 0 7
H 0 7
R 0 7 13 2 1
S 0 7
H 0 13
S 0 13
H 0 13
R 0 1 7 2 1
S 0 1
H 0 7
S 0 7
H 0 7
R 0 7 13 2 1
S 0 7
H 0 13
S 0 13
H 0 13
R 0 2 3 2 1
S 0 2
H 0 3
S 0 3
H 0 3
R 0 3 4 2 1
S 0 3
H 0 4
S 0 4
H 0 4
R 0 2 3 2 1
S 0 2
H 0 3
S 0 3
H 0 3
R 0 3 4 2 1
S 0 3
H 0 4
S 0 4
H 0 4
R 0 13 14 2 2
S 0 13
S 0 14
R 1 6 7 1 1
H 1 6
S 1 6
H 1 7
S 1 7
H 1 7
R 1 6 7 1 2
H 1 6
S 1 6
H 1 6
S 1 7
H 1 7
R 1 6 7 2 2
S 1 6
S 1 7
R 1 7 8 1 2
H 1 7
S 1 7
H 1 7
S 1 8
R 1 11 10 1 1
H 1 11
S 1 11
H 1 10
S 1 10
H 1 10
R 1 11 10 1 2
H 1 11
S 1 11
H 1 11
S 1 10
H 1 10
R 1 5 11 1 2
H 1 5
S 1 5
H 1 5
S 1 11
R 1 11 10 2 2
S 1 11
S 1 10
R 1 5 11 2 1
S 1 5
H 1 11
S 1 11
H 1 11
R 1 5 11 1 2
H 1 5
S 1 5
H 1 5
S 1 11
R 0 0 1 1 1
H 0 0
S 0 0
H 0 1
S 0 1
H 0 1
R 0 0 1 1 2
H 0 0
S 0 0
H 0 0
S 0 1
H 0 1
R 0 0 1 2 2
S 0 0
S 0 1
R 1 19 25 1 1
H 1 19
S 1 19
H 1 25
S 1 25
H 1 25
R 1 19 25 1 2
H 1 19
S 1 19
H 1 19
S 1 25
H 1 25
R 1 19 25 2 2
S 1 19
S 1 25
R 1 7 13 1 1
H 1 7
S 1 7
H 1 13
S 1 13
H 1 13
R 1 7 13 1 2
H 1 7
S 1 7
H 1 7
S 1 13
H 1 13
R 1 7 13 2 2
S 1 7
S 1 13
R 1 13 19 1 2
H 1 13
S 1 13
H 1 13
S 1 19
R 1 8 9 1 1
H 1 8
S 1 8
H 1 9
S 1 9
H 1 9
R 1 8 9 1 2
H 1 8
S 1 8
H 1 8
S 1 9
H 1 9
R 1 7 8 1 2
H 1 7
S 1 7
H 1 7
S 1 8
R 1 8 9 2 2
S 1 8
S 1 9
R 1 2 1 1 1
H 1 2
S 1 2
H 1 1
S 1 1
H 1 1
R 1 2 1 1 2
H 1 2
S 1 2
H 1 2
S 1 1
H 1 1
R 1 2 1 2 2
S 1 2
S 1 1
R 1 1 7 2 1
S 1 1
H 1 7
S 1 7
H 1 7
R 1 2 3 2 1
S 1 2
H 1 3
S 1 3
H 1 3
R 1 3 4 2 3
S 1 3
H 1 4
R 1 2 3 2 1
S 1 2
H 1 3
S 1 3
H 1 3
R 1 3 4 2 3
S 1 3
H 1 4
R 0 5 4 2 1
S 0 5
H 0 4
S 0 4
H 0 4
R 1 22 23 1 1
H 1 22
S 1 22
H 1 23
S 1 23
H 1 23
R 1 22 23 1 2
H 1 22
S 1 22
H 1 22
S 1 23
H 1 23
R 1 21 22 1 2
H 1 21
S 1 21
H 1 21
S 1 22
R 1 22 23 2 2
S 1 22
S 1 23
R 1 21 22 2 1
S 1 21
H 1 22
S 1 22
H 1 22
R 1 21 22 1 2
H 1 21
S 1 21
H 1 21
S 1 22
R 1 22 28 2 1
S 1 22
H 1 28
S 1 28
H 1 28
R 1 28 34 2 1
S 1 28
H 1 34
S 1 34
H 1 34
R 1 22 28 2 1
S 1 22
H 1 28
S 1 28
H 1 28
R 1 28 34 2 1
S 1 28
H 1 34
S 1 34
H 1 34
R 1 21 27 2 1
S 1 21
H 1 27
S 1 27
H 1 27
R 1 27 26 2 1
S 1 27
H 1 26
S 1 26
H 1 26
R 1 21 27 2 1
S 1 21
H 1 27
S 1 27
H 1 27
R 1 27 26 2 1
S 1 27
H 1 26
S 1 26
H 1 26
R 1 19 20 1 1
H 1 19
S 1 19
H 1 20
S 1 20
H 1 20
R 1 20 21 2 2
S 1 20
S 1 21
R 1 19 20 2 1
S 1 19
H 1 19
H 1 20
S 1 20
H 1 20
R 1 20 21 2 2
S 1 20
S 1 21
R 1 1 7 1 1
H 1 1
S 1 1
H 1 7
S 1 7
H 1 7
R 1 1 7 1 2
H 1 1
S 1 1
H 1 1
S 1 7
H 1 7
R 1 1 7 2 2
S 1 1
S 1 7
R 0 23 22 1 1
H 0 23
S 0 23
H 0 22
S 0 22
H 0 22
R 0 23 22 1 2
H 0 23
S 0 23
H 0 23
S 0 22
H 0 22
R 0 23 22 2 2
S 0 23
S 0 22
R 0 21 22 1 1
H 0 21
S 0 21
H 0 22
S 0 22
H 0 22
R 0 21 22 1 2
H 0 21
S 0 21
H 0 21
S 0 22
H 0 22
R 0 21 22 2 2
S 0 21
S 0 22
R 0 26 25 1 1
H 0 26
S 0 26
H 0 25
S 0 25
H 0 25
R 0 26 25 1 2
H 0 26
S 0 26
H 0 26
S 0 25
H 0 25
R 0 26 25 2 2
S 0 26
S 0 25
R 0 25 31 1 1
H 0 25
S 0 25
H 0 31
S 0 31
H 0 31
R 0 25 31 1 2
H 0 25
S 0 25
H 0 25
S 0 31
H 0 31
R 0 25 31 2 2
S 0 25
S 0 31
R 0 31 30 3 1
H 0 31
S 0 31
H 0 31
H 0 30
S 0 30
H 0 30
R 1 26 25 1 1
H 1 26
S 1 26
H 1 25
S 1 25
H 1 25
R 1 26 25 1 2
H 1 26
S 1 26
H 1 26
S 1 25
H 1 25
R 1 26 25 2 2
S 1 26
S 1 25
R 1 25 31 1 1
H 1 25
S 1 25
H 1 31
S 1 31
H 1 31
R 1 25 31 1 2
H 1 25
S 1 25
H 1 25
S 1 31
H 1 31
R 1 25 31 2 2
S 1 25
S 1 31
R 1 19 25 1 1
H 1 19
S 1 19
H 1 25
S 1 25
H 1 25
R 1 19 25 1 2
H 1 19
S 1 19
H 1 19
S 1 25
H 1 25
R 1 13 19 1 2
H 1 13
S 1 13
H 1 13
S 1 19
R 1 19 25 2 2
S 1 19
S 1 25
R 1 13 19 1 1
H 1 13
S 1 13
H 1 19
S 1 19
H 1 19
R 1 13 19 1 2
H 1 13
S 1 13
H 1 13
S 1 19
H 1 19
R 1 7 13 2 2
S 1 7
S 1 13
R 1 13 19 2 2
S 1 13
S 1 19
R 1 19 20 1 1
H 1 19
S 1 19
H 1 20
S 1 20
H 1 20
R 1 20 21 2 2
S 1 20
S 1 21
R 1 19 20 2 1
S 1 19
H 1 19
H 1 20
S 1 20
H 1 20
R 1 20 21 2 2
S 1 20
S 1 21
R 1 1 2 1 1
H 1 1
S 1 1
H 1 2
S 1 2
H 1 2
R 1 1 2 1 2
H 1 1
S 1 1
H 1 1
S 1 2
H 1 2
R 1 1 2 2 2
S 1 1
S 1 2
R 1 6 12 1 1
H 1 6
S 1 6
H 1 12
S 1 12
H 1 12
R 1 6 12 1 2
H 1 6
S 1 6
H 1 6
S 1 12
H 1 12
R 1 0 6 1 2
H 1 0
S 1 0
H 1 0
S 1 6
R 1 6 12 2 2
S 1 6
S 1 12
R 1 0 6 2 1
S 1 0
H 1 6
S 1 6
H 1 6
R 1 0 6 1 2
H 1 0
S 1 0
H 1 0
S 1 6
R 0 19 25 1 1
H 0 19
S 0 19
H 0 25
S 0 25
H 0 25
R 0 19 25 1 2
H 0 19
S 0 19
H 0 19
S 0 25
H 0 25
R 0 19 25 2 2
S 0 19
S 0 25
R 0 20 19 1 1
H 0 20
S 0 20
H 0 19
S 0 19
H 0 19
R 0 20 19 1 2
H 0 20
S 0 20
H 0 20
S 0 19
H 0 19
R 0 20 19 2 2
S 0 20
S 0 19
R 0 14 20 2 3
S 0 14
H 0 20
R 0 20 21 2 1
S 0 20
H 0 21
S 0 21
H 0 21
R 0 21 27 2 3
S 0 21
H 0 27
R 0 20 21 2 1
S 0 20
H 0 21
S 0 21
H 0 21
R 0 21 27 2 3
S 0 21
H 0 27
R 0 8 14 1 1
H 0 8
S 0 8
H 0 14
S 0 14
H 0 14
R 0 8 14 1 2
H 0 8
S 0 8
H 0 8
S 0 14
H 0 14
R 0 8 14 2 2
S 0 8
S 0 14
R 0 9 8 2 3
S 0 9
H 0 8
R 1 7 13 1 1
H 1 7
S 1 7
H 1 13
S 1 13
H 1 13
R 1 7 13 1 2
H 1 7
S 1 7
H 1 7
S 1 13
H 1 13
R 1 7 13 2 2
S 1 7
S 1 13
R 1 12 18 1 1
H 1 12
S 1 12
H 1 18
S 1 18
H 1 18
R 1 12 18 1 2
H 1 12
S 1 12
H 1 12
S 1 18
H 1 18
R 1 12 18 2 2
S 1 12
S 1 18
R 1 18 24 1 1
H 1 18
S 1 18
H 1 24
S 1 24
H 1 24
R 1 24 25 2 1
S 1 24
H 1 25
S 1 25
H 1 25
R 1 18 24 1 3
H 1 18
H 1 24
R 1 24 25 1 2
H 1 24
S 1 24
H 1 24
S 1 25
H 1 25
R 1 18 24 3 2
H 1 18
S 1 18
H 1 24
S 1 24
R 1 24 25 2 2
S 1 24
S 1 25
R 1 18 24 2 1
S 1 18
S 1 24
H 1 24
R 1 8 14 1 1
H 1 8
S 1 8
H 1 14
S 1 14
H 1 14
R 1 8 14 1 2
H 1 8
S 1 8
H 1 8
S 1 14
H 1 14
R 1 8 14 2 2
S 1 8
S 1 14
R 1 14 20 2 1
S 1 14
H 1 20
S 1 20
H 1 20
R 1 20 26 2 2
S 1 20
S 1 26
R 1 14 20 2 1
S 1 14
H 1 20
S 1 20
H 1 20
R 1 20 26 2 2
S 1 20
S 1 26
R 1 14 13 1 1
H 1 14
S 1 14
H 1 13
S 1 13
H 1 13
R 1 14 13 1 2
H 1 14
S 1 14
H 1 14
S 1 13
H 1 13
R 1 14 13 2 2
S 1 14
S 1 13
R 1 13 19 3 2
H 1 13
S 1 13
S 1 19
R 0 13 14 1 1
H 0 13
S 0 13
H 0 14
S 0 14
H 0 14
R 0 13 14 1 2
H 0 13
S 0 13
H 0 13
S 0 14
H 0 14
R 0 13 14 2 2
S 0 13
S 0 14
R 1 13 19 1 1
H 1 13
S 1 13
H 1 19
S 1 19
H 1 19
R 1 13 19 1 2
H 1 13
S 1 13
H 1 13
S 1 19
H 1 19
R 1 13 19 2 2
S 1 13
S 1 19
R 1 19 25 1 1
H 1 19
S 1 19
H 1 25
S 1 25
H 1 25
R 1 19 25 1 2
H 1 19
S 1 19
H 1 19
S 1 25
H 1 25
R 1 19 25 2 2
S 1 19
S 1 25
R 0 3 9 1 1
H 0 3
S 0 3
H 0 9
S 0 9
H 0 9
R 0 3 9 1 2
H 0 3
S 0 3
H 0 3
S 0 9
H 0 9
R 0 3 9 2 2
S 0 3
S 0 9
R 0 15 16 1 1
H 0 15
S 0 15
H 0 16
S 0 16
H 0 16
R 0 9 15 1 1
H 0 9
S 0 9
H 0 15
S 0 15
H 0 15
R 0 15 16 2 1
S 0 15
H 0 15
H 0 16
S 0 16
H 0 16
R 1 3 9 1 1
H 1 3
S 1 3
H 1 9
S 1 9
H 1 9
R 1 3 9 1 2
H 1 3
S 1 3
H 1 3
S 1 9
H 1 9
R 1 3 9 2 2
S 1 3
S 1 9
