18 12
1 1 5 5 4 5 0 5 2 1 3 3 5 3 5 0 0 1 8 14 11 9 10 16 17 0 3 2 1 12 13 7 6 5 4
0 0 5 4 4 4 4 5 5 2 1 3 5 2 5 1 4 2 7 16 15 5 8 6 3 13 4 14 17 0 1 10 11
0 4 1 5 5 3 3 0 2 5 4 3 3 3 2 1 1 2 8 10 9 11 14 3 0 12 15 13 16 2 5 4 1 7 8
3 3 3 5 0 2 4 4 1 2 0 2 5 3 3 2 1 4 6 10 13 12 9 3 0 1 4 14 11 5 8
3 4 3 4 2 1 0 4 2 2 4 5 1 4 2 5 4 3 7 16 17 10 11 0 1 4 3 12 15 6 7 13 14
3 5 1 1 1 2 0 2 1 0 0 4 0 1 2 5 2 0 8 10 11 17 14 15 16 4 13 0 1 8 5 3 6 9 12
3 5 2 4 1 2 4 3 1 1 5 3 1 2 4 3 3 5 8 15 12 7 6 10 11 17 16 1 2 3 0 4 5 13 14
4 1 3 5 4 2 1 5 5 5 0 2 5 1 3 3 2 2 8 2 5 14 11 0 1 7 8 3 6 10 9 15 12 4 13
1 0 5 2 3 4 5 3 5 4 0 4 4 3 3 3 3 1 8 4 7 11 14 6 3 13 16 12 15 9 10 8 5 0 1
3 2 0 0 5 1 0 1 1 1 1 0 3 3 2 1 5 3 8 2 5 1 0 14 11 12 13 6 7 3 4 9 10 16 15
5 3 5 3 3 3 1 3 4 0 1 2 3 3 0 4 4 5 8 1 2 8 5 6 7 13 4 15 16 14 17 11 10 0 3
5 3 4 4 2 2 2 0 0 4 1 3 1 5 3 1 3 2 6 9 10 5 4 17 16 14 13 2 1 7 6
