18 12
1 4 1 2 0 3 0 3 1 1 1 4 3 4 1 1 5 5 7 13 14 3 0 10 9 5 4 1 2 12 15 6 7
2 3 3 0 0 2 3 0 4 5 3 5 4 3 3 2 3 5 7 6 3 0 1 10 11 4 13 15 16 17 14 8 5
1 1 3 5 3 1 1 2 2 5 3 3 2 2 0 4 4 2 7 11 14 12 15 2 5 3 0 10 9 1 4 7 8
1 0 3 0 5 5 5 4 1 0 5 3 3 5 0 1 1 4 7 14 11 5 8 4 1 0 3 6 7 12 13 9 10
0 2 5 5 2 1 3 2 4 3 3 2 0 4 0 3 2 5 7 6 3 1 0 11 10 16 17 4 5 8 7 12 13
2 1 5 4 4 5 1 3 4 3 0 4 0 3 4 3 2 4 7 9 12 17 14 6 3 2 5 15 16 10 13 4 1
1 2 1 4 2 0 0 1 3 1 1 2 2 1 2 2 1 3 8 3 0 1 2 15 12 11 10 5 4 7 6 17 16 14 13
4 4 2 5 1 1 5 5 0 0 4 1 4 4 3 0 5 0 8 4 13 9 12 16 15 2 5 3 6 7 8 0 1 11 14
3 2 4 2 1 5 3 1 3 4 4 2 2 1 2 4 4 4 7 3 0 16 13 15 12 11 14 7 6 5 8 9 10
1 0 3 3 2 5 1 5 2 1 4 3 5 3 5 1 3 0 8 13 14 6 3 15 12 7 8 1 2 9 10 17 16 4 5
1 5 4 0 5 3 2 4 3 0 3 0 5 5 1 0 1 0 7 15 16 13 4 17 14 10 11 8 7 2 1 3 0
4 3 3 4 0 1 0 1 3 0 5 4 3 4 3 2 5 5 7 13 14 4 3 17 16 7 6 12 9 5 8 1 2
