18 12
0 5 4 2 3 3 3 0 3 4 4 5 1 1 4 4 3 4 8 17 16 6 7 0 3 1 2 13 12 10 9 5 4 14 11
0 4 3 2 4 3 3 0 3 5 2 3 1 4 1 3 1 3 7 8 5 17 14 16 15 13 4 6 3 10 11 0 1
1 2 2 4 5 3 5 0 1 3 3 5 2 1 0 4 1 2 7 1 4 11 14 7 8 3 0 2 5 10 9 13 12
2 4 1 4 0 5 0 2 1 3 0 5 3 5 1 1 3 4 7 6 7 11 14 0 3 4 1 10 13 5 8 12 9
3 2 2 4 1 1 1 2 5 1 3 5 4 2 3 3 4 2 7 16 17 11 10 12 15 6 3 8 7 0 1 14 13
4 1 2 2 2 3 4 0 5 1 4 5 2 2 2 0 5 4 7 10 11 2 5 4 13 6 3 17 14 9 12 15 16
4 5 1 0 5 4 2 2 2 1 1 5 5 1 0 5 2 5 8 7 6 14 13 5 4 3 0 15 12 1 2 11 10 17 16
4 4 5 5 0 5 4 3 2 5 3 3 4 3 4 2 0 2 9 4 13 0 1 16 15 2 5 11 10 9 12 8 7 17 14 3 6
5 3 2 5 0 1 3 1 3 1 2 2 2 5 3 2 0 0 7 8 5 7 4 9 10 0 3 14 11 15 12 13 16
2 5 0 4 3 3 3 2 1 5 3 2 4 2 4 2 1 0 8 0 1 16 15 5 2 3 4 12 13 9 10 7 6 14 11
3 5 4 3 4 4 2 5 4 2 4 1 4 3 2 5 5 3 8 10 11 13 4 3 0 14 17 2 1 15 16 8 7 12 9
4 1 5 2 4 2 2 1 3 4 2 0 2 3 5 4 3 3 7 1 2 7 6 3 4 13 14 9 12 17 16 5 8
