18 12
4 1 2 0 4 2 2 2 1 3 4 5 5 0 4 1 2 2 6 7 8 2 5 9 10 17 14 1 0 15 16
5 3 5 5 4 3 1 3 4 0 2 5 0 3 0 4 5 5 8 3 0 5 8 12 15 4 1 16 17 13 10 11 14 6 7
1 2 1 1 0 1 1 1 3 4 1 1 1 4 0 2 3 1 9 5 2 1 0 12 9 16 15 14 17 3 6 13 4 10 11 7 8
0 3 3 3 2 0 1 1 1 0 5 0 0 2 0 3 3 3 6 16 13 8 5 12 15 11 14 7 4 9 10
2 3 0 5 2 1 5 1 5 0 3 1 4 1 1 4 3 4 9 4 13 16 15 0 3 2 1 8 5 7 6 11 10 17 14 9 12
0 2 0 5 1 0 4 1 1 3 4 4 2 1 5 4 4 3 7 14 13 11 10 12 9 6 7 1 2 3 0 4 5
1 5 2 5 5 3 3 1 4 1 4 2 2 2 3 5 2 5 7 11 14 4 3 5 2 12 15 1 0 8 7 16 17
1 5 3 4 3 5 5 2 1 4 1 1 2 5 4 2 4 2 9 16 17 6 3 4 13 9 10 14 11 8 7 1 0 2 5 12 15
2 2 3 0 0 2 0 0 2 3 5 4 1 3 2 2 4 5 6 10 11 7 6 14 13 1 4 3 0 12 9
5 0 5 1 3 0 3 2 0 1 2 0 0 4 3 1 4 0 9 2 5 14 11 0 1 8 7 15 12 10 9 13 4 6 3 17 16
4 4 3 2 3 5 5 2 5 3 2 4 2 0 2 5 0 1 6 3 6 16 13 2 1 8 5 12 9 17 14
4 1 1 2 0 5 0 0 3 4 4 3 3 0 2 2 1 3 8 13 12 5 4 10 9 14 17 2 1 16 15 6 7 3 0
