18 12
0 3 4 3 2 0 2 2 0 2 4 2 4 2 5 5 5 4 8 5 2 11 14 10 9 4 3 16 13 1 0 15 12 8 7
5 3 3 5 4 5 1 2 3 5 4 3 5 1 4 1 4 3 8 15 12 4 7 1 0 6 3 10 13 17 16 14 11 5 2
2 3 5 1 5 1 2 0 2 5 0 5 4 3 2 2 0 0 8 8 5 9 12 14 17 11 10 7 6 2 1 16 15 13 4
4 0 3 3 2 1 2 1 3 5 3 1 1 5 4 1 1 0 7 9 10 12 13 2 5 16 15 17 14 3 6 7 8
3 0 0 0 5 4 0 1 2 2 2 1 5 2 5 3 5 0 8 0 3 11 10 14 17 15 16 13 4 2 1 5 8 7 6
2 3 0 0 3 5 5 5 0 2 2 3 0 0 1 1 5 3 7 16 17 11 14 0 3 9 10 6 7 8 5 12 13
4 4 3 2 0 1 2 5 5 4 2 0 3 0 5 5 2 4 7 17 16 5 4 7 8 10 11 1 2 15 12 0 3
2 0 4 4 4 5 5 4 2 1 2 0 3 5 2 3 4 4 7 10 9 7 6 2 1 13 4 15 12 8 5 3 0
0 4 1 3 2 4 1 2 0 2 2 1 0 2 2 5 4 5 7 12 13 7 6 4 5 14 17 0 3 10 9 16 15
4 4 0 5 3 5 0 3 1 1 5 3 4 2 3 4 1 1 7 6 7 1 2 10 9 4 13 11 14 3 0 17 16
1 4 2 4 1 5 2 5 0 5 5 0 3 5 3 0 1 4 8 4 1 6 3 9 12 17 16 10 11 8 7 2 5 13 14
4 4 3 5 4 4 4 0 4 4 5 4 4 5 2 0 5 5 8 3 6 11 14 7 8 4 5 9 10 12 15 16 13 0 1
