18 12
1 0 0 5 0 2 0 3 2 1 1 2 5 0 4 3 4 4 8 13 12 16 17 5 4 7 6 11 14 0 3 10 9 2 1
3 5 0 1 3 5 0 1 0 1 0 2 3 4 2 1 2 2 7 10 11 14 17 6 3 8 5 16 15 0 1 13 4
2 3 5 4 0 3 1 5 5 0 3 0 0 4 4 5 1 2 8 3 0 11 14 12 15 13 16 7 8 10 9 2 5 1 4
2 3 4 4 5 5 0 2 2 3 1 0 1 4 4 4 1 2 7 1 4 12 9 11 14 6 7 5 8 0 3 10 13
0 5 2 1 4 1 1 2 5 3 3 4 0 1 3 3 1 3 7 0 1 16 17 4 3 14 13 10 11 12 15 8 7
1 0 1 2 2 5 4 1 3 1 2 3 2 0 2 5 5 5 7 17 14 4 13 6 3 9 12 15 16 2 5 10 11
4 5 4 0 2 4 0 1 3 1 5 2 5 1 0 5 0 5 8 5 4 3 0 7 6 10 11 14 13 15 12 1 2 17 16
3 1 1 5 4 1 4 3 2 1 1 3 4 3 5 4 2 1 9 17 14 3 6 8 7 4 13 16 15 9 12 11 10 0 1 2 5
4 4 0 5 5 2 1 3 2 5 5 4 4 0 0 2 3 1 7 13 16 14 11 9 10 12 15 8 5 4 7 0 3
0 4 5 4 5 3 0 1 2 4 2 3 3 3 4 5 3 5 8 14 11 7 6 0 1 12 13 3 4 16 15 9 10 5 2
1 4 0 5 1 5 4 5 1 2 5 3 2 3 2 2 0 2 7 3 0 1 2 11 10 15 16 13 4 8 7 17 14
4 3 0 2 3 3 2 0 3 1 4 1 4 5 4 1 2 2 7 17 16 5 8 13 14 12 9 3 4 7 6 2 1
