18 12
5 5 4 2 3 0 0 4 1 3 2 0 5 0 1 1 4 1 8 0 3 16 17 10 9 5 4 13 12 1 2 11 14 7 6
5 1 0 0 4 2 0 0 1 3 0 0 1 3 4 1 0 5 7 0 1 6 3 10 11 13 4 16 15 17 14 8 5
3 0 3 0 5 5 5 3 4 2 1 2 0 1 0 2 1 4 7 11 14 7 8 2 5 3 0 10 9 1 4 13 12
5 3 1 4 4 2 0 5 1 1 5 1 1 0 2 0 1 4 7 11 14 12 9 5 8 4 1 10 13 0 3 6 7
1 2 0 2 5 4 2 1 2 3 5 1 5 4 3 3 4 5 7 16 17 11 10 12 15 0 1 6 3 14 13 8 7
1 1 1 2 5 3 3 3 3 3 0 3 0 2 2 2 0 0 7 9 12 17 14 4 13 15 16 6 3 2 5 10 11
4 4 2 3 3 4 0 1 3 4 4 4 5 3 0 2 5 3 8 3 0 1 2 17 16 15 12 5 4 7 6 11 10 14 13
4 1 1 5 0 5 1 0 2 5 4 5 1 3 1 4 4 0 9 4 13 2 5 9 12 11 10 16 15 3 6 8 7 0 1 17 14
1 5 2 0 0 1 3 5 2 5 0 2 4 5 1 0 1 2 7 0 3 13 16 9 10 14 11 15 12 8 5 7 4
0 1 5 5 3 3 2 2 0 5 3 4 5 2 4 0 2 0 8 5 2 7 6 0 1 14 11 3 4 9 10 17 16 12 13
3 0 0 1 1 5 3 5 5 4 5 4 5 0 4 4 5 3 7 15 16 13 4 14 17 10 11 8 7 2 1 3 0
2 1 2 2 2 0 5 0 5 0 1 2 2 3 5 2 3 3 7 13 14 3 4 17 16 7 6 12 9 5 8 1 2
