18 12
2 5 2 5 0 2 2 0 4 3 0 2 0 0 1 4 4 4 8 6 7 4 5 1 2 12 13 16 17 9 10 14 11 0 3
3 3 2 0 2 0 3 3 0 1 1 1 2 0 1 2 0 1 7 14 17 10 11 16 15 5 8 3 6 0 1 13 4
3 1 3 2 4 5 4 1 3 0 0 4 3 5 3 5 1 4 8 9 10 3 0 15 12 14 11 16 13 1 4 8 7 5 2
5 0 2 5 0 5 5 4 1 5 4 3 1 2 2 3 3 0 6 10 13 8 5 11 14 3 0 4 1 12 9
5 2 2 1 2 2 3 0 0 3 3 5 4 4 2 3 5 3 7 10 11 16 17 12 15 13 14 3 4 8 7 0 1
3 5 4 3 4 4 4 0 3 1 3 3 2 0 4 0 5 4 7 12 9 15 16 5 2 14 17 13 4 3 6 10 11
4 4 3 0 3 5 1 1 0 0 2 4 2 3 2 5 4 2 8 17 16 12 15 5 4 11 10 14 13 2 1 3 0 7 6
0 2 2 1 5 3 2 0 1 0 0 0 5 0 1 3 2 0 9 10 11 15 16 9 12 4 13 8 7 2 5 0 1 3 6 14 17
3 2 2 1 4 5 1 4 5 0 0 5 0 4 2 2 5 1 7 12 15 16 13 4 7 10 9 14 11 3 0 8 5
2 3 2 1 0 5 3 0 5 0 4 2 4 2 1 1 1 3 8 1 0 5 2 7 6 15 16 14 11 3 4 13 12 10 9
2 5 5 2 2 5 5 3 1 2 1 5 4 4 3 3 2 3 8 11 10 4 13 17 14 0 3 16 15 1 2 7 6 8 5
1 4 2 3 2 0 3 1 0 4 2 3 3 2 1 2 4 0 7 7 6 16 17 10 9 8 5 2 1 3 4 13 14
