18 12
2 5 2 5 0 2 2 0 4 3 0 2 0 0 1 4 4 4 8 6 7 4 5 1 2 12 13 16 17 9 10 14 11 0 3
3 2 3 2 2 4 0 2 0 0 5 2 3 5 2 3 3 2 7 17 14 10 11 15 16 8 5 3 6 1 0 13 4
2 1 4 5 4 2 1 3 3 3 3 3 0 0 1 1 4 1 8 10 9 3 0 15 12 11 14 16 13 1 4 7 8 5 2
5 4 2 5 5 5 1 0 0 5 0 3 2 5 4 4 4 2 6 13 10 8 5 11 14 3 0 4 1 9 12
4 2 4 4 0 3 2 3 0 0 5 5 0 5 4 2 5 0 7 11 10 16 17 15 12 13 14 3 4 7 8 1 0
1 4 4 5 3 4 1 0 5 2 0 4 4 0 3 4 3 0 7 12 9 15 16 2 5 17 14 13 4 6 3 11 10
3 4 1 1 3 0 1 2 0 1 0 1 0 0 0 3 2 2 8 16 17 15 12 5 4 10 11 14 13 1 2 0 3 7 6
1 1 1 5 4 2 2 5 2 1 4 3 0 4 5 0 3 5 9 10 11 16 15 12 9 4 13 7 8 5 2 0 1 6 3 14 17
1 0 3 0 3 4 2 2 3 0 0 1 3 2 3 5 3 0 7 15 12 13 16 7 4 10 9 14 11 0 3 5 8
4 4 5 0 0 5 4 3 4 0 1 2 5 0 0 3 4 2 8 0 1 5 2 6 7 16 15 11 14 4 3 12 13 9 10
5 3 1 1 5 3 0 4 2 4 1 1 1 0 2 1 3 1 8 11 10 4 13 14 17 0 3 15 16 2 1 6 7 8 5
5 3 1 0 4 0 0 1 3 2 1 2 1 0 2 3 3 3 7 7 6 17 16 10 9 8 5 2 1 4 3 13 14
