18 12
1 2 4 1 0 4 0 1 0 2 4 0 2 4 0 0 1 1 8 0 3 16 17 10 9 5 4 13 12 2 1 11 14 7 6
1 4 0 0 4 5 1 0 1 0 0 2 0 5 1 0 5 5 7 6 3 0 1 10 11 4 13 16 15 17 14 8 5
2 5 0 0 3 0 0 5 0 2 3 4 2 0 0 0 0 0 7 11 14 7 8 2 5 3 0 10 9 1 4 13 12
2 3 0 1 4 5 5 1 3 0 1 0 1 1 1 0 0 0 7 11 14 12 9 5 8 4 1 10 13 0 3 6 7
4 0 0 1 5 3 5 2 4 0 0 5 1 1 1 0 3 5 8 16 17 12 15 0 1 11 10 14 13 6 3 4 5 8 7
0 0 5 3 0 0 1 0 0 0 0 5 2 3 1 4 2 5 7 9 12 17 14 4 13 15 16 6 3 2 5 10 11
5 4 0 1 0 4 0 1 0 0 1 5 2 2 4 3 2 5 8 3 0 1 2 17 16 11 10 5 4 7 6 15 12 14 13
5 5 1 5 5 5 2 1 3 4 2 3 2 2 5 1 0 1 9 0 1 17 14 9 12 16 15 11 10 2 5 3 6 7 8 4 13
1 0 0 5 3 1 0 0 4 0 0 2 4 2 0 0 1 0 7 3 0 13 16 7 4 14 11 15 12 8 5 9 10
4 1 1 0 2 2 4 1 0 3 4 4 5 0 5 1 1 0 8 7 6 2 5 0 1 14 11 3 4 9 10 15 16 12 13
0 0 0 5 4 0 0 3 5 0 0 1 0 0 0 4 2 0 7 15 16 13 4 14 17 10 11 8 7 2 1 3 0
0 1 0 0 0 2 3 2 5 0 0 0 5 4 1 0 4 1 7 13 14 3 4 17 16 7 6 12 9 5 8 1 2
