18 12
3 2 1 1 4 4 0 4 1 4 5 0 5 5 1 1 4 3 8 0 3 16 17 10 9 4 5 13 12 7 6 11 14 2 1
4 0 5 5 2 2 3 4 5 4 3 1 3 1 2 3 3 5 7 6 3 0 1 10 11 13 4 16 15 17 14 8 5
5 5 4 2 2 4 4 4 4 4 4 3 2 5 3 4 2 4 7 11 14 7 8 2 5 3 0 10 9 1 4 13 12
5 3 1 1 2 2 5 2 3 0 4 1 0 5 4 1 1 4 7 11 14 12 9 5 8 4 1 10 13 0 3 6 7
1 0 0 2 2 1 4 1 2 3 0 1 5 4 4 2 5 5 8 11 10 12 15 0 1 16 17 14 13 6 3 4 5 8 7
1 1 5 2 0 1 4 3 3 3 5 5 0 0 4 2 3 0 7 9 12 17 14 4 13 15 16 6 3 2 5 10 11
4 3 1 3 0 4 4 1 3 4 4 4 3 1 4 2 1 2 8 3 0 1 2 17 16 11 10 5 4 7 6 14 13 15 12
4 1 1 5 5 5 1 0 2 5 4 5 1 4 5 4 5 5 9 0 1 17 14 2 5 16 15 4 13 9 12 3 6 11 10 7 8
1 5 2 5 3 0 2 5 2 3 0 5 2 5 1 0 1 4 7 3 0 13 16 7 4 14 11 15 12 8 5 9 10
0 4 0 5 2 4 2 2 0 5 2 3 5 2 4 0 2 2 8 7 6 12 13 0 1 14 11 3 4 9 10 5 2 17 16
2 0 5 1 4 1 3 5 4 1 3 3 4 3 4 5 5 0 7 15 16 13 4 14 17 10 11 8 7 2 1 3 0
3 3 2 2 5 2 0 2 1 0 5 5 2 3 0 3 2 3 7 13 14 3 4 17 16 7 6 12 9 5 8 1 2
