18 12
2 5 2 5 0 2 2 0 4 3 0 2 0 0 1 4 4 4 8 6 7 4 5 1 2 12 13 16 17 9 10 14 11 0 3
5 4 5 4 5 1 3 0 1 0 3 3 5 4 4 4 3 1 7 14 17 10 11 16 15 8 5 6 3 0 1 13 4
2 3 5 1 0 2 0 5 4 3 1 2 3 3 2 0 4 5 8 10 9 3 0 12 15 11 14 13 16 4 1 7 8 2 5
2 5 1 4 0 4 2 1 4 2 5 2 5 0 3 2 5 5 6 10 13 5 8 14 11 3 0 1 4 12 9
2 1 5 4 2 3 2 2 2 4 3 5 0 3 5 5 5 1 7 10 11 16 17 12 15 14 13 4 3 8 7 0 1
3 4 5 1 1 2 3 3 1 0 5 4 0 3 3 1 4 3 7 9 12 15 16 2 5 17 14 4 13 3 6 10 11
4 0 3 1 1 4 2 3 0 0 5 2 3 0 4 5 3 5 8 17 16 15 12 4 5 10 11 13 14 1 2 3 0 7 6
1 1 5 5 5 0 3 5 2 5 5 4 4 4 4 1 2 1 9 11 10 16 15 9 12 4 13 7 8 2 5 0 1 3 6 17 14
2 2 3 3 3 5 5 1 5 4 0 2 4 5 0 2 2 3 7 12 15 13 16 7 4 9 10 14 11 0 3 8 5
0 0 3 5 5 1 4 5 3 0 1 3 1 5 4 4 0 3 8 1 0 2 5 6 7 16 15 14 11 3 4 12 13 9 10
2 3 0 0 4 5 4 1 1 1 5 3 5 5 2 2 4 5 8 11 10 13 4 14 17 0 3 15 16 1 2 6 7 5 8
0 2 3 3 3 5 0 3 2 5 4 4 4 3 1 2 2 2 7 7 6 17 16 9 10 8 5 2 1 3 4 13 14
