18 12
5 4 1 2 3 0 0 4 1 2 0 0 0 0 1 1 4 1 8 11 14 10 9 0 3 13 12 16 17 7 6 5 4 1 2
1 5 4 4 1 5 3 3 0 1 2 2 1 4 4 0 0 0 7 0 1 6 3 10 11 13 4 8 5 17 14 16 15
3 4 2 4 2 3 5 1 1 5 5 0 3 4 4 4 1 4 7 1 4 2 5 13 12 3 0 7 8 11 14 10 9
0 5 1 0 0 5 1 2 1 3 1 5 2 0 4 1 1 4 7 6 7 11 14 5 8 10 13 12 9 4 1 0 3
3 5 3 4 1 4 0 2 5 1 0 4 4 2 3 2 4 0 8 11 10 12 15 8 7 0 1 14 13 16 17 6 3 4 5
4 3 5 2 2 3 4 1 3 1 4 3 2 2 2 5 0 4 7 9 12 17 14 2 5 15 16 10 11 4 13 6 3
4 5 0 0 2 4 2 3 3 1 1 5 5 3 0 0 0 5 8 11 10 1 2 14 13 17 16 3 0 7 6 15 12 5 4
5 4 4 5 4 5 1 3 2 5 4 3 1 3 4 4 0 2 9 3 6 0 1 17 14 8 7 4 13 9 12 16 15 2 5 11 10
4 5 1 1 5 1 3 1 2 5 5 2 2 5 3 2 1 1 7 13 16 9 10 7 4 14 11 8 5 0 3 15 12
2 1 4 3 3 3 5 3 4 4 2 1 5 2 5 4 0 1 8 5 2 7 6 12 13 16 17 9 10 4 3 0 1 14 11
2 0 4 4 2 5 2 5 4 1 2 3 5 0 0 5 2 2 7 13 4 10 11 2 1 3 0 8 7 15 16 14 17
1 1 5 0 3 0 3 0 3 5 2 1 2 4 0 1 0 1 7 13 14 1 2 7 6 17 16 12 9 5 8 3 4
