18 12
1 0 0 0 0 1 0 0 1 1 1 0 0 0 0 1 0 1 6 7 8 2 5 9 10 17 14 1 0 15 16
3 0 0 4 0 5 0 0 1 0 3 4 4 4 1 1 1 3 8 3 0 5 8 12 15 4 1 16 17 13 10 11 14 6 7
4 4 0 5 2 5 2 1 1 1 2 5 3 3 5 2 5 0 9 14 17 1 0 12 9 5 2 10 11 3 6 13 4 16 15 7 8
0 0 0 0 2 3 0 5 1 4 0 0 4 0 5 0 3 0 6 16 13 8 5 12 15 11 14 7 4 9 10
0 3 1 3 0 2 2 5 4 0 1 1 5 1 3 4 4 4 9 4 13 16 15 0 3 2 1 8 5 7 6 11 10 17 14 9 12
3 4 3 4 1 1 4 0 0 5 1 4 0 3 2 0 0 0 7 14 13 11 10 12 9 6 7 1 2 3 0 4 5
0 0 4 0 5 1 0 3 3 0 0 0 1 0 2 1 0 0 7 11 14 4 3 5 2 12 15 1 0 8 7 16 17
0 5 0 3 0 1 3 2 4 5 2 1 0 2 2 1 3 3 9 9 10 6 3 4 13 16 17 14 11 8 7 1 0 2 5 12 15
0 0 0 4 5 0 1 0 0 5 4 4 4 1 1 0 0 0 6 10 11 6 7 14 13 1 4 3 0 12 9
2 3 1 3 1 1 1 2 0 0 0 0 5 1 5 1 0 2 9 2 5 14 11 15 12 8 7 0 1 10 9 13 4 6 3 17 16
0 0 1 4 0 0 0 0 5 3 0 0 5 0 3 0 4 4 6 3 6 16 13 2 1 8 5 12 9 17 14
1 0 5 1 2 4 4 2 0 2 1 0 5 4 2 0 5 5 8 13 12 5 4 10 9 17 14 2 1 16 15 6 7 3 0
