18 12
5 4 1 2 3 0 0 4 1 2 0 0 0 0 1 1 4 1 8 16 17 7 6 11 14 10 9 5 4 0 3 13 12 1 2
5 1 5 4 3 3 0 3 1 3 2 0 3 4 4 2 2 0 7 16 15 0 1 6 3 10 11 14 17 13 4 8 5
2 2 2 4 5 3 5 0 1 5 5 0 3 4 5 4 1 4 7 1 4 11 14 7 8 10 9 3 0 2 5 13 12
0 0 4 4 0 5 0 2 1 3 0 5 3 5 4 1 1 4 7 6 7 11 14 0 3 12 9 5 8 4 1 10 13
3 4 1 4 1 1 1 2 5 1 3 5 4 2 3 2 4 2 7 16 17 11 10 12 15 6 3 0 1 14 13 8 7
4 1 3 2 0 3 4 1 3 1 2 5 2 3 2 0 0 4 7 9 12 10 11 17 14 2 5 4 13 15 16 6 3
4 5 0 0 0 4 2 3 3 1 1 5 5 3 2 0 0 5 8 7 6 14 13 5 4 11 10 1 2 17 16 3 0 15 12
5 4 1 5 4 5 1 3 2 5 1 1 4 2 1 4 0 2 9 4 13 0 1 11 10 17 14 9 12 2 5 16 15 3 6 8 7
4 4 3 0 2 1 5 1 2 5 5 5 2 2 1 2 1 1 7 0 3 13 16 14 11 9 10 7 4 15 12 8 5
2 1 5 1 0 3 3 2 0 5 2 1 5 2 5 2 4 1 8 14 11 7 6 0 1 16 15 3 4 9 10 5 2 12 13
5 0 2 1 1 5 2 5 4 2 0 3 4 2 3 4 5 3 7 15 16 13 4 14 17 10 11 8 7 3 0 2 1
3 3 5 0 0 0 3 0 2 4 3 3 0 1 4 3 2 1 7 9 12 5 8 13 14 1 2 7 6 3 4 17 16
