18 12
0 2 3 3 1 5 1 4 3 0 3 5 2 3 4 3 1 3 6 7 8 13 16 10 9 12 15 3 0 1 2
5 3 0 0 1 1 4 5 2 2 2 2 5 0 0 2 2 4 7 4 7 14 13 9 12 0 1 11 10 16 17 8 5
3 4 4 0 4 4 1 1 5 5 4 5 0 1 2 5 0 5 7 13 16 11 14 8 7 2 5 10 9 6 3 4 1
1 2 4 1 3 4 2 1 2 2 2 3 2 1 5 2 4 2 8 5 8 9 12 13 10 16 15 6 7 0 3 2 1 14 17
4 2 2 2 4 0 5 2 0 5 3 0 1 5 1 1 2 1 7 9 10 12 15 14 13 17 16 0 1 7 8 4 3
2 0 5 0 3 3 1 3 1 3 1 4 1 2 3 2 2 3 7 14 11 13 4 8 5 1 0 16 15 3 6 9 12
0 5 1 4 4 4 1 4 5 0 2 3 5 1 0 4 4 5 8 13 14 12 15 0 3 5 4 16 17 6 7 9 10 2 1
5 2 2 4 0 2 0 4 3 5 0 0 1 3 3 3 5 0 9 14 17 1 0 11 10 4 13 12 9 8 7 2 5 3 6 16 15
4 2 5 2 5 5 5 4 4 4 0 5 4 2 0 5 0 0 7 10 13 5 8 2 1 0 3 17 14 7 4 12 15
5 2 5 2 3 1 1 3 0 2 5 5 4 2 1 2 0 5 8 4 3 12 13 0 1 2 5 17 16 10 9 14 11 6 7
4 4 1 2 4 4 4 4 1 2 4 5 3 1 3 5 5 4 8 2 1 3 0 16 15 12 9 4 13 11 10 17 14 5 8
3 4 0 2 3 5 3 1 5 3 4 4 2 5 2 4 2 0 8 1 0 6 3 5 4 13 10 12 15 17 16 7 8 11 14
