18 12
5 4 1 2 3 0 0 4 1 2 0 0 0 0 1 1 4 1 8 16 17 7 6 11 14 10 9 5 4 0 3 13 12 1 2
3 1 0 2 1 5 0 3 2 3 2 0 3 4 4 1 2 0 7 0 1 6 3 10 11 13 4 8 5 17 14 16 15
2 4 3 4 5 3 5 0 4 5 3 0 5 4 4 2 1 4 7 1 4 11 14 7 8 10 9 2 5 13 12 3 0
0 0 1 4 0 5 0 2 1 3 1 5 3 5 4 1 3 4 7 6 7 11 14 12 9 5 8 4 1 10 13 0 3
3 4 3 4 3 1 1 2 5 1 2 5 4 2 3 3 1 0 7 16 17 11 10 12 15 0 1 8 7 6 3 14 13
4 1 5 2 0 3 4 1 3 1 4 3 2 3 2 0 0 4 7 9 12 10 11 17 14 2 5 4 13 15 16 6 3
4 5 0 0 2 4 2 3 3 1 1 5 5 3 2 0 0 5 8 11 10 14 13 1 2 3 0 15 12 5 4 7 6 17 16
5 4 1 5 4 5 1 3 2 5 1 3 4 2 1 4 0 2 9 4 13 0 1 11 10 17 14 9 12 2 5 16 15 8 7 3 6
4 5 3 0 3 1 3 1 2 5 5 2 2 0 1 2 1 1 7 0 3 13 16 14 11 9 10 8 5 7 4 15 12
2 4 5 3 2 3 3 3 0 5 2 1 5 2 5 4 4 0 8 5 2 7 6 0 1 17 16 9 10 14 11 3 4 12 13
5 0 4 1 3 4 2 5 4 4 0 2 4 2 1 4 5 2 7 15 16 13 4 14 17 10 11 8 7 2 1 3 0
4 3 0 2 3 2 2 0 2 0 0 3 0 1 0 3 2 3 7 13 14 1 2 3 4 17 16 7 6 12 9 5 8
