18 12
3 5 3 2 5 5 3 3 0 4 4 4 4 3 1 5 3 2 7 14 17 7 8 15 16 4 5 0 1 13 12 9 10
0 5 5 0 5 5 1 4 1 0 4 1 3 0 5 3 3 0 8 7 6 9 10 0 3 11 14 4 13 5 8 15 12 2 1
3 1 5 0 2 5 2 3 0 0 0 5 5 0 2 2 5 1 8 16 13 14 17 0 1 10 11 9 12 3 6 2 5 7 4
1 3 5 4 4 2 4 3 0 1 1 4 4 0 4 1 5 2 5 0 3 15 12 17 16 10 13 8 5
3 5 2 2 0 1 0 5 5 1 0 3 1 2 2 1 4 5 7 13 14 8 7 2 1 10 11 17 16 12 9 4 3
2 4 3 0 5 4 3 5 1 3 0 1 0 0 3 1 4 4 7 0 3 15 16 9 10 13 4 17 14 1 2 7 6
0 1 0 2 4 4 0 3 5 5 0 4 1 5 1 0 3 1 6 10 9 3 0 12 13 17 16 5 4 8 7
1 5 0 3 4 1 0 0 2 4 5 0 0 2 0 3 5 3 9 13 4 3 6 11 10 0 1 9 12 5 2 17 14 16 15 7 8
4 5 0 2 3 2 0 0 3 2 1 3 2 4 5 0 5 2 6 1 4 6 3 13 10 15 12 17 16 11 14
0 5 2 4 2 1 0 1 2 2 5 3 2 0 2 0 1 4 8 17 14 7 6 16 13 8 5 0 1 10 9 12 15 4 3
2 2 1 5 4 5 2 5 3 1 4 0 1 4 0 2 2 1 7 17 16 0 3 15 12 4 13 10 11 2 1 7 8
2 2 0 1 3 2 1 3 3 0 3 1 0 0 5 1 0 2 8 15 16 5 8 6 3 12 9 1 2 14 17 13 10 7 4
