18 12
1 5 1 4 3 0 1 3 3 4 4 3 4 5 5 0 5 1 8 3 0 6 7 10 13 11 14 5 4 16 17 12 9 2 1
0 2 5 2 4 4 4 3 2 1 5 5 4 4 2 2 2 2 7 6 7 5 8 3 0 10 9 17 14 13 4 15 12
2 5 0 2 4 3 1 3 0 0 1 4 0 0 3 0 1 1 7 11 14 7 4 8 5 10 9 12 13 16 15 1 0
3 5 5 2 4 5 5 3 1 0 5 5 3 5 5 3 2 3 7 13 16 11 14 0 3 7 6 15 12 9 10 2 5
4 0 5 4 1 2 1 1 1 3 2 0 1 4 2 1 3 1 8 3 6 4 5 7 8 14 13 12 9 10 11 1 0 16 17
0 2 0 5 3 0 3 1 5 5 5 2 2 2 1 2 4 4 7 5 2 14 17 4 13 0 1 9 12 16 15 10 11
1 2 2 5 5 1 5 4 2 1 3 4 3 3 4 3 5 3 8 1 2 3 0 12 15 17 16 10 9 5 4 14 13 7 6
3 5 3 3 0 2 1 3 3 4 5 0 5 4 1 3 2 5 9 6 3 12 9 7 8 16 15 14 17 4 13 11 10 2 5 1 0
0 5 2 4 0 5 3 0 3 0 5 1 0 3 2 2 4 4 7 17 14 16 13 7 4 10 11 15 12 3 0 5 8
4 1 3 5 4 4 1 0 1 2 3 0 0 2 4 0 2 3 8 1 0 3 4 5 2 7 6 16 15 12 13 9 10 14 11
0 3 1 1 2 3 1 3 2 0 3 1 0 0 5 5 5 0 7 10 11 13 4 3 0 1 2 16 15 14 17 7 8
0 1 0 4 1 0 1 3 2 2 0 3 3 3 5 4 1 1 7 9 10 7 6 11 14 16 17 1 4 13 12 5 8
