20 10
4 5 5 1 2 2 1 1 3 4 3 0 4 4 5 4 3 0 2 4 7 16 17 1 6 9 8 11 12 2 3 13 14 5 10
1 1 1 2 4 2 4 5 1 5 5 5 3 5 2 2 5 1 1 4 8 13 18 2 7 14 9 8 3 10 11 16 15 17 12 0 5
0 0 3 1 0 0 2 0 0 3 5 2 5 0 5 2 2 0 4 0 7 12 13 18 17 19 14 10 5 7 8 11 16 1 0
3 2 3 5 0 5 0 2 5 1 2 0 0 2 3 1 4 2 1 0 9 5 0 12 7 6 11 13 14 18 19 2 1 16 17 10 15 4 3
5 1 1 3 3 5 0 3 2 2 3 1 3 3 5 4 3 2 2 1 9 10 5 9 4 14 19 13 8 12 11 7 6 2 3 16 15 17 18
2 5 4 0 4 2 5 5 2 0 1 2 1 4 4 3 4 1 5 2 9 19 14 1 0 3 4 15 10 16 17 12 11 6 5 7 2 8 9
1 3 5 2 0 0 4 5 1 4 5 4 0 4 5 0 2 2 4 4 8 6 7 2 3 1 0 16 17 8 13 18 19 14 9 11 10
1 0 4 1 1 0 1 3 2 0 2 2 5 5 0 2 5 3 5 0 10 5 0 10 15 18 17 9 4 2 7 6 1 13 12 3 8 11 16 19 14
2 0 2 4 1 0 1 2 4 3 3 3 5 5 5 5 4 0 4 2 8 12 11 8 7 1 0 17 16 13 18 10 5 14 9 3 4
3 5 4 0 5 3 2 5 1 2 1 3 3 0 4 0 5 5 3 2 9 10 11 1 6 9 4 16 15 0 5 12 7 8 3 17 18 14 13
