20 10
1 5 5 5 4 2 2 1 4 4 0 4 2 3 4 3 3 5 4 4 7 17 16 7 12 13 14 5 10 1 6 3 2 9 4
4 0 2 2 1 3 3 2 5 1 2 4 2 2 3 0 1 2 2 2 8 8 3 17 12 10 11 15 16 2 7 18 13 5 0 14 9
4 1 5 1 4 3 5 2 1 5 5 5 0 0 2 1 2 2 3 2 7 12 13 10 5 19 14 11 16 0 1 17 18 8 7
5 2 1 5 4 2 0 5 4 2 0 3 4 1 3 4 0 3 2 5 9 2 1 12 7 4 3 11 6 17 16 5 0 15 10 18 19 9 14
2 5 0 0 3 0 5 1 5 1 5 2 1 0 0 5 1 0 1 1 9 18 17 3 2 13 8 15 16 9 4 6 7 11 12 10 5 14 19
1 0 3 2 2 3 5 1 2 5 3 5 2 3 4 3 1 4 4 2 9 15 10 0 1 4 3 17 16 9 8 11 12 7 2 6 5 14 13
5 5 2 4 4 2 2 4 1 0 5 1 1 0 4 0 1 5 2 1 8 17 12 0 5 19 18 3 2 7 6 11 10 8 13 14 9
3 5 3 2 2 4 3 5 3 2 3 4 1 0 4 0 5 5 5 0 10 14 19 4 9 8 3 1 6 18 17 15 10 12 13 11 16 7 2 0 5
1 5 3 1 5 5 1 2 3 3 3 2 4 4 1 4 4 4 5 3 8 6 11 3 4 16 17 13 18 1 0 8 7 10 5 14 9
1 5 3 3 4 4 4 2 4 4 1 4 2 0 0 4 4 5 0 3 9 13 14 10 11 5 0 15 16 9 4 12 7 19 18 2 3 1 6
