20 10
0 5 2 4 0 3 0 5 2 2 1 5 5 3 3 5 4 5 0 2 7 6 1 9 8 5 10 14 13 7 12 3 2 16 17
1 0 5 3 4 5 2 3 3 2 0 5 5 1 3 2 4 4 1 1 8 5 0 16 15 14 9 18 13 7 6 3 8 12 17 10 11
3 0 5 1 3 1 2 0 0 1 5 2 2 5 4 2 5 4 3 0 7 11 16 1 0 10 5 8 7 14 19 18 17 13 12
2 5 4 2 5 4 5 5 2 0 0 3 3 3 2 4 1 2 1 2 10 10 15 2 1 7 12 13 14 5 0 4 3 8 9 11 6 17 16 18 19
0 4 0 0 5 0 0 0 2 1 3 5 0 5 5 4 3 5 3 4 9 13 8 9 4 1 6 19 14 17 18 11 12 10 5 3 2 15 16
3 5 4 5 1 4 4 2 0 0 2 0 3 5 0 4 2 5 0 0 9 2 7 10 15 16 17 18 13 3 4 14 19 0 1 6 5 8 9
4 3 5 5 0 3 0 1 3 3 3 5 4 1 3 4 2 1 4 5 8 11 10 12 17 14 9 13 8 18 19 3 2 6 7 0 5
5 3 2 1 0 2 5 5 5 1 4 0 3 1 1 2 3 2 0 3 9 13 12 16 11 14 19 4 9 17 18 3 8 0 5 15 10 2 1
4 5 1 3 3 5 5 4 1 2 5 4 4 4 0 0 3 5 4 3 8 4 3 18 19 10 5 1 0 11 6 16 17 14 9 2 7
5 3 4 3 3 1 5 0 3 3 3 3 4 4 5 0 4 1 3 2 9 18 17 15 16 2 3 4 9 6 1 0 5 7 12 13 14 11 10
