20 10
4 5 5 5 1 4 4 0 3 2 4 3 3 3 0 4 0 0 2 2 7 19 14 18 13 12 11 15 10 3 2 8 9 1 6
0 3 0 5 4 4 2 2 1 2 5 1 5 4 2 5 2 3 1 2 8 9 14 10 11 7 6 18 19 16 17 3 8 5 0 2 1
1 0 5 3 1 4 0 5 2 5 2 4 4 4 0 2 1 1 4 1 7 5 6 14 19 16 11 8 7 12 13 18 17 1 0
4 3 1 5 1 3 0 0 0 1 2 4 5 1 3 5 4 2 5 5 9 0 5 12 13 7 8 19 18 2 1 11 6 14 9 16 17 3 4
1 1 1 3 2 2 2 0 1 0 3 2 0 5 1 4 5 0 4 1 9 9 4 17 18 11 12 7 6 10 5 19 14 2 3 16 15 13 8
2 1 0 5 5 4 3 0 1 0 3 5 0 2 4 2 3 4 3 1 9 3 4 17 16 6 5 8 9 13 18 7 2 1 0 15 10 14 19
1 1 4 2 3 5 5 2 3 2 5 4 3 0 2 1 2 5 2 2 8 10 5 6 11 16 15 19 18 12 17 14 9 8 13 2 7
5 5 3 3 0 3 3 3 3 3 5 2 0 4 4 2 3 1 5 1 10 7 6 15 10 11 16 3 8 18 17 0 5 14 19 4 9 13 12 1 2
1 3 3 5 5 3 1 5 0 3 4 2 2 5 4 4 3 2 3 3 8 17 16 4 3 14 19 10 5 13 18 0 1 8 9 7 2
4 2 1 3 4 1 4 0 1 0 2 4 4 2 3 4 3 4 5 4 9 11 10 15 16 7 12 6 1 0 5 14 13 18 19 9 4 3 2
