20 10
1 4 5 0 0 5 1 0 0 1 2 1 3 3 3 3 3 1 3 4 7 9 8 5 10 14 13 3 2 12 7 6 1 16 11
3 5 2 2 3 1 0 1 0 0 2 5 1 1 5 2 3 2 1 0 8 16 15 17 12 2 7 13 18 10 11 5 0 14 9 8 3
0 3 3 2 2 5 4 0 3 3 1 0 1 3 5 0 4 1 2 5 7 17 18 11 16 0 1 19 14 13 12 10 5 7 8
0 4 2 1 1 5 2 3 1 4 5 2 3 2 0 1 1 5 2 2 9 17 16 18 19 2 1 7 12 6 11 15 10 13 14 5 0 4 3
1 2 3 0 3 2 5 3 4 2 0 1 4 1 4 1 1 5 5 1 9 10 5 14 19 9 4 6 7 18 17 3 2 15 16 8 13 11 12
5 4 4 3 5 3 3 1 4 3 3 0 2 1 4 4 1 0 1 0 9 17 16 7 2 9 8 12 11 15 10 4 3 0 1 6 5 14 19
3 5 0 5 5 3 2 5 1 2 0 2 1 4 2 1 1 0 2 4 8 17 12 0 5 11 10 19 18 14 9 13 8 7 6 3 2
1 1 1 2 3 4 1 3 4 2 2 3 4 3 5 2 2 2 0 0 10 7 2 13 12 15 10 11 16 14 19 4 9 1 6 8 3 18 17 0 5
2 5 1 2 3 0 4 3 3 3 1 3 1 0 5 3 3 5 3 1 8 7 8 1 0 6 11 10 5 14 9 3 4 18 13 17 16
1 0 4 0 3 1 4 0 0 0 1 2 4 2 0 5 2 3 4 4 9 8 9 13 14 2 3 0 5 6 1 18 19 16 15 10 11 17 12
