20 10
1 4 4 1 4 1 3 2 1 2 0 1 4 0 5 2 5 4 5 0 10 19 14 13 12 9 4 11 16 6 5 3 2 10 15 0 1 7 8 17 18
2 4 0 0 1 2 4 5 4 0 0 5 0 3 0 5 2 5 2 5 8 16 15 12 17 13 18 10 11 9 14 5 0 8 3 2 1
4 3 1 4 1 0 4 3 0 5 3 3 4 0 5 0 2 3 4 3 6 17 18 0 1 14 19 10 5 6 11 9 8
2 3 2 0 0 0 0 4 3 0 4 2 2 2 0 3 2 5 3 1 9 1 2 18 19 10 15 7 8 4 3 11 6 14 13 17 16 5 0
5 4 5 2 3 4 2 1 5 3 0 3 4 2 0 4 4 0 3 5 8 2 3 8 13 9 4 18 17 5 10 15 16 14 19 7 12
4 1 0 0 1 0 3 1 5 5 1 1 2 2 1 3 4 4 3 2 9 1 0 14 19 8 9 4 3 18 13 6 5 15 10 2 7 17 16
4 2 1 3 4 1 2 5 2 1 3 4 3 4 1 5 2 0 5 0 8 19 18 11 10 8 13 14 9 15 16 7 6 2 1 0 5
1 5 3 5 4 4 0 4 4 1 0 3 5 3 3 2 0 2 3 5 10 7 2 17 18 0 5 15 10 3 8 12 13 11 16 1 6 14 19 4 9
4 5 5 1 5 4 2 5 1 4 1 0 5 2 1 1 5 3 3 3 8 9 14 10 5 1 0 17 16 7 12 3 4 18 13 6 11
5 5 0 5 1 5 4 3 5 3 4 2 3 5 2 4 0 1 4 0 8 2 3 12 7 18 19 10 11 13 14 8 9 1 6 16 17
