20 10
1 4 5 0 0 5 1 0 0 1 2 1 3 3 3 3 3 1 3 4 7 5 10 14 13 3 2 6 1 16 11 9 8 12 7
3 5 2 2 2 0 0 1 1 2 4 1 2 1 5 0 3 1 3 3 8 17 12 2 7 13 18 5 0 14 9 8 3 10 11 16 15
0 1 3 2 4 3 4 0 5 3 3 0 1 5 5 0 4 3 4 0 7 17 18 11 16 0 1 19 14 13 12 10 5 7 8
0 4 2 3 5 5 4 3 5 4 5 2 2 2 2 3 1 4 2 2 9 17 16 15 10 2 1 7 12 18 19 5 0 4 3 13 14 6 11
0 2 5 0 5 2 5 3 4 2 0 1 4 1 4 4 3 5 5 1 9 10 5 14 19 18 17 3 2 15 16 8 13 11 12 6 7 9 4
5 4 4 3 0 3 3 3 4 3 3 0 4 1 4 2 1 2 1 2 9 17 16 9 8 12 11 15 10 4 3 0 1 6 5 14 19 7 2
3 5 1 5 5 3 2 5 1 2 0 2 1 4 2 1 1 2 2 4 8 17 12 0 5 11 10 19 18 14 9 7 6 13 8 3 2
1 1 1 2 3 1 3 2 4 2 2 3 4 5 5 2 2 2 2 0 10 15 10 13 12 11 16 1 6 4 9 14 19 7 2 8 3 18 17 0 5
3 5 3 2 3 0 4 1 3 3 1 5 3 0 3 3 3 5 1 3 8 1 0 6 11 10 5 14 9 7 8 17 16 18 13 3 4
3 1 5 0 2 4 4 4 4 2 1 4 1 5 3 1 2 1 5 4 9 10 11 9 8 2 3 13 14 0 5 18 19 16 15 6 1 17 12
