20 10
1 0 5 2 2 5 4 3 4 1 4 5 2 5 2 3 4 5 2 1 8 14 19 5 10 18 13 4 3 1 0 6 7 17 16 9 8
3 4 0 0 5 0 2 0 3 1 5 4 4 2 2 5 1 1 3 2 8 14 13 7 2 15 16 11 12 5 0 1 6 19 18 3 8
2 5 4 3 3 5 5 2 4 5 0 1 0 0 5 5 1 0 1 2 8 3 2 8 7 12 13 0 1 11 16 17 18 9 14 10 5
4 4 2 5 1 4 2 5 4 1 4 2 3 2 4 0 3 5 1 1 9 10 15 2 1 8 13 6 11 17 16 7 12 19 14 0 5 3 4
4 5 0 2 2 3 3 3 1 0 3 1 2 5 3 2 5 5 4 5 10 18 17 19 14 0 1 10 5 6 7 9 4 8 13 12 11 15 16 3 2
1 1 3 5 5 4 1 4 0 3 1 1 2 1 4 1 4 2 3 0 8 2 7 12 11 14 9 0 1 15 10 6 5 17 16 4 3
4 2 5 5 2 4 4 0 3 3 0 1 2 1 3 0 3 5 2 1 9 18 19 3 2 10 11 6 1 5 0 16 15 14 13 17 12 8 9
1 1 0 5 5 1 3 0 1 4 2 0 4 3 4 5 2 1 2 5 10 6 7 3 8 19 14 4 9 16 11 5 0 12 13 2 1 15 10 17 18
0 1 5 1 3 3 1 2 4 4 2 3 3 2 5 3 0 0 5 4 6 3 4 5 10 9 14 12 11 0 1 7 8
2 4 0 3 3 3 3 2 0 4 2 4 0 5 5 1 5 5 1 2 8 19 18 0 5 3 2 17 12 14 13 11 10 6 7 9 4
