20 10
4 5 0 5 2 5 1 2 0 1 4 4 5 1 3 5 1 0 1 1 9 7 2 12 13 14 19 4 9 6 5 1 0 15 16 18 17 11 10
1 2 0 2 0 5 5 3 2 1 4 1 0 5 5 2 2 4 2 4 9 19 18 11 10 13 14 8 9 4 3 16 15 5 6 17 12 2 7
1 4 4 5 4 4 0 5 5 5 1 3 1 5 0 4 3 3 4 0 8 16 11 13 8 2 7 4 3 0 5 18 19 1 6 10 15
0 3 3 5 1 1 5 3 3 2 1 0 3 0 0 0 3 1 5 4 9 2 3 14 19 7 12 5 0 1 6 13 8 4 9 15 16 18 17
5 4 3 2 3 5 3 4 2 4 2 4 5 3 1 1 0 1 3 2 8 16 15 5 6 2 3 12 13 8 7 11 10 4 9 1 0
4 1 5 2 5 0 5 0 5 3 4 2 3 4 5 0 0 1 5 1 7 15 10 11 12 19 18 6 1 14 13 3 2 17 16
3 2 3 2 3 1 4 2 4 2 4 0 0 3 1 0 4 1 0 2 9 18 17 19 14 7 2 3 4 11 6 10 5 9 8 1 0 15 16
5 1 2 2 4 3 4 3 0 2 3 0 0 3 5 5 2 3 2 3 8 13 12 18 17 7 8 2 3 0 5 10 11 14 19 4 9
5 5 2 0 1 3 4 0 0 0 3 1 2 2 1 1 3 1 0 5 9 11 6 8 7 16 17 19 18 2 1 15 10 9 14 5 0 13 12
3 5 3 1 0 3 5 2 0 3 2 1 0 5 3 0 4 0 4 2 8 16 15 17 12 11 6 7 2 1 0 8 13 4 3 9 14
