20 10
4 5 5 1 2 2 1 1 3 4 3 0 4 4 5 4 3 0 2 4 7 16 17 1 6 9 8 11 12 2 3 13 14 5 10
3 5 0 3 2 5 0 1 4 5 4 1 5 2 2 0 1 3 2 3 8 18 13 7 2 9 14 3 8 11 10 16 15 12 17 0 5
1 5 3 4 4 1 1 5 1 0 2 1 1 2 4 0 5 5 0 2 7 12 13 18 17 14 19 10 5 7 8 11 16 1 0
4 5 1 4 4 0 4 3 3 4 1 3 2 0 5 4 3 2 1 3 9 5 0 7 12 6 11 13 14 18 19 2 1 17 16 10 15 4 3
4 2 5 2 0 0 2 5 1 4 5 4 1 4 5 4 1 2 4 0 9 10 5 9 4 14 19 8 13 11 12 7 6 3 2 15 16 18 17
3 3 1 3 0 1 3 4 5 2 2 2 1 3 2 0 5 1 0 0 9 19 14 0 1 4 3 15 10 16 17 12 11 5 6 7 2 8 9
2 5 3 5 0 4 0 0 5 0 5 5 1 3 0 5 2 4 3 0 8 6 7 3 2 1 0 17 16 13 8 18 19 9 14 10 11
1 1 2 2 5 5 1 1 4 5 3 3 2 5 3 5 0 1 5 4 10 5 0 10 15 18 17 4 9 7 2 1 6 12 13 8 3 16 11 19 14
4 3 4 2 5 4 4 2 1 4 0 5 2 0 0 0 0 0 0 1 8 11 12 8 7 0 1 17 16 18 13 10 5 9 14 4 3
3 4 4 4 1 2 0 3 2 0 3 1 2 5 2 3 4 3 1 4 9 11 10 6 1 9 4 15 16 0 5 7 12 3 8 18 17 13 14
