20 10
1 2 1 3 0 3 5 0 2 3 0 3 0 4 5 3 2 1 1 5 7 10 5 12 7 6 1 16 11 9 8 3 2 19 18
5 3 4 0 4 0 4 4 1 1 1 0 1 0 5 3 4 3 1 4 8 16 15 12 17 13 18 10 11 9 14 8 3 5 0 7 2
5 3 3 2 2 2 0 3 2 1 5 4 3 3 4 5 3 0 2 4 7 17 18 0 1 19 14 13 12 7 8 10 5 11 16
0 1 5 3 0 5 4 1 0 1 2 1 0 0 0 3 1 3 4 0 9 17 16 18 19 15 10 12 7 4 3 11 6 14 13 2 1 5 0
0 4 5 0 2 3 0 4 4 1 4 5 5 0 4 1 1 0 1 4 9 8 13 14 19 9 4 18 17 10 5 15 16 11 12 3 2 6 7
4 4 4 3 4 1 5 4 1 3 4 1 2 2 5 2 3 5 0 4 9 7 2 8 9 11 12 14 19 0 1 6 5 15 10 4 3 17 16
4 0 0 4 3 2 2 1 5 5 5 1 5 4 0 3 1 5 3 0 8 19 18 11 10 8 13 14 9 17 12 7 6 0 5 3 2
1 1 4 0 3 3 1 2 5 2 1 5 2 4 5 0 3 0 5 5 10 7 2 18 17 0 5 15 10 8 3 13 12 11 16 1 6 14 19 4 9
1 4 2 2 3 3 5 0 3 5 3 5 2 5 1 1 1 1 4 5 8 14 9 17 16 1 0 10 5 8 7 3 4 18 13 6 11
3 2 2 5 5 3 1 5 0 4 3 3 1 2 0 0 5 5 3 5 9 9 8 13 14 19 18 10 11 0 5 16 15 17 12 2 3 1 6
