20 10
4 5 5 1 2 2 1 1 3 4 3 0 4 4 5 4 3 0 2 4 7 16 17 1 6 9 8 11 12 2 3 13 14 5 10
0 5 5 0 3 3 5 3 3 4 1 4 4 3 2 4 4 4 4 4 8 18 13 2 7 9 14 3 8 11 10 15 16 17 12 5 0
2 5 2 1 5 5 2 1 3 2 4 5 1 0 2 5 5 5 5 4 7 13 12 18 17 14 19 10 5 8 7 16 11 0 1
0 1 0 3 5 2 4 2 4 4 5 2 2 5 3 1 4 4 4 1 9 5 0 12 7 11 6 13 14 18 19 2 1 17 16 15 10 3 4
2 5 5 3 4 3 4 1 0 5 2 1 0 0 5 1 2 0 3 2 9 10 5 9 4 14 19 8 13 12 11 6 7 3 2 15 16 17 18
0 1 3 2 2 2 2 2 3 3 3 4 3 4 5 4 0 5 1 1 9 14 19 0 1 4 3 15 10 17 16 12 11 6 5 7 2 9 8
5 1 3 2 4 0 4 2 1 0 5 5 2 0 4 0 5 4 2 0 8 6 7 3 2 1 0 16 17 8 13 19 18 14 9 11 10
5 5 5 4 0 1 1 1 5 4 4 0 3 2 5 5 0 2 4 1 10 0 5 15 10 18 17 4 9 2 7 6 1 12 13 3 8 16 11 14 19
0 4 1 2 3 3 3 2 2 1 3 3 5 3 2 5 5 3 3 2 8 12 11 8 7 1 0 16 17 18 13 10 5 14 9 4 3
5 0 2 2 3 1 1 5 3 0 0 5 4 5 3 4 3 4 1 5 9 11 10 6 1 4 9 15 16 0 5 12 7 8 3 18 17 13 14
