20 10
1 1 2 1 0 4 1 0 4 0 1 2 0 2 0 0 1 2 4 0 9 18 17 3 2 5 10 1 0 16 15 8 13 6 7 19 14 12 11
0 3 2 1 1 0 1 1 3 1 0 2 0 4 2 2 5 4 5 1 10 18 19 3 4 7 8 6 11 9 14 10 15 16 17 13 12 5 0 2 1
0 4 0 1 3 3 0 1 0 3 0 1 1 0 2 4 0 0 1 0 10 0 5 11 10 16 15 3 4 8 9 19 18 7 2 17 12 14 13 6 1
5 0 0 0 0 0 1 0 0 0 5 0 0 3 1 3 5 0 0 3 6 14 19 5 6 0 1 18 13 16 11 10 15
5 1 2 1 2 2 0 2 2 2 0 0 5 2 3 0 0 0 0 4 7 0 1 6 5 4 9 12 7 19 14 13 8 3 2
1 0 0 2 1 4 5 2 2 0 1 3 0 0 2 4 1 3 0 0 7 9 14 4 3 6 11 16 17 15 10 5 0 7 8
0 0 2 0 0 0 0 0 0 2 1 4 5 0 2 1 4 2 4 0 9 19 14 2 1 8 3 4 9 12 17 6 7 18 13 10 11 16 15
1 0 1 4 3 1 0 0 1 4 3 0 5 1 1 1 5 1 0 3 9 3 4 12 13 10 5 8 9 1 0 16 15 7 2 14 19 18 17
0 0 1 0 4 0 0 4 0 1 1 0 3 1 0 0 1 3 3 2 7 9 4 11 12 7 2 16 17 10 15 14 13 19 18
3 4 0 1 3 1 5 0 1 1 0 3 1 2 5 5 0 4 1 0 10 15 16 14 19 10 11 8 13 6 5 1 0 17 18 9 4 7 12 3 2
