20 10
5 5 5 3 1 1 1 2 3 4 4 1 2 3 5 2 3 0 3 3 10 6 5 10 11 17 12 8 7 18 19 9 4 15 16 3 2 1 0 14 13
0 2 0 2 1 3 4 4 3 0 3 5 4 5 5 3 4 1 5 3 9 3 4 15 10 0 5 13 12 2 1 17 18 11 16 19 14 9 8
2 4 3 0 4 0 2 0 0 0 0 1 5 2 5 5 0 2 3 4 9 14 9 11 12 16 17 8 13 1 0 19 18 2 3 10 5 7 6
0 3 3 4 4 0 2 2 3 2 5 3 2 4 2 5 3 4 3 2 9 12 7 13 14 1 2 15 16 6 11 3 4 5 10 17 18 9 8
1 3 2 0 1 4 3 4 2 1 5 1 1 3 5 4 3 1 0 1 9 12 13 8 3 10 11 19 14 7 2 9 4 1 6 15 16 5 0
4 2 1 2 5 1 2 0 0 5 5 5 4 4 5 0 5 4 5 3 8 5 0 11 12 14 19 16 17 4 9 13 8 3 2 15 10
3 4 4 5 0 5 3 0 2 2 1 5 5 1 0 1 0 0 2 1 9 5 6 9 14 11 16 13 18 17 12 8 7 15 10 2 3 1 0
1 0 1 1 4 2 2 5 2 4 4 1 5 0 2 1 2 2 3 2 6 9 4 1 2 13 14 10 5 7 6 12 17
1 5 2 4 4 0 4 0 2 4 3 0 5 2 2 0 0 1 2 2 8 9 8 19 18 5 10 1 2 12 7 11 6 3 4 16 15
4 2 4 5 1 3 4 0 2 5 1 4 4 3 4 0 0 3 3 4 7 3 2 0 1 8 7 12 13 15 10 5 6 9 14
