20 10
1 4 4 3 0 2 5 2 4 4 5 5 3 0 5 3 5 0 3 2 7 10 5 8 13 6 1 16 17 4 9 3 2 18 19
1 0 4 2 0 5 1 4 3 2 4 1 1 4 3 3 3 4 5 2 8 16 15 12 17 13 18 10 11 9 14 5 0 8 3 2 7
0 0 3 2 1 2 4 0 2 4 5 5 5 3 3 5 5 5 4 5 7 17 18 0 1 19 14 13 12 8 9 10 5 11 16
0 1 2 3 4 5 0 4 1 2 2 3 2 5 0 3 2 5 3 0 9 2 1 18 19 15 10 7 12 4 3 11 6 14 13 17 16 5 0
0 4 2 0 0 3 2 2 3 3 4 3 3 1 4 1 4 2 1 4 9 3 2 14 19 9 4 18 17 10 5 15 16 8 13 11 12 6 7
4 4 4 3 4 1 4 5 4 3 5 1 0 5 5 2 1 4 0 4 9 14 19 12 13 8 9 4 3 0 1 6 5 15 10 2 7 17 16
4 0 0 4 3 2 3 0 4 5 4 0 4 3 0 3 1 4 3 1 8 19 18 11 10 8 13 14 9 12 17 7 6 0 5 3 2
1 2 1 0 3 3 4 4 3 2 4 1 1 4 4 0 3 5 2 5 10 7 2 17 18 0 5 15 10 8 3 13 12 11 16 1 6 14 19 4 9
1 3 5 2 2 3 2 5 3 3 3 2 1 1 1 1 1 0 5 5 8 9 14 10 5 1 0 17 16 8 7 3 4 18 13 6 11
1 1 2 0 4 3 0 3 0 5 3 5 1 2 3 1 3 3 3 4 9 2 3 13 14 19 18 11 10 0 5 15 16 12 17 9 8 1 6
