20 10
2 1 5 2 3 4 3 0 0 1 4 2 0 3 0 0 4 0 4 0 8 8 9 12 7 19 18 16 11 14 13 1 6 3 2 10 5
3 1 2 5 3 3 2 5 2 3 3 4 3 3 1 4 0 4 2 0 8 14 9 17 12 10 11 5 0 15 16 18 13 3 8 7 2
4 3 2 2 2 5 5 2 5 3 3 0 5 2 3 2 1 1 3 1 7 0 1 17 18 12 13 14 19 10 5 8 7 11 16
2 4 2 5 0 1 2 3 2 3 1 0 5 2 5 3 1 5 2 1 9 13 14 4 3 12 7 15 10 17 16 5 0 2 1 11 6 18 19
1 5 0 0 3 2 3 4 0 0 0 5 0 1 1 1 3 5 4 0 9 15 16 9 4 3 2 7 6 10 5 14 19 12 11 18 17 8 13
4 2 1 3 5 2 5 3 2 0 5 0 5 4 4 0 2 5 2 3 9 4 3 17 16 6 5 8 9 0 1 11 12 14 19 15 10 7 2
3 0 2 2 3 3 5 1 0 2 4 4 2 1 3 0 4 2 0 3 8 11 10 3 2 14 9 0 5 13 8 17 12 19 18 7 6
1 3 2 1 3 2 2 4 2 2 1 4 0 5 1 3 1 4 3 3 10 3 8 1 6 0 5 14 19 12 13 11 16 17 18 15 10 4 9 7 2
2 3 1 5 5 0 1 3 3 0 1 5 1 3 4 0 1 5 0 0 8 3 2 9 14 18 13 7 8 1 0 11 6 17 16 10 5
4 2 0 4 3 1 4 3 0 3 3 5 3 1 2 4 5 1 4 3 8 18 19 1 2 6 5 16 15 8 9 10 11 14 13 17 12
