20 10
3 0 2 2 0 2 1 2 0 2 1 1 1 1 0 3 0 5 3 0 7 1 2 18 13 5 10 12 11 19 14 3 8 17 16
1 2 0 0 3 0 4 2 0 3 1 0 3 2 2 2 3 5 0 4 8 11 10 19 18 17 12 3 4 7 2 6 1 16 15 9 14
4 2 2 4 2 3 5 0 2 0 4 1 3 0 4 1 0 5 0 4 7 18 17 8 7 11 16 19 14 1 0 3 2 10 5
4 1 1 2 3 0 4 2 1 3 3 5 3 3 3 0 5 4 3 0 9 9 4 7 12 0 5 11 6 17 16 10 15 8 3 2 1 18 19
0 2 5 3 2 0 3 4 5 5 2 1 1 1 2 0 2 3 0 1 9 4 9 7 6 19 14 17 18 11 12 2 1 5 10 15 16 8 13
5 1 5 4 0 2 4 0 1 4 1 4 2 4 4 1 4 3 3 5 9 4 3 17 16 2 7 0 1 14 19 10 15 12 13 6 5 8 9
4 1 4 5 2 5 0 0 0 3 2 2 0 5 4 4 0 1 3 4 8 10 11 15 16 3 4 6 1 7 8 17 12 19 18 14 9
0 4 5 4 5 4 4 3 3 2 3 2 3 4 5 3 4 1 2 1 10 13 12 0 5 16 11 6 1 10 15 19 14 9 4 3 8 17 18 2 7
3 4 3 1 5 2 5 3 1 4 5 1 1 5 4 4 2 3 3 2 8 8 13 5 10 7 12 3 2 17 16 1 0 14 9 6 11
4 5 4 0 5 4 3 0 4 1 3 4 0 2 0 1 0 0 5 5 9 4 3 15 16 1 2 5 6 18 19 11 10 8 9 13 14 12 17
