20 10
1 4 5 0 0 5 1 0 0 1 2 1 3 3 3 3 3 1 3 4 7 5 10 12 7 6 1 16 11 9 8 3 2 14 13
0 5 2 2 5 1 0 3 1 0 2 3 5 4 1 1 3 4 1 2 8 16 15 17 12 2 7 13 18 10 11 14 9 8 3 5 0
0 1 3 3 3 2 4 0 5 3 4 0 3 3 5 0 4 3 4 0 7 17 18 11 16 0 1 19 14 13 12 7 8 10 5
0 4 2 1 4 0 2 3 5 4 5 2 3 2 2 1 1 5 2 2 9 2 1 7 12 15 10 5 0 4 3 6 11 17 16 18 19 13 14
0 2 5 0 5 2 5 2 4 2 0 1 5 1 4 1 3 5 5 1 9 10 5 11 12 9 4 18 17 3 2 15 16 8 13 14 19 6 7
5 4 4 3 0 3 3 1 4 3 3 0 2 1 4 2 1 0 1 2 9 17 16 7 2 9 8 12 11 14 19 4 3 0 1 6 5 15 10
3 5 1 5 5 3 2 5 1 2 1 3 3 4 2 1 3 2 2 4 8 17 12 11 10 19 18 14 9 13 8 7 6 3 2 0 5
1 1 4 2 3 1 3 3 4 2 2 1 1 5 5 2 2 2 2 0 10 7 2 13 12 18 17 14 19 4 9 8 3 15 10 0 5 11 16 1 6
2 5 1 2 3 0 4 1 3 2 0 2 0 0 3 0 3 5 1 3 8 14 9 10 5 1 0 3 4 7 8 17 16 18 13 6 11
1 1 3 0 2 1 4 4 0 3 5 2 2 0 2 4 2 1 3 4 9 2 3 13 14 0 5 16 15 6 1 18 19 10 11 17 12 8 9
