16 12
1 0 0 4 5 4 4 4 0 1 3 4 3 2 4 2 6 0 8 2 1 13 5 6 14 9 10 3 4
1 0 5 2 5 4 3 4 5 1 3 0 0 5 2 1 8 4 12 1 9 7 15 13 14 11 3 6 5 0 8 2 10
1 2 0 2 3 5 0 1 5 4 0 5 5 0 1 1 7 5 4 1 0 15 14 7 6 12 13 11 10 3 2
2 2 5 2 2 4 5 1 0 4 5 4 2 1 2 1 5 11 12 2 1 0 8 15 14 4 3
5 5 2 5 2 5 4 1 0 4 4 4 3 2 1 0 7 1 0 5 6 11 10 8 9 12 4 3 2 13 14
5 2 3 2 2 4 2 3 1 4 5 1 3 1 4 2 6 5 4 10 9 1 2 11 3 6 7 13 14
0 5 5 3 2 0 5 4 3 0 3 5 0 4 0 5 6 6 14 0 1 9 8 4 12 2 10 15 7
5 5 2 3 3 3 5 4 2 3 0 0 0 0 0 4 7 15 7 4 3 9 10 12 13 1 2 5 6 8 0
3 5 3 5 2 4 1 2 5 1 3 3 2 1 2 0 6 3 2 7 6 9 1 15 14 11 12 5 4
1 2 2 3 5 0 3 4 0 3 4 5 5 5 2 2 7 8 9 1 2 7 15 6 5 10 11 12 13 4 3
3 1 4 4 2 4 0 3 2 0 1 4 3 4 1 4 7 5 4 12 11 9 8 14 13 1 0 7 6 2 3
4 2 5 5 5 2 1 1 2 5 0 0 4 5 3 3 8 7 15 13 5 8 0 14 6 3 11 2 1 10 9 12 4
