16 12
1 2 1 0 1 1 1 4 5 5 4 4 3 1 4 2 6 10 9 4 12 6 14 13 5 0 8 2 1
5 3 4 4 5 1 4 0 0 4 3 1 0 2 3 3 8 7 15 3 11 4 12 6 5 2 10 1 9 13 14 0 8
5 4 2 3 2 4 4 5 5 0 4 4 2 5 0 0 7 11 10 12 13 7 6 15 14 5 4 1 0 3 2
5 2 1 3 2 2 5 0 3 5 2 0 0 5 2 3 5 2 1 4 3 0 8 11 12 15 14
3 5 0 0 1 4 2 2 2 1 4 1 1 0 2 2 7 4 12 3 2 11 10 13 14 5 6 8 9 1 0
5 3 1 1 3 1 5 2 3 2 5 2 2 4 2 0 6 13 14 5 4 1 2 10 9 3 11 6 7
2 0 1 0 0 0 5 0 0 3 5 3 1 5 1 5 6 12 4 9 8 6 14 15 7 2 10 0 1
2 2 2 3 5 5 1 4 4 5 0 5 5 0 5 0 7 15 14 1 2 12 13 9 10 8 0 5 6 4 3
1 5 0 0 2 3 4 3 1 3 1 0 1 1 3 1 6 5 4 12 11 3 2 7 6 15 14 9 1
1 2 1 5 4 0 0 3 4 0 4 2 4 5 0 0 7 10 11 6 5 8 9 12 13 7 15 1 2 4 3
3 5 1 1 3 4 2 5 0 5 3 1 3 1 4 5 7 12 11 9 8 2 3 7 6 1 0 5 4 14 13
3 5 4 0 0 0 4 4 3 2 4 3 2 1 4 4 8 13 5 11 3 4 12 8 0 9 10 2 1 14 6 7 15
