16 12
1 2 1 1 4 5 1 4 5 5 2 4 5 0 4 2 6 10 9 4 12 6 14 5 13 0 8 1 2
5 1 1 5 3 5 0 4 5 2 5 5 3 3 3 2 8 5 6 3 11 2 10 13 14 7 15 1 9 0 8 4 12
5 4 3 2 0 0 1 4 5 0 2 2 1 5 0 0 7 11 10 12 13 7 6 15 14 5 4 1 0 3 2
0 2 1 5 0 2 5 4 3 5 0 4 5 5 2 3 5 2 1 4 3 0 8 11 12 15 14
3 5 0 0 5 4 4 3 2 1 4 4 5 0 5 2 7 4 12 3 2 11 10 13 14 5 6 8 9 1 0
5 3 1 4 0 1 4 2 3 2 5 4 2 4 2 0 6 13 14 5 4 1 2 10 9 3 11 6 7
2 0 1 3 2 0 3 0 0 3 5 3 1 3 1 5 6 4 12 9 8 6 14 2 10 15 7 0 1
2 2 2 0 0 5 1 4 4 5 0 5 2 3 5 0 7 15 14 12 13 1 2 9 10 8 0 5 6 4 3
1 5 0 5 5 3 4 3 1 3 0 0 5 0 3 1 6 5 4 11 12 3 2 7 6 15 14 9 1
1 2 1 0 4 0 0 3 4 0 5 3 0 4 0 0 7 10 11 7 15 8 9 12 13 6 5 1 2 4 3
3 5 1 2 5 1 2 5 5 4 2 2 4 1 4 5 7 1 0 9 8 2 3 11 12 7 6 5 4 14 13
2 5 4 2 3 2 1 5 1 0 5 4 2 1 5 1 8 13 5 8 0 7 15 14 6 9 10 4 12 2 1 11 3
