16 12
0 5 0 0 5 4 1 5 1 0 1 2 2 3 0 5 5 11 3 7 6 15 14 1 0 12 13
1 5 3 0 3 2 2 1 2 3 2 5 4 1 2 3 7 12 11 1 9 14 13 5 6 15 7 8 0 3 2
2 2 0 1 2 3 5 1 4 2 1 4 5 2 5 0 6 1 9 12 13 10 2 7 6 4 5 3 11
2 5 2 1 2 0 5 1 1 3 5 0 3 3 1 0 6 9 10 7 15 11 12 3 4 5 13 1 2
1 1 5 0 0 2 1 2 2 2 1 4 5 1 2 3 7 3 2 6 7 14 15 8 0 4 12 11 10 1 9
3 3 2 4 5 5 5 2 1 0 5 3 2 0 2 5 7 5 4 3 2 1 0 12 13 10 9 7 6 15 14
5 3 5 4 0 1 2 5 1 2 0 0 4 4 0 5 7 9 8 6 5 0 1 13 14 4 12 10 11 7 15
0 2 1 5 1 4 5 2 5 1 3 3 2 5 4 0 6 11 12 4 3 14 15 1 2 9 10 6 5
5 4 1 2 3 2 4 1 3 5 4 3 1 4 3 4 8 1 0 7 6 8 9 13 12 11 10 5 4 14 15 3 2
1 3 4 3 1 0 2 5 2 4 0 2 4 3 3 3 8 15 7 0 8 14 13 9 1 10 2 6 5 3 4 12 11
3 5 4 3 0 2 3 0 4 4 2 4 5 4 5 1 6 11 3 4 5 13 12 0 1 9 8 6 14
4 1 0 4 4 3 1 2 3 2 1 2 3 4 0 3 7 6 7 10 9 13 5 0 8 4 12 2 1 14 15
