16 12
1 0 0 4 5 4 4 4 0 1 3 4 3 2 4 2 6 9 10 13 5 6 14 3 4 0 8 2 1
3 1 3 2 1 4 3 3 0 3 2 2 0 3 2 4 8 13 14 5 6 11 3 4 12 1 9 0 8 7 15 2 10
0 3 3 2 5 3 0 5 5 2 0 1 0 0 5 5 7 7 6 12 13 11 10 3 2 1 0 5 4 15 14
4 2 5 5 2 4 4 1 1 5 5 2 5 0 2 1 5 2 1 15 14 4 3 0 8 11 12
4 0 0 2 1 4 1 3 0 4 1 3 3 4 0 0 7 1 0 5 6 12 4 3 2 8 9 11 10 13 14
5 3 1 5 2 4 4 3 3 2 1 5 4 3 4 0 6 3 11 10 9 13 14 5 4 1 2 6 7
0 5 1 0 5 0 5 5 5 0 5 3 2 3 4 5 6 0 1 15 7 6 14 9 8 2 10 12 4
5 5 2 4 2 5 4 4 2 3 0 5 2 2 0 4 7 15 7 4 3 8 0 1 2 12 13 5 6 9 10
3 5 2 4 5 5 3 3 3 3 5 5 2 5 3 4 6 11 12 5 4 3 2 7 6 15 14 9 1
1 2 3 5 0 0 5 1 3 3 4 0 5 4 0 4 7 8 9 10 11 6 5 4 3 1 2 12 13 7 15
3 5 1 1 2 0 2 1 1 2 3 2 2 1 3 4 7 5 4 2 3 1 0 14 13 7 6 9 8 11 12
2 5 5 2 5 1 1 1 3 1 1 1 1 3 4 4 8 10 9 7 15 2 1 5 13 8 0 14 6 4 12 11 3
