16 12
0 3 3 0 0 0 5 2 1 1 2 1 5 2 2 4 8 9 1 12 11 10 2 15 7 4 3 14 13 5 6 0 8
2 1 1 2 5 5 2 3 4 5 1 0 5 2 5 4 6 10 11 5 4 7 6 3 2 1 0 14 15
3 4 3 5 3 5 4 3 3 3 0 4 3 4 2 2 6 6 14 1 9 10 2 12 4 5 13 11 3
2 3 5 5 1 5 4 1 0 0 2 0 5 5 2 5 6 9 10 1 2 11 3 14 15 5 4 13 12
4 5 2 5 5 4 3 1 4 1 4 2 1 5 1 2 7 12 4 7 15 13 14 8 9 0 1 11 10 3 2
3 5 0 2 2 0 5 1 0 4 4 5 2 0 1 4 6 7 6 4 3 5 13 11 12 8 0 10 9
3 4 0 5 0 4 5 1 4 2 4 2 4 5 2 0 6 6 14 12 4 0 1 10 2 7 15 9 8
4 0 4 5 5 2 5 0 4 4 2 3 1 0 4 0 6 14 13 0 8 11 12 5 6 15 7 2 1
2 5 4 4 2 0 1 0 0 4 3 2 0 0 1 2 8 4 5 12 13 3 2 14 15 0 1 7 6 9 8 10 11
5 3 2 3 1 5 0 5 0 1 3 4 1 1 5 5 6 5 13 0 8 15 7 14 6 4 3 10 2
4 1 5 4 0 1 1 5 5 4 4 4 4 2 1 3 8 2 3 7 6 10 11 5 4 13 12 15 14 9 8 1 0
4 5 3 1 4 2 4 5 1 4 2 5 4 5 1 4 7 0 8 10 9 11 3 5 6 4 12 14 13 1 2
