16 12
2 1 0 1 3 3 3 0 3 1 1 3 2 3 3 1 6 0 8 6 14 2 1 13 5 9 10 3 4
5 5 5 2 1 2 5 4 0 2 3 1 0 3 2 2 8 0 8 7 15 11 3 1 9 6 5 13 14 12 4 2 10
2 0 0 5 2 5 0 5 3 2 4 1 4 0 3 0 7 15 14 11 10 7 6 5 4 12 13 3 2 1 0
2 3 0 3 4 5 4 1 5 5 2 1 2 1 2 4 5 2 1 0 8 4 3 11 12 15 14
5 0 0 4 5 2 4 3 1 4 4 3 3 5 1 2 7 8 9 4 12 11 10 13 14 1 0 3 2 5 6
5 3 3 5 2 3 5 2 2 2 4 4 4 3 1 3 6 10 9 13 14 6 7 1 2 4 5 12 11
0 5 1 5 1 3 1 5 5 0 5 2 2 1 4 4 6 15 7 12 11 6 14 9 8 0 1 2 10
5 5 2 3 0 1 3 2 2 3 1 2 5 3 3 4 7 15 7 4 3 12 13 5 6 8 0 1 2 9 10
3 5 2 4 5 5 4 3 2 3 3 2 2 3 0 5 6 11 12 9 1 7 6 15 14 3 2 5 4
1 4 4 5 4 0 3 1 3 2 4 0 1 3 5 4 7 7 15 6 5 10 11 8 9 4 3 1 2 13 12
3 3 3 4 4 3 0 3 4 4 1 2 4 0 1 5 7 5 4 12 11 7 6 2 3 1 0 14 13 9 8
2 0 1 2 4 1 1 1 1 3 4 1 2 3 1 5 8 8 0 14 6 7 15 5 13 9 10 4 12 3 11 2 1
