16 12
1 4 4 4 3 2 1 2 5 1 2 4 5 1 2 3 8 6 5 10 11 2 3 0 8 12 4 9 1 7 15 14 13
2 4 1 0 3 1 1 2 3 4 4 2 4 2 2 5 8 8 0 15 7 1 2 3 4 12 11 5 6 14 13 10 9
4 5 4 2 0 3 3 2 3 5 5 2 0 2 5 0 5 3 4 12 11 15 7 6 5 10 2
4 2 3 2 3 3 1 3 1 1 5 4 3 5 1 0 6 0 1 8 9 3 4 7 15 14 13 11 12
1 4 4 3 0 2 3 5 1 4 5 0 2 2 4 0 8 0 8 2 1 14 6 11 3 13 5 12 4 9 10 15 7
5 3 4 2 2 1 4 4 3 0 4 5 1 0 0 4 8 1 0 8 9 10 2 4 3 11 12 5 13 6 14 15 7
5 0 3 2 2 0 1 4 1 1 4 2 4 2 2 5 5 1 0 2 10 11 3 4 5 13 12
0 4 5 0 5 0 2 0 2 2 2 4 2 0 0 2 6 0 8 9 10 11 3 5 4 13 12 15 7
4 0 0 3 2 2 2 0 4 4 0 2 4 4 2 3 5 3 11 4 12 14 6 7 15 9 1
1 0 1 2 0 5 0 2 2 5 3 2 4 4 2 2 6 8 0 2 3 4 12 5 13 14 6 11 10
3 1 1 1 0 0 0 4 1 3 0 0 3 4 3 0 8 10 11 2 3 12 4 6 5 7 15 13 14 0 1 9 8
4 4 2 1 5 4 2 1 4 2 2 3 0 0 5 5 7 8 0 2 1 10 9 12 13 7 6 14 15 3 11
