16 12
0 2 1 5 1 0 1 3 2 5 1 2 4 4 2 3 6 4 3 6 14 8 9 12 11 1 2 5 13
2 2 5 4 1 0 5 5 3 0 0 1 2 4 2 4 8 15 7 6 5 14 13 3 11 8 0 9 1 12 4 2 10
5 0 4 0 5 2 2 1 0 1 2 4 4 4 1 1 8 2 3 12 13 4 5 11 10 8 9 15 14 6 7 1 0
2 4 5 2 2 3 2 2 0 4 0 4 0 0 5 5 5 11 12 3 4 14 15 1 2 0 8
0 4 3 1 3 3 4 1 4 5 4 5 0 0 1 2 7 12 4 3 2 6 5 8 9 11 10 1 0 13 14
1 3 3 4 0 0 4 3 4 1 5 4 4 2 5 0 7 10 9 14 13 3 11 8 0 7 6 1 2 5 4
4 4 3 5 1 1 0 3 0 4 5 5 4 2 1 4 7 0 1 10 2 11 12 5 4 8 9 15 7 6 14
1 4 4 1 3 4 1 5 0 2 3 4 1 5 5 5 6 11 10 13 12 5 6 2 1 15 14 0 8
3 5 1 3 4 4 1 0 1 4 3 3 4 1 1 3 6 2 3 9 1 11 12 13 5 15 14 7 6
0 1 5 3 3 0 4 4 4 0 0 1 1 0 0 4 7 7 15 0 1 13 12 5 6 11 10 4 3 8 9
4 0 1 1 3 2 0 3 0 5 5 5 1 5 1 5 6 14 13 9 10 6 7 4 5 11 12 0 1
2 5 3 0 2 0 2 1 0 3 2 3 0 4 0 4 7 12 4 2 10 9 1 5 13 8 0 7 15 6 14
