16 12
0 0 4 4 4 5 0 5 4 4 1 3 1 0 0 1 6 1 2 0 8 10 9 6 14 4 3 12 13
3 1 0 3 4 1 3 1 4 1 5 4 5 2 1 3 8 1 9 8 0 10 2 4 12 13 14 15 7 11 3 5 6
1 3 2 2 3 2 3 5 3 4 3 0 5 5 4 4 7 12 13 2 3 4 5 1 0 10 11 7 6 15 14
4 2 0 4 4 5 3 1 3 0 4 5 4 3 4 5 5 4 3 11 12 2 1 15 14 8 0
5 0 2 0 2 2 3 3 5 4 4 1 5 3 4 0 7 8 9 11 10 5 6 1 0 4 12 14 15 3 2
5 0 3 5 2 5 4 3 3 4 1 2 4 0 0 0 6 5 4 13 14 10 9 11 3 6 7 1 2
0 5 0 2 4 5 4 5 4 0 3 3 0 2 1 3 6 4 3 15 7 0 1 9 8 2 10 6 14
5 5 2 2 1 1 3 1 3 2 0 0 3 0 0 0 7 4 3 9 10 8 0 12 11 15 7 1 2 5 6
3 5 2 1 1 4 1 3 0 1 0 0 3 0 3 1 6 5 4 7 6 3 2 9 1 15 14 12 11
4 2 4 5 0 1 5 4 1 5 5 5 3 4 3 5 7 4 3 11 10 7 15 8 9 2 1 5 6 13 12
1 4 3 2 2 4 1 1 4 2 1 3 1 5 5 4 7 11 12 2 3 9 8 5 4 1 0 7 6 13 14
5 3 4 2 3 2 1 1 2 4 4 4 5 2 4 2 8 15 7 2 1 10 9 6 14 11 3 12 4 0 8 13 5
