16 12
1 1 5 1 1 1 1 4 5 2 1 3 5 1 4 2 5 5 4 6 14 8 0 1 2 11 10
3 3 5 3 5 4 2 5 3 4 5 4 4 3 3 1 7 1 9 13 14 7 15 5 6 0 8 4 12 3 2
4 3 0 0 5 4 0 5 4 3 0 4 3 2 4 2 7 10 11 12 13 7 6 15 14 5 4 1 0 2 3
4 4 3 0 5 2 5 4 1 0 1 2 4 0 2 3 5 2 1 4 3 0 8 11 12 14 15
4 3 3 2 4 4 4 3 0 0 5 5 4 2 4 2 7 13 14 3 2 7 15 4 12 6 5 8 9 1 0
5 1 4 2 4 0 1 4 3 3 5 0 1 5 5 0 6 14 13 5 4 1 2 10 9 3 11 6 7
3 5 0 2 4 4 2 5 5 0 3 0 3 3 0 5 6 0 1 9 8 6 14 2 10 7 15 13 12
0 3 5 0 2 0 5 5 4 5 1 5 5 3 3 0 7 14 15 12 13 1 2 10 9 8 0 5 6 4 3
0 5 3 5 0 5 4 4 5 5 0 1 4 4 3 5 6 5 4 12 11 3 2 7 6 15 14 9 1
4 1 1 3 3 3 4 4 4 0 5 2 4 1 0 0 7 14 13 7 15 8 9 1 2 6 5 3 4 10 11
1 3 5 0 5 4 3 0 2 0 4 4 2 3 2 4 6 1 0 13 14 2 3 11 12 6 7 9 8
4 3 2 4 5 2 4 4 5 2 5 1 1 0 5 0 8 11 3 8 0 7 15 6 14 10 9 4 12 2 1 13 5
