16 12
1 5 2 2 1 5 2 4 5 1 3 4 3 0 4 2 6 9 10 13 5 6 14 3 4 0 8 2 1
3 3 5 4 3 5 2 0 5 4 3 2 3 1 1 5 8 0 8 5 6 7 15 1 9 2 10 4 12 13 14 11 3
0 4 5 4 5 5 0 1 0 2 3 3 2 3 0 0 7 11 10 12 13 7 6 1 0 5 4 15 14 3 2
0 2 4 5 0 2 5 4 1 4 0 4 3 5 2 3 5 2 1 4 3 0 8 11 12 15 14
1 2 2 2 4 5 4 3 0 4 2 4 1 5 5 2 7 12 4 3 2 11 10 1 0 5 6 8 9 13 14
5 3 4 4 2 1 0 2 3 4 4 0 4 5 2 0 6 13 14 5 4 6 7 10 9 3 11 1 2
2 0 1 2 2 0 3 0 0 2 0 4 0 3 1 5 6 2 10 9 8 6 14 12 4 15 7 0 1
2 0 0 2 3 5 1 4 4 5 0 5 4 1 5 4 7 12 13 8 0 1 2 5 6 15 7 9 10 4 3
1 5 2 4 3 3 4 3 3 3 0 4 4 0 3 5 6 11 12 5 4 3 2 7 6 15 14 9 1
1 2 1 0 0 5 0 3 1 0 4 2 0 4 0 1 7 10 11 4 3 1 2 12 13 6 5 8 9 7 15
3 5 1 4 0 3 2 5 5 5 2 0 3 1 3 5 7 2 3 9 8 1 0 11 12 7 6 14 13 5 4
3 0 4 4 4 0 4 5 4 5 3 4 4 4 5 1 8 7 15 10 9 8 0 13 5 14 6 2 1 4 12 11 3
