16 12
4 2 2 1 5 1 1 0 1 3 3 2 0 2 1 2 6 9 10 5 6 14 13 1 2 0 8 11 12
1 0 2 0 3 0 0 3 1 2 1 2 0 4 3 5 8 12 4 14 6 11 3 1 9 15 7 10 2 5 13 0 8
2 0 1 4 4 5 5 1 2 3 5 3 1 5 5 2 7 5 4 1 0 14 15 3 2 10 11 12 13 6 7
3 5 4 5 5 3 4 3 5 3 1 2 4 4 3 5 5 5 6 9 8 12 13 1 2 4 3
5 2 3 1 4 2 3 0 0 3 2 2 0 5 5 4 7 14 13 11 12 9 10 8 0 7 15 2 3 5 6
5 1 4 3 5 2 2 3 2 4 5 5 2 2 0 4 6 4 5 12 11 6 7 13 14 9 8 2 3
0 2 4 2 3 4 1 1 2 0 4 4 1 5 0 0 6 3 11 9 1 14 13 10 2 15 7 4 5
4 2 2 5 5 1 4 4 2 1 3 5 1 5 5 0 7 12 13 7 15 5 4 3 2 9 10 0 1 14 6
3 1 2 3 2 1 3 4 1 4 0 4 4 2 0 1 6 11 10 14 13 0 1 7 6 9 8 4 12
0 0 0 1 5 1 3 5 5 0 4 3 2 3 3 2 7 10 11 5 6 12 13 1 2 8 0 4 3 7 15
0 1 4 1 3 4 1 2 4 0 0 1 2 4 5 1 7 5 4 12 11 2 3 15 14 1 0 9 10 7 6
4 1 1 3 5 4 4 1 4 5 1 5 5 1 1 2 8 0 8 4 12 2 1 7 15 14 13 11 3 5 6 10 9
