16 12
1 0 0 4 5 4 4 4 0 1 3 4 3 2 4 2 6 0 8 2 1 13 5 6 14 9 10 3 4
5 3 1 2 3 4 3 2 5 5 4 0 5 5 2 0 8 4 12 1 9 7 15 13 14 11 3 6 5 0 8 2 10
2 5 3 0 0 1 0 3 0 2 5 4 4 5 3 4 7 5 4 1 0 15 14 7 6 12 13 11 10 3 2
2 2 5 3 4 4 5 1 1 5 5 2 3 5 2 1 5 11 12 2 1 0 8 15 14 4 3
4 0 0 0 1 4 1 3 0 4 1 3 2 4 0 0 7 1 0 5 6 11 10 8 9 12 4 3 2 13 14
5 3 1 5 1 4 4 3 3 2 1 0 2 1 4 3 6 5 4 10 9 1 2 3 11 6 7 13 14
0 5 1 5 5 0 5 5 5 0 5 0 2 0 4 5 6 6 14 0 1 9 8 12 4 2 10 15 7
5 5 2 5 2 3 4 4 2 3 0 5 1 0 0 4 7 15 7 4 3 9 10 12 13 1 2 5 6 8 0
3 5 2 5 3 5 3 3 3 3 5 5 0 5 2 4 6 3 2 7 6 9 1 15 14 11 12 5 4
1 2 1 5 0 0 5 1 1 3 4 0 5 4 0 4 7 8 9 1 2 7 15 6 5 10 11 12 13 4 3
3 5 3 3 0 0 2 1 4 2 2 5 3 1 1 4 7 5 4 11 12 9 8 14 13 1 0 7 6 2 3
3 0 5 2 5 3 4 1 3 1 3 1 5 2 5 3 8 7 15 5 13 8 0 14 6 11 3 2 1 10 9 12 4
