16 12
0 0 4 4 4 5 0 5 4 4 1 3 1 0 0 1 6 1 2 0 8 10 9 6 14 4 3 12 13
0 2 4 2 2 1 5 3 1 4 3 0 3 4 4 5 8 1 9 8 0 2 10 4 12 13 14 15 7 11 3 6 5
1 2 0 5 3 0 1 2 5 4 4 0 0 0 2 5 7 12 13 3 2 5 4 1 0 10 11 6 7 14 15
1 3 5 2 4 3 2 3 0 3 0 1 1 0 2 1 5 4 3 11 12 1 2 15 14 0 8
2 1 0 4 2 1 3 4 5 5 4 3 4 4 2 3 7 9 8 10 11 5 6 1 0 12 4 14 15 2 3
3 0 4 2 0 3 3 4 4 2 2 0 0 5 2 4 6 4 5 14 13 9 10 11 3 7 6 2 1
1 1 1 4 4 5 3 3 0 5 1 1 1 3 4 0 6 4 3 15 7 0 1 9 8 2 10 14 6
0 5 1 4 3 1 4 0 4 3 1 1 4 0 0 5 7 4 3 9 10 0 8 12 11 7 15 1 2 6 5
3 4 4 1 1 4 1 3 0 5 3 5 4 2 3 4 6 4 5 6 7 2 3 9 1 15 14 11 12
3 0 1 4 5 2 4 4 4 4 5 0 5 5 0 0 7 3 4 10 11 7 15 8 9 2 1 6 5 13 12
5 2 3 5 4 5 0 4 3 5 4 1 0 5 3 3 7 12 11 2 3 9 8 5 4 0 1 7 6 14 13
4 1 5 4 4 4 0 5 4 3 2 2 3 1 4 4 8 15 7 1 2 10 9 14 6 11 3 4 12 8 0 13 5
