882 882
6 6
6 6 6 6 6 6 6 6 6 6 6 6 6 6 6 6 6 6 6 6 6 6 6 6 6 6 6 6 6 6 6 6 6 6 6 6 6 6 6 6 6 6 6 6 6 6 6 6 6 6 6 6 6 6 6 6 6 6 6 6 6 6 6 6 6 6 6 6 6 6 6 6 6 6 6 6 6 6 6 6 6 6 6 6 6 6 6 6 6 6 6 6 6 6 6 6 6 6 6 6 6 6 6 6 6 6 6 6 6 6 6 6 6 6 6 6 6 6 6 6 6 6 6 6 6 6 6 6 6 6 6 6 6 6 6 6 6 6 6 6 6 6 6 6 6 6 6 6 6 6 6 6 6 6 6 6 6 6 6 6 6 6 6 6 6 6 6 6 6 6 6 6 6 6 6 6 6 6 6 6 6 6 6 6 6 6 6 6 6 6 6 6 6 6 6 6 6 6 6 6 6 6 6 6 6 6 6 6 6 6 6 6 6 6 6 6 6 6 6 6 6 6 6 6 6 6 6 6 6 6 6 6 6 6 6 6 6 6 6 6 6 6 6 6 6 6 6 6 6 6 6 6 6 6 6 6 6 6 6 6 6 6 6 6 6 6 6 6 6 6 6 6 6 6 6 6 6 6 6 6 6 6 6 6 6 6 6 6 6 6 6 6 6 6 6 6 6 6 6 6 6 6 6 6 6 6 6 6 6 6 6 6 6 6 6 6 6 6 6 6 6 6 6 6 6 6 6 6 6 6 6 6 6 6 6 6 6 6 6 6 6 6 6 6 6 6 6 6 6 6 6 6 6 6 6 6 6 6 6 6 6 6 6 6 6 6 6 6 6 6 6 6 6 6 6 6 6 6 6 6 6 6 6 6 6 6 6 6 6 6 6 6 6 6 6 6 6 6 6 6 6 6 6 6 6 6 6 6 6 6 6 6 6 6 6 6 6 6 6 6 6 6 6 6 6 6 6 6 6 6 6 6 6 6 6 6 6 6 6 6 6 6 6 6 6 6 6 6 6 6 6 6 6 6 6 6 6 6 6 6 6 6 6 6 6 6 6 6 6 6 6 6 6 6 6 6 6 6 6 6 6 6 6 6 6 6 6 6 6 6 6 6 6 6 6 6 6 6 6 6 6 6 6 6 6 6 6 6 6 6 6 6 6 6 6 6 6 6 6 6 6 6 6 6 6 6 6 6 6 6 6 6 6 6 6 6 6 6 6 6 6 6 6 6 6 6 6 6 6 6 6 6 6 6 6 6 6 6 6 6 6 6 6 6 6 6 6 6 6 6 6 6 6 6 6 6 6 6 6 6 6 6 6 6 6 6 6 6 6 6 6 6 6 6 6 6 6 6 6 6 6 6 6 6 6 6 6 6 6 6 6 6 6 6 6 6 6 6 6 6 6 6 6 6 6 6 6 6 6 6 6 6 6 6 6 6 6 6 6 6 6 6 6 6 6 6 6 6 6 6 6 6 6 6 6 6 6 6 6 6 6 6 6 6 6 6 6 6 6 6 6 6 6 6 6 6 6 6 6 6 6 6 6 6 6 6 6 6 6 6 6 6 6 6 6 6 6 6 6 6 6 6 6 6 6 6 6 6 6 6 6 6 6 6 6 6 6 6 6 6 6 6 6 6 6 6 6 6 6 6 6 6 6 6 6 6 6 6 6 6 6 6 6 6 6 6 6 6 6 6 6 6 6 6 6 6 6 6 6 6 6 6 6 6 6 6 6 6 6 6 6 6 6 6 6 6 6 6 6 6 6 6 6 6 6 6 6 6 6 6 6 6 6 6 6 6 6 6 6 6 6 6 6 6 6 6 6 6 6 6 6 6 6 6 6 6 6 6 6 6 6 6 6 6 6 6 6 6 6 6 6 6 6 6 6 6 6 6 6 6 6 6 6 6 6 6 6 6 6 6 6 6 6 6 6 6 6 6 6 6 6 6 6 6 6 6 6 6 6 6 6 6 6 6 6 6 6 6 6 6 6 6 
6 6 6 6 6 6 6 6 6 6 6 6 6 6 6 6 6 6 6 6 6 6 6 6 6 6 6 6 6 6 6 6 6 6 6 6 6 6 6 6 6 6 6 6 6 6 6 6 6 6 6 6 6 6 6 6 6 6 6 6 6 6 6 6 6 6 6 6 6 6 6 6 6 6 6 6 6 6 6 6 6 6 6 6 6 6 6 6 6 6 6 6 6 6 6 6 6 6 6 6 6 6 6 6 6 6 6 6 6 6 6 6 6 6 6 6 6 6 6 6 6 6 6 6 6 6 6 6 6 6 6 6 6 6 6 6 6 6 6 6 6 6 6 6 6 6 6 6 6 6 6 6 6 6 6 6 6 6 6 6 6 6 6 6 6 6 6 6 6 6 6 6 6 6 6 6 6 6 6 6 6 6 6 6 6 6 6 6 6 6 6 6 6 6 6 6 6 6 6 6 6 6 6 6 6 6 6 6 6 6 6 6 6 6 6 6 6 6 6 6 6 6 6 6 6 6 6 6 6 6 6 6 6 6 6 6 6 6 6 6 6 6 6 6 6 6 6 6 6 6 6 6 6 6 6 6 6 6 6 6 6 6 6 6 6 6 6 6 6 6 6 6 6 6 6 6 6 6 6 6 6 6 6 6 6 6 6 6 6 6 6 6 6 6 6 6 6 6 6 6 6 6 6 6 6 6 6 6 6 6 6 6 6 6 6 6 6 6 6 6 6 6 6 6 6 6 6 6 6 6 6 6 6 6 6 6 6 6 6 6 6 6 6 6 6 6 6 6 6 6 6 6 6 6 6 6 6 6 6 6 6 6 6 6 6 6 6 6 6 6 6 6 6 6 6 6 6 6 6 6 6 6 6 6 6 6 6 6 6 6 6 6 6 6 6 6 6 6 6 6 6 6 6 6 6 6 6 6 6 6 6 6 6 6 6 6 6 6 6 6 6 6 6 6 6 6 6 6 6 6 6 6 6 6 6 6 6 6 6 6 6 6 6 6 6 6 6 6 6 6 6 6 6 6 6 6 6 6 6 6 6 6 6 6 6 6 6 6 6 6 6 6 6 6 6 6 6 6 6 6 6 6 6 6 6 6 6 6 6 6 6 6 6 6 6 6 6 6 6 6 6 6 6 6 6 6 6 6 6 6 6 6 6 6 6 6 6 6 6 6 6 6 6 6 6 6 6 6 6 6 6 6 6 6 6 6 6 6 6 6 6 6 6 6 6 6 6 6 6 6 6 6 6 6 6 6 6 6 6 6 6 6 6 6 6 6 6 6 6 6 6 6 6 6 6 6 6 6 6 6 6 6 6 6 6 6 6 6 6 6 6 6 6 6 6 6 6 6 6 6 6 6 6 6 6 6 6 6 6 6 6 6 6 6 6 6 6 6 6 6 6 6 6 6 6 6 6 6 6 6 6 6 6 6 6 6 6 6 6 6 6 6 6 6 6 6 6 6 6 6 6 6 6 6 6 6 6 6 6 6 6 6 6 6 6 6 6 6 6 6 6 6 6 6 6 6 6 6 6 6 6 6 6 6 6 6 6 6 6 6 6 6 6 6 6 6 6 6 6 6 6 6 6 6 6 6 6 6 6 6 6 6 6 6 6 6 6 6 6 6 6 6 6 6 6 6 6 6 6 6 6 6 6 6 6 6 6 6 6 6 6 6 6 6 6 6 6 6 6 6 6 6 6 6 6 6 6 6 6 6 6 6 6 6 6 6 6 6 6 6 6 6 6 6 6 6 6 6 6 6 6 6 6 6 6 6 6 6 6 6 6 6 6 6 6 6 6 6 6 6 6 6 6 6 6 6 6 6 6 6 6 6 6 6 6 6 6 6 6 6 6 6 6 6 6 6 6 6 6 6 6 6 6 6 6 6 6 6 6 6 6 6 6 6 6 6 6 6 6 6 6 6 6 6 6 6 6 6 6 6 6 6 6 6 6 6 6 6 6 6 6 6 6 6 6 6 6 6 6 6 6 6 
28 1	118 1	127 1	442 2	499 2	504 2	
29 1	119 1	128 1	442 2	443 2	500 2	
30 1	120 1	129 1	443 2	444 2	501 2	
31 1	121 1	130 1	444 2	445 2	502 2	
32 1	122 1	131 1	445 2	446 2	503 2	
33 1	123 1	132 1	446 2	447 2	504 2	
34 1	124 1	133 1	442 2	447 2	448 2	
35 1	125 1	134 1	443 2	448 2	449 2	
36 1	126 1	135 1	444 2	449 2	450 2	
37 1	64 1	136 1	445 2	450 2	451 2	
38 1	65 1	137 1	446 2	451 2	452 2	
39 1	66 1	138 1	447 2	452 2	453 2	
40 1	67 1	139 1	448 2	453 2	454 2	
41 1	68 1	140 1	449 2	454 2	455 2	
42 1	69 1	141 1	450 2	455 2	456 2	
43 1	70 1	142 1	451 2	456 2	457 2	
44 1	71 1	143 1	452 2	457 2	458 2	
45 1	72 1	144 1	453 2	458 2	459 2	
46 1	73 1	145 1	454 2	459 2	460 2	
47 1	74 1	146 1	455 2	460 2	461 2	
48 1	75 1	147 1	456 2	461 2	462 2	
49 1	76 1	148 1	457 2	462 2	463 2	
50 1	77 1	149 1	458 2	463 2	464 2	
51 1	78 1	150 1	459 2	464 2	465 2	
52 1	79 1	151 1	460 2	465 2	466 2	
53 1	80 1	152 1	461 2	466 2	467 2	
54 1	81 1	153 1	462 2	467 2	468 2	
55 1	82 1	154 1	463 2	468 2	469 2	
56 1	83 1	155 1	464 2	469 2	470 2	
57 1	84 1	156 1	465 2	470 2	471 2	
58 1	85 1	157 1	466 2	471 2	472 2	
59 1	86 1	158 1	467 2	472 2	473 2	
60 1	87 1	159 1	468 2	473 2	474 2	
61 1	88 1	160 1	469 2	474 2	475 2	
62 1	89 1	161 1	470 2	475 2	476 2	
63 1	90 1	162 1	471 2	476 2	477 2	
1 1	91 1	163 1	472 2	477 2	478 2	
2 1	92 1	164 1	473 2	478 2	479 2	
3 1	93 1	165 1	474 2	479 2	480 2	
4 1	94 1	166 1	475 2	480 2	481 2	
5 1	95 1	167 1	476 2	481 2	482 2	
6 1	96 1	168 1	477 2	482 2	483 2	
7 1	97 1	169 1	478 2	483 2	484 2	
8 1	98 1	170 1	479 2	484 2	485 2	
9 1	99 1	171 1	480 2	485 2	486 2	
10 1	100 1	172 1	481 2	486 2	487 2	
11 1	101 1	173 1	482 2	487 2	488 2	
12 1	102 1	174 1	483 2	488 2	489 2	
13 1	103 1	175 1	484 2	489 2	490 2	
14 1	104 1	176 1	485 2	490 2	491 2	
15 1	105 1	177 1	486 2	491 2	492 2	
16 1	106 1	178 1	487 2	492 2	493 2	
17 1	107 1	179 1	488 2	493 2	494 2	
18 1	108 1	180 1	489 2	494 2	495 2	
19 1	109 1	181 1	490 2	495 2	496 2	
20 1	110 1	182 1	491 2	496 2	497 2	
21 1	111 1	183 1	492 2	497 2	498 2	
22 1	112 1	184 1	493 2	498 2	499 2	
23 1	113 1	185 1	494 2	499 2	500 2	
24 1	114 1	186 1	495 2	500 2	501 2	
25 1	115 1	187 1	496 2	501 2	502 2	
26 1	116 1	188 1	497 2	502 2	503 2	
27 1	117 1	189 1	498 2	503 2	504 2	
91 1	181 1	190 1	505 2	562 2	567 2	
92 1	182 1	191 1	505 2	506 2	563 2	
93 1	183 1	192 1	506 2	507 2	564 2	
94 1	184 1	193 1	507 2	508 2	565 2	
95 1	185 1	194 1	508 2	509 2	566 2	
96 1	186 1	195 1	509 2	510 2	567 2	
97 1	187 1	196 1	505 2	510 2	511 2	
98 1	188 1	197 1	506 2	511 2	512 2	
99 1	189 1	198 1	507 2	512 2	513 2	
100 1	127 1	199 1	508 2	513 2	514 2	
101 1	128 1	200 1	509 2	514 2	515 2	
102 1	129 1	201 1	510 2	515 2	516 2	
103 1	130 1	202 1	511 2	516 2	517 2	
104 1	131 1	203 1	512 2	517 2	518 2	
105 1	132 1	204 1	513 2	518 2	519 2	
106 1	133 1	205 1	514 2	519 2	520 2	
107 1	134 1	206 1	515 2	520 2	521 2	
108 1	135 1	207 1	516 2	521 2	522 2	
109 1	136 1	208 1	517 2	522 2	523 2	
110 1	137 1	209 1	518 2	523 2	524 2	
111 1	138 1	210 1	519 2	524 2	525 2	
112 1	139 1	211 1	520 2	525 2	526 2	
113 1	140 1	212 1	521 2	526 2	527 2	
114 1	141 1	213 1	522 2	527 2	528 2	
115 1	142 1	214 1	523 2	528 2	529 2	
116 1	143 1	215 1	524 2	529 2	530 2	
117 1	144 1	216 1	525 2	530 2	531 2	
118 1	145 1	217 1	526 2	531 2	532 2	
119 1	146 1	218 1	527 2	532 2	533 2	
120 1	147 1	219 1	528 2	533 2	534 2	
121 1	148 1	220 1	529 2	534 2	535 2	
122 1	149 1	221 1	530 2	535 2	536 2	
123 1	150 1	222 1	531 2	536 2	537 2	
124 1	151 1	223 1	532 2	537 2	538 2	
125 1	152 1	224 1	533 2	538 2	539 2	
126 1	153 1	225 1	534 2	539 2	540 2	
64 1	154 1	226 1	535 2	540 2	541 2	
65 1	155 1	227 1	536 2	541 2	542 2	
66 1	156 1	228 1	537 2	542 2	543 2	
67 1	157 1	229 1	538 2	543 2	544 2	
68 1	158 1	230 1	539 2	544 2	545 2	
69 1	159 1	231 1	540 2	545 2	546 2	
70 1	160 1	232 1	541 2	546 2	547 2	
71 1	161 1	233 1	542 2	547 2	548 2	
72 1	162 1	234 1	543 2	548 2	549 2	
73 1	163 1	235 1	544 2	549 2	550 2	
74 1	164 1	236 1	545 2	550 2	551 2	
75 1	165 1	237 1	546 2	551 2	552 2	
76 1	166 1	238 1	547 2	552 2	553 2	
77 1	167 1	239 1	548 2	553 2	554 2	
78 1	168 1	240 1	549 2	554 2	555 2	
79 1	169 1	241 1	550 2	555 2	556 2	
80 1	170 1	242 1	551 2	556 2	557 2	
81 1	171 1	243 1	552 2	557 2	558 2	
82 1	172 1	244 1	553 2	558 2	559 2	
83 1	173 1	245 1	554 2	559 2	560 2	
84 1	174 1	246 1	555 2	560 2	561 2	
85 1	175 1	247 1	556 2	561 2	562 2	
86 1	176 1	248 1	557 2	562 2	563 2	
87 1	177 1	249 1	558 2	563 2	564 2	
88 1	178 1	250 1	559 2	564 2	565 2	
89 1	179 1	251 1	560 2	565 2	566 2	
90 1	180 1	252 1	561 2	566 2	567 2	
154 1	244 1	253 1	568 2	625 2	630 2	
155 1	245 1	254 1	568 2	569 2	626 2	
156 1	246 1	255 1	569 2	570 2	627 2	
157 1	247 1	256 1	570 2	571 2	628 2	
158 1	248 1	257 1	571 2	572 2	629 2	
159 1	249 1	258 1	572 2	573 2	630 2	
160 1	250 1	259 1	568 2	573 2	574 2	
161 1	251 1	260 1	569 2	574 2	575 2	
162 1	252 1	261 1	570 2	575 2	576 2	
163 1	190 1	262 1	571 2	576 2	577 2	
164 1	191 1	263 1	572 2	577 2	578 2	
165 1	192 1	264 1	573 2	578 2	579 2	
166 1	193 1	265 1	574 2	579 2	580 2	
167 1	194 1	266 1	575 2	580 2	581 2	
168 1	195 1	267 1	576 2	581 2	582 2	
169 1	196 1	268 1	577 2	582 2	583 2	
170 1	197 1	269 1	578 2	583 2	584 2	
171 1	198 1	270 1	579 2	584 2	585 2	
172 1	199 1	271 1	580 2	585 2	586 2	
173 1	200 1	272 1	581 2	586 2	587 2	
174 1	201 1	273 1	582 2	587 2	588 2	
175 1	202 1	274 1	583 2	588 2	589 2	
176 1	203 1	275 1	584 2	589 2	590 2	
177 1	204 1	276 1	585 2	590 2	591 2	
178 1	205 1	277 1	586 2	591 2	592 2	
179 1	206 1	278 1	587 2	592 2	593 2	
180 1	207 1	279 1	588 2	593 2	594 2	
181 1	208 1	280 1	589 2	594 2	595 2	
182 1	209 1	281 1	590 2	595 2	596 2	
183 1	210 1	282 1	591 2	596 2	597 2	
184 1	211 1	283 1	592 2	597 2	598 2	
185 1	212 1	284 1	593 2	598 2	599 2	
186 1	213 1	285 1	594 2	599 2	600 2	
187 1	214 1	286 1	595 2	600 2	601 2	
188 1	215 1	287 1	596 2	601 2	602 2	
189 1	216 1	288 1	597 2	602 2	603 2	
127 1	217 1	289 1	598 2	603 2	604 2	
128 1	218 1	290 1	599 2	604 2	605 2	
129 1	219 1	291 1	600 2	605 2	606 2	
130 1	220 1	292 1	601 2	606 2	607 2	
131 1	221 1	293 1	602 2	607 2	608 2	
132 1	222 1	294 1	603 2	608 2	609 2	
133 1	223 1	295 1	604 2	609 2	610 2	
134 1	224 1	296 1	605 2	610 2	611 2	
135 1	225 1	297 1	606 2	611 2	612 2	
136 1	226 1	298 1	607 2	612 2	613 2	
137 1	227 1	299 1	608 2	613 2	614 2	
138 1	228 1	300 1	609 2	614 2	615 2	
139 1	229 1	301 1	610 2	615 2	616 2	
140 1	230 1	302 1	611 2	616 2	617 2	
141 1	231 1	303 1	612 2	617 2	618 2	
142 1	232 1	304 1	613 2	618 2	619 2	
143 1	233 1	305 1	614 2	619 2	620 2	
144 1	234 1	306 1	615 2	620 2	621 2	
145 1	235 1	307 1	616 2	621 2	622 2	
146 1	236 1	308 1	617 2	622 2	623 2	
147 1	237 1	309 1	618 2	623 2	624 2	
148 1	238 1	310 1	619 2	624 2	625 2	
149 1	239 1	311 1	620 2	625 2	626 2	
150 1	240 1	312 1	621 2	626 2	627 2	
151 1	241 1	313 1	622 2	627 2	628 2	
152 1	242 1	314 1	623 2	628 2	629 2	
153 1	243 1	315 1	624 2	629 2	630 2	
217 1	307 1	316 1	631 2	688 2	693 2	
218 1	308 1	317 1	631 2	632 2	689 2	
219 1	309 1	318 1	632 2	633 2	690 2	
220 1	310 1	319 1	633 2	634 2	691 2	
221 1	311 1	320 1	634 2	635 2	692 2	
222 1	312 1	321 1	635 2	636 2	693 2	
223 1	313 1	322 1	631 2	636 2	637 2	
224 1	314 1	323 1	632 2	637 2	638 2	
225 1	315 1	324 1	633 2	638 2	639 2	
226 1	253 1	325 1	634 2	639 2	640 2	
227 1	254 1	326 1	635 2	640 2	641 2	
228 1	255 1	327 1	636 2	641 2	642 2	
229 1	256 1	328 1	637 2	642 2	643 2	
230 1	257 1	329 1	638 2	643 2	644 2	
231 1	258 1	330 1	639 2	644 2	645 2	
232 1	259 1	331 1	640 2	645 2	646 2	
233 1	260 1	332 1	641 2	646 2	647 2	
234 1	261 1	333 1	642 2	647 2	648 2	
235 1	262 1	334 1	643 2	648 2	649 2	
236 1	263 1	335 1	644 2	649 2	650 2	
237 1	264 1	336 1	645 2	650 2	651 2	
238 1	265 1	337 1	646 2	651 2	652 2	
239 1	266 1	338 1	647 2	652 2	653 2	
240 1	267 1	339 1	648 2	653 2	654 2	
241 1	268 1	340 1	649 2	654 2	655 2	
242 1	269 1	341 1	650 2	655 2	656 2	
243 1	270 1	342 1	651 2	656 2	657 2	
244 1	271 1	343 1	652 2	657 2	658 2	
245 1	272 1	344 1	653 2	658 2	659 2	
246 1	273 1	345 1	654 2	659 2	660 2	
247 1	274 1	346 1	655 2	660 2	661 2	
248 1	275 1	347 1	656 2	661 2	662 2	
249 1	276 1	348 1	657 2	662 2	663 2	
250 1	277 1	349 1	658 2	663 2	664 2	
251 1	278 1	350 1	659 2	664 2	665 2	
252 1	279 1	351 1	660 2	665 2	666 2	
190 1	280 1	352 1	661 2	666 2	667 2	
191 1	281 1	353 1	662 2	667 2	668 2	
192 1	282 1	354 1	663 2	668 2	669 2	
193 1	283 1	355 1	664 2	669 2	670 2	
194 1	284 1	356 1	665 2	670 2	671 2	
195 1	285 1	357 1	666 2	671 2	672 2	
196 1	286 1	358 1	667 2	672 2	673 2	
197 1	287 1	359 1	668 2	673 2	674 2	
198 1	288 1	360 1	669 2	674 2	675 2	
199 1	289 1	361 1	670 2	675 2	676 2	
200 1	290 1	362 1	671 2	676 2	677 2	
201 1	291 1	363 1	672 2	677 2	678 2	
202 1	292 1	364 1	673 2	678 2	679 2	
203 1	293 1	365 1	674 2	679 2	680 2	
204 1	294 1	366 1	675 2	680 2	681 2	
205 1	295 1	367 1	676 2	681 2	682 2	
206 1	296 1	368 1	677 2	682 2	683 2	
207 1	297 1	369 1	678 2	683 2	684 2	
208 1	298 1	370 1	679 2	684 2	685 2	
209 1	299 1	371 1	680 2	685 2	686 2	
210 1	300 1	372 1	681 2	686 2	687 2	
211 1	301 1	373 1	682 2	687 2	688 2	
212 1	302 1	374 1	683 2	688 2	689 2	
213 1	303 1	375 1	684 2	689 2	690 2	
214 1	304 1	376 1	685 2	690 2	691 2	
215 1	305 1	377 1	686 2	691 2	692 2	
216 1	306 1	378 1	687 2	692 2	693 2	
280 1	370 1	379 1	694 2	751 2	756 2	
281 1	371 1	380 1	694 2	695 2	752 2	
282 1	372 1	381 1	695 2	696 2	753 2	
283 1	373 1	382 1	696 2	697 2	754 2	
284 1	374 1	383 1	697 2	698 2	755 2	
285 1	375 1	384 1	698 2	699 2	756 2	
286 1	376 1	385 1	694 2	699 2	700 2	
287 1	377 1	386 1	695 2	700 2	701 2	
288 1	378 1	387 1	696 2	701 2	702 2	
289 1	316 1	388 1	697 2	702 2	703 2	
290 1	317 1	389 1	698 2	703 2	704 2	
291 1	318 1	390 1	699 2	704 2	705 2	
292 1	319 1	391 1	700 2	705 2	706 2	
293 1	320 1	392 1	701 2	706 2	707 2	
294 1	321 1	393 1	702 2	707 2	708 2	
295 1	322 1	394 1	703 2	708 2	709 2	
296 1	323 1	395 1	704 2	709 2	710 2	
297 1	324 1	396 1	705 2	710 2	711 2	
298 1	325 1	397 1	706 2	711 2	712 2	
299 1	326 1	398 1	707 2	712 2	713 2	
300 1	327 1	399 1	708 2	713 2	714 2	
301 1	328 1	400 1	709 2	714 2	715 2	
302 1	329 1	401 1	710 2	715 2	716 2	
303 1	330 1	402 1	711 2	716 2	717 2	
304 1	331 1	403 1	712 2	717 2	718 2	
305 1	332 1	404 1	713 2	718 2	719 2	
306 1	333 1	405 1	714 2	719 2	720 2	
307 1	334 1	406 1	715 2	720 2	721 2	
308 1	335 1	407 1	716 2	721 2	722 2	
309 1	336 1	408 1	717 2	722 2	723 2	
310 1	337 1	409 1	718 2	723 2	724 2	
311 1	338 1	410 1	719 2	724 2	725 2	
312 1	339 1	411 1	720 2	725 2	726 2	
313 1	340 1	412 1	721 2	726 2	727 2	
314 1	341 1	413 1	722 2	727 2	728 2	
315 1	342 1	414 1	723 2	728 2	729 2	
253 1	343 1	415 1	724 2	729 2	730 2	
254 1	344 1	416 1	725 2	730 2	731 2	
255 1	345 1	417 1	726 2	731 2	732 2	
256 1	346 1	418 1	727 2	732 2	733 2	
257 1	347 1	419 1	728 2	733 2	734 2	
258 1	348 1	420 1	729 2	734 2	735 2	
259 1	349 1	421 1	730 2	735 2	736 2	
260 1	350 1	422 1	731 2	736 2	737 2	
261 1	351 1	423 1	732 2	737 2	738 2	
262 1	352 1	424 1	733 2	738 2	739 2	
263 1	353 1	425 1	734 2	739 2	740 2	
264 1	354 1	426 1	735 2	740 2	741 2	
265 1	355 1	427 1	736 2	741 2	742 2	
266 1	356 1	428 1	737 2	742 2	743 2	
267 1	357 1	429 1	738 2	743 2	744 2	
268 1	358 1	430 1	739 2	744 2	745 2	
269 1	359 1	431 1	740 2	745 2	746 2	
270 1	360 1	432 1	741 2	746 2	747 2	
271 1	361 1	433 1	742 2	747 2	748 2	
272 1	362 1	434 1	743 2	748 2	749 2	
273 1	363 1	435 1	744 2	749 2	750 2	
274 1	364 1	436 1	745 2	750 2	751 2	
275 1	365 1	437 1	746 2	751 2	752 2	
276 1	366 1	438 1	747 2	752 2	753 2	
277 1	367 1	439 1	748 2	753 2	754 2	
278 1	368 1	440 1	749 2	754 2	755 2	
279 1	369 1	441 1	750 2	755 2	756 2	
1 1	343 1	433 1	757 2	814 2	819 2	
2 1	344 1	434 1	757 2	758 2	815 2	
3 1	345 1	435 1	758 2	759 2	816 2	
4 1	346 1	436 1	759 2	760 2	817 2	
5 1	347 1	437 1	760 2	761 2	818 2	
6 1	348 1	438 1	761 2	762 2	819 2	
7 1	349 1	439 1	757 2	762 2	763 2	
8 1	350 1	440 1	758 2	763 2	764 2	
9 1	351 1	441 1	759 2	764 2	765 2	
10 1	352 1	379 1	760 2	765 2	766 2	
11 1	353 1	380 1	761 2	766 2	767 2	
12 1	354 1	381 1	762 2	767 2	768 2	
13 1	355 1	382 1	763 2	768 2	769 2	
14 1	356 1	383 1	764 2	769 2	770 2	
15 1	357 1	384 1	765 2	770 2	771 2	
16 1	358 1	385 1	766 2	771 2	772 2	
17 1	359 1	386 1	767 2	772 2	773 2	
18 1	360 1	387 1	768 2	773 2	774 2	
19 1	361 1	388 1	769 2	774 2	775 2	
20 1	362 1	389 1	770 2	775 2	776 2	
21 1	363 1	390 1	771 2	776 2	777 2	
22 1	364 1	391 1	772 2	777 2	778 2	
23 1	365 1	392 1	773 2	778 2	779 2	
24 1	366 1	393 1	774 2	779 2	780 2	
25 1	367 1	394 1	775 2	780 2	781 2	
26 1	368 1	395 1	776 2	781 2	782 2	
27 1	369 1	396 1	777 2	782 2	783 2	
28 1	370 1	397 1	778 2	783 2	784 2	
29 1	371 1	398 1	779 2	784 2	785 2	
30 1	372 1	399 1	780 2	785 2	786 2	
31 1	373 1	400 1	781 2	786 2	787 2	
32 1	374 1	401 1	782 2	787 2	788 2	
33 1	375 1	402 1	783 2	788 2	789 2	
34 1	376 1	403 1	784 2	789 2	790 2	
35 1	377 1	404 1	785 2	790 2	791 2	
36 1	378 1	405 1	786 2	791 2	792 2	
37 1	316 1	406 1	787 2	792 2	793 2	
38 1	317 1	407 1	788 2	793 2	794 2	
39 1	318 1	408 1	789 2	794 2	795 2	
40 1	319 1	409 1	790 2	795 2	796 2	
41 1	320 1	410 1	791 2	796 2	797 2	
42 1	321 1	411 1	792 2	797 2	798 2	
43 1	322 1	412 1	793 2	798 2	799 2	
44 1	323 1	413 1	794 2	799 2	800 2	
45 1	324 1	414 1	795 2	800 2	801 2	
46 1	325 1	415 1	796 2	801 2	802 2	
47 1	326 1	416 1	797 2	802 2	803 2	
48 1	327 1	417 1	798 2	803 2	804 2	
49 1	328 1	418 1	799 2	804 2	805 2	
50 1	329 1	419 1	800 2	805 2	806 2	
51 1	330 1	420 1	801 2	806 2	807 2	
52 1	331 1	421 1	802 2	807 2	808 2	
53 1	332 1	422 1	803 2	808 2	809 2	
54 1	333 1	423 1	804 2	809 2	810 2	
55 1	334 1	424 1	805 2	810 2	811 2	
56 1	335 1	425 1	806 2	811 2	812 2	
57 1	336 1	426 1	807 2	812 2	813 2	
58 1	337 1	427 1	808 2	813 2	814 2	
59 1	338 1	428 1	809 2	814 2	815 2	
60 1	339 1	429 1	810 2	815 2	816 2	
61 1	340 1	430 1	811 2	816 2	817 2	
62 1	341 1	431 1	812 2	817 2	818 2	
63 1	342 1	432 1	813 2	818 2	819 2	
55 1	64 1	406 1	820 2	877 2	882 2	
56 1	65 1	407 1	820 2	821 2	878 2	
57 1	66 1	408 1	821 2	822 2	879 2	
58 1	67 1	409 1	822 2	823 2	880 2	
59 1	68 1	410 1	823 2	824 2	881 2	
60 1	69 1	411 1	824 2	825 2	882 2	
61 1	70 1	412 1	820 2	825 2	826 2	
62 1	71 1	413 1	821 2	826 2	827 2	
63 1	72 1	414 1	822 2	827 2	828 2	
1 1	73 1	415 1	823 2	828 2	829 2	
2 1	74 1	416 1	824 2	829 2	830 2	
3 1	75 1	417 1	825 2	830 2	831 2	
4 1	76 1	418 1	826 2	831 2	832 2	
5 1	77 1	419 1	827 2	832 2	833 2	
6 1	78 1	420 1	828 2	833 2	834 2	
7 1	79 1	421 1	829 2	834 2	835 2	
8 1	80 1	422 1	830 2	835 2	836 2	
9 1	81 1	423 1	831 2	836 2	837 2	
10 1	82 1	424 1	832 2	837 2	838 2	
11 1	83 1	425 1	833 2	838 2	839 2	
12 1	84 1	426 1	834 2	839 2	840 2	
13 1	85 1	427 1	835 2	840 2	841 2	
14 1	86 1	428 1	836 2	841 2	842 2	
15 1	87 1	429 1	837 2	842 2	843 2	
16 1	88 1	430 1	838 2	843 2	844 2	
17 1	89 1	431 1	839 2	844 2	845 2	
18 1	90 1	432 1	840 2	845 2	846 2	
19 1	91 1	433 1	841 2	846 2	847 2	
20 1	92 1	434 1	842 2	847 2	848 2	
21 1	93 1	435 1	843 2	848 2	849 2	
22 1	94 1	436 1	844 2	849 2	850 2	
23 1	95 1	437 1	845 2	850 2	851 2	
24 1	96 1	438 1	846 2	851 2	852 2	
25 1	97 1	439 1	847 2	852 2	853 2	
26 1	98 1	440 1	848 2	853 2	854 2	
27 1	99 1	441 1	849 2	854 2	855 2	
28 1	100 1	379 1	850 2	855 2	856 2	
29 1	101 1	380 1	851 2	856 2	857 2	
30 1	102 1	381 1	852 2	857 2	858 2	
31 1	103 1	382 1	853 2	858 2	859 2	
32 1	104 1	383 1	854 2	859 2	860 2	
33 1	105 1	384 1	855 2	860 2	861 2	
34 1	106 1	385 1	856 2	861 2	862 2	
35 1	107 1	386 1	857 2	862 2	863 2	
36 1	108 1	387 1	858 2	863 2	864 2	
37 1	109 1	388 1	859 2	864 2	865 2	
38 1	110 1	389 1	860 2	865 2	866 2	
39 1	111 1	390 1	861 2	866 2	867 2	
40 1	112 1	391 1	862 2	867 2	868 2	
41 1	113 1	392 1	863 2	868 2	869 2	
42 1	114 1	393 1	864 2	869 2	870 2	
43 1	115 1	394 1	865 2	870 2	871 2	
44 1	116 1	395 1	866 2	871 2	872 2	
45 1	117 1	396 1	867 2	872 2	873 2	
46 1	118 1	397 1	868 2	873 2	874 2	
47 1	119 1	398 1	869 2	874 2	875 2	
48 1	120 1	399 1	870 2	875 2	876 2	
49 1	121 1	400 1	871 2	876 2	877 2	
50 1	122 1	401 1	872 2	877 2	878 2	
51 1	123 1	402 1	873 2	878 2	879 2	
52 1	124 1	403 1	874 2	879 2	880 2	
53 1	125 1	404 1	875 2	880 2	881 2	
54 1	126 1	405 1	876 2	881 2	882 2	
1 1	2 1	7 1	478 2	757 2	829 2	
2 1	3 1	8 1	479 2	758 2	830 2	
3 1	4 1	9 1	480 2	759 2	831 2	
4 1	5 1	10 1	481 2	760 2	832 2	
5 1	6 1	11 1	482 2	761 2	833 2	
6 1	7 1	12 1	483 2	762 2	834 2	
7 1	8 1	13 1	484 2	763 2	835 2	
8 1	9 1	14 1	485 2	764 2	836 2	
9 1	10 1	15 1	486 2	765 2	837 2	
10 1	11 1	16 1	487 2	766 2	838 2	
11 1	12 1	17 1	488 2	767 2	839 2	
12 1	13 1	18 1	489 2	768 2	840 2	
13 1	14 1	19 1	490 2	769 2	841 2	
14 1	15 1	20 1	491 2	770 2	842 2	
15 1	16 1	21 1	492 2	771 2	843 2	
16 1	17 1	22 1	493 2	772 2	844 2	
17 1	18 1	23 1	494 2	773 2	845 2	
18 1	19 1	24 1	495 2	774 2	846 2	
19 1	20 1	25 1	496 2	775 2	847 2	
20 1	21 1	26 1	497 2	776 2	848 2	
21 1	22 1	27 1	498 2	777 2	849 2	
22 1	23 1	28 1	499 2	778 2	850 2	
23 1	24 1	29 1	500 2	779 2	851 2	
24 1	25 1	30 1	501 2	780 2	852 2	
25 1	26 1	31 1	502 2	781 2	853 2	
26 1	27 1	32 1	503 2	782 2	854 2	
27 1	28 1	33 1	504 2	783 2	855 2	
28 1	29 1	34 1	442 2	784 2	856 2	
29 1	30 1	35 1	443 2	785 2	857 2	
30 1	31 1	36 1	444 2	786 2	858 2	
31 1	32 1	37 1	445 2	787 2	859 2	
32 1	33 1	38 1	446 2	788 2	860 2	
33 1	34 1	39 1	447 2	789 2	861 2	
34 1	35 1	40 1	448 2	790 2	862 2	
35 1	36 1	41 1	449 2	791 2	863 2	
36 1	37 1	42 1	450 2	792 2	864 2	
37 1	38 1	43 1	451 2	793 2	865 2	
38 1	39 1	44 1	452 2	794 2	866 2	
39 1	40 1	45 1	453 2	795 2	867 2	
40 1	41 1	46 1	454 2	796 2	868 2	
41 1	42 1	47 1	455 2	797 2	869 2	
42 1	43 1	48 1	456 2	798 2	870 2	
43 1	44 1	49 1	457 2	799 2	871 2	
44 1	45 1	50 1	458 2	800 2	872 2	
45 1	46 1	51 1	459 2	801 2	873 2	
46 1	47 1	52 1	460 2	802 2	874 2	
47 1	48 1	53 1	461 2	803 2	875 2	
48 1	49 1	54 1	462 2	804 2	876 2	
49 1	50 1	55 1	463 2	805 2	877 2	
50 1	51 1	56 1	464 2	806 2	878 2	
51 1	52 1	57 1	465 2	807 2	879 2	
52 1	53 1	58 1	466 2	808 2	880 2	
53 1	54 1	59 1	467 2	809 2	881 2	
54 1	55 1	60 1	468 2	810 2	882 2	
55 1	56 1	61 1	469 2	811 2	820 2	
56 1	57 1	62 1	470 2	812 2	821 2	
57 1	58 1	63 1	471 2	813 2	822 2	
1 1	58 1	59 1	472 2	814 2	823 2	
2 1	59 1	60 1	473 2	815 2	824 2	
3 1	60 1	61 1	474 2	816 2	825 2	
4 1	61 1	62 1	475 2	817 2	826 2	
5 1	62 1	63 1	476 2	818 2	827 2	
1 1	6 1	63 1	477 2	819 2	828 2	
64 1	65 1	70 1	451 2	541 2	820 2	
65 1	66 1	71 1	452 2	542 2	821 2	
66 1	67 1	72 1	453 2	543 2	822 2	
67 1	68 1	73 1	454 2	544 2	823 2	
68 1	69 1	74 1	455 2	545 2	824 2	
69 1	70 1	75 1	456 2	546 2	825 2	
70 1	71 1	76 1	457 2	547 2	826 2	
71 1	72 1	77 1	458 2	548 2	827 2	
72 1	73 1	78 1	459 2	549 2	828 2	
73 1	74 1	79 1	460 2	550 2	829 2	
74 1	75 1	80 1	461 2	551 2	830 2	
75 1	76 1	81 1	462 2	552 2	831 2	
76 1	77 1	82 1	463 2	553 2	832 2	
77 1	78 1	83 1	464 2	554 2	833 2	
78 1	79 1	84 1	465 2	555 2	834 2	
79 1	80 1	85 1	466 2	556 2	835 2	
80 1	81 1	86 1	467 2	557 2	836 2	
81 1	82 1	87 1	468 2	558 2	837 2	
82 1	83 1	88 1	469 2	559 2	838 2	
83 1	84 1	89 1	470 2	560 2	839 2	
84 1	85 1	90 1	471 2	561 2	840 2	
85 1	86 1	91 1	472 2	562 2	841 2	
86 1	87 1	92 1	473 2	563 2	842 2	
87 1	88 1	93 1	474 2	564 2	843 2	
88 1	89 1	94 1	475 2	565 2	844 2	
89 1	90 1	95 1	476 2	566 2	845 2	
90 1	91 1	96 1	477 2	567 2	846 2	
91 1	92 1	97 1	478 2	505 2	847 2	
92 1	93 1	98 1	479 2	506 2	848 2	
93 1	94 1	99 1	480 2	507 2	849 2	
94 1	95 1	100 1	481 2	508 2	850 2	
95 1	96 1	101 1	482 2	509 2	851 2	
96 1	97 1	102 1	483 2	510 2	852 2	
97 1	98 1	103 1	484 2	511 2	853 2	
98 1	99 1	104 1	485 2	512 2	854 2	
99 1	100 1	105 1	486 2	513 2	855 2	
100 1	101 1	106 1	487 2	514 2	856 2	
101 1	102 1	107 1	488 2	515 2	857 2	
102 1	103 1	108 1	489 2	516 2	858 2	
103 1	104 1	109 1	490 2	517 2	859 2	
104 1	105 1	110 1	491 2	518 2	860 2	
105 1	106 1	111 1	492 2	519 2	861 2	
106 1	107 1	112 1	493 2	520 2	862 2	
107 1	108 1	113 1	494 2	521 2	863 2	
108 1	109 1	114 1	495 2	522 2	864 2	
109 1	110 1	115 1	496 2	523 2	865 2	
110 1	111 1	116 1	497 2	524 2	866 2	
111 1	112 1	117 1	498 2	525 2	867 2	
112 1	113 1	118 1	499 2	526 2	868 2	
113 1	114 1	119 1	500 2	527 2	869 2	
114 1	115 1	120 1	501 2	528 2	870 2	
115 1	116 1	121 1	502 2	529 2	871 2	
116 1	117 1	122 1	503 2	530 2	872 2	
117 1	118 1	123 1	504 2	531 2	873 2	
118 1	119 1	124 1	442 2	532 2	874 2	
119 1	120 1	125 1	443 2	533 2	875 2	
120 1	121 1	126 1	444 2	534 2	876 2	
64 1	121 1	122 1	445 2	535 2	877 2	
65 1	122 1	123 1	446 2	536 2	878 2	
66 1	123 1	124 1	447 2	537 2	879 2	
67 1	124 1	125 1	448 2	538 2	880 2	
68 1	125 1	126 1	449 2	539 2	881 2	
64 1	69 1	126 1	450 2	540 2	882 2	
127 1	128 1	133 1	442 2	514 2	604 2	
128 1	129 1	134 1	443 2	515 2	605 2	
129 1	130 1	135 1	444 2	516 2	606 2	
130 1	131 1	136 1	445 2	517 2	607 2	
131 1	132 1	137 1	446 2	518 2	608 2	
132 1	133 1	138 1	447 2	519 2	609 2	
133 1	134 1	139 1	448 2	520 2	610 2	
134 1	135 1	140 1	449 2	521 2	611 2	
135 1	136 1	141 1	450 2	522 2	612 2	
136 1	137 1	142 1	451 2	523 2	613 2	
137 1	138 1	143 1	452 2	524 2	614 2	
138 1	139 1	144 1	453 2	525 2	615 2	
139 1	140 1	145 1	454 2	526 2	616 2	
140 1	141 1	146 1	455 2	527 2	617 2	
141 1	142 1	147 1	456 2	528 2	618 2	
142 1	143 1	148 1	457 2	529 2	619 2	
143 1	144 1	149 1	458 2	530 2	620 2	
144 1	145 1	150 1	459 2	531 2	621 2	
145 1	146 1	151 1	460 2	532 2	622 2	
146 1	147 1	152 1	461 2	533 2	623 2	
147 1	148 1	153 1	462 2	534 2	624 2	
148 1	149 1	154 1	463 2	535 2	625 2	
149 1	150 1	155 1	464 2	536 2	626 2	
150 1	151 1	156 1	465 2	537 2	627 2	
151 1	152 1	157 1	466 2	538 2	628 2	
152 1	153 1	158 1	467 2	539 2	629 2	
153 1	154 1	159 1	468 2	540 2	630 2	
154 1	155 1	160 1	469 2	541 2	568 2	
155 1	156 1	161 1	470 2	542 2	569 2	
156 1	157 1	162 1	471 2	543 2	570 2	
157 1	158 1	163 1	472 2	544 2	571 2	
158 1	159 1	164 1	473 2	545 2	572 2	
159 1	160 1	165 1	474 2	546 2	573 2	
160 1	161 1	166 1	475 2	547 2	574 2	
161 1	162 1	167 1	476 2	548 2	575 2	
162 1	163 1	168 1	477 2	549 2	576 2	
163 1	164 1	169 1	478 2	550 2	577 2	
164 1	165 1	170 1	479 2	551 2	578 2	
165 1	166 1	171 1	480 2	552 2	579 2	
166 1	167 1	172 1	481 2	553 2	580 2	
167 1	168 1	173 1	482 2	554 2	581 2	
168 1	169 1	174 1	483 2	555 2	582 2	
169 1	170 1	175 1	484 2	556 2	583 2	
170 1	171 1	176 1	485 2	557 2	584 2	
171 1	172 1	177 1	486 2	558 2	585 2	
172 1	173 1	178 1	487 2	559 2	586 2	
173 1	174 1	179 1	488 2	560 2	587 2	
174 1	175 1	180 1	489 2	561 2	588 2	
175 1	176 1	181 1	490 2	562 2	589 2	
176 1	177 1	182 1	491 2	563 2	590 2	
177 1	178 1	183 1	492 2	564 2	591 2	
178 1	179 1	184 1	493 2	565 2	592 2	
179 1	180 1	185 1	494 2	566 2	593 2	
180 1	181 1	186 1	495 2	567 2	594 2	
181 1	182 1	187 1	496 2	505 2	595 2	
182 1	183 1	188 1	497 2	506 2	596 2	
183 1	184 1	189 1	498 2	507 2	597 2	
127 1	184 1	185 1	499 2	508 2	598 2	
128 1	185 1	186 1	500 2	509 2	599 2	
129 1	186 1	187 1	501 2	510 2	600 2	
130 1	187 1	188 1	502 2	511 2	601 2	
131 1	188 1	189 1	503 2	512 2	602 2	
127 1	132 1	189 1	504 2	513 2	603 2	
190 1	191 1	196 1	505 2	577 2	667 2	
191 1	192 1	197 1	506 2	578 2	668 2	
192 1	193 1	198 1	507 2	579 2	669 2	
193 1	194 1	199 1	508 2	580 2	670 2	
194 1	195 1	200 1	509 2	581 2	671 2	
195 1	196 1	201 1	510 2	582 2	672 2	
196 1	197 1	202 1	511 2	583 2	673 2	
197 1	198 1	203 1	512 2	584 2	674 2	
198 1	199 1	204 1	513 2	585 2	675 2	
199 1	200 1	205 1	514 2	586 2	676 2	
200 1	201 1	206 1	515 2	587 2	677 2	
201 1	202 1	207 1	516 2	588 2	678 2	
202 1	203 1	208 1	517 2	589 2	679 2	
203 1	204 1	209 1	518 2	590 2	680 2	
204 1	205 1	210 1	519 2	591 2	681 2	
205 1	206 1	211 1	520 2	592 2	682 2	
206 1	207 1	212 1	521 2	593 2	683 2	
207 1	208 1	213 1	522 2	594 2	684 2	
208 1	209 1	214 1	523 2	595 2	685 2	
209 1	210 1	215 1	524 2	596 2	686 2	
210 1	211 1	216 1	525 2	597 2	687 2	
211 1	212 1	217 1	526 2	598 2	688 2	
212 1	213 1	218 1	527 2	599 2	689 2	
213 1	214 1	219 1	528 2	600 2	690 2	
214 1	215 1	220 1	529 2	601 2	691 2	
215 1	216 1	221 1	530 2	602 2	692 2	
216 1	217 1	222 1	531 2	603 2	693 2	
217 1	218 1	223 1	532 2	604 2	631 2	
218 1	219 1	224 1	533 2	605 2	632 2	
219 1	220 1	225 1	534 2	606 2	633 2	
220 1	221 1	226 1	535 2	607 2	634 2	
221 1	222 1	227 1	536 2	608 2	635 2	
222 1	223 1	228 1	537 2	609 2	636 2	
223 1	224 1	229 1	538 2	610 2	637 2	
224 1	225 1	230 1	539 2	611 2	638 2	
225 1	226 1	231 1	540 2	612 2	639 2	
226 1	227 1	232 1	541 2	613 2	640 2	
227 1	228 1	233 1	542 2	614 2	641 2	
228 1	229 1	234 1	543 2	615 2	642 2	
229 1	230 1	235 1	544 2	616 2	643 2	
230 1	231 1	236 1	545 2	617 2	644 2	
231 1	232 1	237 1	546 2	618 2	645 2	
232 1	233 1	238 1	547 2	619 2	646 2	
233 1	234 1	239 1	548 2	620 2	647 2	
234 1	235 1	240 1	549 2	621 2	648 2	
235 1	236 1	241 1	550 2	622 2	649 2	
236 1	237 1	242 1	551 2	623 2	650 2	
237 1	238 1	243 1	552 2	624 2	651 2	
238 1	239 1	244 1	553 2	625 2	652 2	
239 1	240 1	245 1	554 2	626 2	653 2	
240 1	241 1	246 1	555 2	627 2	654 2	
241 1	242 1	247 1	556 2	628 2	655 2	
242 1	243 1	248 1	557 2	629 2	656 2	
243 1	244 1	249 1	558 2	630 2	657 2	
244 1	245 1	250 1	559 2	568 2	658 2	
245 1	246 1	251 1	560 2	569 2	659 2	
246 1	247 1	252 1	561 2	570 2	660 2	
190 1	247 1	248 1	562 2	571 2	661 2	
191 1	248 1	249 1	563 2	572 2	662 2	
192 1	249 1	250 1	564 2	573 2	663 2	
193 1	250 1	251 1	565 2	574 2	664 2	
194 1	251 1	252 1	566 2	575 2	665 2	
190 1	195 1	252 1	567 2	576 2	666 2	
253 1	254 1	259 1	568 2	640 2	730 2	
254 1	255 1	260 1	569 2	641 2	731 2	
255 1	256 1	261 1	570 2	642 2	732 2	
256 1	257 1	262 1	571 2	643 2	733 2	
257 1	258 1	263 1	572 2	644 2	734 2	
258 1	259 1	264 1	573 2	645 2	735 2	
259 1	260 1	265 1	574 2	646 2	736 2	
260 1	261 1	266 1	575 2	647 2	737 2	
261 1	262 1	267 1	576 2	648 2	738 2	
262 1	263 1	268 1	577 2	649 2	739 2	
263 1	264 1	269 1	578 2	650 2	740 2	
264 1	265 1	270 1	579 2	651 2	741 2	
265 1	266 1	271 1	580 2	652 2	742 2	
266 1	267 1	272 1	581 2	653 2	743 2	
267 1	268 1	273 1	582 2	654 2	744 2	
268 1	269 1	274 1	583 2	655 2	745 2	
269 1	270 1	275 1	584 2	656 2	746 2	
270 1	271 1	276 1	585 2	657 2	747 2	
271 1	272 1	277 1	586 2	658 2	748 2	
272 1	273 1	278 1	587 2	659 2	749 2	
273 1	274 1	279 1	588 2	660 2	750 2	
274 1	275 1	280 1	589 2	661 2	751 2	
275 1	276 1	281 1	590 2	662 2	752 2	
276 1	277 1	282 1	591 2	663 2	753 2	
277 1	278 1	283 1	592 2	664 2	754 2	
278 1	279 1	284 1	593 2	665 2	755 2	
279 1	280 1	285 1	594 2	666 2	756 2	
280 1	281 1	286 1	595 2	667 2	694 2	
281 1	282 1	287 1	596 2	668 2	695 2	
282 1	283 1	288 1	597 2	669 2	696 2	
283 1	284 1	289 1	598 2	670 2	697 2	
284 1	285 1	290 1	599 2	671 2	698 2	
285 1	286 1	291 1	600 2	672 2	699 2	
286 1	287 1	292 1	601 2	673 2	700 2	
287 1	288 1	293 1	602 2	674 2	701 2	
288 1	289 1	294 1	603 2	675 2	702 2	
289 1	290 1	295 1	604 2	676 2	703 2	
290 1	291 1	296 1	605 2	677 2	704 2	
291 1	292 1	297 1	606 2	678 2	705 2	
292 1	293 1	298 1	607 2	679 2	706 2	
293 1	294 1	299 1	608 2	680 2	707 2	
294 1	295 1	300 1	609 2	681 2	708 2	
295 1	296 1	301 1	610 2	682 2	709 2	
296 1	297 1	302 1	611 2	683 2	710 2	
297 1	298 1	303 1	612 2	684 2	711 2	
298 1	299 1	304 1	613 2	685 2	712 2	
299 1	300 1	305 1	614 2	686 2	713 2	
300 1	301 1	306 1	615 2	687 2	714 2	
301 1	302 1	307 1	616 2	688 2	715 2	
302 1	303 1	308 1	617 2	689 2	716 2	
303 1	304 1	309 1	618 2	690 2	717 2	
304 1	305 1	310 1	619 2	691 2	718 2	
305 1	306 1	311 1	620 2	692 2	719 2	
306 1	307 1	312 1	621 2	693 2	720 2	
307 1	308 1	313 1	622 2	631 2	721 2	
308 1	309 1	314 1	623 2	632 2	722 2	
309 1	310 1	315 1	624 2	633 2	723 2	
253 1	310 1	311 1	625 2	634 2	724 2	
254 1	311 1	312 1	626 2	635 2	725 2	
255 1	312 1	313 1	627 2	636 2	726 2	
256 1	313 1	314 1	628 2	637 2	727 2	
257 1	314 1	315 1	629 2	638 2	728 2	
253 1	258 1	315 1	630 2	639 2	729 2	
316 1	317 1	322 1	631 2	703 2	793 2	
317 1	318 1	323 1	632 2	704 2	794 2	
318 1	319 1	324 1	633 2	705 2	795 2	
319 1	320 1	325 1	634 2	706 2	796 2	
320 1	321 1	326 1	635 2	707 2	797 2	
321 1	322 1	327 1	636 2	708 2	798 2	
322 1	323 1	328 1	637 2	709 2	799 2	
323 1	324 1	329 1	638 2	710 2	800 2	
324 1	325 1	330 1	639 2	711 2	801 2	
325 1	326 1	331 1	640 2	712 2	802 2	
326 1	327 1	332 1	641 2	713 2	803 2	
327 1	328 1	333 1	642 2	714 2	804 2	
328 1	329 1	334 1	643 2	715 2	805 2	
329 1	330 1	335 1	644 2	716 2	806 2	
330 1	331 1	336 1	645 2	717 2	807 2	
331 1	332 1	337 1	646 2	718 2	808 2	
332 1	333 1	338 1	647 2	719 2	809 2	
333 1	334 1	339 1	648 2	720 2	810 2	
334 1	335 1	340 1	649 2	721 2	811 2	
335 1	336 1	341 1	650 2	722 2	812 2	
336 1	337 1	342 1	651 2	723 2	813 2	
337 1	338 1	343 1	652 2	724 2	814 2	
338 1	339 1	344 1	653 2	725 2	815 2	
339 1	340 1	345 1	654 2	726 2	816 2	
340 1	341 1	346 1	655 2	727 2	817 2	
341 1	342 1	347 1	656 2	728 2	818 2	
342 1	343 1	348 1	657 2	729 2	819 2	
343 1	344 1	349 1	658 2	730 2	757 2	
344 1	345 1	350 1	659 2	731 2	758 2	
345 1	346 1	351 1	660 2	732 2	759 2	
346 1	347 1	352 1	661 2	733 2	760 2	
347 1	348 1	353 1	662 2	734 2	761 2	
348 1	349 1	354 1	663 2	735 2	762 2	
349 1	350 1	355 1	664 2	736 2	763 2	
350 1	351 1	356 1	665 2	737 2	764 2	
351 1	352 1	357 1	666 2	738 2	765 2	
352 1	353 1	358 1	667 2	739 2	766 2	
353 1	354 1	359 1	668 2	740 2	767 2	
354 1	355 1	360 1	669 2	741 2	768 2	
355 1	356 1	361 1	670 2	742 2	769 2	
356 1	357 1	362 1	671 2	743 2	770 2	
357 1	358 1	363 1	672 2	744 2	771 2	
358 1	359 1	364 1	673 2	745 2	772 2	
359 1	360 1	365 1	674 2	746 2	773 2	
360 1	361 1	366 1	675 2	747 2	774 2	
361 1	362 1	367 1	676 2	748 2	775 2	
362 1	363 1	368 1	677 2	749 2	776 2	
363 1	364 1	369 1	678 2	750 2	777 2	
364 1	365 1	370 1	679 2	751 2	778 2	
365 1	366 1	371 1	680 2	752 2	779 2	
366 1	367 1	372 1	681 2	753 2	780 2	
367 1	368 1	373 1	682 2	754 2	781 2	
368 1	369 1	374 1	683 2	755 2	782 2	
369 1	370 1	375 1	684 2	756 2	783 2	
370 1	371 1	376 1	685 2	694 2	784 2	
371 1	372 1	377 1	686 2	695 2	785 2	
372 1	373 1	378 1	687 2	696 2	786 2	
316 1	373 1	374 1	688 2	697 2	787 2	
317 1	374 1	375 1	689 2	698 2	788 2	
318 1	375 1	376 1	690 2	699 2	789 2	
319 1	376 1	377 1	691 2	700 2	790 2	
320 1	377 1	378 1	692 2	701 2	791 2	
316 1	321 1	378 1	693 2	702 2	792 2	
379 1	380 1	385 1	694 2	766 2	856 2	
380 1	381 1	386 1	695 2	767 2	857 2	
381 1	382 1	387 1	696 2	768 2	858 2	
382 1	383 1	388 1	697 2	769 2	859 2	
383 1	384 1	389 1	698 2	770 2	860 2	
384 1	385 1	390 1	699 2	771 2	861 2	
385 1	386 1	391 1	700 2	772 2	862 2	
386 1	387 1	392 1	701 2	773 2	863 2	
387 1	388 1	393 1	702 2	774 2	864 2	
388 1	389 1	394 1	703 2	775 2	865 2	
389 1	390 1	395 1	704 2	776 2	866 2	
390 1	391 1	396 1	705 2	777 2	867 2	
391 1	392 1	397 1	706 2	778 2	868 2	
392 1	393 1	398 1	707 2	779 2	869 2	
393 1	394 1	399 1	708 2	780 2	870 2	
394 1	395 1	400 1	709 2	781 2	871 2	
395 1	396 1	401 1	710 2	782 2	872 2	
396 1	397 1	402 1	711 2	783 2	873 2	
397 1	398 1	403 1	712 2	784 2	874 2	
398 1	399 1	404 1	713 2	785 2	875 2	
399 1	400 1	405 1	714 2	786 2	876 2	
400 1	401 1	406 1	715 2	787 2	877 2	
401 1	402 1	407 1	716 2	788 2	878 2	
402 1	403 1	408 1	717 2	789 2	879 2	
403 1	404 1	409 1	718 2	790 2	880 2	
404 1	405 1	410 1	719 2	791 2	881 2	
405 1	406 1	411 1	720 2	792 2	882 2	
406 1	407 1	412 1	721 2	793 2	820 2	
407 1	408 1	413 1	722 2	794 2	821 2	
408 1	409 1	414 1	723 2	795 2	822 2	
409 1	410 1	415 1	724 2	796 2	823 2	
410 1	411 1	416 1	725 2	797 2	824 2	
411 1	412 1	417 1	726 2	798 2	825 2	
412 1	413 1	418 1	727 2	799 2	826 2	
413 1	414 1	419 1	728 2	800 2	827 2	
414 1	415 1	420 1	729 2	801 2	828 2	
415 1	416 1	421 1	730 2	802 2	829 2	
416 1	417 1	422 1	731 2	803 2	830 2	
417 1	418 1	423 1	732 2	804 2	831 2	
418 1	419 1	424 1	733 2	805 2	832 2	
419 1	420 1	425 1	734 2	806 2	833 2	
420 1	421 1	426 1	735 2	807 2	834 2	
421 1	422 1	427 1	736 2	808 2	835 2	
422 1	423 1	428 1	737 2	809 2	836 2	
423 1	424 1	429 1	738 2	810 2	837 2	
424 1	425 1	430 1	739 2	811 2	838 2	
425 1	426 1	431 1	740 2	812 2	839 2	
426 1	427 1	432 1	741 2	813 2	840 2	
427 1	428 1	433 1	742 2	814 2	841 2	
428 1	429 1	434 1	743 2	815 2	842 2	
429 1	430 1	435 1	744 2	816 2	843 2	
430 1	431 1	436 1	745 2	817 2	844 2	
431 1	432 1	437 1	746 2	818 2	845 2	
432 1	433 1	438 1	747 2	819 2	846 2	
433 1	434 1	439 1	748 2	757 2	847 2	
434 1	435 1	440 1	749 2	758 2	848 2	
435 1	436 1	441 1	750 2	759 2	849 2	
379 1	436 1	437 1	751 2	760 2	850 2	
380 1	437 1	438 1	752 2	761 2	851 2	
381 1	438 1	439 1	753 2	762 2	852 2	
382 1	439 1	440 1	754 2	763 2	853 2	
383 1	440 1	441 1	755 2	764 2	854 2	
379 1	384 1	441 1	756 2	765 2	855 2	
37 1	316 1	388 1	442 1	499 1	504 1	
38 1	317 1	389 1	442 1	443 1	500 1	
39 1	318 1	390 1	443 1	444 1	501 1	
40 1	319 1	391 1	444 1	445 1	502 1	
41 1	320 1	392 1	445 1	446 1	503 1	
42 1	321 1	393 1	446 1	447 1	504 1	
43 1	322 1	394 1	442 1	447 1	448 1	
44 1	323 1	395 1	443 1	448 1	449 1	
45 1	324 1	396 1	444 1	449 1	450 1	
46 1	325 1	397 1	445 1	450 1	451 1	
47 1	326 1	398 1	446 1	451 1	452 1	
48 1	327 1	399 1	447 1	452 1	453 1	
49 1	328 1	400 1	448 1	453 1	454 1	
50 1	329 1	401 1	449 1	454 1	455 1	
51 1	330 1	402 1	450 1	455 1	456 1	
52 1	331 1	403 1	451 1	456 1	457 1	
53 1	332 1	404 1	452 1	457 1	458 1	
54 1	333 1	405 1	453 1	458 1	459 1	
55 1	334 1	406 1	454 1	459 1	460 1	
56 1	335 1	407 1	455 1	460 1	461 1	
57 1	336 1	408 1	456 1	461 1	462 1	
58 1	337 1	409 1	457 1	462 1	463 1	
59 1	338 1	410 1	458 1	463 1	464 1	
60 1	339 1	411 1	459 1	464 1	465 1	
61 1	340 1	412 1	460 1	465 1	466 1	
62 1	341 1	413 1	461 1	466 1	467 1	
63 1	342 1	414 1	462 1	467 1	468 1	
1 1	343 1	415 1	463 1	468 1	469 1	
2 1	344 1	416 1	464 1	469 1	470 1	
3 1	345 1	417 1	465 1	470 1	471 1	
4 1	346 1	418 1	466 1	471 1	472 1	
5 1	347 1	419 1	467 1	472 1	473 1	
6 1	348 1	420 1	468 1	473 1	474 1	
7 1	349 1	421 1	469 1	474 1	475 1	
8 1	350 1	422 1	470 1	475 1	476 1	
9 1	351 1	423 1	471 1	476 1	477 1	
10 1	352 1	424 1	472 1	477 1	478 1	
11 1	353 1	425 1	473 1	478 1	479 1	
12 1	354 1	426 1	474 1	479 1	480 1	
13 1	355 1	427 1	475 1	480 1	481 1	
14 1	356 1	428 1	476 1	481 1	482 1	
15 1	357 1	429 1	477 1	482 1	483 1	
16 1	358 1	430 1	478 1	483 1	484 1	
17 1	359 1	431 1	479 1	484 1	485 1	
18 1	360 1	432 1	480 1	485 1	486 1	
19 1	361 1	433 1	481 1	486 1	487 1	
20 1	362 1	434 1	482 1	487 1	488 1	
21 1	363 1	435 1	483 1	488 1	489 1	
22 1	364 1	436 1	484 1	489 1	490 1	
23 1	365 1	437 1	485 1	490 1	491 1	
24 1	366 1	438 1	486 1	491 1	492 1	
25 1	367 1	439 1	487 1	492 1	493 1	
26 1	368 1	440 1	488 1	493 1	494 1	
27 1	369 1	441 1	489 1	494 1	495 1	
28 1	370 1	379 1	490 1	495 1	496 1	
29 1	371 1	380 1	491 1	496 1	497 1	
30 1	372 1	381 1	492 1	497 1	498 1	
31 1	373 1	382 1	493 1	498 1	499 1	
32 1	374 1	383 1	494 1	499 1	500 1	
33 1	375 1	384 1	495 1	500 1	501 1	
34 1	376 1	385 1	496 1	501 1	502 1	
35 1	377 1	386 1	497 1	502 1	503 1	
36 1	378 1	387 1	498 1	503 1	504 1	
10 1	100 1	379 1	505 1	562 1	567 1	
11 1	101 1	380 1	505 1	506 1	563 1	
12 1	102 1	381 1	506 1	507 1	564 1	
13 1	103 1	382 1	507 1	508 1	565 1	
14 1	104 1	383 1	508 1	509 1	566 1	
15 1	105 1	384 1	509 1	510 1	567 1	
16 1	106 1	385 1	505 1	510 1	511 1	
17 1	107 1	386 1	506 1	511 1	512 1	
18 1	108 1	387 1	507 1	512 1	513 1	
19 1	109 1	388 1	508 1	513 1	514 1	
20 1	110 1	389 1	509 1	514 1	515 1	
21 1	111 1	390 1	510 1	515 1	516 1	
22 1	112 1	391 1	511 1	516 1	517 1	
23 1	113 1	392 1	512 1	517 1	518 1	
24 1	114 1	393 1	513 1	518 1	519 1	
25 1	115 1	394 1	514 1	519 1	520 1	
26 1	116 1	395 1	515 1	520 1	521 1	
27 1	117 1	396 1	516 1	521 1	522 1	
28 1	118 1	397 1	517 1	522 1	523 1	
29 1	119 1	398 1	518 1	523 1	524 1	
30 1	120 1	399 1	519 1	524 1	525 1	
31 1	121 1	400 1	520 1	525 1	526 1	
32 1	122 1	401 1	521 1	526 1	527 1	
33 1	123 1	402 1	522 1	527 1	528 1	
34 1	124 1	403 1	523 1	528 1	529 1	
35 1	125 1	404 1	524 1	529 1	530 1	
36 1	126 1	405 1	525 1	530 1	531 1	
37 1	64 1	406 1	526 1	531 1	532 1	
38 1	65 1	407 1	527 1	532 1	533 1	
39 1	66 1	408 1	528 1	533 1	534 1	
40 1	67 1	409 1	529 1	534 1	535 1	
41 1	68 1	410 1	530 1	535 1	536 1	
42 1	69 1	411 1	531 1	536 1	537 1	
43 1	70 1	412 1	532 1	537 1	538 1	
44 1	71 1	413 1	533 1	538 1	539 1	
45 1	72 1	414 1	534 1	539 1	540 1	
46 1	73 1	415 1	535 1	540 1	541 1	
47 1	74 1	416 1	536 1	541 1	542 1	
48 1	75 1	417 1	537 1	542 1	543 1	
49 1	76 1	418 1	538 1	543 1	544 1	
50 1	77 1	419 1	539 1	544 1	545 1	
51 1	78 1	420 1	540 1	545 1	546 1	
52 1	79 1	421 1	541 1	546 1	547 1	
53 1	80 1	422 1	542 1	547 1	548 1	
54 1	81 1	423 1	543 1	548 1	549 1	
55 1	82 1	424 1	544 1	549 1	550 1	
56 1	83 1	425 1	545 1	550 1	551 1	
57 1	84 1	426 1	546 1	551 1	552 1	
58 1	85 1	427 1	547 1	552 1	553 1	
59 1	86 1	428 1	548 1	553 1	554 1	
60 1	87 1	429 1	549 1	554 1	555 1	
61 1	88 1	430 1	550 1	555 1	556 1	
62 1	89 1	431 1	551 1	556 1	557 1	
63 1	90 1	432 1	552 1	557 1	558 1	
1 1	91 1	433 1	553 1	558 1	559 1	
2 1	92 1	434 1	554 1	559 1	560 1	
3 1	93 1	435 1	555 1	560 1	561 1	
4 1	94 1	436 1	556 1	561 1	562 1	
5 1	95 1	437 1	557 1	562 1	563 1	
6 1	96 1	438 1	558 1	563 1	564 1	
7 1	97 1	439 1	559 1	564 1	565 1	
8 1	98 1	440 1	560 1	565 1	566 1	
9 1	99 1	441 1	561 1	566 1	567 1	
1 1	73 1	163 1	568 1	625 1	630 1	
2 1	74 1	164 1	568 1	569 1	626 1	
3 1	75 1	165 1	569 1	570 1	627 1	
4 1	76 1	166 1	570 1	571 1	628 1	
5 1	77 1	167 1	571 1	572 1	629 1	
6 1	78 1	168 1	572 1	573 1	630 1	
7 1	79 1	169 1	568 1	573 1	574 1	
8 1	80 1	170 1	569 1	574 1	575 1	
9 1	81 1	171 1	570 1	575 1	576 1	
10 1	82 1	172 1	571 1	576 1	577 1	
11 1	83 1	173 1	572 1	577 1	578 1	
12 1	84 1	174 1	573 1	578 1	579 1	
13 1	85 1	175 1	574 1	579 1	580 1	
14 1	86 1	176 1	575 1	580 1	581 1	
15 1	87 1	177 1	576 1	581 1	582 1	
16 1	88 1	178 1	577 1	582 1	583 1	
17 1	89 1	179 1	578 1	583 1	584 1	
18 1	90 1	180 1	579 1	584 1	585 1	
19 1	91 1	181 1	580 1	585 1	586 1	
20 1	92 1	182 1	581 1	586 1	587 1	
21 1	93 1	183 1	582 1	587 1	588 1	
22 1	94 1	184 1	583 1	588 1	589 1	
23 1	95 1	185 1	584 1	589 1	590 1	
24 1	96 1	186 1	585 1	590 1	591 1	
25 1	97 1	187 1	586 1	591 1	592 1	
26 1	98 1	188 1	587 1	592 1	593 1	
27 1	99 1	189 1	588 1	593 1	594 1	
28 1	100 1	127 1	589 1	594 1	595 1	
29 1	101 1	128 1	590 1	595 1	596 1	
30 1	102 1	129 1	591 1	596 1	597 1	
31 1	103 1	130 1	592 1	597 1	598 1	
32 1	104 1	131 1	593 1	598 1	599 1	
33 1	105 1	132 1	594 1	599 1	600 1	
34 1	106 1	133 1	595 1	600 1	601 1	
35 1	107 1	134 1	596 1	601 1	602 1	
36 1	108 1	135 1	597 1	602 1	603 1	
37 1	109 1	136 1	598 1	603 1	604 1	
38 1	110 1	137 1	599 1	604 1	605 1	
39 1	111 1	138 1	600 1	605 1	606 1	
40 1	112 1	139 1	601 1	606 1	607 1	
41 1	113 1	140 1	602 1	607 1	608 1	
42 1	114 1	141 1	603 1	608 1	609 1	
43 1	115 1	142 1	604 1	609 1	610 1	
44 1	116 1	143 1	605 1	610 1	611 1	
45 1	117 1	144 1	606 1	611 1	612 1	
46 1	118 1	145 1	607 1	612 1	613 1	
47 1	119 1	146 1	608 1	613 1	614 1	
48 1	120 1	147 1	609 1	614 1	615 1	
49 1	121 1	148 1	610 1	615 1	616 1	
50 1	122 1	149 1	611 1	616 1	617 1	
51 1	123 1	150 1	612 1	617 1	618 1	
52 1	124 1	151 1	613 1	618 1	619 1	
53 1	125 1	152 1	614 1	619 1	620 1	
54 1	126 1	153 1	615 1	620 1	621 1	
55 1	64 1	154 1	616 1	621 1	622 1	
56 1	65 1	155 1	617 1	622 1	623 1	
57 1	66 1	156 1	618 1	623 1	624 1	
58 1	67 1	157 1	619 1	624 1	625 1	
59 1	68 1	158 1	620 1	625 1	626 1	
60 1	69 1	159 1	621 1	626 1	627 1	
61 1	70 1	160 1	622 1	627 1	628 1	
62 1	71 1	161 1	623 1	628 1	629 1	
63 1	72 1	162 1	624 1	629 1	630 1	
64 1	136 1	226 1	631 1	688 1	693 1	
65 1	137 1	227 1	631 1	632 1	689 1	
66 1	138 1	228 1	632 1	633 1	690 1	
67 1	139 1	229 1	633 1	634 1	691 1	
68 1	140 1	230 1	634 1	635 1	692 1	
69 1	141 1	231 1	635 1	636 1	693 1	
70 1	142 1	232 1	631 1	636 1	637 1	
71 1	143 1	233 1	632 1	637 1	638 1	
72 1	144 1	234 1	633 1	638 1	639 1	
73 1	145 1	235 1	634 1	639 1	640 1	
74 1	146 1	236 1	635 1	640 1	641 1	
75 1	147 1	237 1	636 1	641 1	642 1	
76 1	148 1	238 1	637 1	642 1	643 1	
77 1	149 1	239 1	638 1	643 1	644 1	
78 1	150 1	240 1	639 1	644 1	645 1	
79 1	151 1	241 1	640 1	645 1	646 1	
80 1	152 1	242 1	641 1	646 1	647 1	
81 1	153 1	243 1	642 1	647 1	648 1	
82 1	154 1	244 1	643 1	648 1	649 1	
83 1	155 1	245 1	644 1	649 1	650 1	
84 1	156 1	246 1	645 1	650 1	651 1	
85 1	157 1	247 1	646 1	651 1	652 1	
86 1	158 1	248 1	647 1	652 1	653 1	
87 1	159 1	249 1	648 1	653 1	654 1	
88 1	160 1	250 1	649 1	654 1	655 1	
89 1	161 1	251 1	650 1	655 1	656 1	
90 1	162 1	252 1	651 1	656 1	657 1	
91 1	163 1	190 1	652 1	657 1	658 1	
92 1	164 1	191 1	653 1	658 1	659 1	
93 1	165 1	192 1	654 1	659 1	660 1	
94 1	166 1	193 1	655 1	660 1	661 1	
95 1	167 1	194 1	656 1	661 1	662 1	
96 1	168 1	195 1	657 1	662 1	663 1	
97 1	169 1	196 1	658 1	663 1	664 1	
98 1	170 1	197 1	659 1	664 1	665 1	
99 1	171 1	198 1	660 1	665 1	666 1	
100 1	172 1	199 1	661 1	666 1	667 1	
101 1	173 1	200 1	662 1	667 1	668 1	
102 1	174 1	201 1	663 1	668 1	669 1	
103 1	175 1	202 1	664 1	669 1	670 1	
104 1	176 1	203 1	665 1	670 1	671 1	
105 1	177 1	204 1	666 1	671 1	672 1	
106 1	178 1	205 1	667 1	672 1	673 1	
107 1	179 1	206 1	668 1	673 1	674 1	
108 1	180 1	207 1	669 1	674 1	675 1	
109 1	181 1	208 1	670 1	675 1	676 1	
110 1	182 1	209 1	671 1	676 1	677 1	
111 1	183 1	210 1	672 1	677 1	678 1	
112 1	184 1	211 1	673 1	678 1	679 1	
113 1	185 1	212 1	674 1	679 1	680 1	
114 1	186 1	213 1	675 1	680 1	681 1	
115 1	187 1	214 1	676 1	681 1	682 1	
116 1	188 1	215 1	677 1	682 1	683 1	
117 1	189 1	216 1	678 1	683 1	684 1	
118 1	127 1	217 1	679 1	684 1	685 1	
119 1	128 1	218 1	680 1	685 1	686 1	
120 1	129 1	219 1	681 1	686 1	687 1	
121 1	130 1	220 1	682 1	687 1	688 1	
122 1	131 1	221 1	683 1	688 1	689 1	
123 1	132 1	222 1	684 1	689 1	690 1	
124 1	133 1	223 1	685 1	690 1	691 1	
125 1	134 1	224 1	686 1	691 1	692 1	
126 1	135 1	225 1	687 1	692 1	693 1	
127 1	199 1	289 1	694 1	751 1	756 1	
128 1	200 1	290 1	694 1	695 1	752 1	
129 1	201 1	291 1	695 1	696 1	753 1	
130 1	202 1	292 1	696 1	697 1	754 1	
131 1	203 1	293 1	697 1	698 1	755 1	
132 1	204 1	294 1	698 1	699 1	756 1	
133 1	205 1	295 1	694 1	699 1	700 1	
134 1	206 1	296 1	695 1	700 1	701 1	
135 1	207 1	297 1	696 1	701 1	702 1	
136 1	208 1	298 1	697 1	702 1	703 1	
137 1	209 1	299 1	698 1	703 1	704 1	
138 1	210 1	300 1	699 1	704 1	705 1	
139 1	211 1	301 1	700 1	705 1	706 1	
140 1	212 1	302 1	701 1	706 1	707 1	
141 1	213 1	303 1	702 1	707 1	708 1	
142 1	214 1	304 1	703 1	708 1	709 1	
143 1	215 1	305 1	704 1	709 1	710 1	
144 1	216 1	306 1	705 1	710 1	711 1	
145 1	217 1	307 1	706 1	711 1	712 1	
146 1	218 1	308 1	707 1	712 1	713 1	
147 1	219 1	309 1	708 1	713 1	714 1	
148 1	220 1	310 1	709 1	714 1	715 1	
149 1	221 1	311 1	710 1	715 1	716 1	
150 1	222 1	312 1	711 1	716 1	717 1	
151 1	223 1	313 1	712 1	717 1	718 1	
152 1	224 1	314 1	713 1	718 1	719 1	
153 1	225 1	315 1	714 1	719 1	720 1	
154 1	226 1	253 1	715 1	720 1	721 1	
155 1	227 1	254 1	716 1	721 1	722 1	
156 1	228 1	255 1	717 1	722 1	723 1	
157 1	229 1	256 1	718 1	723 1	724 1	
158 1	230 1	257 1	719 1	724 1	725 1	
159 1	231 1	258 1	720 1	725 1	726 1	
160 1	232 1	259 1	721 1	726 1	727 1	
161 1	233 1	260 1	722 1	727 1	728 1	
162 1	234 1	261 1	723 1	728 1	729 1	
163 1	235 1	262 1	724 1	729 1	730 1	
164 1	236 1	263 1	725 1	730 1	731 1	
165 1	237 1	264 1	726 1	731 1	732 1	
166 1	238 1	265 1	727 1	732 1	733 1	
167 1	239 1	266 1	728 1	733 1	734 1	
168 1	240 1	267 1	729 1	734 1	735 1	
169 1	241 1	268 1	730 1	735 1	736 1	
170 1	242 1	269 1	731 1	736 1	737 1	
171 1	243 1	270 1	732 1	737 1	738 1	
172 1	244 1	271 1	733 1	738 1	739 1	
173 1	245 1	272 1	734 1	739 1	740 1	
174 1	246 1	273 1	735 1	740 1	741 1	
175 1	247 1	274 1	736 1	741 1	742 1	
176 1	248 1	275 1	737 1	742 1	743 1	
177 1	249 1	276 1	738 1	743 1	744 1	
178 1	250 1	277 1	739 1	744 1	745 1	
179 1	251 1	278 1	740 1	745 1	746 1	
180 1	252 1	279 1	741 1	746 1	747 1	
181 1	190 1	280 1	742 1	747 1	748 1	
182 1	191 1	281 1	743 1	748 1	749 1	
183 1	192 1	282 1	744 1	749 1	750 1	
184 1	193 1	283 1	745 1	750 1	751 1	
185 1	194 1	284 1	746 1	751 1	752 1	
186 1	195 1	285 1	747 1	752 1	753 1	
187 1	196 1	286 1	748 1	753 1	754 1	
188 1	197 1	287 1	749 1	754 1	755 1	
189 1	198 1	288 1	750 1	755 1	756 1	
190 1	262 1	352 1	757 1	814 1	819 1	
191 1	263 1	353 1	757 1	758 1	815 1	
192 1	264 1	354 1	758 1	759 1	816 1	
193 1	265 1	355 1	759 1	760 1	817 1	
194 1	266 1	356 1	760 1	761 1	818 1	
195 1	267 1	357 1	761 1	762 1	819 1	
196 1	268 1	358 1	757 1	762 1	763 1	
197 1	269 1	359 1	758 1	763 1	764 1	
198 1	270 1	360 1	759 1	764 1	765 1	
199 1	271 1	361 1	760 1	765 1	766 1	
200 1	272 1	362 1	761 1	766 1	767 1	
201 1	273 1	363 1	762 1	767 1	768 1	
202 1	274 1	364 1	763 1	768 1	769 1	
203 1	275 1	365 1	764 1	769 1	770 1	
204 1	276 1	366 1	765 1	770 1	771 1	
205 1	277 1	367 1	766 1	771 1	772 1	
206 1	278 1	368 1	767 1	772 1	773 1	
207 1	279 1	369 1	768 1	773 1	774 1	
208 1	280 1	370 1	769 1	774 1	775 1	
209 1	281 1	371 1	770 1	775 1	776 1	
210 1	282 1	372 1	771 1	776 1	777 1	
211 1	283 1	373 1	772 1	777 1	778 1	
212 1	284 1	374 1	773 1	778 1	779 1	
213 1	285 1	375 1	774 1	779 1	780 1	
214 1	286 1	376 1	775 1	780 1	781 1	
215 1	287 1	377 1	776 1	781 1	782 1	
216 1	288 1	378 1	777 1	782 1	783 1	
217 1	289 1	316 1	778 1	783 1	784 1	
218 1	290 1	317 1	779 1	784 1	785 1	
219 1	291 1	318 1	780 1	785 1	786 1	
220 1	292 1	319 1	781 1	786 1	787 1	
221 1	293 1	320 1	782 1	787 1	788 1	
222 1	294 1	321 1	783 1	788 1	789 1	
223 1	295 1	322 1	784 1	789 1	790 1	
224 1	296 1	323 1	785 1	790 1	791 1	
225 1	297 1	324 1	786 1	791 1	792 1	
226 1	298 1	325 1	787 1	792 1	793 1	
227 1	299 1	326 1	788 1	793 1	794 1	
228 1	300 1	327 1	789 1	794 1	795 1	
229 1	301 1	328 1	790 1	795 1	796 1	
230 1	302 1	329 1	791 1	796 1	797 1	
231 1	303 1	330 1	792 1	797 1	798 1	
232 1	304 1	331 1	793 1	798 1	799 1	
233 1	305 1	332 1	794 1	799 1	800 1	
234 1	306 1	333 1	795 1	800 1	801 1	
235 1	307 1	334 1	796 1	801 1	802 1	
236 1	308 1	335 1	797 1	802 1	803 1	
237 1	309 1	336 1	798 1	803 1	804 1	
238 1	310 1	337 1	799 1	804 1	805 1	
239 1	311 1	338 1	800 1	805 1	806 1	
240 1	312 1	339 1	801 1	806 1	807 1	
241 1	313 1	340 1	802 1	807 1	808 1	
242 1	314 1	341 1	803 1	808 1	809 1	
243 1	315 1	342 1	804 1	809 1	810 1	
244 1	253 1	343 1	805 1	810 1	811 1	
245 1	254 1	344 1	806 1	811 1	812 1	
246 1	255 1	345 1	807 1	812 1	813 1	
247 1	256 1	346 1	808 1	813 1	814 1	
248 1	257 1	347 1	809 1	814 1	815 1	
249 1	258 1	348 1	810 1	815 1	816 1	
250 1	259 1	349 1	811 1	816 1	817 1	
251 1	260 1	350 1	812 1	817 1	818 1	
252 1	261 1	351 1	813 1	818 1	819 1	
253 1	325 1	415 1	820 1	877 1	882 1	
254 1	326 1	416 1	820 1	821 1	878 1	
255 1	327 1	417 1	821 1	822 1	879 1	
256 1	328 1	418 1	822 1	823 1	880 1	
257 1	329 1	419 1	823 1	824 1	881 1	
258 1	330 1	420 1	824 1	825 1	882 1	
259 1	331 1	421 1	820 1	825 1	826 1	
260 1	332 1	422 1	821 1	826 1	827 1	
261 1	333 1	423 1	822 1	827 1	828 1	
262 1	334 1	424 1	823 1	828 1	829 1	
263 1	335 1	425 1	824 1	829 1	830 1	
264 1	336 1	426 1	825 1	830 1	831 1	
265 1	337 1	427 1	826 1	831 1	832 1	
266 1	338 1	428 1	827 1	832 1	833 1	
267 1	339 1	429 1	828 1	833 1	834 1	
268 1	340 1	430 1	829 1	834 1	835 1	
269 1	341 1	431 1	830 1	835 1	836 1	
270 1	342 1	432 1	831 1	836 1	837 1	
271 1	343 1	433 1	832 1	837 1	838 1	
272 1	344 1	434 1	833 1	838 1	839 1	
273 1	345 1	435 1	834 1	839 1	840 1	
274 1	346 1	436 1	835 1	840 1	841 1	
275 1	347 1	437 1	836 1	841 1	842 1	
276 1	348 1	438 1	837 1	842 1	843 1	
277 1	349 1	439 1	838 1	843 1	844 1	
278 1	350 1	440 1	839 1	844 1	845 1	
279 1	351 1	441 1	840 1	845 1	846 1	
280 1	352 1	379 1	841 1	846 1	847 1	
281 1	353 1	380 1	842 1	847 1	848 1	
282 1	354 1	381 1	843 1	848 1	849 1	
283 1	355 1	382 1	844 1	849 1	850 1	
284 1	356 1	383 1	845 1	850 1	851 1	
285 1	357 1	384 1	846 1	851 1	852 1	
286 1	358 1	385 1	847 1	852 1	853 1	
287 1	359 1	386 1	848 1	853 1	854 1	
288 1	360 1	387 1	849 1	854 1	855 1	
289 1	361 1	388 1	850 1	855 1	856 1	
290 1	362 1	389 1	851 1	856 1	857 1	
291 1	363 1	390 1	852 1	857 1	858 1	
292 1	364 1	391 1	853 1	858 1	859 1	
293 1	365 1	392 1	854 1	859 1	860 1	
294 1	366 1	393 1	855 1	860 1	861 1	
295 1	367 1	394 1	856 1	861 1	862 1	
296 1	368 1	395 1	857 1	862 1	863 1	
297 1	369 1	396 1	858 1	863 1	864 1	
298 1	370 1	397 1	859 1	864 1	865 1	
299 1	371 1	398 1	860 1	865 1	866 1	
300 1	372 1	399 1	861 1	866 1	867 1	
301 1	373 1	400 1	862 1	867 1	868 1	
302 1	374 1	401 1	863 1	868 1	869 1	
303 1	375 1	402 1	864 1	869 1	870 1	
304 1	376 1	403 1	865 1	870 1	871 1	
305 1	377 1	404 1	866 1	871 1	872 1	
306 1	378 1	405 1	867 1	872 1	873 1	
307 1	316 1	406 1	868 1	873 1	874 1	
308 1	317 1	407 1	869 1	874 1	875 1	
309 1	318 1	408 1	870 1	875 1	876 1	
310 1	319 1	409 1	871 1	876 1	877 1	
311 1	320 1	410 1	872 1	877 1	878 1	
312 1	321 1	411 1	873 1	878 1	879 1	
313 1	322 1	412 1	874 1	879 1	880 1	
314 1	323 1	413 1	875 1	880 1	881 1	
315 1	324 1	414 1	876 1	881 1	882 1	
1 2	2 2	7 2	469 2	559 2	568 2	
2 2	3 2	8 2	470 2	560 2	569 2	
3 2	4 2	9 2	471 2	561 2	570 2	
4 2	5 2	10 2	472 2	562 2	571 2	
5 2	6 2	11 2	473 2	563 2	572 2	
6 2	7 2	12 2	474 2	564 2	573 2	
7 2	8 2	13 2	475 2	565 2	574 2	
8 2	9 2	14 2	476 2	566 2	575 2	
9 2	10 2	15 2	477 2	567 2	576 2	
10 2	11 2	16 2	478 2	505 2	577 2	
11 2	12 2	17 2	479 2	506 2	578 2	
12 2	13 2	18 2	480 2	507 2	579 2	
13 2	14 2	19 2	481 2	508 2	580 2	
14 2	15 2	20 2	482 2	509 2	581 2	
15 2	16 2	21 2	483 2	510 2	582 2	
16 2	17 2	22 2	484 2	511 2	583 2	
17 2	18 2	23 2	485 2	512 2	584 2	
18 2	19 2	24 2	486 2	513 2	585 2	
19 2	20 2	25 2	487 2	514 2	586 2	
20 2	21 2	26 2	488 2	515 2	587 2	
21 2	22 2	27 2	489 2	516 2	588 2	
22 2	23 2	28 2	490 2	517 2	589 2	
23 2	24 2	29 2	491 2	518 2	590 2	
24 2	25 2	30 2	492 2	519 2	591 2	
25 2	26 2	31 2	493 2	520 2	592 2	
26 2	27 2	32 2	494 2	521 2	593 2	
27 2	28 2	33 2	495 2	522 2	594 2	
28 2	29 2	34 2	496 2	523 2	595 2	
29 2	30 2	35 2	497 2	524 2	596 2	
30 2	31 2	36 2	498 2	525 2	597 2	
31 2	32 2	37 2	499 2	526 2	598 2	
32 2	33 2	38 2	500 2	527 2	599 2	
33 2	34 2	39 2	501 2	528 2	600 2	
34 2	35 2	40 2	502 2	529 2	601 2	
35 2	36 2	41 2	503 2	530 2	602 2	
36 2	37 2	42 2	504 2	531 2	603 2	
37 2	38 2	43 2	442 2	532 2	604 2	
38 2	39 2	44 2	443 2	533 2	605 2	
39 2	40 2	45 2	444 2	534 2	606 2	
40 2	41 2	46 2	445 2	535 2	607 2	
41 2	42 2	47 2	446 2	536 2	608 2	
42 2	43 2	48 2	447 2	537 2	609 2	
43 2	44 2	49 2	448 2	538 2	610 2	
44 2	45 2	50 2	449 2	539 2	611 2	
45 2	46 2	51 2	450 2	540 2	612 2	
46 2	47 2	52 2	451 2	541 2	613 2	
47 2	48 2	53 2	452 2	542 2	614 2	
48 2	49 2	54 2	453 2	543 2	615 2	
49 2	50 2	55 2	454 2	544 2	616 2	
50 2	51 2	56 2	455 2	545 2	617 2	
51 2	52 2	57 2	456 2	546 2	618 2	
52 2	53 2	58 2	457 2	547 2	619 2	
53 2	54 2	59 2	458 2	548 2	620 2	
54 2	55 2	60 2	459 2	549 2	621 2	
55 2	56 2	61 2	460 2	550 2	622 2	
56 2	57 2	62 2	461 2	551 2	623 2	
57 2	58 2	63 2	462 2	552 2	624 2	
1 2	58 2	59 2	463 2	553 2	625 2	
2 2	59 2	60 2	464 2	554 2	626 2	
3 2	60 2	61 2	465 2	555 2	627 2	
4 2	61 2	62 2	466 2	556 2	628 2	
5 2	62 2	63 2	467 2	557 2	629 2	
1 2	6 2	63 2	468 2	558 2	630 2	
64 2	65 2	70 2	532 2	622 2	631 2	
65 2	66 2	71 2	533 2	623 2	632 2	
66 2	67 2	72 2	534 2	624 2	633 2	
67 2	68 2	73 2	535 2	625 2	634 2	
68 2	69 2	74 2	536 2	626 2	635 2	
69 2	70 2	75 2	537 2	627 2	636 2	
70 2	71 2	76 2	538 2	628 2	637 2	
71 2	72 2	77 2	539 2	629 2	638 2	
72 2	73 2	78 2	540 2	630 2	639 2	
73 2	74 2	79 2	541 2	568 2	640 2	
74 2	75 2	80 2	542 2	569 2	641 2	
75 2	76 2	81 2	543 2	570 2	642 2	
76 2	77 2	82 2	544 2	571 2	643 2	
77 2	78 2	83 2	545 2	572 2	644 2	
78 2	79 2	84 2	546 2	573 2	645 2	
79 2	80 2	85 2	547 2	574 2	646 2	
80 2	81 2	86 2	548 2	575 2	647 2	
81 2	82 2	87 2	549 2	576 2	648 2	
82 2	83 2	88 2	550 2	577 2	649 2	
83 2	84 2	89 2	551 2	578 2	650 2	
84 2	85 2	90 2	552 2	579 2	651 2	
85 2	86 2	91 2	553 2	580 2	652 2	
86 2	87 2	92 2	554 2	581 2	653 2	
87 2	88 2	93 2	555 2	582 2	654 2	
88 2	89 2	94 2	556 2	583 2	655 2	
89 2	90 2	95 2	557 2	584 2	656 2	
90 2	91 2	96 2	558 2	585 2	657 2	
91 2	92 2	97 2	559 2	586 2	658 2	
92 2	93 2	98 2	560 2	587 2	659 2	
93 2	94 2	99 2	561 2	588 2	660 2	
94 2	95 2	100 2	562 2	589 2	661 2	
95 2	96 2	101 2	563 2	590 2	662 2	
96 2	97 2	102 2	564 2	591 2	663 2	
97 2	98 2	103 2	565 2	592 2	664 2	
98 2	99 2	104 2	566 2	593 2	665 2	
99 2	100 2	105 2	567 2	594 2	666 2	
100 2	101 2	106 2	505 2	595 2	667 2	
101 2	102 2	107 2	506 2	596 2	668 2	
102 2	103 2	108 2	507 2	597 2	669 2	
103 2	104 2	109 2	508 2	598 2	670 2	
104 2	105 2	110 2	509 2	599 2	671 2	
105 2	106 2	111 2	510 2	600 2	672 2	
106 2	107 2	112 2	511 2	601 2	673 2	
107 2	108 2	113 2	512 2	602 2	674 2	
108 2	109 2	114 2	513 2	603 2	675 2	
109 2	110 2	115 2	514 2	604 2	676 2	
110 2	111 2	116 2	515 2	605 2	677 2	
111 2	112 2	117 2	516 2	606 2	678 2	
112 2	113 2	118 2	517 2	607 2	679 2	
113 2	114 2	119 2	518 2	608 2	680 2	
114 2	115 2	120 2	519 2	609 2	681 2	
115 2	116 2	121 2	520 2	610 2	682 2	
116 2	117 2	122 2	521 2	611 2	683 2	
117 2	118 2	123 2	522 2	612 2	684 2	
118 2	119 2	124 2	523 2	613 2	685 2	
119 2	120 2	125 2	524 2	614 2	686 2	
120 2	121 2	126 2	525 2	615 2	687 2	
64 2	121 2	122 2	526 2	616 2	688 2	
65 2	122 2	123 2	527 2	617 2	689 2	
66 2	123 2	124 2	528 2	618 2	690 2	
67 2	124 2	125 2	529 2	619 2	691 2	
68 2	125 2	126 2	530 2	620 2	692 2	
64 2	69 2	126 2	531 2	621 2	693 2	
127 2	128 2	133 2	595 2	685 2	694 2	
128 2	129 2	134 2	596 2	686 2	695 2	
129 2	130 2	135 2	597 2	687 2	696 2	
130 2	131 2	136 2	598 2	688 2	697 2	
131 2	132 2	137 2	599 2	689 2	698 2	
132 2	133 2	138 2	600 2	690 2	699 2	
133 2	134 2	139 2	601 2	691 2	700 2	
134 2	135 2	140 2	602 2	692 2	701 2	
135 2	136 2	141 2	603 2	693 2	702 2	
136 2	137 2	142 2	604 2	631 2	703 2	
137 2	138 2	143 2	605 2	632 2	704 2	
138 2	139 2	144 2	606 2	633 2	705 2	
139 2	140 2	145 2	607 2	634 2	706 2	
140 2	141 2	146 2	608 2	635 2	707 2	
141 2	142 2	147 2	609 2	636 2	708 2	
142 2	143 2	148 2	610 2	637 2	709 2	
143 2	144 2	149 2	611 2	638 2	710 2	
144 2	145 2	150 2	612 2	639 2	711 2	
145 2	146 2	151 2	613 2	640 2	712 2	
146 2	147 2	152 2	614 2	641 2	713 2	
147 2	148 2	153 2	615 2	642 2	714 2	
148 2	149 2	154 2	616 2	643 2	715 2	
149 2	150 2	155 2	617 2	644 2	716 2	
150 2	151 2	156 2	618 2	645 2	717 2	
151 2	152 2	157 2	619 2	646 2	718 2	
152 2	153 2	158 2	620 2	647 2	719 2	
153 2	154 2	159 2	621 2	648 2	720 2	
154 2	155 2	160 2	622 2	649 2	721 2	
155 2	156 2	161 2	623 2	650 2	722 2	
156 2	157 2	162 2	624 2	651 2	723 2	
157 2	158 2	163 2	625 2	652 2	724 2	
158 2	159 2	164 2	626 2	653 2	725 2	
159 2	160 2	165 2	627 2	654 2	726 2	
160 2	161 2	166 2	628 2	655 2	727 2	
161 2	162 2	167 2	629 2	656 2	728 2	
162 2	163 2	168 2	630 2	657 2	729 2	
163 2	164 2	169 2	568 2	658 2	730 2	
164 2	165 2	170 2	569 2	659 2	731 2	
165 2	166 2	171 2	570 2	660 2	732 2	
166 2	167 2	172 2	571 2	661 2	733 2	
167 2	168 2	173 2	572 2	662 2	734 2	
168 2	169 2	174 2	573 2	663 2	735 2	
169 2	170 2	175 2	574 2	664 2	736 2	
170 2	171 2	176 2	575 2	665 2	737 2	
171 2	172 2	177 2	576 2	666 2	738 2	
172 2	173 2	178 2	577 2	667 2	739 2	
173 2	174 2	179 2	578 2	668 2	740 2	
174 2	175 2	180 2	579 2	669 2	741 2	
175 2	176 2	181 2	580 2	670 2	742 2	
176 2	177 2	182 2	581 2	671 2	743 2	
177 2	178 2	183 2	582 2	672 2	744 2	
178 2	179 2	184 2	583 2	673 2	745 2	
179 2	180 2	185 2	584 2	674 2	746 2	
180 2	181 2	186 2	585 2	675 2	747 2	
181 2	182 2	187 2	586 2	676 2	748 2	
182 2	183 2	188 2	587 2	677 2	749 2	
183 2	184 2	189 2	588 2	678 2	750 2	
127 2	184 2	185 2	589 2	679 2	751 2	
128 2	185 2	186 2	590 2	680 2	752 2	
129 2	186 2	187 2	591 2	681 2	753 2	
130 2	187 2	188 2	592 2	682 2	754 2	
131 2	188 2	189 2	593 2	683 2	755 2	
127 2	132 2	189 2	594 2	684 2	756 2	
190 2	191 2	196 2	658 2	748 2	757 2	
191 2	192 2	197 2	659 2	749 2	758 2	
192 2	193 2	198 2	660 2	750 2	759 2	
193 2	194 2	199 2	661 2	751 2	760 2	
194 2	195 2	200 2	662 2	752 2	761 2	
195 2	196 2	201 2	663 2	753 2	762 2	
196 2	197 2	202 2	664 2	754 2	763 2	
197 2	198 2	203 2	665 2	755 2	764 2	
198 2	199 2	204 2	666 2	756 2	765 2	
199 2	200 2	205 2	667 2	694 2	766 2	
200 2	201 2	206 2	668 2	695 2	767 2	
201 2	202 2	207 2	669 2	696 2	768 2	
202 2	203 2	208 2	670 2	697 2	769 2	
203 2	204 2	209 2	671 2	698 2	770 2	
204 2	205 2	210 2	672 2	699 2	771 2	
205 2	206 2	211 2	673 2	700 2	772 2	
206 2	207 2	212 2	674 2	701 2	773 2	
207 2	208 2	213 2	675 2	702 2	774 2	
208 2	209 2	214 2	676 2	703 2	775 2	
209 2	210 2	215 2	677 2	704 2	776 2	
210 2	211 2	216 2	678 2	705 2	777 2	
211 2	212 2	217 2	679 2	706 2	778 2	
212 2	213 2	218 2	680 2	707 2	779 2	
213 2	214 2	219 2	681 2	708 2	780 2	
214 2	215 2	220 2	682 2	709 2	781 2	
215 2	216 2	221 2	683 2	710 2	782 2	
216 2	217 2	222 2	684 2	711 2	783 2	
217 2	218 2	223 2	685 2	712 2	784 2	
218 2	219 2	224 2	686 2	713 2	785 2	
219 2	220 2	225 2	687 2	714 2	786 2	
220 2	221 2	226 2	688 2	715 2	787 2	
221 2	222 2	227 2	689 2	716 2	788 2	
222 2	223 2	228 2	690 2	717 2	789 2	
223 2	224 2	229 2	691 2	718 2	790 2	
224 2	225 2	230 2	692 2	719 2	791 2	
225 2	226 2	231 2	693 2	720 2	792 2	
226 2	227 2	232 2	631 2	721 2	793 2	
227 2	228 2	233 2	632 2	722 2	794 2	
228 2	229 2	234 2	633 2	723 2	795 2	
229 2	230 2	235 2	634 2	724 2	796 2	
230 2	231 2	236 2	635 2	725 2	797 2	
231 2	232 2	237 2	636 2	726 2	798 2	
232 2	233 2	238 2	637 2	727 2	799 2	
233 2	234 2	239 2	638 2	728 2	800 2	
234 2	235 2	240 2	639 2	729 2	801 2	
235 2	236 2	241 2	640 2	730 2	802 2	
236 2	237 2	242 2	641 2	731 2	803 2	
237 2	238 2	243 2	642 2	732 2	804 2	
238 2	239 2	244 2	643 2	733 2	805 2	
239 2	240 2	245 2	644 2	734 2	806 2	
240 2	241 2	246 2	645 2	735 2	807 2	
241 2	242 2	247 2	646 2	736 2	808 2	
242 2	243 2	248 2	647 2	737 2	809 2	
243 2	244 2	249 2	648 2	738 2	810 2	
244 2	245 2	250 2	649 2	739 2	811 2	
245 2	246 2	251 2	650 2	740 2	812 2	
246 2	247 2	252 2	651 2	741 2	813 2	
190 2	247 2	248 2	652 2	742 2	814 2	
191 2	248 2	249 2	653 2	743 2	815 2	
192 2	249 2	250 2	654 2	744 2	816 2	
193 2	250 2	251 2	655 2	745 2	817 2	
194 2	251 2	252 2	656 2	746 2	818 2	
190 2	195 2	252 2	657 2	747 2	819 2	
253 2	254 2	259 2	721 2	811 2	820 2	
254 2	255 2	260 2	722 2	812 2	821 2	
255 2	256 2	261 2	723 2	813 2	822 2	
256 2	257 2	262 2	724 2	814 2	823 2	
257 2	258 2	263 2	725 2	815 2	824 2	
258 2	259 2	264 2	726 2	816 2	825 2	
259 2	260 2	265 2	727 2	817 2	826 2	
260 2	261 2	266 2	728 2	818 2	827 2	
261 2	262 2	267 2	729 2	819 2	828 2	
262 2	263 2	268 2	730 2	757 2	829 2	
263 2	264 2	269 2	731 2	758 2	830 2	
264 2	265 2	270 2	732 2	759 2	831 2	
265 2	266 2	271 2	733 2	760 2	832 2	
266 2	267 2	272 2	734 2	761 2	833 2	
267 2	268 2	273 2	735 2	762 2	834 2	
268 2	269 2	274 2	736 2	763 2	835 2	
269 2	270 2	275 2	737 2	764 2	836 2	
270 2	271 2	276 2	738 2	765 2	837 2	
271 2	272 2	277 2	739 2	766 2	838 2	
272 2	273 2	278 2	740 2	767 2	839 2	
273 2	274 2	279 2	741 2	768 2	840 2	
274 2	275 2	280 2	742 2	769 2	841 2	
275 2	276 2	281 2	743 2	770 2	842 2	
276 2	277 2	282 2	744 2	771 2	843 2	
277 2	278 2	283 2	745 2	772 2	844 2	
278 2	279 2	284 2	746 2	773 2	845 2	
279 2	280 2	285 2	747 2	774 2	846 2	
280 2	281 2	286 2	748 2	775 2	847 2	
281 2	282 2	287 2	749 2	776 2	848 2	
282 2	283 2	288 2	750 2	777 2	849 2	
283 2	284 2	289 2	751 2	778 2	850 2	
284 2	285 2	290 2	752 2	779 2	851 2	
285 2	286 2	291 2	753 2	780 2	852 2	
286 2	287 2	292 2	754 2	781 2	853 2	
287 2	288 2	293 2	755 2	782 2	854 2	
288 2	289 2	294 2	756 2	783 2	855 2	
289 2	290 2	295 2	694 2	784 2	856 2	
290 2	291 2	296 2	695 2	785 2	857 2	
291 2	292 2	297 2	696 2	786 2	858 2	
292 2	293 2	298 2	697 2	787 2	859 2	
293 2	294 2	299 2	698 2	788 2	860 2	
294 2	295 2	300 2	699 2	789 2	861 2	
295 2	296 2	301 2	700 2	790 2	862 2	
296 2	297 2	302 2	701 2	791 2	863 2	
297 2	298 2	303 2	702 2	792 2	864 2	
298 2	299 2	304 2	703 2	793 2	865 2	
299 2	300 2	305 2	704 2	794 2	866 2	
300 2	301 2	306 2	705 2	795 2	867 2	
301 2	302 2	307 2	706 2	796 2	868 2	
302 2	303 2	308 2	707 2	797 2	869 2	
303 2	304 2	309 2	708 2	798 2	870 2	
304 2	305 2	310 2	709 2	799 2	871 2	
305 2	306 2	311 2	710 2	800 2	872 2	
306 2	307 2	312 2	711 2	801 2	873 2	
307 2	308 2	313 2	712 2	802 2	874 2	
308 2	309 2	314 2	713 2	803 2	875 2	
309 2	310 2	315 2	714 2	804 2	876 2	
253 2	310 2	311 2	715 2	805 2	877 2	
254 2	311 2	312 2	716 2	806 2	878 2	
255 2	312 2	313 2	717 2	807 2	879 2	
256 2	313 2	314 2	718 2	808 2	880 2	
257 2	314 2	315 2	719 2	809 2	881 2	
253 2	258 2	315 2	720 2	810 2	882 2	
316 2	317 2	322 2	442 2	784 2	874 2	
317 2	318 2	323 2	443 2	785 2	875 2	
318 2	319 2	324 2	444 2	786 2	876 2	
319 2	320 2	325 2	445 2	787 2	877 2	
320 2	321 2	326 2	446 2	788 2	878 2	
321 2	322 2	327 2	447 2	789 2	879 2	
322 2	323 2	328 2	448 2	790 2	880 2	
323 2	324 2	329 2	449 2	791 2	881 2	
324 2	325 2	330 2	450 2	792 2	882 2	
325 2	326 2	331 2	451 2	793 2	820 2	
326 2	327 2	332 2	452 2	794 2	821 2	
327 2	328 2	333 2	453 2	795 2	822 2	
328 2	329 2	334 2	454 2	796 2	823 2	
329 2	330 2	335 2	455 2	797 2	824 2	
330 2	331 2	336 2	456 2	798 2	825 2	
331 2	332 2	337 2	457 2	799 2	826 2	
332 2	333 2	338 2	458 2	800 2	827 2	
333 2	334 2	339 2	459 2	801 2	828 2	
334 2	335 2	340 2	460 2	802 2	829 2	
335 2	336 2	341 2	461 2	803 2	830 2	
336 2	337 2	342 2	462 2	804 2	831 2	
337 2	338 2	343 2	463 2	805 2	832 2	
338 2	339 2	344 2	464 2	806 2	833 2	
339 2	340 2	345 2	465 2	807 2	834 2	
340 2	341 2	346 2	466 2	808 2	835 2	
341 2	342 2	347 2	467 2	809 2	836 2	
342 2	343 2	348 2	468 2	810 2	837 2	
343 2	344 2	349 2	469 2	811 2	838 2	
344 2	345 2	350 2	470 2	812 2	839 2	
345 2	346 2	351 2	471 2	813 2	840 2	
346 2	347 2	352 2	472 2	814 2	841 2	
347 2	348 2	353 2	473 2	815 2	842 2	
348 2	349 2	354 2	474 2	816 2	843 2	
349 2	350 2	355 2	475 2	817 2	844 2	
350 2	351 2	356 2	476 2	818 2	845 2	
351 2	352 2	357 2	477 2	819 2	846 2	
352 2	353 2	358 2	478 2	757 2	847 2	
353 2	354 2	359 2	479 2	758 2	848 2	
354 2	355 2	360 2	480 2	759 2	849 2	
355 2	356 2	361 2	481 2	760 2	850 2	
356 2	357 2	362 2	482 2	761 2	851 2	
357 2	358 2	363 2	483 2	762 2	852 2	
358 2	359 2	364 2	484 2	763 2	853 2	
359 2	360 2	365 2	485 2	764 2	854 2	
360 2	361 2	366 2	486 2	765 2	855 2	
361 2	362 2	367 2	487 2	766 2	856 2	
362 2	363 2	368 2	488 2	767 2	857 2	
363 2	364 2	369 2	489 2	768 2	858 2	
364 2	365 2	370 2	490 2	769 2	859 2	
365 2	366 2	371 2	491 2	770 2	860 2	
366 2	367 2	372 2	492 2	771 2	861 2	
367 2	368 2	373 2	493 2	772 2	862 2	
368 2	369 2	374 2	494 2	773 2	863 2	
369 2	370 2	375 2	495 2	774 2	864 2	
370 2	371 2	376 2	496 2	775 2	865 2	
371 2	372 2	377 2	497 2	776 2	866 2	
372 2	373 2	378 2	498 2	777 2	867 2	
316 2	373 2	374 2	499 2	778 2	868 2	
317 2	374 2	375 2	500 2	779 2	869 2	
318 2	375 2	376 2	501 2	780 2	870 2	
319 2	376 2	377 2	502 2	781 2	871 2	
320 2	377 2	378 2	503 2	782 2	872 2	
316 2	321 2	378 2	504 2	783 2	873 2	
379 2	380 2	385 2	496 2	505 2	847 2	
380 2	381 2	386 2	497 2	506 2	848 2	
381 2	382 2	387 2	498 2	507 2	849 2	
382 2	383 2	388 2	499 2	508 2	850 2	
383 2	384 2	389 2	500 2	509 2	851 2	
384 2	385 2	390 2	501 2	510 2	852 2	
385 2	386 2	391 2	502 2	511 2	853 2	
386 2	387 2	392 2	503 2	512 2	854 2	
387 2	388 2	393 2	504 2	513 2	855 2	
388 2	389 2	394 2	442 2	514 2	856 2	
389 2	390 2	395 2	443 2	515 2	857 2	
390 2	391 2	396 2	444 2	516 2	858 2	
391 2	392 2	397 2	445 2	517 2	859 2	
392 2	393 2	398 2	446 2	518 2	860 2	
393 2	394 2	399 2	447 2	519 2	861 2	
394 2	395 2	400 2	448 2	520 2	862 2	
395 2	396 2	401 2	449 2	521 2	863 2	
396 2	397 2	402 2	450 2	522 2	864 2	
397 2	398 2	403 2	451 2	523 2	865 2	
398 2	399 2	404 2	452 2	524 2	866 2	
399 2	400 2	405 2	453 2	525 2	867 2	
400 2	401 2	406 2	454 2	526 2	868 2	
401 2	402 2	407 2	455 2	527 2	869 2	
402 2	403 2	408 2	456 2	528 2	870 2	
403 2	404 2	409 2	457 2	529 2	871 2	
404 2	405 2	410 2	458 2	530 2	872 2	
405 2	406 2	411 2	459 2	531 2	873 2	
406 2	407 2	412 2	460 2	532 2	874 2	
407 2	408 2	413 2	461 2	533 2	875 2	
408 2	409 2	414 2	462 2	534 2	876 2	
409 2	410 2	415 2	463 2	535 2	877 2	
410 2	411 2	416 2	464 2	536 2	878 2	
411 2	412 2	417 2	465 2	537 2	879 2	
412 2	413 2	418 2	466 2	538 2	880 2	
413 2	414 2	419 2	467 2	539 2	881 2	
414 2	415 2	420 2	468 2	540 2	882 2	
415 2	416 2	421 2	469 2	541 2	820 2	
416 2	417 2	422 2	470 2	542 2	821 2	
417 2	418 2	423 2	471 2	543 2	822 2	
418 2	419 2	424 2	472 2	544 2	823 2	
419 2	420 2	425 2	473 2	545 2	824 2	
420 2	421 2	426 2	474 2	546 2	825 2	
421 2	422 2	427 2	475 2	547 2	826 2	
422 2	423 2	428 2	476 2	548 2	827 2	
423 2	424 2	429 2	477 2	549 2	828 2	
424 2	425 2	430 2	478 2	550 2	829 2	
425 2	426 2	431 2	479 2	551 2	830 2	
426 2	427 2	432 2	480 2	552 2	831 2	
427 2	428 2	433 2	481 2	553 2	832 2	
428 2	429 2	434 2	482 2	554 2	833 2	
429 2	430 2	435 2	483 2	555 2	834 2	
430 2	431 2	436 2	484 2	556 2	835 2	
431 2	432 2	437 2	485 2	557 2	836 2	
432 2	433 2	438 2	486 2	558 2	837 2	
433 2	434 2	439 2	487 2	559 2	838 2	
434 2	435 2	440 2	488 2	560 2	839 2	
435 2	436 2	441 2	489 2	561 2	840 2	
379 2	436 2	437 2	490 2	562 2	841 2	
380 2	437 2	438 2	491 2	563 2	842 2	
381 2	438 2	439 2	492 2	564 2	843 2	
382 2	439 2	440 2	493 2	565 2	844 2	
383 2	440 2	441 2	494 2	566 2	845 2	
379 2	384 2	441 2	495 2	567 2	846 2	
