500 306
13 10
13 4 7 7 7 13 6 7 7 7 10 4 4 4 4 10 3 3 4 4 6 3 4 4 4 13 7 7 7 7 13 7 7 7 7 10 4 4 3 4 7 4 3 4 4 10 3 4 4 4 13 7 7 7 7 13 7 7 7 7 10 4 4 3 4 6 4 4 4 4 10 4 4 4 4 13 7 7 4 7 13 7 7 6 7 10 4 4 4 3 10 3 4 3 4 10 4 4 2 4 13 7 7 7 7 13 7 7 7 7 10 4 4 4 3 10 4 4 4 4 10 4 4 3 4 13 7 7 7 4 13 7 7 7 6 10 4 4 4 4 10 4 4 3 3 10 4 4 4 2 13 7 7 7 7 13 7 7 7 7 10 4 3 4 4 10 4 4 3 4 10 4 4 4 3 13 7 7 7 7 13 7 7 7 7 7 4 3 4 4 10 4 4 4 3 10 4 4 4 4 13 7 4 7 7 13 7 6 7 7 6 4 4 4 4 10 4 3 4 3 10 4 2 4 4 10 7 7 7 7 12 7 7 7 7 10 3 4 4 4 9 4 4 4 4 6 4 3 4 4 13 3 7 6 7 13 6 6 7 7 10 3 4 4 4 10 3 4 4 4 10 3 4 4 4 13 7 7 7 6 10 7 6 7 7 10 4 4 4 4 10 4 4 4 4 10 4 4 4 4 13 7 7 7 6 9 7 7 7 7 10 4 4 4 4 10 4 4 4 4 10 4 4 4 4 13 7 7 3 7 13 6 7 6 7 10 4 4 3 4 10 4 4 3 4 10 4 4 3 4 13 7 6 7 7 13 7 7 7 7 10 4 4 4 4 10 4 4 4 4 10 4 4 4 4 10 7 6 7 3 13 7 7 6 6 10 4 4 4 3 10 4 4 4 3 10 4 4 4 3 9 7 7 7 7 13 7 7 6 7 10 4 4 4 4 10 4 4 4 4 10 4 4 4 4 13 6 7 7 7 13 7 7 7 6 10 4 4 4 4 10 4 4 4 4 10 4 4 4 4 13 7 3 7 7 13 7 6 7 6 10 4 3 4 4 10 4 3 4 4 10 4 3 4 4 9 7 7 6 7 12 7 7 7 7 9 4 4 4 4 9 4 4 4 4 9 4 4 4 4 
10 10 10 10 10 10 10 10 10 10 10 10 10 10 10 10 10 10 10 10 10 10 10 10 10 10 10 10 10 10 10 10 10 10 10 10 10 10 10 10 10 10 10 10 10 10 10 10 10 10 10 10 10 10 10 10 10 10 10 10 10 10 10 10 10 10 10 10 10 10 10 10 10 10 10 10 10 10 10 10 10 10 10 10 10 10 10 10 10 10 10 10 10 10 10 10 10 10 10 10 10 10 10 10 10 10 10 10 10 10 10 10 10 10 10 10 10 10 10 10 10 10 10 10 10 10 10 10 10 10 10 10 10 10 10 10 10 10 10 10 10 10 10 10 10 10 10 10 10 10 10 10 10 10 10 10 10 10 10 10 10 10 10 10 10 10 10 10 10 10 10 10 10 10 10 10 10 10 10 10 10 10 10 10 10 10 10 10 10 10 10 10 10 10 10 10 10 10 10 10 10 10 10 10 10 10 10 10 10 10 10 10 10 10 10 10 10 10 10 10 10 10 10 10 10 10 10 10 10 10 10 10 10 10 10 10 10 10 10 10 10 10 10 10 10 10 10 10 10 10 10 10 10 10 10 10 10 10 10 10 10 10 10 10 10 10 10 10 10 10 10 10 10 10 10 10 10 10 10 10 10 10 10 10 10 10 10 10 10 10 10 10 10 10 10 10 10 10 10 10 10 10 10 10 10 10 
5 1	81 1	82 1	83 1	84 1	154 2	155 2	156 2	157 2	238 2	239 2	240 2	241 2	
5 1	117 1	154 2	234 2	0 0	0 0	0 0	0 0	0 0	0 0	0 0	0 0	0 0	
5 1	85 1	86 1	87 1	88 1	155 2	243 2	0 0	0 0	0 0	0 0	0 0	0 0	
5 1	105 1	106 1	107 1	108 1	156 2	264 2	0 0	0 0	0 0	0 0	0 0	0 0	
5 1	97 1	98 1	99 1	100 1	157 2	257 2	0 0	0 0	0 0	0 0	0 0	0 0	
37 1	38 1	39 1	40 1	81 1	154 2	155 2	156 2	157 2	270 2	271 2	272 2	273 2	
37 1	38 1	39 1	40 1	154 2	266 2	0 0	0 0	0 0	0 0	0 0	0 0	0 0	
37 1	38 1	39 1	40 1	85 1	155 2	235 2	0 0	0 0	0 0	0 0	0 0	0 0	
37 1	38 1	39 1	40 1	105 1	156 2	256 2	0 0	0 0	0 0	0 0	0 0	0 0	
37 1	38 1	39 1	40 1	97 1	157 2	249 2	0 0	0 0	0 0	0 0	0 0	0 0	
46 1	82 1	154 2	155 2	156 2	157 2	278 2	279 2	280 2	281 2	0 0	0 0	0 0	
46 1	117 1	154 2	274 2	0 0	0 0	0 0	0 0	0 0	0 0	0 0	0 0	0 0	
46 1	86 1	155 2	283 2	0 0	0 0	0 0	0 0	0 0	0 0	0 0	0 0	0 0	
46 1	106 1	156 2	304 2	0 0	0 0	0 0	0 0	0 0	0 0	0 0	0 0	0 0	
46 1	98 1	157 2	297 2	0 0	0 0	0 0	0 0	0 0	0 0	0 0	0 0	0 0	
71 1	83 1	154 2	155 2	156 2	157 2	302 2	303 2	304 2	305 2	0 0	0 0	0 0	
71 1	154 2	298 2	0 0	0 0	0 0	0 0	0 0	0 0	0 0	0 0	0 0	0 0	
71 1	87 1	155 2	0 0	0 0	0 0	0 0	0 0	0 0	0 0	0 0	0 0	0 0	
71 1	107 1	156 2	288 2	0 0	0 0	0 0	0 0	0 0	0 0	0 0	0 0	0 0	
71 1	99 1	157 2	281 2	0 0	0 0	0 0	0 0	0 0	0 0	0 0	0 0	0 0	
80 1	84 1	154 2	155 2	156 2	157 2	0 0	0 0	0 0	0 0	0 0	0 0	0 0	
80 1	154 2	306 2	0 0	0 0	0 0	0 0	0 0	0 0	0 0	0 0	0 0	0 0	
80 1	88 1	155 2	275 2	0 0	0 0	0 0	0 0	0 0	0 0	0 0	0 0	0 0	
80 1	108 1	156 2	296 2	0 0	0 0	0 0	0 0	0 0	0 0	0 0	0 0	0 0	
80 1	100 1	157 2	289 2	0 0	0 0	0 0	0 0	0 0	0 0	0 0	0 0	0 0	
9 1	85 1	86 1	87 1	88 1	158 2	159 2	160 2	161 2	242 2	243 2	244 2	245 2	
9 1	81 1	82 1	83 1	84 1	158 2	238 2	0 0	0 0	0 0	0 0	0 0	0 0	
9 1	89 1	90 1	91 1	92 1	159 2	247 2	0 0	0 0	0 0	0 0	0 0	0 0	
9 1	109 1	110 1	111 1	112 1	160 2	268 2	0 0	0 0	0 0	0 0	0 0	0 0	
9 1	101 1	102 1	103 1	104 1	161 2	261 2	0 0	0 0	0 0	0 0	0 0	0 0	
1 1	2 1	3 1	4 1	85 1	158 2	159 2	160 2	161 2	234 2	235 2	236 2	237 2	
1 1	2 1	3 1	4 1	81 1	158 2	270 2	0 0	0 0	0 0	0 0	0 0	0 0	
1 1	2 1	3 1	4 1	89 1	159 2	239 2	0 0	0 0	0 0	0 0	0 0	0 0	
1 1	2 1	3 1	4 1	109 1	160 2	260 2	0 0	0 0	0 0	0 0	0 0	0 0	
1 1	2 1	3 1	4 1	101 1	161 2	253 2	0 0	0 0	0 0	0 0	0 0	0 0	
50 1	86 1	158 2	159 2	160 2	161 2	282 2	283 2	284 2	285 2	0 0	0 0	0 0	
50 1	82 1	158 2	278 2	0 0	0 0	0 0	0 0	0 0	0 0	0 0	0 0	0 0	
50 1	90 1	159 2	287 2	0 0	0 0	0 0	0 0	0 0	0 0	0 0	0 0	0 0	
50 1	110 1	160 2	0 0	0 0	0 0	0 0	0 0	0 0	0 0	0 0	0 0	0 0	
50 1	102 1	161 2	301 2	0 0	0 0	0 0	0 0	0 0	0 0	0 0	0 0	0 0	
75 1	87 1	158 2	159 2	160 2	161 2	306 2	0 0	0 0	0 0	0 0	0 0	0 0	
75 1	83 1	158 2	302 2	0 0	0 0	0 0	0 0	0 0	0 0	0 0	0 0	0 0	
75 1	91 1	159 2	0 0	0 0	0 0	0 0	0 0	0 0	0 0	0 0	0 0	0 0	
75 1	111 1	160 2	292 2	0 0	0 0	0 0	0 0	0 0	0 0	0 0	0 0	0 0	
75 1	103 1	161 2	285 2	0 0	0 0	0 0	0 0	0 0	0 0	0 0	0 0	0 0	
44 1	88 1	158 2	159 2	160 2	161 2	274 2	275 2	276 2	277 2	0 0	0 0	0 0	
44 1	84 1	158 2	0 0	0 0	0 0	0 0	0 0	0 0	0 0	0 0	0 0	0 0	
44 1	92 1	159 2	279 2	0 0	0 0	0 0	0 0	0 0	0 0	0 0	0 0	0 0	
44 1	112 1	160 2	300 2	0 0	0 0	0 0	0 0	0 0	0 0	0 0	0 0	0 0	
44 1	104 1	161 2	293 2	0 0	0 0	0 0	0 0	0 0	0 0	0 0	0 0	0 0	
13 1	89 1	90 1	91 1	92 1	162 2	163 2	164 2	165 2	246 2	247 2	248 2	249 2	
13 1	85 1	86 1	87 1	88 1	162 2	242 2	0 0	0 0	0 0	0 0	0 0	0 0	
13 1	93 1	94 1	95 1	96 1	163 2	251 2	0 0	0 0	0 0	0 0	0 0	0 0	
13 1	113 1	114 1	115 1	116 1	164 2	272 2	0 0	0 0	0 0	0 0	0 0	0 0	
13 1	105 1	106 1	107 1	108 1	165 2	265 2	0 0	0 0	0 0	0 0	0 0	0 0	
5 1	6 1	7 1	8 1	89 1	162 2	163 2	164 2	165 2	238 2	239 2	240 2	241 2	
5 1	6 1	7 1	8 1	85 1	162 2	234 2	0 0	0 0	0 0	0 0	0 0	0 0	
5 1	6 1	7 1	8 1	93 1	163 2	243 2	0 0	0 0	0 0	0 0	0 0	0 0	
5 1	6 1	7 1	8 1	113 1	164 2	264 2	0 0	0 0	0 0	0 0	0 0	0 0	
5 1	6 1	7 1	8 1	105 1	165 2	257 2	0 0	0 0	0 0	0 0	0 0	0 0	
54 1	90 1	162 2	163 2	164 2	165 2	286 2	287 2	288 2	289 2	0 0	0 0	0 0	
54 1	86 1	162 2	282 2	0 0	0 0	0 0	0 0	0 0	0 0	0 0	0 0	0 0	
54 1	94 1	163 2	291 2	0 0	0 0	0 0	0 0	0 0	0 0	0 0	0 0	0 0	
54 1	114 1	164 2	0 0	0 0	0 0	0 0	0 0	0 0	0 0	0 0	0 0	0 0	
54 1	106 1	165 2	305 2	0 0	0 0	0 0	0 0	0 0	0 0	0 0	0 0	0 0	
79 1	91 1	162 2	163 2	164 2	165 2	0 0	0 0	0 0	0 0	0 0	0 0	0 0	
79 1	87 1	162 2	306 2	0 0	0 0	0 0	0 0	0 0	0 0	0 0	0 0	0 0	
79 1	95 1	163 2	275 2	0 0	0 0	0 0	0 0	0 0	0 0	0 0	0 0	0 0	
79 1	115 1	164 2	296 2	0 0	0 0	0 0	0 0	0 0	0 0	0 0	0 0	0 0	
79 1	107 1	165 2	289 2	0 0	0 0	0 0	0 0	0 0	0 0	0 0	0 0	0 0	
48 1	92 1	162 2	163 2	164 2	165 2	278 2	279 2	280 2	281 2	0 0	0 0	0 0	
48 1	88 1	162 2	274 2	0 0	0 0	0 0	0 0	0 0	0 0	0 0	0 0	0 0	
48 1	96 1	163 2	283 2	0 0	0 0	0 0	0 0	0 0	0 0	0 0	0 0	0 0	
48 1	116 1	164 2	304 2	0 0	0 0	0 0	0 0	0 0	0 0	0 0	0 0	0 0	
48 1	108 1	165 2	297 2	0 0	0 0	0 0	0 0	0 0	0 0	0 0	0 0	0 0	
17 1	93 1	94 1	95 1	96 1	166 2	167 2	168 2	169 2	250 2	251 2	252 2	253 2	
17 1	89 1	90 1	91 1	92 1	166 2	246 2	0 0	0 0	0 0	0 0	0 0	0 0	
17 1	97 1	98 1	99 1	100 1	167 2	255 2	0 0	0 0	0 0	0 0	0 0	0 0	
17 1	117 1	168 2	236 2	0 0	0 0	0 0	0 0	0 0	0 0	0 0	0 0	0 0	
17 1	109 1	110 1	111 1	112 1	169 2	269 2	0 0	0 0	0 0	0 0	0 0	0 0	
9 1	10 1	11 1	12 1	93 1	166 2	167 2	168 2	169 2	242 2	243 2	244 2	245 2	
9 1	10 1	11 1	12 1	89 1	166 2	238 2	0 0	0 0	0 0	0 0	0 0	0 0	
9 1	10 1	11 1	12 1	97 1	167 2	247 2	0 0	0 0	0 0	0 0	0 0	0 0	
9 1	10 1	11 1	12 1	168 2	268 2	0 0	0 0	0 0	0 0	0 0	0 0	0 0	
9 1	10 1	11 1	12 1	109 1	169 2	261 2	0 0	0 0	0 0	0 0	0 0	0 0	
58 1	94 1	166 2	167 2	168 2	169 2	290 2	291 2	292 2	293 2	0 0	0 0	0 0	
58 1	90 1	166 2	286 2	0 0	0 0	0 0	0 0	0 0	0 0	0 0	0 0	0 0	
58 1	98 1	167 2	295 2	0 0	0 0	0 0	0 0	0 0	0 0	0 0	0 0	0 0	
58 1	117 1	168 2	276 2	0 0	0 0	0 0	0 0	0 0	0 0	0 0	0 0	0 0	
58 1	110 1	169 2	0 0	0 0	0 0	0 0	0 0	0 0	0 0	0 0	0 0	0 0	
43 1	95 1	166 2	167 2	168 2	169 2	274 2	275 2	276 2	277 2	0 0	0 0	0 0	
43 1	91 1	166 2	0 0	0 0	0 0	0 0	0 0	0 0	0 0	0 0	0 0	0 0	
43 1	99 1	167 2	279 2	0 0	0 0	0 0	0 0	0 0	0 0	0 0	0 0	0 0	
43 1	168 2	300 2	0 0	0 0	0 0	0 0	0 0	0 0	0 0	0 0	0 0	0 0	
43 1	111 1	169 2	293 2	0 0	0 0	0 0	0 0	0 0	0 0	0 0	0 0	0 0	
52 1	96 1	166 2	167 2	168 2	169 2	282 2	283 2	284 2	285 2	0 0	0 0	0 0	
52 1	92 1	166 2	278 2	0 0	0 0	0 0	0 0	0 0	0 0	0 0	0 0	0 0	
52 1	100 1	167 2	287 2	0 0	0 0	0 0	0 0	0 0	0 0	0 0	0 0	0 0	
52 1	168 2	0 0	0 0	0 0	0 0	0 0	0 0	0 0	0 0	0 0	0 0	0 0	
52 1	112 1	169 2	301 2	0 0	0 0	0 0	0 0	0 0	0 0	0 0	0 0	0 0	
21 1	97 1	98 1	99 1	100 1	170 2	171 2	172 2	173 2	254 2	255 2	256 2	257 2	
21 1	93 1	94 1	95 1	96 1	170 2	250 2	0 0	0 0	0 0	0 0	0 0	0 0	
21 1	101 1	102 1	103 1	104 1	171 2	259 2	0 0	0 0	0 0	0 0	0 0	0 0	
21 1	81 1	82 1	83 1	84 1	172 2	240 2	0 0	0 0	0 0	0 0	0 0	0 0	
21 1	113 1	114 1	115 1	116 1	173 2	273 2	0 0	0 0	0 0	0 0	0 0	0 0	
13 1	14 1	15 1	16 1	97 1	170 2	171 2	172 2	173 2	246 2	247 2	248 2	249 2	
13 1	14 1	15 1	16 1	93 1	170 2	242 2	0 0	0 0	0 0	0 0	0 0	0 0	
13 1	14 1	15 1	16 1	101 1	171 2	251 2	0 0	0 0	0 0	0 0	0 0	0 0	
13 1	14 1	15 1	16 1	81 1	172 2	272 2	0 0	0 0	0 0	0 0	0 0	0 0	
13 1	14 1	15 1	16 1	113 1	173 2	265 2	0 0	0 0	0 0	0 0	0 0	0 0	
62 1	98 1	170 2	171 2	172 2	173 2	294 2	295 2	296 2	297 2	0 0	0 0	0 0	
62 1	94 1	170 2	290 2	0 0	0 0	0 0	0 0	0 0	0 0	0 0	0 0	0 0	
62 1	102 1	171 2	299 2	0 0	0 0	0 0	0 0	0 0	0 0	0 0	0 0	0 0	
62 1	82 1	172 2	280 2	0 0	0 0	0 0	0 0	0 0	0 0	0 0	0 0	0 0	
62 1	114 1	173 2	0 0	0 0	0 0	0 0	0 0	0 0	0 0	0 0	0 0	0 0	
47 1	99 1	170 2	171 2	172 2	173 2	278 2	279 2	280 2	281 2	0 0	0 0	0 0	
47 1	95 1	170 2	274 2	0 0	0 0	0 0	0 0	0 0	0 0	0 0	0 0	0 0	
47 1	103 1	171 2	283 2	0 0	0 0	0 0	0 0	0 0	0 0	0 0	0 0	0 0	
47 1	83 1	172 2	304 2	0 0	0 0	0 0	0 0	0 0	0 0	0 0	0 0	0 0	
47 1	115 1	173 2	297 2	0 0	0 0	0 0	0 0	0 0	0 0	0 0	0 0	0 0	
56 1	100 1	170 2	171 2	172 2	173 2	286 2	287 2	288 2	289 2	0 0	0 0	0 0	
56 1	96 1	170 2	282 2	0 0	0 0	0 0	0 0	0 0	0 0	0 0	0 0	0 0	
56 1	104 1	171 2	291 2	0 0	0 0	0 0	0 0	0 0	0 0	0 0	0 0	0 0	
56 1	84 1	172 2	0 0	0 0	0 0	0 0	0 0	0 0	0 0	0 0	0 0	0 0	
56 1	116 1	173 2	305 2	0 0	0 0	0 0	0 0	0 0	0 0	0 0	0 0	0 0	
25 1	101 1	102 1	103 1	104 1	174 2	175 2	176 2	177 2	258 2	259 2	260 2	261 2	
25 1	97 1	98 1	99 1	100 1	174 2	254 2	0 0	0 0	0 0	0 0	0 0	0 0	
25 1	105 1	106 1	107 1	108 1	175 2	263 2	0 0	0 0	0 0	0 0	0 0	0 0	
25 1	85 1	86 1	87 1	88 1	176 2	244 2	0 0	0 0	0 0	0 0	0 0	0 0	
25 1	117 1	177 2	237 2	0 0	0 0	0 0	0 0	0 0	0 0	0 0	0 0	0 0	
17 1	18 1	19 1	20 1	101 1	174 2	175 2	176 2	177 2	250 2	251 2	252 2	253 2	
17 1	18 1	19 1	20 1	97 1	174 2	246 2	0 0	0 0	0 0	0 0	0 0	0 0	
17 1	18 1	19 1	20 1	105 1	175 2	255 2	0 0	0 0	0 0	0 0	0 0	0 0	
17 1	18 1	19 1	20 1	85 1	176 2	236 2	0 0	0 0	0 0	0 0	0 0	0 0	
17 1	18 1	19 1	20 1	177 2	269 2	0 0	0 0	0 0	0 0	0 0	0 0	0 0	
66 1	102 1	174 2	175 2	176 2	177 2	298 2	299 2	300 2	301 2	0 0	0 0	0 0	
66 1	98 1	174 2	294 2	0 0	0 0	0 0	0 0	0 0	0 0	0 0	0 0	0 0	
66 1	106 1	175 2	303 2	0 0	0 0	0 0	0 0	0 0	0 0	0 0	0 0	0 0	
66 1	86 1	176 2	284 2	0 0	0 0	0 0	0 0	0 0	0 0	0 0	0 0	0 0	
66 1	117 1	177 2	277 2	0 0	0 0	0 0	0 0	0 0	0 0	0 0	0 0	0 0	
51 1	103 1	174 2	175 2	176 2	177 2	282 2	283 2	284 2	285 2	0 0	0 0	0 0	
51 1	99 1	174 2	278 2	0 0	0 0	0 0	0 0	0 0	0 0	0 0	0 0	0 0	
51 1	107 1	175 2	287 2	0 0	0 0	0 0	0 0	0 0	0 0	0 0	0 0	0 0	
51 1	87 1	176 2	0 0	0 0	0 0	0 0	0 0	0 0	0 0	0 0	0 0	0 0	
51 1	177 2	301 2	0 0	0 0	0 0	0 0	0 0	0 0	0 0	0 0	0 0	0 0	
60 1	104 1	174 2	175 2	176 2	177 2	290 2	291 2	292 2	293 2	0 0	0 0	0 0	
60 1	100 1	174 2	286 2	0 0	0 0	0 0	0 0	0 0	0 0	0 0	0 0	0 0	
60 1	108 1	175 2	295 2	0 0	0 0	0 0	0 0	0 0	0 0	0 0	0 0	0 0	
60 1	88 1	176 2	276 2	0 0	0 0	0 0	0 0	0 0	0 0	0 0	0 0	0 0	
60 1	177 2	0 0	0 0	0 0	0 0	0 0	0 0	0 0	0 0	0 0	0 0	0 0	
29 1	105 1	106 1	107 1	108 1	178 2	179 2	180 2	181 2	262 2	263 2	264 2	265 2	
29 1	101 1	102 1	103 1	104 1	178 2	258 2	0 0	0 0	0 0	0 0	0 0	0 0	
29 1	109 1	110 1	111 1	112 1	179 2	267 2	0 0	0 0	0 0	0 0	0 0	0 0	
29 1	89 1	90 1	91 1	92 1	180 2	248 2	0 0	0 0	0 0	0 0	0 0	0 0	
29 1	81 1	82 1	83 1	84 1	181 2	241 2	0 0	0 0	0 0	0 0	0 0	0 0	
21 1	22 1	23 1	24 1	105 1	178 2	179 2	180 2	181 2	254 2	255 2	256 2	257 2	
21 1	22 1	23 1	24 1	101 1	178 2	250 2	0 0	0 0	0 0	0 0	0 0	0 0	
21 1	22 1	23 1	24 1	109 1	179 2	259 2	0 0	0 0	0 0	0 0	0 0	0 0	
21 1	22 1	23 1	24 1	89 1	180 2	240 2	0 0	0 0	0 0	0 0	0 0	0 0	
21 1	22 1	23 1	24 1	81 1	181 2	273 2	0 0	0 0	0 0	0 0	0 0	0 0	
70 1	106 1	178 2	179 2	180 2	181 2	302 2	303 2	304 2	305 2	0 0	0 0	0 0	
70 1	102 1	178 2	298 2	0 0	0 0	0 0	0 0	0 0	0 0	0 0	0 0	0 0	
70 1	110 1	179 2	0 0	0 0	0 0	0 0	0 0	0 0	0 0	0 0	0 0	0 0	
70 1	90 1	180 2	288 2	0 0	0 0	0 0	0 0	0 0	0 0	0 0	0 0	0 0	
70 1	82 1	181 2	281 2	0 0	0 0	0 0	0 0	0 0	0 0	0 0	0 0	0 0	
55 1	107 1	178 2	179 2	180 2	181 2	286 2	287 2	288 2	289 2	0 0	0 0	0 0	
55 1	103 1	178 2	282 2	0 0	0 0	0 0	0 0	0 0	0 0	0 0	0 0	0 0	
55 1	111 1	179 2	291 2	0 0	0 0	0 0	0 0	0 0	0 0	0 0	0 0	0 0	
55 1	91 1	180 2	0 0	0 0	0 0	0 0	0 0	0 0	0 0	0 0	0 0	0 0	
55 1	83 1	181 2	305 2	0 0	0 0	0 0	0 0	0 0	0 0	0 0	0 0	0 0	
64 1	108 1	178 2	179 2	180 2	181 2	294 2	295 2	296 2	297 2	0 0	0 0	0 0	
64 1	104 1	178 2	290 2	0 0	0 0	0 0	0 0	0 0	0 0	0 0	0 0	0 0	
64 1	112 1	179 2	299 2	0 0	0 0	0 0	0 0	0 0	0 0	0 0	0 0	0 0	
64 1	92 1	180 2	280 2	0 0	0 0	0 0	0 0	0 0	0 0	0 0	0 0	0 0	
64 1	84 1	181 2	0 0	0 0	0 0	0 0	0 0	0 0	0 0	0 0	0 0	0 0	
33 1	109 1	110 1	111 1	112 1	182 2	183 2	184 2	185 2	266 2	267 2	268 2	269 2	
33 1	105 1	106 1	107 1	108 1	182 2	262 2	0 0	0 0	0 0	0 0	0 0	0 0	
33 1	113 1	114 1	115 1	116 1	183 2	271 2	0 0	0 0	0 0	0 0	0 0	0 0	
33 1	93 1	94 1	95 1	96 1	184 2	252 2	0 0	0 0	0 0	0 0	0 0	0 0	
33 1	85 1	86 1	87 1	88 1	185 2	245 2	0 0	0 0	0 0	0 0	0 0	0 0	
25 1	26 1	27 1	28 1	109 1	182 2	183 2	184 2	185 2	258 2	259 2	260 2	261 2	
25 1	26 1	27 1	28 1	105 1	182 2	254 2	0 0	0 0	0 0	0 0	0 0	0 0	
25 1	26 1	27 1	28 1	113 1	183 2	263 2	0 0	0 0	0 0	0 0	0 0	0 0	
25 1	26 1	27 1	28 1	93 1	184 2	244 2	0 0	0 0	0 0	0 0	0 0	0 0	
25 1	26 1	27 1	28 1	85 1	185 2	237 2	0 0	0 0	0 0	0 0	0 0	0 0	
74 1	110 1	182 2	183 2	184 2	185 2	306 2	0 0	0 0	0 0	0 0	0 0	0 0	
74 1	106 1	182 2	302 2	0 0	0 0	0 0	0 0	0 0	0 0	0 0	0 0	0 0	
74 1	114 1	183 2	0 0	0 0	0 0	0 0	0 0	0 0	0 0	0 0	0 0	0 0	
74 1	94 1	184 2	292 2	0 0	0 0	0 0	0 0	0 0	0 0	0 0	0 0	0 0	
74 1	86 1	185 2	285 2	0 0	0 0	0 0	0 0	0 0	0 0	0 0	0 0	0 0	
59 1	111 1	182 2	183 2	184 2	185 2	290 2	291 2	292 2	293 2	0 0	0 0	0 0	
59 1	107 1	182 2	286 2	0 0	0 0	0 0	0 0	0 0	0 0	0 0	0 0	0 0	
59 1	115 1	183 2	295 2	0 0	0 0	0 0	0 0	0 0	0 0	0 0	0 0	0 0	
59 1	95 1	184 2	276 2	0 0	0 0	0 0	0 0	0 0	0 0	0 0	0 0	0 0	
59 1	87 1	185 2	0 0	0 0	0 0	0 0	0 0	0 0	0 0	0 0	0 0	0 0	
68 1	112 1	182 2	183 2	184 2	185 2	298 2	299 2	300 2	301 2	0 0	0 0	0 0	
68 1	108 1	182 2	294 2	0 0	0 0	0 0	0 0	0 0	0 0	0 0	0 0	0 0	
68 1	116 1	183 2	303 2	0 0	0 0	0 0	0 0	0 0	0 0	0 0	0 0	0 0	
68 1	96 1	184 2	284 2	0 0	0 0	0 0	0 0	0 0	0 0	0 0	0 0	0 0	
68 1	88 1	185 2	277 2	0 0	0 0	0 0	0 0	0 0	0 0	0 0	0 0	0 0	
37 1	113 1	114 1	115 1	116 1	186 2	187 2	188 2	189 2	270 2	271 2	272 2	273 2	
37 1	109 1	110 1	111 1	112 1	186 2	266 2	0 0	0 0	0 0	0 0	0 0	0 0	
37 1	117 1	187 2	235 2	0 0	0 0	0 0	0 0	0 0	0 0	0 0	0 0	0 0	
37 1	97 1	98 1	99 1	100 1	188 2	256 2	0 0	0 0	0 0	0 0	0 0	0 0	
37 1	89 1	90 1	91 1	92 1	189 2	249 2	0 0	0 0	0 0	0 0	0 0	0 0	
29 1	30 1	31 1	32 1	113 1	186 2	187 2	188 2	189 2	262 2	263 2	264 2	265 2	
29 1	30 1	31 1	32 1	109 1	186 2	258 2	0 0	0 0	0 0	0 0	0 0	0 0	
29 1	30 1	31 1	32 1	187 2	267 2	0 0	0 0	0 0	0 0	0 0	0 0	0 0	
29 1	30 1	31 1	32 1	97 1	188 2	248 2	0 0	0 0	0 0	0 0	0 0	0 0	
29 1	30 1	31 1	32 1	89 1	189 2	241 2	0 0	0 0	0 0	0 0	0 0	0 0	
78 1	114 1	186 2	187 2	188 2	189 2	0 0	0 0	0 0	0 0	0 0	0 0	0 0	
78 1	110 1	186 2	306 2	0 0	0 0	0 0	0 0	0 0	0 0	0 0	0 0	0 0	
78 1	117 1	187 2	275 2	0 0	0 0	0 0	0 0	0 0	0 0	0 0	0 0	0 0	
78 1	98 1	188 2	296 2	0 0	0 0	0 0	0 0	0 0	0 0	0 0	0 0	0 0	
78 1	90 1	189 2	289 2	0 0	0 0	0 0	0 0	0 0	0 0	0 0	0 0	0 0	
63 1	115 1	186 2	187 2	188 2	189 2	294 2	295 2	296 2	297 2	0 0	0 0	0 0	
63 1	111 1	186 2	290 2	0 0	0 0	0 0	0 0	0 0	0 0	0 0	0 0	0 0	
63 1	187 2	299 2	0 0	0 0	0 0	0 0	0 0	0 0	0 0	0 0	0 0	0 0	
63 1	99 1	188 2	280 2	0 0	0 0	0 0	0 0	0 0	0 0	0 0	0 0	0 0	
63 1	91 1	189 2	0 0	0 0	0 0	0 0	0 0	0 0	0 0	0 0	0 0	0 0	
72 1	116 1	186 2	187 2	188 2	189 2	302 2	303 2	304 2	305 2	0 0	0 0	0 0	
72 1	112 1	186 2	298 2	0 0	0 0	0 0	0 0	0 0	0 0	0 0	0 0	0 0	
72 1	187 2	0 0	0 0	0 0	0 0	0 0	0 0	0 0	0 0	0 0	0 0	0 0	
72 1	100 1	188 2	288 2	0 0	0 0	0 0	0 0	0 0	0 0	0 0	0 0	0 0	
72 1	92 1	189 2	281 2	0 0	0 0	0 0	0 0	0 0	0 0	0 0	0 0	0 0	
1 1	117 1	190 2	191 2	192 2	193 2	234 2	235 2	236 2	237 2	0 0	0 0	0 0	
1 1	113 1	114 1	115 1	116 1	190 2	270 2	0 0	0 0	0 0	0 0	0 0	0 0	
1 1	81 1	82 1	83 1	84 1	191 2	239 2	0 0	0 0	0 0	0 0	0 0	0 0	
1 1	101 1	102 1	103 1	104 1	192 2	260 2	0 0	0 0	0 0	0 0	0 0	0 0	
1 1	93 1	94 1	95 1	96 1	193 2	253 2	0 0	0 0	0 0	0 0	0 0	0 0	
33 1	34 1	35 1	36 1	190 2	191 2	192 2	193 2	266 2	267 2	268 2	269 2	0 0	
33 1	34 1	35 1	36 1	113 1	190 2	262 2	0 0	0 0	0 0	0 0	0 0	0 0	
33 1	34 1	35 1	36 1	81 1	191 2	271 2	0 0	0 0	0 0	0 0	0 0	0 0	
33 1	34 1	35 1	36 1	101 1	192 2	252 2	0 0	0 0	0 0	0 0	0 0	0 0	
33 1	34 1	35 1	36 1	93 1	193 2	245 2	0 0	0 0	0 0	0 0	0 0	0 0	
42 1	117 1	190 2	191 2	192 2	193 2	274 2	275 2	276 2	277 2	0 0	0 0	0 0	
42 1	114 1	190 2	0 0	0 0	0 0	0 0	0 0	0 0	0 0	0 0	0 0	0 0	
42 1	82 1	191 2	279 2	0 0	0 0	0 0	0 0	0 0	0 0	0 0	0 0	0 0	
42 1	102 1	192 2	300 2	0 0	0 0	0 0	0 0	0 0	0 0	0 0	0 0	0 0	
42 1	94 1	193 2	293 2	0 0	0 0	0 0	0 0	0 0	0 0	0 0	0 0	0 0	
67 1	190 2	191 2	192 2	193 2	298 2	299 2	300 2	301 2	0 0	0 0	0 0	0 0	
67 1	115 1	190 2	294 2	0 0	0 0	0 0	0 0	0 0	0 0	0 0	0 0	0 0	
67 1	83 1	191 2	303 2	0 0	0 0	0 0	0 0	0 0	0 0	0 0	0 0	0 0	
67 1	103 1	192 2	284 2	0 0	0 0	0 0	0 0	0 0	0 0	0 0	0 0	0 0	
67 1	95 1	193 2	277 2	0 0	0 0	0 0	0 0	0 0	0 0	0 0	0 0	0 0	
76 1	190 2	191 2	192 2	193 2	306 2	0 0	0 0	0 0	0 0	0 0	0 0	0 0	
76 1	116 1	190 2	302 2	0 0	0 0	0 0	0 0	0 0	0 0	0 0	0 0	0 0	
76 1	84 1	191 2	0 0	0 0	0 0	0 0	0 0	0 0	0 0	0 0	0 0	0 0	
76 1	104 1	192 2	292 2	0 0	0 0	0 0	0 0	0 0	0 0	0 0	0 0	0 0	
76 1	96 1	193 2	285 2	0 0	0 0	0 0	0 0	0 0	0 0	0 0	0 0	0 0	
53 1	118 1	119 1	120 1	121 1	194 2	195 2	196 2	197 2	286 2	287 2	288 2	289 2	
53 1	194 2	282 2	0 0	0 0	0 0	0 0	0 0	0 0	0 0	0 0	0 0	0 0	
53 1	122 1	123 1	124 1	125 1	195 2	291 2	0 0	0 0	0 0	0 0	0 0	0 0	
53 1	142 1	143 1	144 1	145 1	196 2	0 0	0 0	0 0	0 0	0 0	0 0	0 0	
53 1	134 1	135 1	136 1	137 1	197 2	305 2	0 0	0 0	0 0	0 0	0 0	0 0	
69 1	70 1	71 1	72 1	118 1	194 2	195 2	196 2	197 2	302 2	303 2	304 2	305 2	
69 1	70 1	71 1	72 1	194 2	298 2	0 0	0 0	0 0	0 0	0 0	0 0	0 0	
69 1	70 1	71 1	72 1	122 1	195 2	0 0	0 0	0 0	0 0	0 0	0 0	0 0	
69 1	70 1	71 1	72 1	142 1	196 2	288 2	0 0	0 0	0 0	0 0	0 0	0 0	
69 1	70 1	71 1	72 1	134 1	197 2	281 2	0 0	0 0	0 0	0 0	0 0	0 0	
38 1	119 1	194 2	195 2	196 2	197 2	270 2	271 2	272 2	273 2	0 0	0 0	0 0	
38 1	194 2	266 2	0 0	0 0	0 0	0 0	0 0	0 0	0 0	0 0	0 0	0 0	
38 1	123 1	195 2	235 2	0 0	0 0	0 0	0 0	0 0	0 0	0 0	0 0	0 0	
38 1	143 1	196 2	256 2	0 0	0 0	0 0	0 0	0 0	0 0	0 0	0 0	0 0	
38 1	135 1	197 2	249 2	0 0	0 0	0 0	0 0	0 0	0 0	0 0	0 0	0 0	
15 1	120 1	194 2	195 2	196 2	197 2	246 2	247 2	248 2	249 2	0 0	0 0	0 0	
15 1	194 2	242 2	0 0	0 0	0 0	0 0	0 0	0 0	0 0	0 0	0 0	0 0	
15 1	124 1	195 2	251 2	0 0	0 0	0 0	0 0	0 0	0 0	0 0	0 0	0 0	
15 1	144 1	196 2	272 2	0 0	0 0	0 0	0 0	0 0	0 0	0 0	0 0	0 0	
15 1	136 1	197 2	265 2	0 0	0 0	0 0	0 0	0 0	0 0	0 0	0 0	0 0	
8 1	121 1	194 2	195 2	196 2	197 2	238 2	239 2	240 2	241 2	0 0	0 0	0 0	
8 1	194 2	234 2	0 0	0 0	0 0	0 0	0 0	0 0	0 0	0 0	0 0	0 0	
8 1	125 1	195 2	243 2	0 0	0 0	0 0	0 0	0 0	0 0	0 0	0 0	0 0	
8 1	145 1	196 2	264 2	0 0	0 0	0 0	0 0	0 0	0 0	0 0	0 0	0 0	
8 1	137 1	197 2	257 2	0 0	0 0	0 0	0 0	0 0	0 0	0 0	0 0	0 0	
57 1	122 1	123 1	124 1	125 1	198 2	199 2	200 2	201 2	290 2	291 2	292 2	293 2	
57 1	118 1	119 1	120 1	121 1	198 2	286 2	0 0	0 0	0 0	0 0	0 0	0 0	
57 1	126 1	127 1	128 1	129 1	199 2	295 2	0 0	0 0	0 0	0 0	0 0	0 0	
57 1	146 1	147 1	148 1	149 1	200 2	276 2	0 0	0 0	0 0	0 0	0 0	0 0	
57 1	138 1	139 1	140 1	141 1	201 2	0 0	0 0	0 0	0 0	0 0	0 0	0 0	
73 1	74 1	75 1	76 1	122 1	198 2	199 2	200 2	201 2	306 2	0 0	0 0	0 0	
73 1	74 1	75 1	76 1	118 1	198 2	302 2	0 0	0 0	0 0	0 0	0 0	0 0	
73 1	74 1	75 1	76 1	126 1	199 2	0 0	0 0	0 0	0 0	0 0	0 0	0 0	
73 1	74 1	75 1	76 1	146 1	200 2	292 2	0 0	0 0	0 0	0 0	0 0	0 0	
73 1	74 1	75 1	76 1	138 1	201 2	285 2	0 0	0 0	0 0	0 0	0 0	0 0	
2 1	123 1	198 2	199 2	200 2	201 2	234 2	235 2	236 2	237 2	0 0	0 0	0 0	
2 1	119 1	198 2	270 2	0 0	0 0	0 0	0 0	0 0	0 0	0 0	0 0	0 0	
2 1	127 1	199 2	239 2	0 0	0 0	0 0	0 0	0 0	0 0	0 0	0 0	0 0	
2 1	147 1	200 2	260 2	0 0	0 0	0 0	0 0	0 0	0 0	0 0	0 0	0 0	
2 1	139 1	201 2	253 2	0 0	0 0	0 0	0 0	0 0	0 0	0 0	0 0	0 0	
19 1	124 1	198 2	199 2	200 2	201 2	250 2	251 2	252 2	253 2	0 0	0 0	0 0	
19 1	120 1	198 2	246 2	0 0	0 0	0 0	0 0	0 0	0 0	0 0	0 0	0 0	
19 1	128 1	199 2	255 2	0 0	0 0	0 0	0 0	0 0	0 0	0 0	0 0	0 0	
19 1	148 1	200 2	236 2	0 0	0 0	0 0	0 0	0 0	0 0	0 0	0 0	0 0	
19 1	140 1	201 2	269 2	0 0	0 0	0 0	0 0	0 0	0 0	0 0	0 0	0 0	
12 1	125 1	198 2	199 2	200 2	201 2	242 2	243 2	244 2	245 2	0 0	0 0	0 0	
12 1	121 1	198 2	238 2	0 0	0 0	0 0	0 0	0 0	0 0	0 0	0 0	0 0	
12 1	129 1	199 2	247 2	0 0	0 0	0 0	0 0	0 0	0 0	0 0	0 0	0 0	
12 1	149 1	200 2	268 2	0 0	0 0	0 0	0 0	0 0	0 0	0 0	0 0	0 0	
12 1	141 1	201 2	261 2	0 0	0 0	0 0	0 0	0 0	0 0	0 0	0 0	0 0	
61 1	126 1	127 1	128 1	129 1	202 2	203 2	204 2	205 2	294 2	295 2	296 2	297 2	
61 1	122 1	123 1	124 1	125 1	202 2	290 2	0 0	0 0	0 0	0 0	0 0	0 0	
61 1	130 1	131 1	132 1	133 1	203 2	299 2	0 0	0 0	0 0	0 0	0 0	0 0	
61 1	150 1	151 1	152 1	153 1	204 2	280 2	0 0	0 0	0 0	0 0	0 0	0 0	
61 1	142 1	143 1	144 1	145 1	205 2	0 0	0 0	0 0	0 0	0 0	0 0	0 0	
77 1	78 1	79 1	80 1	126 1	202 2	203 2	204 2	205 2	0 0	0 0	0 0	0 0	
77 1	78 1	79 1	80 1	122 1	202 2	306 2	0 0	0 0	0 0	0 0	0 0	0 0	
77 1	78 1	79 1	80 1	130 1	203 2	275 2	0 0	0 0	0 0	0 0	0 0	0 0	
77 1	78 1	79 1	80 1	150 1	204 2	296 2	0 0	0 0	0 0	0 0	0 0	0 0	
77 1	78 1	79 1	80 1	142 1	205 2	289 2	0 0	0 0	0 0	0 0	0 0	0 0	
6 1	127 1	202 2	203 2	204 2	205 2	238 2	239 2	240 2	241 2	0 0	0 0	0 0	
6 1	123 1	202 2	234 2	0 0	0 0	0 0	0 0	0 0	0 0	0 0	0 0	0 0	
6 1	131 1	203 2	243 2	0 0	0 0	0 0	0 0	0 0	0 0	0 0	0 0	0 0	
6 1	151 1	204 2	264 2	0 0	0 0	0 0	0 0	0 0	0 0	0 0	0 0	0 0	
6 1	143 1	205 2	257 2	0 0	0 0	0 0	0 0	0 0	0 0	0 0	0 0	0 0	
23 1	128 1	202 2	203 2	204 2	205 2	254 2	255 2	256 2	257 2	0 0	0 0	0 0	
23 1	124 1	202 2	250 2	0 0	0 0	0 0	0 0	0 0	0 0	0 0	0 0	0 0	
23 1	132 1	203 2	259 2	0 0	0 0	0 0	0 0	0 0	0 0	0 0	0 0	0 0	
23 1	152 1	204 2	240 2	0 0	0 0	0 0	0 0	0 0	0 0	0 0	0 0	0 0	
23 1	144 1	205 2	273 2	0 0	0 0	0 0	0 0	0 0	0 0	0 0	0 0	0 0	
16 1	129 1	202 2	203 2	204 2	205 2	246 2	247 2	248 2	249 2	0 0	0 0	0 0	
16 1	125 1	202 2	242 2	0 0	0 0	0 0	0 0	0 0	0 0	0 0	0 0	0 0	
16 1	133 1	203 2	251 2	0 0	0 0	0 0	0 0	0 0	0 0	0 0	0 0	0 0	
16 1	153 1	204 2	272 2	0 0	0 0	0 0	0 0	0 0	0 0	0 0	0 0	0 0	
16 1	145 1	205 2	265 2	0 0	0 0	0 0	0 0	0 0	0 0	0 0	0 0	0 0	
65 1	130 1	131 1	132 1	133 1	206 2	207 2	208 2	209 2	298 2	299 2	300 2	301 2	
65 1	126 1	127 1	128 1	129 1	206 2	294 2	0 0	0 0	0 0	0 0	0 0	0 0	
65 1	134 1	135 1	136 1	137 1	207 2	303 2	0 0	0 0	0 0	0 0	0 0	0 0	
65 1	208 2	284 2	0 0	0 0	0 0	0 0	0 0	0 0	0 0	0 0	0 0	0 0	
65 1	146 1	147 1	148 1	149 1	209 2	277 2	0 0	0 0	0 0	0 0	0 0	0 0	
41 1	42 1	43 1	44 1	130 1	206 2	207 2	208 2	209 2	274 2	275 2	276 2	277 2	
41 1	42 1	43 1	44 1	126 1	206 2	0 0	0 0	0 0	0 0	0 0	0 0	0 0	
41 1	42 1	43 1	44 1	134 1	207 2	279 2	0 0	0 0	0 0	0 0	0 0	0 0	
41 1	42 1	43 1	44 1	208 2	300 2	0 0	0 0	0 0	0 0	0 0	0 0	0 0	
41 1	42 1	43 1	44 1	146 1	209 2	293 2	0 0	0 0	0 0	0 0	0 0	0 0	
10 1	131 1	206 2	207 2	208 2	209 2	242 2	243 2	244 2	245 2	0 0	0 0	0 0	
10 1	127 1	206 2	238 2	0 0	0 0	0 0	0 0	0 0	0 0	0 0	0 0	0 0	
10 1	135 1	207 2	247 2	0 0	0 0	0 0	0 0	0 0	0 0	0 0	0 0	0 0	
10 1	208 2	268 2	0 0	0 0	0 0	0 0	0 0	0 0	0 0	0 0	0 0	0 0	
10 1	147 1	209 2	261 2	0 0	0 0	0 0	0 0	0 0	0 0	0 0	0 0	0 0	
27 1	132 1	206 2	207 2	208 2	209 2	258 2	259 2	260 2	261 2	0 0	0 0	0 0	
27 1	128 1	206 2	254 2	0 0	0 0	0 0	0 0	0 0	0 0	0 0	0 0	0 0	
27 1	136 1	207 2	263 2	0 0	0 0	0 0	0 0	0 0	0 0	0 0	0 0	0 0	
27 1	208 2	244 2	0 0	0 0	0 0	0 0	0 0	0 0	0 0	0 0	0 0	0 0	
27 1	148 1	209 2	237 2	0 0	0 0	0 0	0 0	0 0	0 0	0 0	0 0	0 0	
20 1	133 1	206 2	207 2	208 2	209 2	250 2	251 2	252 2	253 2	0 0	0 0	0 0	
20 1	129 1	206 2	246 2	0 0	0 0	0 0	0 0	0 0	0 0	0 0	0 0	0 0	
20 1	137 1	207 2	255 2	0 0	0 0	0 0	0 0	0 0	0 0	0 0	0 0	0 0	
20 1	208 2	236 2	0 0	0 0	0 0	0 0	0 0	0 0	0 0	0 0	0 0	0 0	
20 1	149 1	209 2	269 2	0 0	0 0	0 0	0 0	0 0	0 0	0 0	0 0	0 0	
69 1	134 1	135 1	136 1	137 1	210 2	211 2	212 2	213 2	302 2	303 2	304 2	305 2	
69 1	130 1	131 1	132 1	133 1	210 2	298 2	0 0	0 0	0 0	0 0	0 0	0 0	
69 1	138 1	139 1	140 1	141 1	211 2	0 0	0 0	0 0	0 0	0 0	0 0	0 0	
69 1	118 1	119 1	120 1	121 1	212 2	288 2	0 0	0 0	0 0	0 0	0 0	0 0	
69 1	150 1	151 1	152 1	153 1	213 2	281 2	0 0	0 0	0 0	0 0	0 0	0 0	
45 1	46 1	47 1	48 1	134 1	210 2	211 2	212 2	213 2	278 2	279 2	280 2	281 2	
45 1	46 1	47 1	48 1	130 1	210 2	274 2	0 0	0 0	0 0	0 0	0 0	0 0	
45 1	46 1	47 1	48 1	138 1	211 2	283 2	0 0	0 0	0 0	0 0	0 0	0 0	
45 1	46 1	47 1	48 1	118 1	212 2	304 2	0 0	0 0	0 0	0 0	0 0	0 0	
45 1	46 1	47 1	48 1	150 1	213 2	297 2	0 0	0 0	0 0	0 0	0 0	0 0	
14 1	135 1	210 2	211 2	212 2	213 2	246 2	247 2	248 2	249 2	0 0	0 0	0 0	
14 1	131 1	210 2	242 2	0 0	0 0	0 0	0 0	0 0	0 0	0 0	0 0	0 0	
14 1	139 1	211 2	251 2	0 0	0 0	0 0	0 0	0 0	0 0	0 0	0 0	0 0	
14 1	119 1	212 2	272 2	0 0	0 0	0 0	0 0	0 0	0 0	0 0	0 0	0 0	
14 1	151 1	213 2	265 2	0 0	0 0	0 0	0 0	0 0	0 0	0 0	0 0	0 0	
31 1	136 1	210 2	211 2	212 2	213 2	262 2	263 2	264 2	265 2	0 0	0 0	0 0	
31 1	132 1	210 2	258 2	0 0	0 0	0 0	0 0	0 0	0 0	0 0	0 0	0 0	
31 1	140 1	211 2	267 2	0 0	0 0	0 0	0 0	0 0	0 0	0 0	0 0	0 0	
31 1	120 1	212 2	248 2	0 0	0 0	0 0	0 0	0 0	0 0	0 0	0 0	0 0	
31 1	152 1	213 2	241 2	0 0	0 0	0 0	0 0	0 0	0 0	0 0	0 0	0 0	
24 1	137 1	210 2	211 2	212 2	213 2	254 2	255 2	256 2	257 2	0 0	0 0	0 0	
24 1	133 1	210 2	250 2	0 0	0 0	0 0	0 0	0 0	0 0	0 0	0 0	0 0	
24 1	141 1	211 2	259 2	0 0	0 0	0 0	0 0	0 0	0 0	0 0	0 0	0 0	
24 1	121 1	212 2	240 2	0 0	0 0	0 0	0 0	0 0	0 0	0 0	0 0	0 0	
24 1	153 1	213 2	273 2	0 0	0 0	0 0	0 0	0 0	0 0	0 0	0 0	0 0	
73 1	138 1	139 1	140 1	141 1	214 2	215 2	216 2	217 2	306 2	0 0	0 0	0 0	
73 1	134 1	135 1	136 1	137 1	214 2	302 2	0 0	0 0	0 0	0 0	0 0	0 0	
73 1	142 1	143 1	144 1	145 1	215 2	0 0	0 0	0 0	0 0	0 0	0 0	0 0	
73 1	122 1	123 1	124 1	125 1	216 2	292 2	0 0	0 0	0 0	0 0	0 0	0 0	
73 1	217 2	285 2	0 0	0 0	0 0	0 0	0 0	0 0	0 0	0 0	0 0	0 0	
49 1	50 1	51 1	52 1	138 1	214 2	215 2	216 2	217 2	282 2	283 2	284 2	285 2	
49 1	50 1	51 1	52 1	134 1	214 2	278 2	0 0	0 0	0 0	0 0	0 0	0 0	
49 1	50 1	51 1	52 1	142 1	215 2	287 2	0 0	0 0	0 0	0 0	0 0	0 0	
49 1	50 1	51 1	52 1	122 1	216 2	0 0	0 0	0 0	0 0	0 0	0 0	0 0	
49 1	50 1	51 1	52 1	217 2	301 2	0 0	0 0	0 0	0 0	0 0	0 0	0 0	
18 1	139 1	214 2	215 2	216 2	217 2	250 2	251 2	252 2	253 2	0 0	0 0	0 0	
18 1	135 1	214 2	246 2	0 0	0 0	0 0	0 0	0 0	0 0	0 0	0 0	0 0	
18 1	143 1	215 2	255 2	0 0	0 0	0 0	0 0	0 0	0 0	0 0	0 0	0 0	
18 1	123 1	216 2	236 2	0 0	0 0	0 0	0 0	0 0	0 0	0 0	0 0	0 0	
18 1	217 2	269 2	0 0	0 0	0 0	0 0	0 0	0 0	0 0	0 0	0 0	0 0	
35 1	140 1	214 2	215 2	216 2	217 2	266 2	267 2	268 2	269 2	0 0	0 0	0 0	
35 1	136 1	214 2	262 2	0 0	0 0	0 0	0 0	0 0	0 0	0 0	0 0	0 0	
35 1	144 1	215 2	271 2	0 0	0 0	0 0	0 0	0 0	0 0	0 0	0 0	0 0	
35 1	124 1	216 2	252 2	0 0	0 0	0 0	0 0	0 0	0 0	0 0	0 0	0 0	
35 1	217 2	245 2	0 0	0 0	0 0	0 0	0 0	0 0	0 0	0 0	0 0	0 0	
28 1	141 1	214 2	215 2	216 2	217 2	258 2	259 2	260 2	261 2	0 0	0 0	0 0	
28 1	137 1	214 2	254 2	0 0	0 0	0 0	0 0	0 0	0 0	0 0	0 0	0 0	
28 1	145 1	215 2	263 2	0 0	0 0	0 0	0 0	0 0	0 0	0 0	0 0	0 0	
28 1	125 1	216 2	244 2	0 0	0 0	0 0	0 0	0 0	0 0	0 0	0 0	0 0	
28 1	217 2	237 2	0 0	0 0	0 0	0 0	0 0	0 0	0 0	0 0	0 0	0 0	
77 1	142 1	143 1	144 1	145 1	218 2	219 2	220 2	221 2	0 0	0 0	0 0	0 0	
77 1	138 1	139 1	140 1	141 1	218 2	306 2	0 0	0 0	0 0	0 0	0 0	0 0	
77 1	146 1	147 1	148 1	149 1	219 2	275 2	0 0	0 0	0 0	0 0	0 0	0 0	
77 1	126 1	127 1	128 1	129 1	220 2	296 2	0 0	0 0	0 0	0 0	0 0	0 0	
77 1	118 1	119 1	120 1	121 1	221 2	289 2	0 0	0 0	0 0	0 0	0 0	0 0	
53 1	54 1	55 1	56 1	142 1	218 2	219 2	220 2	221 2	286 2	287 2	288 2	289 2	
53 1	54 1	55 1	56 1	138 1	218 2	282 2	0 0	0 0	0 0	0 0	0 0	0 0	
53 1	54 1	55 1	56 1	146 1	219 2	291 2	0 0	0 0	0 0	0 0	0 0	0 0	
53 1	54 1	55 1	56 1	126 1	220 2	0 0	0 0	0 0	0 0	0 0	0 0	0 0	
53 1	54 1	55 1	56 1	118 1	221 2	305 2	0 0	0 0	0 0	0 0	0 0	0 0	
22 1	143 1	218 2	219 2	220 2	221 2	254 2	255 2	256 2	257 2	0 0	0 0	0 0	
22 1	139 1	218 2	250 2	0 0	0 0	0 0	0 0	0 0	0 0	0 0	0 0	0 0	
22 1	147 1	219 2	259 2	0 0	0 0	0 0	0 0	0 0	0 0	0 0	0 0	0 0	
22 1	127 1	220 2	240 2	0 0	0 0	0 0	0 0	0 0	0 0	0 0	0 0	0 0	
22 1	119 1	221 2	273 2	0 0	0 0	0 0	0 0	0 0	0 0	0 0	0 0	0 0	
39 1	144 1	218 2	219 2	220 2	221 2	270 2	271 2	272 2	273 2	0 0	0 0	0 0	
39 1	140 1	218 2	266 2	0 0	0 0	0 0	0 0	0 0	0 0	0 0	0 0	0 0	
39 1	148 1	219 2	235 2	0 0	0 0	0 0	0 0	0 0	0 0	0 0	0 0	0 0	
39 1	128 1	220 2	256 2	0 0	0 0	0 0	0 0	0 0	0 0	0 0	0 0	0 0	
39 1	120 1	221 2	249 2	0 0	0 0	0 0	0 0	0 0	0 0	0 0	0 0	0 0	
32 1	145 1	218 2	219 2	220 2	221 2	262 2	263 2	264 2	265 2	0 0	0 0	0 0	
32 1	141 1	218 2	258 2	0 0	0 0	0 0	0 0	0 0	0 0	0 0	0 0	0 0	
32 1	149 1	219 2	267 2	0 0	0 0	0 0	0 0	0 0	0 0	0 0	0 0	0 0	
32 1	129 1	220 2	248 2	0 0	0 0	0 0	0 0	0 0	0 0	0 0	0 0	0 0	
32 1	121 1	221 2	241 2	0 0	0 0	0 0	0 0	0 0	0 0	0 0	0 0	0 0	
41 1	146 1	147 1	148 1	149 1	222 2	223 2	224 2	225 2	274 2	275 2	276 2	277 2	
41 1	142 1	143 1	144 1	145 1	222 2	0 0	0 0	0 0	0 0	0 0	0 0	0 0	
41 1	150 1	151 1	152 1	153 1	223 2	279 2	0 0	0 0	0 0	0 0	0 0	0 0	
41 1	130 1	131 1	132 1	133 1	224 2	300 2	0 0	0 0	0 0	0 0	0 0	0 0	
41 1	122 1	123 1	124 1	125 1	225 2	293 2	0 0	0 0	0 0	0 0	0 0	0 0	
57 1	58 1	59 1	60 1	146 1	222 2	223 2	224 2	225 2	290 2	291 2	292 2	293 2	
57 1	58 1	59 1	60 1	142 1	222 2	286 2	0 0	0 0	0 0	0 0	0 0	0 0	
57 1	58 1	59 1	60 1	150 1	223 2	295 2	0 0	0 0	0 0	0 0	0 0	0 0	
57 1	58 1	59 1	60 1	130 1	224 2	276 2	0 0	0 0	0 0	0 0	0 0	0 0	
57 1	58 1	59 1	60 1	122 1	225 2	0 0	0 0	0 0	0 0	0 0	0 0	0 0	
26 1	147 1	222 2	223 2	224 2	225 2	258 2	259 2	260 2	261 2	0 0	0 0	0 0	
26 1	143 1	222 2	254 2	0 0	0 0	0 0	0 0	0 0	0 0	0 0	0 0	0 0	
26 1	151 1	223 2	263 2	0 0	0 0	0 0	0 0	0 0	0 0	0 0	0 0	0 0	
26 1	131 1	224 2	244 2	0 0	0 0	0 0	0 0	0 0	0 0	0 0	0 0	0 0	
26 1	123 1	225 2	237 2	0 0	0 0	0 0	0 0	0 0	0 0	0 0	0 0	0 0	
3 1	148 1	222 2	223 2	224 2	225 2	234 2	235 2	236 2	237 2	0 0	0 0	0 0	
3 1	144 1	222 2	270 2	0 0	0 0	0 0	0 0	0 0	0 0	0 0	0 0	0 0	
3 1	152 1	223 2	239 2	0 0	0 0	0 0	0 0	0 0	0 0	0 0	0 0	0 0	
3 1	132 1	224 2	260 2	0 0	0 0	0 0	0 0	0 0	0 0	0 0	0 0	0 0	
3 1	124 1	225 2	253 2	0 0	0 0	0 0	0 0	0 0	0 0	0 0	0 0	0 0	
36 1	149 1	222 2	223 2	224 2	225 2	266 2	267 2	268 2	269 2	0 0	0 0	0 0	
36 1	145 1	222 2	262 2	0 0	0 0	0 0	0 0	0 0	0 0	0 0	0 0	0 0	
36 1	153 1	223 2	271 2	0 0	0 0	0 0	0 0	0 0	0 0	0 0	0 0	0 0	
36 1	133 1	224 2	252 2	0 0	0 0	0 0	0 0	0 0	0 0	0 0	0 0	0 0	
36 1	125 1	225 2	245 2	0 0	0 0	0 0	0 0	0 0	0 0	0 0	0 0	0 0	
45 1	150 1	151 1	152 1	153 1	226 2	227 2	228 2	229 2	278 2	279 2	280 2	281 2	
45 1	146 1	147 1	148 1	149 1	226 2	274 2	0 0	0 0	0 0	0 0	0 0	0 0	
45 1	227 2	283 2	0 0	0 0	0 0	0 0	0 0	0 0	0 0	0 0	0 0	0 0	
45 1	134 1	135 1	136 1	137 1	228 2	304 2	0 0	0 0	0 0	0 0	0 0	0 0	
45 1	126 1	127 1	128 1	129 1	229 2	297 2	0 0	0 0	0 0	0 0	0 0	0 0	
61 1	62 1	63 1	64 1	150 1	226 2	227 2	228 2	229 2	294 2	295 2	296 2	297 2	
61 1	62 1	63 1	64 1	146 1	226 2	290 2	0 0	0 0	0 0	0 0	0 0	0 0	
61 1	62 1	63 1	64 1	227 2	299 2	0 0	0 0	0 0	0 0	0 0	0 0	0 0	
61 1	62 1	63 1	64 1	134 1	228 2	280 2	0 0	0 0	0 0	0 0	0 0	0 0	
61 1	62 1	63 1	64 1	126 1	229 2	0 0	0 0	0 0	0 0	0 0	0 0	0 0	
30 1	151 1	226 2	227 2	228 2	229 2	262 2	263 2	264 2	265 2	0 0	0 0	0 0	
30 1	147 1	226 2	258 2	0 0	0 0	0 0	0 0	0 0	0 0	0 0	0 0	0 0	
30 1	227 2	267 2	0 0	0 0	0 0	0 0	0 0	0 0	0 0	0 0	0 0	0 0	
30 1	135 1	228 2	248 2	0 0	0 0	0 0	0 0	0 0	0 0	0 0	0 0	0 0	
30 1	127 1	229 2	241 2	0 0	0 0	0 0	0 0	0 0	0 0	0 0	0 0	0 0	
7 1	152 1	226 2	227 2	228 2	229 2	238 2	239 2	240 2	241 2	0 0	0 0	0 0	
7 1	148 1	226 2	234 2	0 0	0 0	0 0	0 0	0 0	0 0	0 0	0 0	0 0	
7 1	227 2	243 2	0 0	0 0	0 0	0 0	0 0	0 0	0 0	0 0	0 0	0 0	
7 1	136 1	228 2	264 2	0 0	0 0	0 0	0 0	0 0	0 0	0 0	0 0	0 0	
7 1	128 1	229 2	257 2	0 0	0 0	0 0	0 0	0 0	0 0	0 0	0 0	0 0	
40 1	153 1	226 2	227 2	228 2	229 2	270 2	271 2	272 2	273 2	0 0	0 0	0 0	
40 1	149 1	226 2	266 2	0 0	0 0	0 0	0 0	0 0	0 0	0 0	0 0	0 0	
40 1	227 2	235 2	0 0	0 0	0 0	0 0	0 0	0 0	0 0	0 0	0 0	0 0	
40 1	137 1	228 2	256 2	0 0	0 0	0 0	0 0	0 0	0 0	0 0	0 0	0 0	
40 1	129 1	229 2	249 2	0 0	0 0	0 0	0 0	0 0	0 0	0 0	0 0	0 0	
49 1	230 2	231 2	232 2	233 2	282 2	283 2	284 2	285 2	0 0	0 0	0 0	0 0	
49 1	150 1	151 1	152 1	153 1	230 2	278 2	0 0	0 0	0 0	0 0	0 0	0 0	
49 1	118 1	119 1	120 1	121 1	231 2	287 2	0 0	0 0	0 0	0 0	0 0	0 0	
49 1	138 1	139 1	140 1	141 1	232 2	0 0	0 0	0 0	0 0	0 0	0 0	0 0	
49 1	130 1	131 1	132 1	133 1	233 2	301 2	0 0	0 0	0 0	0 0	0 0	0 0	
65 1	66 1	67 1	68 1	230 2	231 2	232 2	233 2	298 2	299 2	300 2	301 2	0 0	
65 1	66 1	67 1	68 1	150 1	230 2	294 2	0 0	0 0	0 0	0 0	0 0	0 0	
65 1	66 1	67 1	68 1	118 1	231 2	303 2	0 0	0 0	0 0	0 0	0 0	0 0	
65 1	66 1	67 1	68 1	138 1	232 2	284 2	0 0	0 0	0 0	0 0	0 0	0 0	
65 1	66 1	67 1	68 1	130 1	233 2	277 2	0 0	0 0	0 0	0 0	0 0	0 0	
34 1	230 2	231 2	232 2	233 2	266 2	267 2	268 2	269 2	0 0	0 0	0 0	0 0	
34 1	151 1	230 2	262 2	0 0	0 0	0 0	0 0	0 0	0 0	0 0	0 0	0 0	
34 1	119 1	231 2	271 2	0 0	0 0	0 0	0 0	0 0	0 0	0 0	0 0	0 0	
34 1	139 1	232 2	252 2	0 0	0 0	0 0	0 0	0 0	0 0	0 0	0 0	0 0	
34 1	131 1	233 2	245 2	0 0	0 0	0 0	0 0	0 0	0 0	0 0	0 0	0 0	
11 1	230 2	231 2	232 2	233 2	242 2	243 2	244 2	245 2	0 0	0 0	0 0	0 0	
11 1	152 1	230 2	238 2	0 0	0 0	0 0	0 0	0 0	0 0	0 0	0 0	0 0	
11 1	120 1	231 2	247 2	0 0	0 0	0 0	0 0	0 0	0 0	0 0	0 0	0 0	
11 1	140 1	232 2	268 2	0 0	0 0	0 0	0 0	0 0	0 0	0 0	0 0	0 0	
11 1	132 1	233 2	261 2	0 0	0 0	0 0	0 0	0 0	0 0	0 0	0 0	0 0	
4 1	230 2	231 2	232 2	233 2	234 2	235 2	236 2	237 2	0 0	0 0	0 0	0 0	
4 1	153 1	230 2	270 2	0 0	0 0	0 0	0 0	0 0	0 0	0 0	0 0	0 0	
4 1	121 1	231 2	239 2	0 0	0 0	0 0	0 0	0 0	0 0	0 0	0 0	0 0	
4 1	141 1	232 2	260 2	0 0	0 0	0 0	0 0	0 0	0 0	0 0	0 0	0 0	
4 1	133 1	233 2	253 2	0 0	0 0	0 0	0 0	0 0	0 0	0 0	0 0	0 0	
31 1	32 1	33 1	34 1	35 1	226 1	227 1	228 1	229 1	230 1	
31 1	32 1	33 1	34 1	35 1	286 1	287 1	288 1	289 1	290 1	
31 1	32 1	33 1	34 1	35 1	441 1	442 1	443 1	444 1	445 1	
31 1	32 1	33 1	34 1	35 1	496 1	497 1	498 1	499 1	500 1	
1 1	2 1	3 1	4 1	5 1	56 1	57 1	58 1	59 1	60 1	
56 1	57 1	58 1	59 1	60 1	311 1	312 1	313 1	314 1	315 1	
56 1	57 1	58 1	59 1	60 1	466 1	467 1	468 1	469 1	470 1	
56 1	57 1	58 1	59 1	60 1	271 1	272 1	273 1	274 1	275 1	
26 1	27 1	28 1	29 1	30 1	81 1	82 1	83 1	84 1	85 1	
81 1	82 1	83 1	84 1	85 1	336 1	337 1	338 1	339 1	340 1	
81 1	82 1	83 1	84 1	85 1	491 1	492 1	493 1	494 1	495 1	
81 1	82 1	83 1	84 1	85 1	296 1	297 1	298 1	299 1	300 1	
51 1	52 1	53 1	54 1	55 1	106 1	107 1	108 1	109 1	110 1	
106 1	107 1	108 1	109 1	110 1	361 1	362 1	363 1	364 1	365 1	
106 1	107 1	108 1	109 1	110 1	266 1	267 1	268 1	269 1	270 1	
106 1	107 1	108 1	109 1	110 1	321 1	322 1	323 1	324 1	325 1	
76 1	77 1	78 1	79 1	80 1	131 1	132 1	133 1	134 1	135 1	
131 1	132 1	133 1	134 1	135 1	386 1	387 1	388 1	389 1	390 1	
131 1	132 1	133 1	134 1	135 1	291 1	292 1	293 1	294 1	295 1	
131 1	132 1	133 1	134 1	135 1	346 1	347 1	348 1	349 1	350 1	
101 1	102 1	103 1	104 1	105 1	156 1	157 1	158 1	159 1	160 1	
156 1	157 1	158 1	159 1	160 1	411 1	412 1	413 1	414 1	415 1	
156 1	157 1	158 1	159 1	160 1	316 1	317 1	318 1	319 1	320 1	
156 1	157 1	158 1	159 1	160 1	371 1	372 1	373 1	374 1	375 1	
126 1	127 1	128 1	129 1	130 1	181 1	182 1	183 1	184 1	185 1	
181 1	182 1	183 1	184 1	185 1	436 1	437 1	438 1	439 1	440 1	
181 1	182 1	183 1	184 1	185 1	341 1	342 1	343 1	344 1	345 1	
181 1	182 1	183 1	184 1	185 1	396 1	397 1	398 1	399 1	400 1	
151 1	152 1	153 1	154 1	155 1	206 1	207 1	208 1	209 1	210 1	
206 1	207 1	208 1	209 1	210 1	461 1	462 1	463 1	464 1	465 1	
206 1	207 1	208 1	209 1	210 1	366 1	367 1	368 1	369 1	370 1	
206 1	207 1	208 1	209 1	210 1	421 1	422 1	423 1	424 1	425 1	
176 1	177 1	178 1	179 1	180 1	231 1	232 1	233 1	234 1	235 1	
231 1	232 1	233 1	234 1	235 1	486 1	487 1	488 1	489 1	490 1	
231 1	232 1	233 1	234 1	235 1	391 1	392 1	393 1	394 1	395 1	
231 1	232 1	233 1	234 1	235 1	446 1	447 1	448 1	449 1	450 1	
6 1	7 1	8 1	9 1	10 1	201 1	202 1	203 1	204 1	205 1	
6 1	7 1	8 1	9 1	10 1	261 1	262 1	263 1	264 1	265 1	
6 1	7 1	8 1	9 1	10 1	416 1	417 1	418 1	419 1	420 1	
6 1	7 1	8 1	9 1	10 1	471 1	472 1	473 1	474 1	475 1	
331 1	332 1	333 1	334 1	335 1	426 1	427 1	428 1	429 1	430 1	
236 1	237 1	238 1	239 1	240 1	331 1	332 1	333 1	334 1	335 1	
91 1	92 1	93 1	94 1	95 1	331 1	332 1	333 1	334 1	335 1	
46 1	47 1	48 1	49 1	50 1	331 1	332 1	333 1	334 1	335 1	
356 1	357 1	358 1	359 1	360 1	451 1	452 1	453 1	454 1	455 1	
11 1	12 1	13 1	14 1	15 1	356 1	357 1	358 1	359 1	360 1	
116 1	117 1	118 1	119 1	120 1	356 1	357 1	358 1	359 1	360 1	
71 1	72 1	73 1	74 1	75 1	356 1	357 1	358 1	359 1	360 1	
381 1	382 1	383 1	384 1	385 1	476 1	477 1	478 1	479 1	480 1	
36 1	37 1	38 1	39 1	40 1	381 1	382 1	383 1	384 1	385 1	
141 1	142 1	143 1	144 1	145 1	381 1	382 1	383 1	384 1	385 1	
96 1	97 1	98 1	99 1	100 1	381 1	382 1	383 1	384 1	385 1	
251 1	252 1	253 1	254 1	255 1	406 1	407 1	408 1	409 1	410 1	
61 1	62 1	63 1	64 1	65 1	406 1	407 1	408 1	409 1	410 1	
166 1	167 1	168 1	169 1	170 1	406 1	407 1	408 1	409 1	410 1	
121 1	122 1	123 1	124 1	125 1	406 1	407 1	408 1	409 1	410 1	
276 1	277 1	278 1	279 1	280 1	431 1	432 1	433 1	434 1	435 1	
86 1	87 1	88 1	89 1	90 1	431 1	432 1	433 1	434 1	435 1	
191 1	192 1	193 1	194 1	195 1	431 1	432 1	433 1	434 1	435 1	
146 1	147 1	148 1	149 1	150 1	431 1	432 1	433 1	434 1	435 1	
301 1	302 1	303 1	304 1	305 1	456 1	457 1	458 1	459 1	460 1	
111 1	112 1	113 1	114 1	115 1	456 1	457 1	458 1	459 1	460 1	
216 1	217 1	218 1	219 1	220 1	456 1	457 1	458 1	459 1	460 1	
171 1	172 1	173 1	174 1	175 1	456 1	457 1	458 1	459 1	460 1	
326 1	327 1	328 1	329 1	330 1	481 1	482 1	483 1	484 1	485 1	
136 1	137 1	138 1	139 1	140 1	481 1	482 1	483 1	484 1	485 1	
241 1	242 1	243 1	244 1	245 1	481 1	482 1	483 1	484 1	485 1	
196 1	197 1	198 1	199 1	200 1	481 1	482 1	483 1	484 1	485 1	
256 1	257 1	258 1	259 1	260 1	351 1	352 1	353 1	354 1	355 1	
161 1	162 1	163 1	164 1	165 1	256 1	257 1	258 1	259 1	260 1	
16 1	17 1	18 1	19 1	20 1	256 1	257 1	258 1	259 1	260 1	
221 1	222 1	223 1	224 1	225 1	256 1	257 1	258 1	259 1	260 1	
281 1	282 1	283 1	284 1	285 1	376 1	377 1	378 1	379 1	380 1	
186 1	187 1	188 1	189 1	190 1	281 1	282 1	283 1	284 1	285 1	
41 1	42 1	43 1	44 1	45 1	281 1	282 1	283 1	284 1	285 1	
246 1	247 1	248 1	249 1	250 1	281 1	282 1	283 1	284 1	285 1	
306 1	307 1	308 1	309 1	310 1	401 1	402 1	403 1	404 1	405 1	
211 1	212 1	213 1	214 1	215 1	306 1	307 1	308 1	309 1	310 1	
66 1	67 1	68 1	69 1	70 1	306 1	307 1	308 1	309 1	310 1	
21 1	22 1	23 1	24 1	25 1	306 1	307 1	308 1	309 1	310 1	
1 1	6 1	27 1	32 1	104 1	109 1	155 1	160 1	228 1	233 1	
1 1	11 1	27 1	37 1	104 1	114 1	155 1	165 1	228 1	238 1	
1 1	16 1	27 1	42 1	104 1	119 1	155 1	170 1	228 1	243 1	
1 1	21 1	27 1	47 1	104 1	124 1	155 1	175 1	228 1	248 1	
3 1	8 1	26 1	31 1	52 1	57 1	129 1	134 1	180 1	185 1	
3 1	13 1	26 1	36 1	52 1	62 1	129 1	139 1	180 1	190 1	
3 1	18 1	26 1	41 1	52 1	67 1	129 1	144 1	180 1	195 1	
3 1	23 1	26 1	46 1	52 1	72 1	129 1	149 1	180 1	200 1	
28 1	33 1	51 1	56 1	77 1	82 1	154 1	159 1	205 1	210 1	
28 1	38 1	51 1	61 1	77 1	87 1	154 1	164 1	205 1	215 1	
28 1	43 1	51 1	66 1	77 1	92 1	154 1	169 1	205 1	220 1	
28 1	48 1	51 1	71 1	77 1	97 1	154 1	174 1	205 1	225 1	
53 1	58 1	76 1	81 1	102 1	107 1	179 1	184 1	230 1	235 1	
53 1	63 1	76 1	86 1	102 1	112 1	179 1	189 1	230 1	240 1	
53 1	68 1	76 1	91 1	102 1	117 1	179 1	194 1	230 1	245 1	
53 1	73 1	76 1	96 1	102 1	122 1	179 1	199 1	230 1	250 1	
5 1	10 1	78 1	83 1	101 1	106 1	127 1	132 1	204 1	209 1	
5 1	15 1	78 1	88 1	101 1	111 1	127 1	137 1	204 1	214 1	
5 1	20 1	78 1	93 1	101 1	116 1	127 1	142 1	204 1	219 1	
5 1	25 1	78 1	98 1	101 1	121 1	127 1	147 1	204 1	224 1	
30 1	35 1	103 1	108 1	126 1	131 1	152 1	157 1	229 1	234 1	
30 1	40 1	103 1	113 1	126 1	136 1	152 1	162 1	229 1	239 1	
30 1	45 1	103 1	118 1	126 1	141 1	152 1	167 1	229 1	244 1	
30 1	50 1	103 1	123 1	126 1	146 1	152 1	172 1	229 1	249 1	
4 1	9 1	55 1	60 1	128 1	133 1	151 1	156 1	177 1	182 1	
4 1	14 1	55 1	65 1	128 1	138 1	151 1	161 1	177 1	187 1	
4 1	19 1	55 1	70 1	128 1	143 1	151 1	166 1	177 1	192 1	
4 1	24 1	55 1	75 1	128 1	148 1	151 1	171 1	177 1	197 1	
29 1	34 1	80 1	85 1	153 1	158 1	176 1	181 1	202 1	207 1	
29 1	39 1	80 1	90 1	153 1	163 1	176 1	186 1	202 1	212 1	
29 1	44 1	80 1	95 1	153 1	168 1	176 1	191 1	202 1	217 1	
29 1	49 1	80 1	100 1	153 1	173 1	176 1	196 1	202 1	222 1	
54 1	59 1	105 1	110 1	178 1	183 1	201 1	206 1	227 1	232 1	
54 1	64 1	105 1	115 1	178 1	188 1	201 1	211 1	227 1	237 1	
54 1	69 1	105 1	120 1	178 1	193 1	201 1	216 1	227 1	242 1	
54 1	74 1	105 1	125 1	178 1	198 1	201 1	221 1	227 1	247 1	
2 1	12 1	79 1	89 1	130 1	140 1	203 1	213 1	226 1	236 1	
251 1	256 1	277 1	282 1	354 1	359 1	405 1	410 1	478 1	483 1	
251 1	261 1	277 1	287 1	354 1	364 1	405 1	415 1	478 1	488 1	
251 1	266 1	277 1	292 1	354 1	369 1	405 1	420 1	478 1	493 1	
251 1	271 1	277 1	297 1	354 1	374 1	405 1	425 1	478 1	498 1	
253 1	258 1	276 1	281 1	302 1	307 1	379 1	384 1	430 1	435 1	
253 1	263 1	276 1	286 1	302 1	312 1	379 1	389 1	430 1	440 1	
253 1	268 1	276 1	291 1	302 1	317 1	379 1	394 1	430 1	445 1	
253 1	273 1	276 1	296 1	302 1	322 1	379 1	399 1	430 1	450 1	
278 1	283 1	301 1	306 1	327 1	332 1	404 1	409 1	455 1	460 1	
278 1	288 1	301 1	311 1	327 1	337 1	404 1	414 1	455 1	465 1	
278 1	293 1	301 1	316 1	327 1	342 1	404 1	419 1	455 1	470 1	
278 1	298 1	301 1	321 1	327 1	347 1	404 1	424 1	455 1	475 1	
303 1	308 1	326 1	331 1	352 1	357 1	429 1	434 1	480 1	485 1	
303 1	313 1	326 1	336 1	352 1	362 1	429 1	439 1	480 1	490 1	
303 1	318 1	326 1	341 1	352 1	367 1	429 1	444 1	480 1	495 1	
303 1	323 1	326 1	346 1	352 1	372 1	429 1	449 1	480 1	500 1	
255 1	260 1	328 1	333 1	351 1	356 1	377 1	382 1	454 1	459 1	
255 1	265 1	328 1	338 1	351 1	361 1	377 1	387 1	454 1	464 1	
255 1	270 1	328 1	343 1	351 1	366 1	377 1	392 1	454 1	469 1	
255 1	275 1	328 1	348 1	351 1	371 1	377 1	397 1	454 1	474 1	
280 1	285 1	353 1	358 1	376 1	381 1	402 1	407 1	479 1	484 1	
280 1	290 1	353 1	363 1	376 1	386 1	402 1	412 1	479 1	489 1	
280 1	295 1	353 1	368 1	376 1	391 1	402 1	417 1	479 1	494 1	
280 1	300 1	353 1	373 1	376 1	396 1	402 1	422 1	479 1	499 1	
254 1	259 1	305 1	310 1	378 1	383 1	401 1	406 1	427 1	432 1	
254 1	264 1	305 1	315 1	378 1	388 1	401 1	411 1	427 1	437 1	
254 1	269 1	305 1	320 1	378 1	393 1	401 1	416 1	427 1	442 1	
254 1	274 1	305 1	325 1	378 1	398 1	401 1	421 1	427 1	447 1	
279 1	284 1	330 1	335 1	403 1	408 1	426 1	431 1	452 1	457 1	
279 1	289 1	330 1	340 1	403 1	413 1	426 1	436 1	452 1	462 1	
279 1	294 1	330 1	345 1	403 1	418 1	426 1	441 1	452 1	467 1	
279 1	299 1	330 1	350 1	403 1	423 1	426 1	446 1	452 1	472 1	
304 1	309 1	355 1	360 1	428 1	433 1	451 1	456 1	477 1	482 1	
304 1	314 1	355 1	365 1	428 1	438 1	451 1	461 1	477 1	487 1	
304 1	319 1	355 1	370 1	428 1	443 1	451 1	466 1	477 1	492 1	
304 1	324 1	355 1	375 1	428 1	448 1	451 1	471 1	477 1	497 1	
1 2	2 2	6 2	7 2	11 2	12 2	16 2	17 2	21 2	22 2	
1 2	3 2	6 2	8 2	11 2	13 2	16 2	18 2	21 2	23 2	
1 2	4 2	6 2	9 2	11 2	14 2	16 2	19 2	21 2	24 2	
1 2	5 2	6 2	10 2	11 2	15 2	16 2	20 2	21 2	25 2	
26 2	27 2	31 2	32 2	36 2	37 2	41 2	42 2	46 2	47 2	
26 2	28 2	31 2	33 2	36 2	38 2	41 2	43 2	46 2	48 2	
26 2	29 2	31 2	34 2	36 2	39 2	41 2	44 2	46 2	49 2	
26 2	30 2	31 2	35 2	36 2	40 2	41 2	45 2	46 2	50 2	
51 2	52 2	56 2	57 2	61 2	62 2	66 2	67 2	71 2	72 2	
51 2	53 2	56 2	58 2	61 2	63 2	66 2	68 2	71 2	73 2	
51 2	54 2	56 2	59 2	61 2	64 2	66 2	69 2	71 2	74 2	
51 2	55 2	56 2	60 2	61 2	65 2	66 2	70 2	71 2	75 2	
76 2	77 2	81 2	82 2	86 2	87 2	91 2	92 2	96 2	97 2	
76 2	78 2	81 2	83 2	86 2	88 2	91 2	93 2	96 2	98 2	
76 2	79 2	81 2	84 2	86 2	89 2	91 2	94 2	96 2	99 2	
76 2	80 2	81 2	85 2	86 2	90 2	91 2	95 2	96 2	100 2	
101 2	102 2	106 2	107 2	111 2	112 2	116 2	117 2	121 2	122 2	
101 2	103 2	106 2	108 2	111 2	113 2	116 2	118 2	121 2	123 2	
101 2	104 2	106 2	109 2	111 2	114 2	116 2	119 2	121 2	124 2	
101 2	105 2	106 2	110 2	111 2	115 2	116 2	120 2	121 2	125 2	
126 2	127 2	131 2	132 2	136 2	137 2	141 2	142 2	146 2	147 2	
126 2	128 2	131 2	133 2	136 2	138 2	141 2	143 2	146 2	148 2	
126 2	129 2	131 2	134 2	136 2	139 2	141 2	144 2	146 2	149 2	
126 2	130 2	131 2	135 2	136 2	140 2	141 2	145 2	146 2	150 2	
151 2	152 2	156 2	157 2	161 2	162 2	166 2	167 2	171 2	172 2	
151 2	153 2	156 2	158 2	161 2	163 2	166 2	168 2	171 2	173 2	
151 2	154 2	156 2	159 2	161 2	164 2	166 2	169 2	171 2	174 2	
151 2	155 2	156 2	160 2	161 2	165 2	166 2	170 2	171 2	175 2	
176 2	177 2	181 2	182 2	186 2	187 2	191 2	192 2	196 2	197 2	
176 2	178 2	181 2	183 2	186 2	188 2	191 2	193 2	196 2	198 2	
176 2	179 2	181 2	184 2	186 2	189 2	191 2	194 2	196 2	199 2	
176 2	180 2	181 2	185 2	186 2	190 2	191 2	195 2	196 2	200 2	
201 2	202 2	206 2	207 2	211 2	212 2	216 2	217 2	221 2	222 2	
201 2	203 2	206 2	208 2	211 2	213 2	216 2	218 2	221 2	223 2	
201 2	204 2	206 2	209 2	211 2	214 2	216 2	219 2	221 2	224 2	
201 2	205 2	206 2	210 2	211 2	215 2	216 2	220 2	221 2	225 2	
226 2	227 2	231 2	232 2	236 2	237 2	241 2	242 2	246 2	247 2	
226 2	228 2	231 2	233 2	236 2	238 2	241 2	243 2	246 2	248 2	
226 2	229 2	231 2	234 2	236 2	239 2	241 2	244 2	246 2	249 2	
226 2	230 2	231 2	235 2	236 2	240 2	241 2	245 2	246 2	250 2	
251 2	252 2	256 2	257 2	261 2	262 2	266 2	267 2	271 2	272 2	
251 2	253 2	256 2	258 2	261 2	263 2	266 2	268 2	271 2	273 2	
251 2	254 2	256 2	259 2	261 2	264 2	266 2	269 2	271 2	274 2	
251 2	255 2	256 2	260 2	261 2	265 2	266 2	270 2	271 2	275 2	
276 2	277 2	281 2	282 2	286 2	287 2	291 2	292 2	296 2	297 2	
276 2	278 2	281 2	283 2	286 2	288 2	291 2	293 2	296 2	298 2	
276 2	279 2	281 2	284 2	286 2	289 2	291 2	294 2	296 2	299 2	
276 2	280 2	281 2	285 2	286 2	290 2	291 2	295 2	296 2	300 2	
301 2	302 2	306 2	307 2	311 2	312 2	316 2	317 2	321 2	322 2	
301 2	303 2	306 2	308 2	311 2	313 2	316 2	318 2	321 2	323 2	
301 2	304 2	306 2	309 2	311 2	314 2	316 2	319 2	321 2	324 2	
301 2	305 2	306 2	310 2	311 2	315 2	316 2	320 2	321 2	325 2	
326 2	327 2	331 2	332 2	336 2	337 2	341 2	342 2	346 2	347 2	
326 2	328 2	331 2	333 2	336 2	338 2	341 2	343 2	346 2	348 2	
326 2	329 2	331 2	334 2	336 2	339 2	341 2	344 2	346 2	349 2	
326 2	330 2	331 2	335 2	336 2	340 2	341 2	345 2	346 2	350 2	
351 2	352 2	356 2	357 2	361 2	362 2	366 2	367 2	371 2	372 2	
351 2	353 2	356 2	358 2	361 2	363 2	366 2	368 2	371 2	373 2	
351 2	354 2	356 2	359 2	361 2	364 2	366 2	369 2	371 2	374 2	
351 2	355 2	356 2	360 2	361 2	365 2	366 2	370 2	371 2	375 2	
376 2	377 2	381 2	382 2	386 2	387 2	391 2	392 2	396 2	397 2	
376 2	378 2	381 2	383 2	386 2	388 2	391 2	393 2	396 2	398 2	
376 2	379 2	381 2	384 2	386 2	389 2	391 2	394 2	396 2	399 2	
376 2	380 2	381 2	385 2	386 2	390 2	391 2	395 2	396 2	400 2	
401 2	402 2	406 2	407 2	411 2	412 2	416 2	417 2	421 2	422 2	
401 2	403 2	406 2	408 2	411 2	413 2	416 2	418 2	421 2	423 2	
401 2	404 2	406 2	409 2	411 2	414 2	416 2	419 2	421 2	424 2	
401 2	405 2	406 2	410 2	411 2	415 2	416 2	420 2	421 2	425 2	
426 2	427 2	431 2	432 2	436 2	437 2	441 2	442 2	446 2	447 2	
426 2	428 2	431 2	433 2	436 2	438 2	441 2	443 2	446 2	448 2	
426 2	429 2	431 2	434 2	436 2	439 2	441 2	444 2	446 2	449 2	
426 2	430 2	431 2	435 2	436 2	440 2	441 2	445 2	446 2	450 2	
451 2	452 2	456 2	457 2	461 2	462 2	466 2	467 2	471 2	472 2	
451 2	453 2	456 2	458 2	461 2	463 2	466 2	468 2	471 2	473 2	
451 2	454 2	456 2	459 2	461 2	464 2	466 2	469 2	471 2	474 2	
451 2	455 2	456 2	460 2	461 2	465 2	466 2	470 2	471 2	475 2	
476 2	477 2	481 2	482 2	486 2	487 2	491 2	492 2	496 2	497 2	
476 2	478 2	481 2	483 2	486 2	488 2	491 2	493 2	496 2	498 2	
476 2	479 2	481 2	484 2	486 2	489 2	491 2	494 2	496 2	499 2	
476 2	480 2	481 2	485 2	486 2	490 2	491 2	495 2	496 2	500 2	
2 2	31 2	57 2	226 2	272 2	286 2	312 2	441 2	467 2	496 2	
8 2	31 2	203 2	226 2	263 2	286 2	418 2	441 2	473 2	496 2	
31 2	79 2	134 2	226 2	286 2	294 2	349 2	389 2	441 2	496 2	
31 2	130 2	185 2	226 2	286 2	345 2	400 2	440 2	441 2	496 2	
1 2	27 2	56 2	82 2	271 2	297 2	311 2	337 2	466 2	492 2	
1 2	33 2	56 2	228 2	271 2	288 2	311 2	443 2	466 2	498 2	
1 2	56 2	104 2	159 2	271 2	311 2	319 2	374 2	414 2	466 2	
1 2	56 2	155 2	210 2	271 2	311 2	370 2	425 2	465 2	466 2	
26 2	52 2	81 2	107 2	267 2	296 2	322 2	336 2	362 2	491 2	
3 2	26 2	58 2	81 2	273 2	296 2	313 2	336 2	468 2	491 2	
26 2	81 2	129 2	184 2	296 2	336 2	344 2	399 2	439 2	491 2	
26 2	81 2	180 2	235 2	296 2	336 2	395 2	450 2	490 2	491 2	
51 2	77 2	106 2	132 2	266 2	292 2	321 2	347 2	361 2	387 2	
28 2	51 2	83 2	106 2	266 2	298 2	321 2	338 2	361 2	493 2	
51 2	106 2	154 2	209 2	266 2	321 2	361 2	369 2	424 2	464 2	
10 2	51 2	106 2	205 2	265 2	266 2	321 2	361 2	420 2	475 2	
76 2	102 2	131 2	157 2	291 2	317 2	346 2	372 2	386 2	412 2	
53 2	76 2	108 2	131 2	268 2	291 2	323 2	346 2	363 2	386 2	
76 2	131 2	179 2	234 2	291 2	346 2	386 2	394 2	449 2	489 2	
35 2	76 2	131 2	230 2	290 2	291 2	346 2	386 2	445 2	500 2	
101 2	127 2	156 2	182 2	316 2	342 2	371 2	397 2	411 2	437 2	
78 2	101 2	133 2	156 2	293 2	316 2	348 2	371 2	388 2	411 2	
9 2	101 2	156 2	204 2	264 2	316 2	371 2	411 2	419 2	474 2	
5 2	60 2	101 2	156 2	275 2	315 2	316 2	371 2	411 2	470 2	
126 2	152 2	181 2	207 2	341 2	367 2	396 2	422 2	436 2	462 2	
103 2	126 2	158 2	181 2	318 2	341 2	373 2	396 2	413 2	436 2	
34 2	126 2	181 2	229 2	289 2	341 2	396 2	436 2	444 2	499 2	
30 2	85 2	126 2	181 2	300 2	340 2	341 2	396 2	436 2	495 2	
151 2	177 2	206 2	232 2	366 2	392 2	421 2	447 2	461 2	487 2	
128 2	151 2	183 2	206 2	343 2	366 2	398 2	421 2	438 2	461 2	
4 2	59 2	151 2	206 2	274 2	314 2	366 2	421 2	461 2	469 2	
55 2	110 2	151 2	206 2	270 2	325 2	365 2	366 2	421 2	461 2	
7 2	176 2	202 2	231 2	262 2	391 2	417 2	446 2	472 2	486 2	
153 2	176 2	208 2	231 2	368 2	391 2	423 2	446 2	463 2	486 2	
29 2	84 2	176 2	231 2	299 2	339 2	391 2	446 2	486 2	494 2	
80 2	135 2	176 2	231 2	295 2	350 2	390 2	391 2	446 2	486 2	
6 2	32 2	201 2	227 2	261 2	287 2	416 2	442 2	471 2	497 2	
6 2	178 2	201 2	233 2	261 2	393 2	416 2	448 2	471 2	488 2	
6 2	54 2	109 2	201 2	261 2	269 2	324 2	364 2	416 2	471 2	
6 2	105 2	160 2	201 2	261 2	320 2	375 2	415 2	416 2	471 2	
12 2	46 2	72 2	91 2	117 2	236 2	331 2	357 2	426 2	452 2	
23 2	46 2	68 2	91 2	213 2	236 2	308 2	331 2	403 2	426 2	
46 2	89 2	91 2	149 2	194 2	236 2	279 2	331 2	426 2	434 2	
46 2	91 2	140 2	200 2	236 2	245 2	330 2	331 2	426 2	485 2	
11 2	37 2	71 2	97 2	116 2	142 2	356 2	382 2	451 2	477 2	
11 2	48 2	71 2	93 2	116 2	238 2	333 2	356 2	428 2	451 2	
11 2	71 2	114 2	116 2	174 2	219 2	304 2	356 2	451 2	459 2	
11 2	20 2	71 2	116 2	165 2	225 2	260 2	355 2	356 2	451 2	
36 2	62 2	96 2	122 2	141 2	167 2	252 2	381 2	407 2	476 2	
13 2	36 2	73 2	96 2	118 2	141 2	358 2	381 2	453 2	476 2	
36 2	96 2	139 2	141 2	199 2	244 2	329 2	381 2	476 2	484 2	
36 2	45 2	96 2	141 2	190 2	250 2	285 2	380 2	381 2	476 2	
61 2	87 2	121 2	147 2	166 2	192 2	251 2	277 2	406 2	432 2	
38 2	61 2	98 2	121 2	143 2	166 2	251 2	383 2	406 2	478 2	
19 2	61 2	121 2	164 2	166 2	224 2	251 2	259 2	354 2	406 2	
25 2	61 2	70 2	121 2	166 2	215 2	251 2	310 2	405 2	406 2	
86 2	112 2	146 2	172 2	191 2	217 2	276 2	302 2	431 2	457 2	
63 2	86 2	123 2	146 2	168 2	191 2	253 2	276 2	408 2	431 2	
44 2	86 2	146 2	189 2	191 2	249 2	276 2	284 2	379 2	431 2	
50 2	86 2	95 2	146 2	191 2	240 2	276 2	335 2	430 2	431 2	
111 2	137 2	171 2	197 2	216 2	242 2	301 2	327 2	456 2	482 2	
88 2	111 2	148 2	171 2	193 2	216 2	278 2	301 2	433 2	456 2	
24 2	69 2	111 2	171 2	214 2	216 2	301 2	309 2	404 2	456 2	
15 2	75 2	111 2	120 2	171 2	216 2	301 2	360 2	455 2	456 2	
17 2	136 2	162 2	196 2	222 2	241 2	257 2	326 2	352 2	481 2	
113 2	136 2	173 2	196 2	218 2	241 2	303 2	326 2	458 2	481 2	
49 2	94 2	136 2	196 2	239 2	241 2	326 2	334 2	429 2	481 2	
40 2	100 2	136 2	145 2	196 2	241 2	326 2	385 2	480 2	481 2	
16 2	42 2	161 2	187 2	221 2	247 2	256 2	282 2	351 2	377 2	
16 2	138 2	161 2	198 2	221 2	243 2	256 2	328 2	351 2	483 2	
14 2	16 2	74 2	119 2	161 2	221 2	256 2	351 2	359 2	454 2	
16 2	65 2	125 2	161 2	170 2	221 2	255 2	256 2	351 2	410 2	
22 2	41 2	67 2	186 2	212 2	246 2	281 2	307 2	376 2	402 2	
