11 12
8 7
8 7 6 7 8 2 7 8 8 7 2 
6 5 5 7 7 6 7 5 5 5 7 5 
1 1	3 3	4 2	5 3	6 2	7 2	11 1	12 1	
1 1	3 3	4 1	5 1	7 1	8 1	10 1	0 0	
1 1	4 2	5 1	6 1	8 1	11 1	0 0	0 0	
1 1	3 1	5 3	6 1	7 1	9 1	11 1	0 0	
1 1	3 1	4 1	6 2	9 1	10 1	11 1	12 1	
1 1	7 2	0 0	0 0	0 0	0 0	0 0	0 0	
2 1	5 1	7 1	8 3	10 1	11 1	12 1	0 0	
2 1	3 1	4 1	6 1	7 1	8 1	9 2	10 1	
2 1	4 1	5 1	6 1	7 1	9 1	10 2	11 1	
2 1	4 1	5 1	8 1	9 1	11 3	12 1	0 0	
2 1	12 2	0 0	0 0	0 0	0 0	0 0	0 0	
1 1	2 1	3 1	4 1	5 1	6 1	0 0	
7 1	8 1	9 1	10 1	11 1	0 0	0 0	
1 3	2 3	4 1	5 1	8 1	0 0	0 0	
1 2	2 1	3 2	5 1	8 1	9 1	10 1	
1 3	2 1	3 1	4 3	7 1	9 1	10 1	
1 2	3 1	4 1	5 2	8 1	9 1	0 0	
1 2	2 1	4 1	6 2	7 1	8 1	9 1	
2 1	3 1	7 3	8 1	10 1	0 0	0 0	
4 1	5 1	8 2	9 1	10 1	0 0	0 0	
2 1	5 1	7 1	8 1	9 2	0 0	0 0	
1 1	3 1	4 1	5 1	7 1	9 1	10 3	
1 1	5 1	7 1	10 1	11 2	0 0	0 0	
