11 10
10 6
2 2 2 2 2 10 8 7 9 8 8 
6 6 6 6 6 6 6 6 6 6 
1 1	2 2	0 0	0 0	0 0	0 0	0 0	0 0	0 0	0 0	
3 1	4 2	0 0	0 0	0 0	0 0	0 0	0 0	0 0	0 0	
5 1	6 2	0 0	0 0	0 0	0 0	0 0	0 0	0 0	0 0	
7 1	8 2	0 0	0 0	0 0	0 0	0 0	0 0	0 0	0 0	
9 1	10 2	0 0	0 0	0 0	0 0	0 0	0 0	0 0	0 0	
1 1	2 2	3 1	4 2	5 1	6 2	7 1	8 2	9 1	10 2	
1 2	2 1	3 2	4 2	5 2	6 3	7 3	9 1	0 0	0 0	
1 2	2 3	3 3	4 2	5 1	8 2	10 3	0 0	0 0	0 0	
2 3	3 2	4 3	5 1	6 3	7 1	8 1	9 2	10 2	0 0	
1 1	4 3	5 2	6 2	7 1	8 2	9 2	10 3	0 0	0 0	
1 1	2 1	3 3	6 2	7 3	8 1	9 1	10 2	0 0	0 0	
1 1	6 1	7 2	8 2	10 1	11 1	
1 2	6 2	7 1	8 3	9 3	11 1	
2 1	6 1	7 2	8 3	9 2	11 3	
2 2	6 2	7 2	8 2	9 3	10 3	
3 1	6 1	7 2	8 1	9 1	10 2	
3 2	6 2	7 3	9 3	10 2	11 2	
4 1	6 1	7 3	9 1	10 1	11 3	
4 2	6 2	8 2	9 1	10 2	11 1	
5 1	6 1	7 1	9 2	10 2	11 1	
5 2	6 2	8 3	9 2	10 3	11 2	
