13 12
4 4
2 3 2 3 4 3 2 3 2 4 4 4 4 
3 4 3 3 4 3 3 3 4 4 3 3 
1 1	7 2	0 0	0 0	
2 1	7 2	8 2	0 0	
3 1	8 2	0 0	0 0	
1 1	4 1	9 2	0 0	
2 1	5 1	9 2	10 2	
3 1	6 1	10 2	0 0	
4 1	11 2	0 0	0 0	
5 1	11 2	12 2	0 0	
6 1	12 2	0 0	0 0	
1 1	2 1	7 2	9 2	
2 1	3 1	8 2	10 2	
4 1	5 1	9 2	11 2	
5 1	6 1	10 2	12 2	
1 1	4 1	10 1	0 0	
2 1	5 1	10 1	11 1	
3 1	6 1	11 1	0 0	
4 1	7 1	12 1	0 0	
5 1	8 1	12 1	13 1	
6 1	9 1	13 1	0 0	
1 2	2 2	10 2	0 0	
2 2	3 2	11 2	0 0	
4 2	5 2	10 2	12 2	
5 2	6 2	11 2	13 2	
7 2	8 2	12 2	0 0	
8 2	9 2	13 2	0 0	
