144 144
6 6
6 6 6 6 6 6 6 6 6 6 6 6 6 6 6 6 6 6 6 6 6 6 6 6 6 6 6 6 6 6 6 6 6 6 6 6 6 6 6 6 6 6 6 6 6 6 6 6 6 6 6 6 6 6 6 6 6 6 6 6 6 6 6 6 6 6 6 6 6 6 6 6 6 6 6 6 6 6 6 6 6 6 6 6 6 6 6 6 6 6 6 6 6 6 6 6 6 6 6 6 6 6 6 6 6 6 6 6 6 6 6 6 6 6 6 6 6 6 6 6 6 6 6 6 6 6 6 6 6 6 6 6 6 6 6 6 6 6 6 6 6 6 6 6 
6 6 6 6 6 6 6 6 6 6 6 6 6 6 6 6 6 6 6 6 6 6 6 6 6 6 6 6 6 6 6 6 6 6 6 6 6 6 6 6 6 6 6 6 6 6 6 6 6 6 6 6 6 6 6 6 6 6 6 6 6 6 6 6 6 6 6 6 6 6 6 6 6 6 6 6 6 6 6 6 6 6 6 6 6 6 6 6 6 6 6 6 6 6 6 6 6 6 6 6 6 6 6 6 6 6 6 6 6 6 6 6 6 6 6 6 6 6 6 6 6 6 6 6 6 6 6 6 6 6 6 6 6 6 6 6 6 6 6 6 6 6 6 6 
1 1	31 1	73 2	125 2	131 2	133 2	
2 1	32 1	74 2	126 2	132 2	134 2	
3 1	33 1	75 2	127 2	133 2	135 2	
4 1	34 1	76 2	128 2	134 2	136 2	
5 1	35 1	77 2	129 2	135 2	137 2	
6 1	36 1	78 2	130 2	136 2	138 2	
7 1	37 1	79 2	131 2	137 2	139 2	
8 1	38 1	80 2	132 2	138 2	140 2	
9 1	39 1	81 2	133 2	139 2	141 2	
10 1	40 1	82 2	134 2	140 2	142 2	
11 1	41 1	83 2	135 2	141 2	143 2	
12 1	42 1	84 2	136 2	142 2	144 2	
13 1	43 1	73 2	85 2	137 2	143 2	
14 1	44 1	74 2	86 2	138 2	144 2	
15 1	45 1	73 2	75 2	87 2	139 2	
16 1	46 1	74 2	76 2	88 2	140 2	
17 1	47 1	75 2	77 2	89 2	141 2	
18 1	48 1	76 2	78 2	90 2	142 2	
19 1	49 1	77 2	79 2	91 2	143 2	
20 1	50 1	78 2	80 2	92 2	144 2	
21 1	51 1	73 2	79 2	81 2	93 2	
22 1	52 1	74 2	80 2	82 2	94 2	
23 1	53 1	75 2	81 2	83 2	95 2	
24 1	54 1	76 2	82 2	84 2	96 2	
25 1	55 1	77 2	83 2	85 2	97 2	
26 1	56 1	78 2	84 2	86 2	98 2	
27 1	57 1	79 2	85 2	87 2	99 2	
28 1	58 1	80 2	86 2	88 2	100 2	
29 1	59 1	81 2	87 2	89 2	101 2	
30 1	60 1	82 2	88 2	90 2	102 2	
31 1	61 1	83 2	89 2	91 2	103 2	
32 1	62 1	84 2	90 2	92 2	104 2	
33 1	63 1	85 2	91 2	93 2	105 2	
34 1	64 1	86 2	92 2	94 2	106 2	
35 1	65 1	87 2	93 2	95 2	107 2	
36 1	66 1	88 2	94 2	96 2	108 2	
37 1	67 1	89 2	95 2	97 2	109 2	
38 1	68 1	90 2	96 2	98 2	110 2	
39 1	69 1	91 2	97 2	99 2	111 2	
40 1	70 1	92 2	98 2	100 2	112 2	
41 1	71 1	93 2	99 2	101 2	113 2	
42 1	72 1	94 2	100 2	102 2	114 2	
1 1	43 1	95 2	101 2	103 2	115 2	
2 1	44 1	96 2	102 2	104 2	116 2	
3 1	45 1	97 2	103 2	105 2	117 2	
4 1	46 1	98 2	104 2	106 2	118 2	
5 1	47 1	99 2	105 2	107 2	119 2	
6 1	48 1	100 2	106 2	108 2	120 2	
7 1	49 1	101 2	107 2	109 2	121 2	
8 1	50 1	102 2	108 2	110 2	122 2	
9 1	51 1	103 2	109 2	111 2	123 2	
10 1	52 1	104 2	110 2	112 2	124 2	
11 1	53 1	105 2	111 2	113 2	125 2	
12 1	54 1	106 2	112 2	114 2	126 2	
13 1	55 1	107 2	113 2	115 2	127 2	
14 1	56 1	108 2	114 2	116 2	128 2	
15 1	57 1	109 2	115 2	117 2	129 2	
16 1	58 1	110 2	116 2	118 2	130 2	
17 1	59 1	111 2	117 2	119 2	131 2	
18 1	60 1	112 2	118 2	120 2	132 2	
19 1	61 1	113 2	119 2	121 2	133 2	
20 1	62 1	114 2	120 2	122 2	134 2	
21 1	63 1	115 2	121 2	123 2	135 2	
22 1	64 1	116 2	122 2	124 2	136 2	
23 1	65 1	117 2	123 2	125 2	137 2	
24 1	66 1	118 2	124 2	126 2	138 2	
25 1	67 1	119 2	125 2	127 2	139 2	
26 1	68 1	120 2	126 2	128 2	140 2	
27 1	69 1	121 2	127 2	129 2	141 2	
28 1	70 1	122 2	128 2	130 2	142 2	
29 1	71 1	123 2	129 2	131 2	143 2	
30 1	72 1	124 2	130 2	132 2	144 2	
1 1	13 1	15 1	21 1	73 2	115 2	
2 1	14 1	16 1	22 1	74 2	116 2	
3 1	15 1	17 1	23 1	75 2	117 2	
4 1	16 1	18 1	24 1	76 2	118 2	
5 1	17 1	19 1	25 1	77 2	119 2	
6 1	18 1	20 1	26 1	78 2	120 2	
7 1	19 1	21 1	27 1	79 2	121 2	
8 1	20 1	22 1	28 1	80 2	122 2	
9 1	21 1	23 1	29 1	81 2	123 2	
10 1	22 1	24 1	30 1	82 2	124 2	
11 1	23 1	25 1	31 1	83 2	125 2	
12 1	24 1	26 1	32 1	84 2	126 2	
13 1	25 1	27 1	33 1	85 2	127 2	
14 1	26 1	28 1	34 1	86 2	128 2	
15 1	27 1	29 1	35 1	87 2	129 2	
16 1	28 1	30 1	36 1	88 2	130 2	
17 1	29 1	31 1	37 1	89 2	131 2	
18 1	30 1	32 1	38 1	90 2	132 2	
19 1	31 1	33 1	39 1	91 2	133 2	
20 1	32 1	34 1	40 1	92 2	134 2	
21 1	33 1	35 1	41 1	93 2	135 2	
22 1	34 1	36 1	42 1	94 2	136 2	
23 1	35 1	37 1	43 1	95 2	137 2	
24 1	36 1	38 1	44 1	96 2	138 2	
25 1	37 1	39 1	45 1	97 2	139 2	
26 1	38 1	40 1	46 1	98 2	140 2	
27 1	39 1	41 1	47 1	99 2	141 2	
28 1	40 1	42 1	48 1	100 2	142 2	
29 1	41 1	43 1	49 1	101 2	143 2	
30 1	42 1	44 1	50 1	102 2	144 2	
31 1	43 1	45 1	51 1	73 2	103 2	
32 1	44 1	46 1	52 1	74 2	104 2	
33 1	45 1	47 1	53 1	75 2	105 2	
34 1	46 1	48 1	54 1	76 2	106 2	
35 1	47 1	49 1	55 1	77 2	107 2	
36 1	48 1	50 1	56 1	78 2	108 2	
37 1	49 1	51 1	57 1	79 2	109 2	
38 1	50 1	52 1	58 1	80 2	110 2	
39 1	51 1	53 1	59 1	81 2	111 2	
40 1	52 1	54 1	60 1	82 2	112 2	
41 1	53 1	55 1	61 1	83 2	113 2	
42 1	54 1	56 1	62 1	84 2	114 2	
43 1	55 1	57 1	63 1	85 2	115 2	
44 1	56 1	58 1	64 1	86 2	116 2	
45 1	57 1	59 1	65 1	87 2	117 2	
46 1	58 1	60 1	66 1	88 2	118 2	
47 1	59 1	61 1	67 1	89 2	119 2	
48 1	60 1	62 1	68 1	90 2	120 2	
49 1	61 1	63 1	69 1	91 2	121 2	
50 1	62 1	64 1	70 1	92 2	122 2	
51 1	63 1	65 1	71 1	93 2	123 2	
52 1	64 1	66 1	72 1	94 2	124 2	
1 1	53 1	65 1	67 1	95 2	125 2	
2 1	54 1	66 1	68 1	96 2	126 2	
3 1	55 1	67 1	69 1	97 2	127 2	
4 1	56 1	68 1	70 1	98 2	128 2	
5 1	57 1	69 1	71 1	99 2	129 2	
6 1	58 1	70 1	72 1	100 2	130 2	
1 1	7 1	59 1	71 1	101 2	131 2	
2 1	8 1	60 1	72 1	102 2	132 2	
1 1	3 1	9 1	61 1	103 2	133 2	
2 1	4 1	10 1	62 1	104 2	134 2	
3 1	5 1	11 1	63 1	105 2	135 2	
4 1	6 1	12 1	64 1	106 2	136 2	
5 1	7 1	13 1	65 1	107 2	137 2	
6 1	8 1	14 1	66 1	108 2	138 2	
7 1	9 1	15 1	67 1	109 2	139 2	
8 1	10 1	16 1	68 1	110 2	140 2	
9 1	11 1	17 1	69 1	111 2	141 2	
10 1	12 1	18 1	70 1	112 2	142 2	
11 1	13 1	19 1	71 1	113 2	143 2	
12 1	14 1	20 1	72 1	114 2	144 2	
1 1	43 1	73 1	125 1	131 1	133 1	
2 1	44 1	74 1	126 1	132 1	134 1	
3 1	45 1	75 1	127 1	133 1	135 1	
4 1	46 1	76 1	128 1	134 1	136 1	
5 1	47 1	77 1	129 1	135 1	137 1	
6 1	48 1	78 1	130 1	136 1	138 1	
7 1	49 1	79 1	131 1	137 1	139 1	
8 1	50 1	80 1	132 1	138 1	140 1	
9 1	51 1	81 1	133 1	139 1	141 1	
10 1	52 1	82 1	134 1	140 1	142 1	
11 1	53 1	83 1	135 1	141 1	143 1	
12 1	54 1	84 1	136 1	142 1	144 1	
13 1	55 1	73 1	85 1	137 1	143 1	
14 1	56 1	74 1	86 1	138 1	144 1	
15 1	57 1	73 1	75 1	87 1	139 1	
16 1	58 1	74 1	76 1	88 1	140 1	
17 1	59 1	75 1	77 1	89 1	141 1	
18 1	60 1	76 1	78 1	90 1	142 1	
19 1	61 1	77 1	79 1	91 1	143 1	
20 1	62 1	78 1	80 1	92 1	144 1	
21 1	63 1	73 1	79 1	81 1	93 1	
22 1	64 1	74 1	80 1	82 1	94 1	
23 1	65 1	75 1	81 1	83 1	95 1	
24 1	66 1	76 1	82 1	84 1	96 1	
25 1	67 1	77 1	83 1	85 1	97 1	
26 1	68 1	78 1	84 1	86 1	98 1	
27 1	69 1	79 1	85 1	87 1	99 1	
28 1	70 1	80 1	86 1	88 1	100 1	
29 1	71 1	81 1	87 1	89 1	101 1	
30 1	72 1	82 1	88 1	90 1	102 1	
1 1	31 1	83 1	89 1	91 1	103 1	
2 1	32 1	84 1	90 1	92 1	104 1	
3 1	33 1	85 1	91 1	93 1	105 1	
4 1	34 1	86 1	92 1	94 1	106 1	
5 1	35 1	87 1	93 1	95 1	107 1	
6 1	36 1	88 1	94 1	96 1	108 1	
7 1	37 1	89 1	95 1	97 1	109 1	
8 1	38 1	90 1	96 1	98 1	110 1	
9 1	39 1	91 1	97 1	99 1	111 1	
10 1	40 1	92 1	98 1	100 1	112 1	
11 1	41 1	93 1	99 1	101 1	113 1	
12 1	42 1	94 1	100 1	102 1	114 1	
13 1	43 1	95 1	101 1	103 1	115 1	
14 1	44 1	96 1	102 1	104 1	116 1	
15 1	45 1	97 1	103 1	105 1	117 1	
16 1	46 1	98 1	104 1	106 1	118 1	
17 1	47 1	99 1	105 1	107 1	119 1	
18 1	48 1	100 1	106 1	108 1	120 1	
19 1	49 1	101 1	107 1	109 1	121 1	
20 1	50 1	102 1	108 1	110 1	122 1	
21 1	51 1	103 1	109 1	111 1	123 1	
22 1	52 1	104 1	110 1	112 1	124 1	
23 1	53 1	105 1	111 1	113 1	125 1	
24 1	54 1	106 1	112 1	114 1	126 1	
25 1	55 1	107 1	113 1	115 1	127 1	
26 1	56 1	108 1	114 1	116 1	128 1	
27 1	57 1	109 1	115 1	117 1	129 1	
28 1	58 1	110 1	116 1	118 1	130 1	
29 1	59 1	111 1	117 1	119 1	131 1	
30 1	60 1	112 1	118 1	120 1	132 1	
31 1	61 1	113 1	119 1	121 1	133 1	
32 1	62 1	114 1	120 1	122 1	134 1	
33 1	63 1	115 1	121 1	123 1	135 1	
34 1	64 1	116 1	122 1	124 1	136 1	
35 1	65 1	117 1	123 1	125 1	137 1	
36 1	66 1	118 1	124 1	126 1	138 1	
37 1	67 1	119 1	125 1	127 1	139 1	
38 1	68 1	120 1	126 1	128 1	140 1	
39 1	69 1	121 1	127 1	129 1	141 1	
40 1	70 1	122 1	128 1	130 1	142 1	
41 1	71 1	123 1	129 1	131 1	143 1	
42 1	72 1	124 1	130 1	132 1	144 1	
1 2	13 2	15 2	21 2	73 2	103 2	
2 2	14 2	16 2	22 2	74 2	104 2	
3 2	15 2	17 2	23 2	75 2	105 2	
4 2	16 2	18 2	24 2	76 2	106 2	
5 2	17 2	19 2	25 2	77 2	107 2	
6 2	18 2	20 2	26 2	78 2	108 2	
7 2	19 2	21 2	27 2	79 2	109 2	
8 2	20 2	22 2	28 2	80 2	110 2	
9 2	21 2	23 2	29 2	81 2	111 2	
10 2	22 2	24 2	30 2	82 2	112 2	
11 2	23 2	25 2	31 2	83 2	113 2	
12 2	24 2	26 2	32 2	84 2	114 2	
13 2	25 2	27 2	33 2	85 2	115 2	
14 2	26 2	28 2	34 2	86 2	116 2	
15 2	27 2	29 2	35 2	87 2	117 2	
16 2	28 2	30 2	36 2	88 2	118 2	
17 2	29 2	31 2	37 2	89 2	119 2	
18 2	30 2	32 2	38 2	90 2	120 2	
19 2	31 2	33 2	39 2	91 2	121 2	
20 2	32 2	34 2	40 2	92 2	122 2	
21 2	33 2	35 2	41 2	93 2	123 2	
22 2	34 2	36 2	42 2	94 2	124 2	
23 2	35 2	37 2	43 2	95 2	125 2	
24 2	36 2	38 2	44 2	96 2	126 2	
25 2	37 2	39 2	45 2	97 2	127 2	
26 2	38 2	40 2	46 2	98 2	128 2	
27 2	39 2	41 2	47 2	99 2	129 2	
28 2	40 2	42 2	48 2	100 2	130 2	
29 2	41 2	43 2	49 2	101 2	131 2	
30 2	42 2	44 2	50 2	102 2	132 2	
31 2	43 2	45 2	51 2	103 2	133 2	
32 2	44 2	46 2	52 2	104 2	134 2	
33 2	45 2	47 2	53 2	105 2	135 2	
34 2	46 2	48 2	54 2	106 2	136 2	
35 2	47 2	49 2	55 2	107 2	137 2	
36 2	48 2	50 2	56 2	108 2	138 2	
37 2	49 2	51 2	57 2	109 2	139 2	
38 2	50 2	52 2	58 2	110 2	140 2	
39 2	51 2	53 2	59 2	111 2	141 2	
40 2	52 2	54 2	60 2	112 2	142 2	
41 2	53 2	55 2	61 2	113 2	143 2	
42 2	54 2	56 2	62 2	114 2	144 2	
43 2	55 2	57 2	63 2	73 2	115 2	
44 2	56 2	58 2	64 2	74 2	116 2	
45 2	57 2	59 2	65 2	75 2	117 2	
46 2	58 2	60 2	66 2	76 2	118 2	
47 2	59 2	61 2	67 2	77 2	119 2	
48 2	60 2	62 2	68 2	78 2	120 2	
49 2	61 2	63 2	69 2	79 2	121 2	
50 2	62 2	64 2	70 2	80 2	122 2	
51 2	63 2	65 2	71 2	81 2	123 2	
52 2	64 2	66 2	72 2	82 2	124 2	
1 2	53 2	65 2	67 2	83 2	125 2	
2 2	54 2	66 2	68 2	84 2	126 2	
3 2	55 2	67 2	69 2	85 2	127 2	
4 2	56 2	68 2	70 2	86 2	128 2	
5 2	57 2	69 2	71 2	87 2	129 2	
6 2	58 2	70 2	72 2	88 2	130 2	
1 2	7 2	59 2	71 2	89 2	131 2	
2 2	8 2	60 2	72 2	90 2	132 2	
1 2	3 2	9 2	61 2	91 2	133 2	
2 2	4 2	10 2	62 2	92 2	134 2	
3 2	5 2	11 2	63 2	93 2	135 2	
4 2	6 2	12 2	64 2	94 2	136 2	
5 2	7 2	13 2	65 2	95 2	137 2	
6 2	8 2	14 2	66 2	96 2	138 2	
7 2	9 2	15 2	67 2	97 2	139 2	
8 2	10 2	16 2	68 2	98 2	140 2	
9 2	11 2	17 2	69 2	99 2	141 2	
10 2	12 2	18 2	70 2	100 2	142 2	
11 2	13 2	19 2	71 2	101 2	143 2	
12 2	14 2	20 2	72 2	102 2	144 2	
