392 392
12 12
12 12 12 12 12 12 12 12 12 12 12 12 12 12 12 12 12 12 12 12 12 12 12 12 12 12 12 12 12 12 12 12 12 12 12 12 12 12 12 12 12 12 12 12 12 12 12 12 12 12 12 12 12 12 12 12 12 12 12 12 12 12 12 12 12 12 12 12 12 12 12 12 12 12 12 12 12 12 12 12 12 12 12 12 12 12 12 12 12 12 12 12 12 12 12 12 12 12 12 12 12 12 12 12 12 12 12 12 12 12 12 12 12 12 12 12 12 12 12 12 12 12 12 12 12 12 12 12 12 12 12 12 12 12 12 12 12 12 12 12 12 12 12 12 12 12 12 12 12 12 12 12 12 12 12 12 12 12 12 12 12 12 12 12 12 12 12 12 12 12 12 12 12 12 12 12 12 12 12 12 12 12 12 12 12 12 12 12 12 12 12 12 12 12 12 12 12 12 12 12 12 12 12 12 12 12 12 12 12 12 12 12 12 12 12 12 12 12 12 12 12 12 12 12 12 12 12 12 12 12 12 12 12 12 12 12 12 12 12 12 12 12 12 12 12 12 12 12 12 12 12 12 12 12 12 12 12 12 12 12 12 12 12 12 12 12 12 12 12 12 12 12 12 12 12 12 12 12 12 12 12 12 12 12 12 12 12 12 12 12 12 12 12 12 12 12 12 12 12 12 12 12 12 12 12 12 12 12 12 12 12 12 12 12 12 12 12 12 12 12 12 12 12 12 12 12 12 12 12 12 12 12 12 12 12 12 12 12 12 12 12 12 12 12 12 12 12 12 12 12 12 12 12 12 12 12 12 12 12 12 12 12 12 12 12 12 12 12 12 12 12 12 12 12 12 12 12 12 12 12 12 12 12 12 12 12 12 12 12 12 12 12 
12 12 12 12 12 12 12 12 12 12 12 12 12 12 12 12 12 12 12 12 12 12 12 12 12 12 12 12 12 12 12 12 12 12 12 12 12 12 12 12 12 12 12 12 12 12 12 12 12 12 12 12 12 12 12 12 12 12 12 12 12 12 12 12 12 12 12 12 12 12 12 12 12 12 12 12 12 12 12 12 12 12 12 12 12 12 12 12 12 12 12 12 12 12 12 12 12 12 12 12 12 12 12 12 12 12 12 12 12 12 12 12 12 12 12 12 12 12 12 12 12 12 12 12 12 12 12 12 12 12 12 12 12 12 12 12 12 12 12 12 12 12 12 12 12 12 12 12 12 12 12 12 12 12 12 12 12 12 12 12 12 12 12 12 12 12 12 12 12 12 12 12 12 12 12 12 12 12 12 12 12 12 12 12 12 12 12 12 12 12 12 12 12 12 12 12 12 12 12 12 12 12 12 12 12 12 12 12 12 12 12 12 12 12 12 12 12 12 12 12 12 12 12 12 12 12 12 12 12 12 12 12 12 12 12 12 12 12 12 12 12 12 12 12 12 12 12 12 12 12 12 12 12 12 12 12 12 12 12 12 12 12 12 12 12 12 12 12 12 12 12 12 12 12 12 12 12 12 12 12 12 12 12 12 12 12 12 12 12 12 12 12 12 12 12 12 12 12 12 12 12 12 12 12 12 12 12 12 12 12 12 12 12 12 12 12 12 12 12 12 12 12 12 12 12 12 12 12 12 12 12 12 12 12 12 12 12 12 12 12 12 12 12 12 12 12 12 12 12 12 12 12 12 12 12 12 12 12 12 12 12 12 12 12 12 12 12 12 12 12 12 12 12 12 12 12 12 12 12 12 12 12 12 12 12 12 12 12 12 12 12 12 
1 1	113 1	197 2	227 2	259 2	280 2	304 2	319 2	333 2	344 2	359 2	373 2	
2 1	114 1	198 2	228 2	260 2	281 2	305 2	320 2	334 2	345 2	360 2	374 2	
3 1	115 1	199 2	229 2	261 2	282 2	306 2	321 2	335 2	346 2	361 2	375 2	
4 1	116 1	200 2	230 2	262 2	283 2	307 2	322 2	336 2	347 2	362 2	376 2	
5 1	117 1	201 2	231 2	263 2	284 2	308 2	323 2	337 2	348 2	363 2	377 2	
6 1	118 1	202 2	232 2	264 2	285 2	309 2	324 2	338 2	349 2	364 2	378 2	
7 1	119 1	203 2	233 2	265 2	286 2	310 2	325 2	339 2	350 2	365 2	379 2	
8 1	120 1	204 2	234 2	266 2	287 2	311 2	326 2	340 2	351 2	366 2	380 2	
9 1	121 1	205 2	235 2	267 2	288 2	312 2	327 2	341 2	352 2	367 2	381 2	
10 1	122 1	206 2	236 2	268 2	289 2	313 2	328 2	342 2	353 2	368 2	382 2	
11 1	123 1	207 2	237 2	269 2	290 2	314 2	329 2	343 2	354 2	369 2	383 2	
12 1	124 1	208 2	238 2	270 2	291 2	315 2	330 2	344 2	355 2	370 2	384 2	
13 1	125 1	209 2	239 2	271 2	292 2	316 2	331 2	345 2	356 2	371 2	385 2	
14 1	126 1	210 2	240 2	272 2	293 2	317 2	332 2	346 2	357 2	372 2	386 2	
15 1	127 1	211 2	241 2	273 2	294 2	318 2	333 2	347 2	358 2	373 2	387 2	
16 1	128 1	212 2	242 2	274 2	295 2	319 2	334 2	348 2	359 2	374 2	388 2	
17 1	129 1	213 2	243 2	275 2	296 2	320 2	335 2	349 2	360 2	375 2	389 2	
18 1	130 1	214 2	244 2	276 2	297 2	321 2	336 2	350 2	361 2	376 2	390 2	
19 1	131 1	215 2	245 2	277 2	298 2	322 2	337 2	351 2	362 2	377 2	391 2	
20 1	132 1	216 2	246 2	278 2	299 2	323 2	338 2	352 2	363 2	378 2	392 2	
21 1	133 1	197 2	217 2	247 2	279 2	300 2	324 2	339 2	353 2	364 2	379 2	
22 1	134 1	198 2	218 2	248 2	280 2	301 2	325 2	340 2	354 2	365 2	380 2	
23 1	135 1	199 2	219 2	249 2	281 2	302 2	326 2	341 2	355 2	366 2	381 2	
24 1	136 1	200 2	220 2	250 2	282 2	303 2	327 2	342 2	356 2	367 2	382 2	
25 1	137 1	201 2	221 2	251 2	283 2	304 2	328 2	343 2	357 2	368 2	383 2	
26 1	138 1	202 2	222 2	252 2	284 2	305 2	329 2	344 2	358 2	369 2	384 2	
27 1	139 1	203 2	223 2	253 2	285 2	306 2	330 2	345 2	359 2	370 2	385 2	
28 1	140 1	204 2	224 2	254 2	286 2	307 2	331 2	346 2	360 2	371 2	386 2	
29 1	141 1	205 2	225 2	255 2	287 2	308 2	332 2	347 2	361 2	372 2	387 2	
30 1	142 1	206 2	226 2	256 2	288 2	309 2	333 2	348 2	362 2	373 2	388 2	
31 1	143 1	207 2	227 2	257 2	289 2	310 2	334 2	349 2	363 2	374 2	389 2	
32 1	144 1	208 2	228 2	258 2	290 2	311 2	335 2	350 2	364 2	375 2	390 2	
33 1	145 1	209 2	229 2	259 2	291 2	312 2	336 2	351 2	365 2	376 2	391 2	
34 1	146 1	210 2	230 2	260 2	292 2	313 2	337 2	352 2	366 2	377 2	392 2	
35 1	147 1	197 2	211 2	231 2	261 2	293 2	314 2	338 2	353 2	367 2	378 2	
36 1	148 1	198 2	212 2	232 2	262 2	294 2	315 2	339 2	354 2	368 2	379 2	
37 1	149 1	199 2	213 2	233 2	263 2	295 2	316 2	340 2	355 2	369 2	380 2	
38 1	150 1	200 2	214 2	234 2	264 2	296 2	317 2	341 2	356 2	370 2	381 2	
39 1	151 1	201 2	215 2	235 2	265 2	297 2	318 2	342 2	357 2	371 2	382 2	
40 1	152 1	202 2	216 2	236 2	266 2	298 2	319 2	343 2	358 2	372 2	383 2	
41 1	153 1	203 2	217 2	237 2	267 2	299 2	320 2	344 2	359 2	373 2	384 2	
42 1	154 1	204 2	218 2	238 2	268 2	300 2	321 2	345 2	360 2	374 2	385 2	
43 1	155 1	205 2	219 2	239 2	269 2	301 2	322 2	346 2	361 2	375 2	386 2	
44 1	156 1	206 2	220 2	240 2	270 2	302 2	323 2	347 2	362 2	376 2	387 2	
45 1	157 1	207 2	221 2	241 2	271 2	303 2	324 2	348 2	363 2	377 2	388 2	
46 1	158 1	208 2	222 2	242 2	272 2	304 2	325 2	349 2	364 2	378 2	389 2	
47 1	159 1	209 2	223 2	243 2	273 2	305 2	326 2	350 2	365 2	379 2	390 2	
48 1	160 1	210 2	224 2	244 2	274 2	306 2	327 2	351 2	366 2	380 2	391 2	
49 1	161 1	211 2	225 2	245 2	275 2	307 2	328 2	352 2	367 2	381 2	392 2	
50 1	162 1	197 2	212 2	226 2	246 2	276 2	308 2	329 2	353 2	368 2	382 2	
51 1	163 1	198 2	213 2	227 2	247 2	277 2	309 2	330 2	354 2	369 2	383 2	
52 1	164 1	199 2	214 2	228 2	248 2	278 2	310 2	331 2	355 2	370 2	384 2	
53 1	165 1	200 2	215 2	229 2	249 2	279 2	311 2	332 2	356 2	371 2	385 2	
54 1	166 1	201 2	216 2	230 2	250 2	280 2	312 2	333 2	357 2	372 2	386 2	
55 1	167 1	202 2	217 2	231 2	251 2	281 2	313 2	334 2	358 2	373 2	387 2	
56 1	168 1	203 2	218 2	232 2	252 2	282 2	314 2	335 2	359 2	374 2	388 2	
57 1	169 1	204 2	219 2	233 2	253 2	283 2	315 2	336 2	360 2	375 2	389 2	
58 1	170 1	205 2	220 2	234 2	254 2	284 2	316 2	337 2	361 2	376 2	390 2	
59 1	171 1	206 2	221 2	235 2	255 2	285 2	317 2	338 2	362 2	377 2	391 2	
60 1	172 1	207 2	222 2	236 2	256 2	286 2	318 2	339 2	363 2	378 2	392 2	
61 1	173 1	197 2	208 2	223 2	237 2	257 2	287 2	319 2	340 2	364 2	379 2	
62 1	174 1	198 2	209 2	224 2	238 2	258 2	288 2	320 2	341 2	365 2	380 2	
63 1	175 1	199 2	210 2	225 2	239 2	259 2	289 2	321 2	342 2	366 2	381 2	
64 1	176 1	200 2	211 2	226 2	240 2	260 2	290 2	322 2	343 2	367 2	382 2	
65 1	177 1	201 2	212 2	227 2	241 2	261 2	291 2	323 2	344 2	368 2	383 2	
66 1	178 1	202 2	213 2	228 2	242 2	262 2	292 2	324 2	345 2	369 2	384 2	
67 1	179 1	203 2	214 2	229 2	243 2	263 2	293 2	325 2	346 2	370 2	385 2	
68 1	180 1	204 2	215 2	230 2	244 2	264 2	294 2	326 2	347 2	371 2	386 2	
69 1	181 1	205 2	216 2	231 2	245 2	265 2	295 2	327 2	348 2	372 2	387 2	
70 1	182 1	206 2	217 2	232 2	246 2	266 2	296 2	328 2	349 2	373 2	388 2	
71 1	183 1	207 2	218 2	233 2	247 2	267 2	297 2	329 2	350 2	374 2	389 2	
72 1	184 1	208 2	219 2	234 2	248 2	268 2	298 2	330 2	351 2	375 2	390 2	
73 1	185 1	209 2	220 2	235 2	249 2	269 2	299 2	331 2	352 2	376 2	391 2	
74 1	186 1	210 2	221 2	236 2	250 2	270 2	300 2	332 2	353 2	377 2	392 2	
75 1	187 1	197 2	211 2	222 2	237 2	251 2	271 2	301 2	333 2	354 2	378 2	
76 1	188 1	198 2	212 2	223 2	238 2	252 2	272 2	302 2	334 2	355 2	379 2	
77 1	189 1	199 2	213 2	224 2	239 2	253 2	273 2	303 2	335 2	356 2	380 2	
78 1	190 1	200 2	214 2	225 2	240 2	254 2	274 2	304 2	336 2	357 2	381 2	
79 1	191 1	201 2	215 2	226 2	241 2	255 2	275 2	305 2	337 2	358 2	382 2	
80 1	192 1	202 2	216 2	227 2	242 2	256 2	276 2	306 2	338 2	359 2	383 2	
81 1	193 1	203 2	217 2	228 2	243 2	257 2	277 2	307 2	339 2	360 2	384 2	
82 1	194 1	204 2	218 2	229 2	244 2	258 2	278 2	308 2	340 2	361 2	385 2	
83 1	195 1	205 2	219 2	230 2	245 2	259 2	279 2	309 2	341 2	362 2	386 2	
84 1	196 1	206 2	220 2	231 2	246 2	260 2	280 2	310 2	342 2	363 2	387 2	
1 1	85 1	207 2	221 2	232 2	247 2	261 2	281 2	311 2	343 2	364 2	388 2	
2 1	86 1	208 2	222 2	233 2	248 2	262 2	282 2	312 2	344 2	365 2	389 2	
3 1	87 1	209 2	223 2	234 2	249 2	263 2	283 2	313 2	345 2	366 2	390 2	
4 1	88 1	210 2	224 2	235 2	250 2	264 2	284 2	314 2	346 2	367 2	391 2	
5 1	89 1	211 2	225 2	236 2	251 2	265 2	285 2	315 2	347 2	368 2	392 2	
6 1	90 1	197 2	212 2	226 2	237 2	252 2	266 2	286 2	316 2	348 2	369 2	
7 1	91 1	198 2	213 2	227 2	238 2	253 2	267 2	287 2	317 2	349 2	370 2	
8 1	92 1	199 2	214 2	228 2	239 2	254 2	268 2	288 2	318 2	350 2	371 2	
9 1	93 1	200 2	215 2	229 2	240 2	255 2	269 2	289 2	319 2	351 2	372 2	
10 1	94 1	201 2	216 2	230 2	241 2	256 2	270 2	290 2	320 2	352 2	373 2	
11 1	95 1	202 2	217 2	231 2	242 2	257 2	271 2	291 2	321 2	353 2	374 2	
12 1	96 1	203 2	218 2	232 2	243 2	258 2	272 2	292 2	322 2	354 2	375 2	
13 1	97 1	204 2	219 2	233 2	244 2	259 2	273 2	293 2	323 2	355 2	376 2	
14 1	98 1	205 2	220 2	234 2	245 2	260 2	274 2	294 2	324 2	356 2	377 2	
15 1	99 1	206 2	221 2	235 2	246 2	261 2	275 2	295 2	325 2	357 2	378 2	
16 1	100 1	207 2	222 2	236 2	247 2	262 2	276 2	296 2	326 2	358 2	379 2	
17 1	101 1	208 2	223 2	237 2	248 2	263 2	277 2	297 2	327 2	359 2	380 2	
18 1	102 1	209 2	224 2	238 2	249 2	264 2	278 2	298 2	328 2	360 2	381 2	
19 1	103 1	210 2	225 2	239 2	250 2	265 2	279 2	299 2	329 2	361 2	382 2	
20 1	104 1	211 2	226 2	240 2	251 2	266 2	280 2	300 2	330 2	362 2	383 2	
21 1	105 1	212 2	227 2	241 2	252 2	267 2	281 2	301 2	331 2	363 2	384 2	
22 1	106 1	213 2	228 2	242 2	253 2	268 2	282 2	302 2	332 2	364 2	385 2	
23 1	107 1	214 2	229 2	243 2	254 2	269 2	283 2	303 2	333 2	365 2	386 2	
24 1	108 1	215 2	230 2	244 2	255 2	270 2	284 2	304 2	334 2	366 2	387 2	
25 1	109 1	216 2	231 2	245 2	256 2	271 2	285 2	305 2	335 2	367 2	388 2	
26 1	110 1	217 2	232 2	246 2	257 2	272 2	286 2	306 2	336 2	368 2	389 2	
27 1	111 1	218 2	233 2	247 2	258 2	273 2	287 2	307 2	337 2	369 2	390 2	
28 1	112 1	219 2	234 2	248 2	259 2	274 2	288 2	308 2	338 2	370 2	391 2	
29 1	113 1	220 2	235 2	249 2	260 2	275 2	289 2	309 2	339 2	371 2	392 2	
30 1	114 1	197 2	221 2	236 2	250 2	261 2	276 2	290 2	310 2	340 2	372 2	
31 1	115 1	198 2	222 2	237 2	251 2	262 2	277 2	291 2	311 2	341 2	373 2	
32 1	116 1	199 2	223 2	238 2	252 2	263 2	278 2	292 2	312 2	342 2	374 2	
33 1	117 1	200 2	224 2	239 2	253 2	264 2	279 2	293 2	313 2	343 2	375 2	
34 1	118 1	201 2	225 2	240 2	254 2	265 2	280 2	294 2	314 2	344 2	376 2	
35 1	119 1	202 2	226 2	241 2	255 2	266 2	281 2	295 2	315 2	345 2	377 2	
36 1	120 1	203 2	227 2	242 2	256 2	267 2	282 2	296 2	316 2	346 2	378 2	
37 1	121 1	204 2	228 2	243 2	257 2	268 2	283 2	297 2	317 2	347 2	379 2	
38 1	122 1	205 2	229 2	244 2	258 2	269 2	284 2	298 2	318 2	348 2	380 2	
39 1	123 1	206 2	230 2	245 2	259 2	270 2	285 2	299 2	319 2	349 2	381 2	
40 1	124 1	207 2	231 2	246 2	260 2	271 2	286 2	300 2	320 2	350 2	382 2	
41 1	125 1	208 2	232 2	247 2	261 2	272 2	287 2	301 2	321 2	351 2	383 2	
42 1	126 1	209 2	233 2	248 2	262 2	273 2	288 2	302 2	322 2	352 2	384 2	
43 1	127 1	210 2	234 2	249 2	263 2	274 2	289 2	303 2	323 2	353 2	385 2	
44 1	128 1	211 2	235 2	250 2	264 2	275 2	290 2	304 2	324 2	354 2	386 2	
45 1	129 1	212 2	236 2	251 2	265 2	276 2	291 2	305 2	325 2	355 2	387 2	
46 1	130 1	213 2	237 2	252 2	266 2	277 2	292 2	306 2	326 2	356 2	388 2	
47 1	131 1	214 2	238 2	253 2	267 2	278 2	293 2	307 2	327 2	357 2	389 2	
48 1	132 1	215 2	239 2	254 2	268 2	279 2	294 2	308 2	328 2	358 2	390 2	
49 1	133 1	216 2	240 2	255 2	269 2	280 2	295 2	309 2	329 2	359 2	391 2	
50 1	134 1	217 2	241 2	256 2	270 2	281 2	296 2	310 2	330 2	360 2	392 2	
51 1	135 1	197 2	218 2	242 2	257 2	271 2	282 2	297 2	311 2	331 2	361 2	
52 1	136 1	198 2	219 2	243 2	258 2	272 2	283 2	298 2	312 2	332 2	362 2	
53 1	137 1	199 2	220 2	244 2	259 2	273 2	284 2	299 2	313 2	333 2	363 2	
54 1	138 1	200 2	221 2	245 2	260 2	274 2	285 2	300 2	314 2	334 2	364 2	
55 1	139 1	201 2	222 2	246 2	261 2	275 2	286 2	301 2	315 2	335 2	365 2	
56 1	140 1	202 2	223 2	247 2	262 2	276 2	287 2	302 2	316 2	336 2	366 2	
57 1	141 1	203 2	224 2	248 2	263 2	277 2	288 2	303 2	317 2	337 2	367 2	
58 1	142 1	204 2	225 2	249 2	264 2	278 2	289 2	304 2	318 2	338 2	368 2	
59 1	143 1	205 2	226 2	250 2	265 2	279 2	290 2	305 2	319 2	339 2	369 2	
60 1	144 1	206 2	227 2	251 2	266 2	280 2	291 2	306 2	320 2	340 2	370 2	
61 1	145 1	207 2	228 2	252 2	267 2	281 2	292 2	307 2	321 2	341 2	371 2	
62 1	146 1	208 2	229 2	253 2	268 2	282 2	293 2	308 2	322 2	342 2	372 2	
63 1	147 1	209 2	230 2	254 2	269 2	283 2	294 2	309 2	323 2	343 2	373 2	
64 1	148 1	210 2	231 2	255 2	270 2	284 2	295 2	310 2	324 2	344 2	374 2	
65 1	149 1	211 2	232 2	256 2	271 2	285 2	296 2	311 2	325 2	345 2	375 2	
66 1	150 1	212 2	233 2	257 2	272 2	286 2	297 2	312 2	326 2	346 2	376 2	
67 1	151 1	213 2	234 2	258 2	273 2	287 2	298 2	313 2	327 2	347 2	377 2	
68 1	152 1	214 2	235 2	259 2	274 2	288 2	299 2	314 2	328 2	348 2	378 2	
69 1	153 1	215 2	236 2	260 2	275 2	289 2	300 2	315 2	329 2	349 2	379 2	
70 1	154 1	216 2	237 2	261 2	276 2	290 2	301 2	316 2	330 2	350 2	380 2	
71 1	155 1	217 2	238 2	262 2	277 2	291 2	302 2	317 2	331 2	351 2	381 2	
72 1	156 1	218 2	239 2	263 2	278 2	292 2	303 2	318 2	332 2	352 2	382 2	
73 1	157 1	219 2	240 2	264 2	279 2	293 2	304 2	319 2	333 2	353 2	383 2	
74 1	158 1	220 2	241 2	265 2	280 2	294 2	305 2	320 2	334 2	354 2	384 2	
75 1	159 1	221 2	242 2	266 2	281 2	295 2	306 2	321 2	335 2	355 2	385 2	
76 1	160 1	222 2	243 2	267 2	282 2	296 2	307 2	322 2	336 2	356 2	386 2	
77 1	161 1	223 2	244 2	268 2	283 2	297 2	308 2	323 2	337 2	357 2	387 2	
78 1	162 1	224 2	245 2	269 2	284 2	298 2	309 2	324 2	338 2	358 2	388 2	
79 1	163 1	225 2	246 2	270 2	285 2	299 2	310 2	325 2	339 2	359 2	389 2	
80 1	164 1	226 2	247 2	271 2	286 2	300 2	311 2	326 2	340 2	360 2	390 2	
81 1	165 1	227 2	248 2	272 2	287 2	301 2	312 2	327 2	341 2	361 2	391 2	
82 1	166 1	228 2	249 2	273 2	288 2	302 2	313 2	328 2	342 2	362 2	392 2	
83 1	167 1	197 2	229 2	250 2	274 2	289 2	303 2	314 2	329 2	343 2	363 2	
84 1	168 1	198 2	230 2	251 2	275 2	290 2	304 2	315 2	330 2	344 2	364 2	
85 1	169 1	199 2	231 2	252 2	276 2	291 2	305 2	316 2	331 2	345 2	365 2	
86 1	170 1	200 2	232 2	253 2	277 2	292 2	306 2	317 2	332 2	346 2	366 2	
87 1	171 1	201 2	233 2	254 2	278 2	293 2	307 2	318 2	333 2	347 2	367 2	
88 1	172 1	202 2	234 2	255 2	279 2	294 2	308 2	319 2	334 2	348 2	368 2	
89 1	173 1	203 2	235 2	256 2	280 2	295 2	309 2	320 2	335 2	349 2	369 2	
90 1	174 1	204 2	236 2	257 2	281 2	296 2	310 2	321 2	336 2	350 2	370 2	
91 1	175 1	205 2	237 2	258 2	282 2	297 2	311 2	322 2	337 2	351 2	371 2	
92 1	176 1	206 2	238 2	259 2	283 2	298 2	312 2	323 2	338 2	352 2	372 2	
93 1	177 1	207 2	239 2	260 2	284 2	299 2	313 2	324 2	339 2	353 2	373 2	
94 1	178 1	208 2	240 2	261 2	285 2	300 2	314 2	325 2	340 2	354 2	374 2	
95 1	179 1	209 2	241 2	262 2	286 2	301 2	315 2	326 2	341 2	355 2	375 2	
96 1	180 1	210 2	242 2	263 2	287 2	302 2	316 2	327 2	342 2	356 2	376 2	
97 1	181 1	211 2	243 2	264 2	288 2	303 2	317 2	328 2	343 2	357 2	377 2	
98 1	182 1	212 2	244 2	265 2	289 2	304 2	318 2	329 2	344 2	358 2	378 2	
99 1	183 1	213 2	245 2	266 2	290 2	305 2	319 2	330 2	345 2	359 2	379 2	
100 1	184 1	214 2	246 2	267 2	291 2	306 2	320 2	331 2	346 2	360 2	380 2	
101 1	185 1	215 2	247 2	268 2	292 2	307 2	321 2	332 2	347 2	361 2	381 2	
102 1	186 1	216 2	248 2	269 2	293 2	308 2	322 2	333 2	348 2	362 2	382 2	
103 1	187 1	217 2	249 2	270 2	294 2	309 2	323 2	334 2	349 2	363 2	383 2	
104 1	188 1	218 2	250 2	271 2	295 2	310 2	324 2	335 2	350 2	364 2	384 2	
105 1	189 1	219 2	251 2	272 2	296 2	311 2	325 2	336 2	351 2	365 2	385 2	
106 1	190 1	220 2	252 2	273 2	297 2	312 2	326 2	337 2	352 2	366 2	386 2	
107 1	191 1	221 2	253 2	274 2	298 2	313 2	327 2	338 2	353 2	367 2	387 2	
108 1	192 1	222 2	254 2	275 2	299 2	314 2	328 2	339 2	354 2	368 2	388 2	
109 1	193 1	223 2	255 2	276 2	300 2	315 2	329 2	340 2	355 2	369 2	389 2	
110 1	194 1	224 2	256 2	277 2	301 2	316 2	330 2	341 2	356 2	370 2	390 2	
111 1	195 1	225 2	257 2	278 2	302 2	317 2	331 2	342 2	357 2	371 2	391 2	
112 1	196 1	226 2	258 2	279 2	303 2	318 2	332 2	343 2	358 2	372 2	392 2	
1 1	21 1	35 1	50 1	61 1	75 1	90 1	114 1	135 1	167 1	197 2	281 2	
2 1	22 1	36 1	51 1	62 1	76 1	91 1	115 1	136 1	168 1	198 2	282 2	
3 1	23 1	37 1	52 1	63 1	77 1	92 1	116 1	137 1	169 1	199 2	283 2	
4 1	24 1	38 1	53 1	64 1	78 1	93 1	117 1	138 1	170 1	200 2	284 2	
5 1	25 1	39 1	54 1	65 1	79 1	94 1	118 1	139 1	171 1	201 2	285 2	
6 1	26 1	40 1	55 1	66 1	80 1	95 1	119 1	140 1	172 1	202 2	286 2	
7 1	27 1	41 1	56 1	67 1	81 1	96 1	120 1	141 1	173 1	203 2	287 2	
8 1	28 1	42 1	57 1	68 1	82 1	97 1	121 1	142 1	174 1	204 2	288 2	
9 1	29 1	43 1	58 1	69 1	83 1	98 1	122 1	143 1	175 1	205 2	289 2	
10 1	30 1	44 1	59 1	70 1	84 1	99 1	123 1	144 1	176 1	206 2	290 2	
11 1	31 1	45 1	60 1	71 1	85 1	100 1	124 1	145 1	177 1	207 2	291 2	
12 1	32 1	46 1	61 1	72 1	86 1	101 1	125 1	146 1	178 1	208 2	292 2	
13 1	33 1	47 1	62 1	73 1	87 1	102 1	126 1	147 1	179 1	209 2	293 2	
14 1	34 1	48 1	63 1	74 1	88 1	103 1	127 1	148 1	180 1	210 2	294 2	
15 1	35 1	49 1	64 1	75 1	89 1	104 1	128 1	149 1	181 1	211 2	295 2	
16 1	36 1	50 1	65 1	76 1	90 1	105 1	129 1	150 1	182 1	212 2	296 2	
17 1	37 1	51 1	66 1	77 1	91 1	106 1	130 1	151 1	183 1	213 2	297 2	
18 1	38 1	52 1	67 1	78 1	92 1	107 1	131 1	152 1	184 1	214 2	298 2	
19 1	39 1	53 1	68 1	79 1	93 1	108 1	132 1	153 1	185 1	215 2	299 2	
20 1	40 1	54 1	69 1	80 1	94 1	109 1	133 1	154 1	186 1	216 2	300 2	
21 1	41 1	55 1	70 1	81 1	95 1	110 1	134 1	155 1	187 1	217 2	301 2	
22 1	42 1	56 1	71 1	82 1	96 1	111 1	135 1	156 1	188 1	218 2	302 2	
23 1	43 1	57 1	72 1	83 1	97 1	112 1	136 1	157 1	189 1	219 2	303 2	
24 1	44 1	58 1	73 1	84 1	98 1	113 1	137 1	158 1	190 1	220 2	304 2	
25 1	45 1	59 1	74 1	85 1	99 1	114 1	138 1	159 1	191 1	221 2	305 2	
26 1	46 1	60 1	75 1	86 1	100 1	115 1	139 1	160 1	192 1	222 2	306 2	
27 1	47 1	61 1	76 1	87 1	101 1	116 1	140 1	161 1	193 1	223 2	307 2	
28 1	48 1	62 1	77 1	88 1	102 1	117 1	141 1	162 1	194 1	224 2	308 2	
29 1	49 1	63 1	78 1	89 1	103 1	118 1	142 1	163 1	195 1	225 2	309 2	
30 1	50 1	64 1	79 1	90 1	104 1	119 1	143 1	164 1	196 1	226 2	310 2	
1 1	31 1	51 1	65 1	80 1	91 1	105 1	120 1	144 1	165 1	227 2	311 2	
2 1	32 1	52 1	66 1	81 1	92 1	106 1	121 1	145 1	166 1	228 2	312 2	
3 1	33 1	53 1	67 1	82 1	93 1	107 1	122 1	146 1	167 1	229 2	313 2	
4 1	34 1	54 1	68 1	83 1	94 1	108 1	123 1	147 1	168 1	230 2	314 2	
5 1	35 1	55 1	69 1	84 1	95 1	109 1	124 1	148 1	169 1	231 2	315 2	
6 1	36 1	56 1	70 1	85 1	96 1	110 1	125 1	149 1	170 1	232 2	316 2	
7 1	37 1	57 1	71 1	86 1	97 1	111 1	126 1	150 1	171 1	233 2	317 2	
8 1	38 1	58 1	72 1	87 1	98 1	112 1	127 1	151 1	172 1	234 2	318 2	
9 1	39 1	59 1	73 1	88 1	99 1	113 1	128 1	152 1	173 1	235 2	319 2	
10 1	40 1	60 1	74 1	89 1	100 1	114 1	129 1	153 1	174 1	236 2	320 2	
11 1	41 1	61 1	75 1	90 1	101 1	115 1	130 1	154 1	175 1	237 2	321 2	
12 1	42 1	62 1	76 1	91 1	102 1	116 1	131 1	155 1	176 1	238 2	322 2	
13 1	43 1	63 1	77 1	92 1	103 1	117 1	132 1	156 1	177 1	239 2	323 2	
14 1	44 1	64 1	78 1	93 1	104 1	118 1	133 1	157 1	178 1	240 2	324 2	
15 1	45 1	65 1	79 1	94 1	105 1	119 1	134 1	158 1	179 1	241 2	325 2	
16 1	46 1	66 1	80 1	95 1	106 1	120 1	135 1	159 1	180 1	242 2	326 2	
17 1	47 1	67 1	81 1	96 1	107 1	121 1	136 1	160 1	181 1	243 2	327 2	
18 1	48 1	68 1	82 1	97 1	108 1	122 1	137 1	161 1	182 1	244 2	328 2	
19 1	49 1	69 1	83 1	98 1	109 1	123 1	138 1	162 1	183 1	245 2	329 2	
20 1	50 1	70 1	84 1	99 1	110 1	124 1	139 1	163 1	184 1	246 2	330 2	
21 1	51 1	71 1	85 1	100 1	111 1	125 1	140 1	164 1	185 1	247 2	331 2	
22 1	52 1	72 1	86 1	101 1	112 1	126 1	141 1	165 1	186 1	248 2	332 2	
23 1	53 1	73 1	87 1	102 1	113 1	127 1	142 1	166 1	187 1	249 2	333 2	
24 1	54 1	74 1	88 1	103 1	114 1	128 1	143 1	167 1	188 1	250 2	334 2	
25 1	55 1	75 1	89 1	104 1	115 1	129 1	144 1	168 1	189 1	251 2	335 2	
26 1	56 1	76 1	90 1	105 1	116 1	130 1	145 1	169 1	190 1	252 2	336 2	
27 1	57 1	77 1	91 1	106 1	117 1	131 1	146 1	170 1	191 1	253 2	337 2	
28 1	58 1	78 1	92 1	107 1	118 1	132 1	147 1	171 1	192 1	254 2	338 2	
29 1	59 1	79 1	93 1	108 1	119 1	133 1	148 1	172 1	193 1	255 2	339 2	
30 1	60 1	80 1	94 1	109 1	120 1	134 1	149 1	173 1	194 1	256 2	340 2	
31 1	61 1	81 1	95 1	110 1	121 1	135 1	150 1	174 1	195 1	257 2	341 2	
32 1	62 1	82 1	96 1	111 1	122 1	136 1	151 1	175 1	196 1	258 2	342 2	
1 1	33 1	63 1	83 1	97 1	112 1	123 1	137 1	152 1	176 1	259 2	343 2	
2 1	34 1	64 1	84 1	98 1	113 1	124 1	138 1	153 1	177 1	260 2	344 2	
3 1	35 1	65 1	85 1	99 1	114 1	125 1	139 1	154 1	178 1	261 2	345 2	
4 1	36 1	66 1	86 1	100 1	115 1	126 1	140 1	155 1	179 1	262 2	346 2	
5 1	37 1	67 1	87 1	101 1	116 1	127 1	141 1	156 1	180 1	263 2	347 2	
6 1	38 1	68 1	88 1	102 1	117 1	128 1	142 1	157 1	181 1	264 2	348 2	
7 1	39 1	69 1	89 1	103 1	118 1	129 1	143 1	158 1	182 1	265 2	349 2	
8 1	40 1	70 1	90 1	104 1	119 1	130 1	144 1	159 1	183 1	266 2	350 2	
9 1	41 1	71 1	91 1	105 1	120 1	131 1	145 1	160 1	184 1	267 2	351 2	
10 1	42 1	72 1	92 1	106 1	121 1	132 1	146 1	161 1	185 1	268 2	352 2	
11 1	43 1	73 1	93 1	107 1	122 1	133 1	147 1	162 1	186 1	269 2	353 2	
12 1	44 1	74 1	94 1	108 1	123 1	134 1	148 1	163 1	187 1	270 2	354 2	
13 1	45 1	75 1	95 1	109 1	124 1	135 1	149 1	164 1	188 1	271 2	355 2	
14 1	46 1	76 1	96 1	110 1	125 1	136 1	150 1	165 1	189 1	272 2	356 2	
15 1	47 1	77 1	97 1	111 1	126 1	137 1	151 1	166 1	190 1	273 2	357 2	
16 1	48 1	78 1	98 1	112 1	127 1	138 1	152 1	167 1	191 1	274 2	358 2	
17 1	49 1	79 1	99 1	113 1	128 1	139 1	153 1	168 1	192 1	275 2	359 2	
18 1	50 1	80 1	100 1	114 1	129 1	140 1	154 1	169 1	193 1	276 2	360 2	
19 1	51 1	81 1	101 1	115 1	130 1	141 1	155 1	170 1	194 1	277 2	361 2	
20 1	52 1	82 1	102 1	116 1	131 1	142 1	156 1	171 1	195 1	278 2	362 2	
21 1	53 1	83 1	103 1	117 1	132 1	143 1	157 1	172 1	196 1	279 2	363 2	
1 1	22 1	54 1	84 1	104 1	118 1	133 1	144 1	158 1	173 1	280 2	364 2	
2 1	23 1	55 1	85 1	105 1	119 1	134 1	145 1	159 1	174 1	281 2	365 2	
3 1	24 1	56 1	86 1	106 1	120 1	135 1	146 1	160 1	175 1	282 2	366 2	
4 1	25 1	57 1	87 1	107 1	121 1	136 1	147 1	161 1	176 1	283 2	367 2	
5 1	26 1	58 1	88 1	108 1	122 1	137 1	148 1	162 1	177 1	284 2	368 2	
6 1	27 1	59 1	89 1	109 1	123 1	138 1	149 1	163 1	178 1	285 2	369 2	
7 1	28 1	60 1	90 1	110 1	124 1	139 1	150 1	164 1	179 1	286 2	370 2	
8 1	29 1	61 1	91 1	111 1	125 1	140 1	151 1	165 1	180 1	287 2	371 2	
9 1	30 1	62 1	92 1	112 1	126 1	141 1	152 1	166 1	181 1	288 2	372 2	
10 1	31 1	63 1	93 1	113 1	127 1	142 1	153 1	167 1	182 1	289 2	373 2	
11 1	32 1	64 1	94 1	114 1	128 1	143 1	154 1	168 1	183 1	290 2	374 2	
12 1	33 1	65 1	95 1	115 1	129 1	144 1	155 1	169 1	184 1	291 2	375 2	
13 1	34 1	66 1	96 1	116 1	130 1	145 1	156 1	170 1	185 1	292 2	376 2	
14 1	35 1	67 1	97 1	117 1	131 1	146 1	157 1	171 1	186 1	293 2	377 2	
15 1	36 1	68 1	98 1	118 1	132 1	147 1	158 1	172 1	187 1	294 2	378 2	
16 1	37 1	69 1	99 1	119 1	133 1	148 1	159 1	173 1	188 1	295 2	379 2	
17 1	38 1	70 1	100 1	120 1	134 1	149 1	160 1	174 1	189 1	296 2	380 2	
18 1	39 1	71 1	101 1	121 1	135 1	150 1	161 1	175 1	190 1	297 2	381 2	
19 1	40 1	72 1	102 1	122 1	136 1	151 1	162 1	176 1	191 1	298 2	382 2	
20 1	41 1	73 1	103 1	123 1	137 1	152 1	163 1	177 1	192 1	299 2	383 2	
21 1	42 1	74 1	104 1	124 1	138 1	153 1	164 1	178 1	193 1	300 2	384 2	
22 1	43 1	75 1	105 1	125 1	139 1	154 1	165 1	179 1	194 1	301 2	385 2	
23 1	44 1	76 1	106 1	126 1	140 1	155 1	166 1	180 1	195 1	302 2	386 2	
24 1	45 1	77 1	107 1	127 1	141 1	156 1	167 1	181 1	196 1	303 2	387 2	
1 1	25 1	46 1	78 1	108 1	128 1	142 1	157 1	168 1	182 1	304 2	388 2	
2 1	26 1	47 1	79 1	109 1	129 1	143 1	158 1	169 1	183 1	305 2	389 2	
3 1	27 1	48 1	80 1	110 1	130 1	144 1	159 1	170 1	184 1	306 2	390 2	
4 1	28 1	49 1	81 1	111 1	131 1	145 1	160 1	171 1	185 1	307 2	391 2	
5 1	29 1	50 1	82 1	112 1	132 1	146 1	161 1	172 1	186 1	308 2	392 2	
6 1	30 1	51 1	83 1	113 1	133 1	147 1	162 1	173 1	187 1	197 2	309 2	
7 1	31 1	52 1	84 1	114 1	134 1	148 1	163 1	174 1	188 1	198 2	310 2	
8 1	32 1	53 1	85 1	115 1	135 1	149 1	164 1	175 1	189 1	199 2	311 2	
9 1	33 1	54 1	86 1	116 1	136 1	150 1	165 1	176 1	190 1	200 2	312 2	
10 1	34 1	55 1	87 1	117 1	137 1	151 1	166 1	177 1	191 1	201 2	313 2	
11 1	35 1	56 1	88 1	118 1	138 1	152 1	167 1	178 1	192 1	202 2	314 2	
12 1	36 1	57 1	89 1	119 1	139 1	153 1	168 1	179 1	193 1	203 2	315 2	
13 1	37 1	58 1	90 1	120 1	140 1	154 1	169 1	180 1	194 1	204 2	316 2	
14 1	38 1	59 1	91 1	121 1	141 1	155 1	170 1	181 1	195 1	205 2	317 2	
15 1	39 1	60 1	92 1	122 1	142 1	156 1	171 1	182 1	196 1	206 2	318 2	
1 1	16 1	40 1	61 1	93 1	123 1	143 1	157 1	172 1	183 1	207 2	319 2	
2 1	17 1	41 1	62 1	94 1	124 1	144 1	158 1	173 1	184 1	208 2	320 2	
3 1	18 1	42 1	63 1	95 1	125 1	145 1	159 1	174 1	185 1	209 2	321 2	
4 1	19 1	43 1	64 1	96 1	126 1	146 1	160 1	175 1	186 1	210 2	322 2	
5 1	20 1	44 1	65 1	97 1	127 1	147 1	161 1	176 1	187 1	211 2	323 2	
6 1	21 1	45 1	66 1	98 1	128 1	148 1	162 1	177 1	188 1	212 2	324 2	
7 1	22 1	46 1	67 1	99 1	129 1	149 1	163 1	178 1	189 1	213 2	325 2	
8 1	23 1	47 1	68 1	100 1	130 1	150 1	164 1	179 1	190 1	214 2	326 2	
9 1	24 1	48 1	69 1	101 1	131 1	151 1	165 1	180 1	191 1	215 2	327 2	
10 1	25 1	49 1	70 1	102 1	132 1	152 1	166 1	181 1	192 1	216 2	328 2	
11 1	26 1	50 1	71 1	103 1	133 1	153 1	167 1	182 1	193 1	217 2	329 2	
12 1	27 1	51 1	72 1	104 1	134 1	154 1	168 1	183 1	194 1	218 2	330 2	
13 1	28 1	52 1	73 1	105 1	135 1	155 1	169 1	184 1	195 1	219 2	331 2	
14 1	29 1	53 1	74 1	106 1	136 1	156 1	170 1	185 1	196 1	220 2	332 2	
1 1	15 1	30 1	54 1	75 1	107 1	137 1	157 1	171 1	186 1	221 2	333 2	
2 1	16 1	31 1	55 1	76 1	108 1	138 1	158 1	172 1	187 1	222 2	334 2	
3 1	17 1	32 1	56 1	77 1	109 1	139 1	159 1	173 1	188 1	223 2	335 2	
4 1	18 1	33 1	57 1	78 1	110 1	140 1	160 1	174 1	189 1	224 2	336 2	
5 1	19 1	34 1	58 1	79 1	111 1	141 1	161 1	175 1	190 1	225 2	337 2	
6 1	20 1	35 1	59 1	80 1	112 1	142 1	162 1	176 1	191 1	226 2	338 2	
7 1	21 1	36 1	60 1	81 1	113 1	143 1	163 1	177 1	192 1	227 2	339 2	
8 1	22 1	37 1	61 1	82 1	114 1	144 1	164 1	178 1	193 1	228 2	340 2	
9 1	23 1	38 1	62 1	83 1	115 1	145 1	165 1	179 1	194 1	229 2	341 2	
10 1	24 1	39 1	63 1	84 1	116 1	146 1	166 1	180 1	195 1	230 2	342 2	
11 1	25 1	40 1	64 1	85 1	117 1	147 1	167 1	181 1	196 1	231 2	343 2	
1 1	12 1	26 1	41 1	65 1	86 1	118 1	148 1	168 1	182 1	232 2	344 2	
2 1	13 1	27 1	42 1	66 1	87 1	119 1	149 1	169 1	183 1	233 2	345 2	
3 1	14 1	28 1	43 1	67 1	88 1	120 1	150 1	170 1	184 1	234 2	346 2	
4 1	15 1	29 1	44 1	68 1	89 1	121 1	151 1	171 1	185 1	235 2	347 2	
5 1	16 1	30 1	45 1	69 1	90 1	122 1	152 1	172 1	186 1	236 2	348 2	
6 1	17 1	31 1	46 1	70 1	91 1	123 1	153 1	173 1	187 1	237 2	349 2	
7 1	18 1	32 1	47 1	71 1	92 1	124 1	154 1	174 1	188 1	238 2	350 2	
8 1	19 1	33 1	48 1	72 1	93 1	125 1	155 1	175 1	189 1	239 2	351 2	
9 1	20 1	34 1	49 1	73 1	94 1	126 1	156 1	176 1	190 1	240 2	352 2	
10 1	21 1	35 1	50 1	74 1	95 1	127 1	157 1	177 1	191 1	241 2	353 2	
11 1	22 1	36 1	51 1	75 1	96 1	128 1	158 1	178 1	192 1	242 2	354 2	
12 1	23 1	37 1	52 1	76 1	97 1	129 1	159 1	179 1	193 1	243 2	355 2	
13 1	24 1	38 1	53 1	77 1	98 1	130 1	160 1	180 1	194 1	244 2	356 2	
14 1	25 1	39 1	54 1	78 1	99 1	131 1	161 1	181 1	195 1	245 2	357 2	
15 1	26 1	40 1	55 1	79 1	100 1	132 1	162 1	182 1	196 1	246 2	358 2	
1 1	16 1	27 1	41 1	56 1	80 1	101 1	133 1	163 1	183 1	247 2	359 2	
2 1	17 1	28 1	42 1	57 1	81 1	102 1	134 1	164 1	184 1	248 2	360 2	
3 1	18 1	29 1	43 1	58 1	82 1	103 1	135 1	165 1	185 1	249 2	361 2	
4 1	19 1	30 1	44 1	59 1	83 1	104 1	136 1	166 1	186 1	250 2	362 2	
5 1	20 1	31 1	45 1	60 1	84 1	105 1	137 1	167 1	187 1	251 2	363 2	
6 1	21 1	32 1	46 1	61 1	85 1	106 1	138 1	168 1	188 1	252 2	364 2	
7 1	22 1	33 1	47 1	62 1	86 1	107 1	139 1	169 1	189 1	253 2	365 2	
8 1	23 1	34 1	48 1	63 1	87 1	108 1	140 1	170 1	190 1	254 2	366 2	
9 1	24 1	35 1	49 1	64 1	88 1	109 1	141 1	171 1	191 1	255 2	367 2	
10 1	25 1	36 1	50 1	65 1	89 1	110 1	142 1	172 1	192 1	256 2	368 2	
11 1	26 1	37 1	51 1	66 1	90 1	111 1	143 1	173 1	193 1	257 2	369 2	
12 1	27 1	38 1	52 1	67 1	91 1	112 1	144 1	174 1	194 1	258 2	370 2	
13 1	28 1	39 1	53 1	68 1	92 1	113 1	145 1	175 1	195 1	259 2	371 2	
14 1	29 1	40 1	54 1	69 1	93 1	114 1	146 1	176 1	196 1	260 2	372 2	
1 1	15 1	30 1	41 1	55 1	70 1	94 1	115 1	147 1	177 1	261 2	373 2	
2 1	16 1	31 1	42 1	56 1	71 1	95 1	116 1	148 1	178 1	262 2	374 2	
3 1	17 1	32 1	43 1	57 1	72 1	96 1	117 1	149 1	179 1	263 2	375 2	
4 1	18 1	33 1	44 1	58 1	73 1	97 1	118 1	150 1	180 1	264 2	376 2	
5 1	19 1	34 1	45 1	59 1	74 1	98 1	119 1	151 1	181 1	265 2	377 2	
6 1	20 1	35 1	46 1	60 1	75 1	99 1	120 1	152 1	182 1	266 2	378 2	
7 1	21 1	36 1	47 1	61 1	76 1	100 1	121 1	153 1	183 1	267 2	379 2	
8 1	22 1	37 1	48 1	62 1	77 1	101 1	122 1	154 1	184 1	268 2	380 2	
9 1	23 1	38 1	49 1	63 1	78 1	102 1	123 1	155 1	185 1	269 2	381 2	
10 1	24 1	39 1	50 1	64 1	79 1	103 1	124 1	156 1	186 1	270 2	382 2	
11 1	25 1	40 1	51 1	65 1	80 1	104 1	125 1	157 1	187 1	271 2	383 2	
12 1	26 1	41 1	52 1	66 1	81 1	105 1	126 1	158 1	188 1	272 2	384 2	
13 1	27 1	42 1	53 1	67 1	82 1	106 1	127 1	159 1	189 1	273 2	385 2	
14 1	28 1	43 1	54 1	68 1	83 1	107 1	128 1	160 1	190 1	274 2	386 2	
15 1	29 1	44 1	55 1	69 1	84 1	108 1	129 1	161 1	191 1	275 2	387 2	
16 1	30 1	45 1	56 1	70 1	85 1	109 1	130 1	162 1	192 1	276 2	388 2	
17 1	31 1	46 1	57 1	71 1	86 1	110 1	131 1	163 1	193 1	277 2	389 2	
18 1	32 1	47 1	58 1	72 1	87 1	111 1	132 1	164 1	194 1	278 2	390 2	
19 1	33 1	48 1	59 1	73 1	88 1	112 1	133 1	165 1	195 1	279 2	391 2	
20 1	34 1	49 1	60 1	74 1	89 1	113 1	134 1	166 1	196 1	280 2	392 2	
1 1	85 1	197 1	227 1	259 1	280 1	304 1	319 1	333 1	344 1	359 1	373 1	
2 1	86 1	198 1	228 1	260 1	281 1	305 1	320 1	334 1	345 1	360 1	374 1	
3 1	87 1	199 1	229 1	261 1	282 1	306 1	321 1	335 1	346 1	361 1	375 1	
4 1	88 1	200 1	230 1	262 1	283 1	307 1	322 1	336 1	347 1	362 1	376 1	
5 1	89 1	201 1	231 1	263 1	284 1	308 1	323 1	337 1	348 1	363 1	377 1	
6 1	90 1	202 1	232 1	264 1	285 1	309 1	324 1	338 1	349 1	364 1	378 1	
7 1	91 1	203 1	233 1	265 1	286 1	310 1	325 1	339 1	350 1	365 1	379 1	
8 1	92 1	204 1	234 1	266 1	287 1	311 1	326 1	340 1	351 1	366 1	380 1	
9 1	93 1	205 1	235 1	267 1	288 1	312 1	327 1	341 1	352 1	367 1	381 1	
10 1	94 1	206 1	236 1	268 1	289 1	313 1	328 1	342 1	353 1	368 1	382 1	
11 1	95 1	207 1	237 1	269 1	290 1	314 1	329 1	343 1	354 1	369 1	383 1	
12 1	96 1	208 1	238 1	270 1	291 1	315 1	330 1	344 1	355 1	370 1	384 1	
13 1	97 1	209 1	239 1	271 1	292 1	316 1	331 1	345 1	356 1	371 1	385 1	
14 1	98 1	210 1	240 1	272 1	293 1	317 1	332 1	346 1	357 1	372 1	386 1	
15 1	99 1	211 1	241 1	273 1	294 1	318 1	333 1	347 1	358 1	373 1	387 1	
16 1	100 1	212 1	242 1	274 1	295 1	319 1	334 1	348 1	359 1	374 1	388 1	
17 1	101 1	213 1	243 1	275 1	296 1	320 1	335 1	349 1	360 1	375 1	389 1	
18 1	102 1	214 1	244 1	276 1	297 1	321 1	336 1	350 1	361 1	376 1	390 1	
19 1	103 1	215 1	245 1	277 1	298 1	322 1	337 1	351 1	362 1	377 1	391 1	
20 1	104 1	216 1	246 1	278 1	299 1	323 1	338 1	352 1	363 1	378 1	392 1	
21 1	105 1	197 1	217 1	247 1	279 1	300 1	324 1	339 1	353 1	364 1	379 1	
22 1	106 1	198 1	218 1	248 1	280 1	301 1	325 1	340 1	354 1	365 1	380 1	
23 1	107 1	199 1	219 1	249 1	281 1	302 1	326 1	341 1	355 1	366 1	381 1	
24 1	108 1	200 1	220 1	250 1	282 1	303 1	327 1	342 1	356 1	367 1	382 1	
25 1	109 1	201 1	221 1	251 1	283 1	304 1	328 1	343 1	357 1	368 1	383 1	
26 1	110 1	202 1	222 1	252 1	284 1	305 1	329 1	344 1	358 1	369 1	384 1	
27 1	111 1	203 1	223 1	253 1	285 1	306 1	330 1	345 1	359 1	370 1	385 1	
28 1	112 1	204 1	224 1	254 1	286 1	307 1	331 1	346 1	360 1	371 1	386 1	
29 1	113 1	205 1	225 1	255 1	287 1	308 1	332 1	347 1	361 1	372 1	387 1	
30 1	114 1	206 1	226 1	256 1	288 1	309 1	333 1	348 1	362 1	373 1	388 1	
31 1	115 1	207 1	227 1	257 1	289 1	310 1	334 1	349 1	363 1	374 1	389 1	
32 1	116 1	208 1	228 1	258 1	290 1	311 1	335 1	350 1	364 1	375 1	390 1	
33 1	117 1	209 1	229 1	259 1	291 1	312 1	336 1	351 1	365 1	376 1	391 1	
34 1	118 1	210 1	230 1	260 1	292 1	313 1	337 1	352 1	366 1	377 1	392 1	
35 1	119 1	197 1	211 1	231 1	261 1	293 1	314 1	338 1	353 1	367 1	378 1	
36 1	120 1	198 1	212 1	232 1	262 1	294 1	315 1	339 1	354 1	368 1	379 1	
37 1	121 1	199 1	213 1	233 1	263 1	295 1	316 1	340 1	355 1	369 1	380 1	
38 1	122 1	200 1	214 1	234 1	264 1	296 1	317 1	341 1	356 1	370 1	381 1	
39 1	123 1	201 1	215 1	235 1	265 1	297 1	318 1	342 1	357 1	371 1	382 1	
40 1	124 1	202 1	216 1	236 1	266 1	298 1	319 1	343 1	358 1	372 1	383 1	
41 1	125 1	203 1	217 1	237 1	267 1	299 1	320 1	344 1	359 1	373 1	384 1	
42 1	126 1	204 1	218 1	238 1	268 1	300 1	321 1	345 1	360 1	374 1	385 1	
43 1	127 1	205 1	219 1	239 1	269 1	301 1	322 1	346 1	361 1	375 1	386 1	
44 1	128 1	206 1	220 1	240 1	270 1	302 1	323 1	347 1	362 1	376 1	387 1	
45 1	129 1	207 1	221 1	241 1	271 1	303 1	324 1	348 1	363 1	377 1	388 1	
46 1	130 1	208 1	222 1	242 1	272 1	304 1	325 1	349 1	364 1	378 1	389 1	
47 1	131 1	209 1	223 1	243 1	273 1	305 1	326 1	350 1	365 1	379 1	390 1	
48 1	132 1	210 1	224 1	244 1	274 1	306 1	327 1	351 1	366 1	380 1	391 1	
49 1	133 1	211 1	225 1	245 1	275 1	307 1	328 1	352 1	367 1	381 1	392 1	
50 1	134 1	197 1	212 1	226 1	246 1	276 1	308 1	329 1	353 1	368 1	382 1	
51 1	135 1	198 1	213 1	227 1	247 1	277 1	309 1	330 1	354 1	369 1	383 1	
52 1	136 1	199 1	214 1	228 1	248 1	278 1	310 1	331 1	355 1	370 1	384 1	
53 1	137 1	200 1	215 1	229 1	249 1	279 1	311 1	332 1	356 1	371 1	385 1	
54 1	138 1	201 1	216 1	230 1	250 1	280 1	312 1	333 1	357 1	372 1	386 1	
55 1	139 1	202 1	217 1	231 1	251 1	281 1	313 1	334 1	358 1	373 1	387 1	
56 1	140 1	203 1	218 1	232 1	252 1	282 1	314 1	335 1	359 1	374 1	388 1	
57 1	141 1	204 1	219 1	233 1	253 1	283 1	315 1	336 1	360 1	375 1	389 1	
58 1	142 1	205 1	220 1	234 1	254 1	284 1	316 1	337 1	361 1	376 1	390 1	
59 1	143 1	206 1	221 1	235 1	255 1	285 1	317 1	338 1	362 1	377 1	391 1	
60 1	144 1	207 1	222 1	236 1	256 1	286 1	318 1	339 1	363 1	378 1	392 1	
61 1	145 1	197 1	208 1	223 1	237 1	257 1	287 1	319 1	340 1	364 1	379 1	
62 1	146 1	198 1	209 1	224 1	238 1	258 1	288 1	320 1	341 1	365 1	380 1	
63 1	147 1	199 1	210 1	225 1	239 1	259 1	289 1	321 1	342 1	366 1	381 1	
64 1	148 1	200 1	211 1	226 1	240 1	260 1	290 1	322 1	343 1	367 1	382 1	
65 1	149 1	201 1	212 1	227 1	241 1	261 1	291 1	323 1	344 1	368 1	383 1	
66 1	150 1	202 1	213 1	228 1	242 1	262 1	292 1	324 1	345 1	369 1	384 1	
67 1	151 1	203 1	214 1	229 1	243 1	263 1	293 1	325 1	346 1	370 1	385 1	
68 1	152 1	204 1	215 1	230 1	244 1	264 1	294 1	326 1	347 1	371 1	386 1	
69 1	153 1	205 1	216 1	231 1	245 1	265 1	295 1	327 1	348 1	372 1	387 1	
70 1	154 1	206 1	217 1	232 1	246 1	266 1	296 1	328 1	349 1	373 1	388 1	
71 1	155 1	207 1	218 1	233 1	247 1	267 1	297 1	329 1	350 1	374 1	389 1	
72 1	156 1	208 1	219 1	234 1	248 1	268 1	298 1	330 1	351 1	375 1	390 1	
73 1	157 1	209 1	220 1	235 1	249 1	269 1	299 1	331 1	352 1	376 1	391 1	
74 1	158 1	210 1	221 1	236 1	250 1	270 1	300 1	332 1	353 1	377 1	392 1	
75 1	159 1	197 1	211 1	222 1	237 1	251 1	271 1	301 1	333 1	354 1	378 1	
76 1	160 1	198 1	212 1	223 1	238 1	252 1	272 1	302 1	334 1	355 1	379 1	
77 1	161 1	199 1	213 1	224 1	239 1	253 1	273 1	303 1	335 1	356 1	380 1	
78 1	162 1	200 1	214 1	225 1	240 1	254 1	274 1	304 1	336 1	357 1	381 1	
79 1	163 1	201 1	215 1	226 1	241 1	255 1	275 1	305 1	337 1	358 1	382 1	
80 1	164 1	202 1	216 1	227 1	242 1	256 1	276 1	306 1	338 1	359 1	383 1	
81 1	165 1	203 1	217 1	228 1	243 1	257 1	277 1	307 1	339 1	360 1	384 1	
82 1	166 1	204 1	218 1	229 1	244 1	258 1	278 1	308 1	340 1	361 1	385 1	
83 1	167 1	205 1	219 1	230 1	245 1	259 1	279 1	309 1	341 1	362 1	386 1	
84 1	168 1	206 1	220 1	231 1	246 1	260 1	280 1	310 1	342 1	363 1	387 1	
85 1	169 1	207 1	221 1	232 1	247 1	261 1	281 1	311 1	343 1	364 1	388 1	
86 1	170 1	208 1	222 1	233 1	248 1	262 1	282 1	312 1	344 1	365 1	389 1	
87 1	171 1	209 1	223 1	234 1	249 1	263 1	283 1	313 1	345 1	366 1	390 1	
88 1	172 1	210 1	224 1	235 1	250 1	264 1	284 1	314 1	346 1	367 1	391 1	
89 1	173 1	211 1	225 1	236 1	251 1	265 1	285 1	315 1	347 1	368 1	392 1	
90 1	174 1	197 1	212 1	226 1	237 1	252 1	266 1	286 1	316 1	348 1	369 1	
91 1	175 1	198 1	213 1	227 1	238 1	253 1	267 1	287 1	317 1	349 1	370 1	
92 1	176 1	199 1	214 1	228 1	239 1	254 1	268 1	288 1	318 1	350 1	371 1	
93 1	177 1	200 1	215 1	229 1	240 1	255 1	269 1	289 1	319 1	351 1	372 1	
94 1	178 1	201 1	216 1	230 1	241 1	256 1	270 1	290 1	320 1	352 1	373 1	
95 1	179 1	202 1	217 1	231 1	242 1	257 1	271 1	291 1	321 1	353 1	374 1	
96 1	180 1	203 1	218 1	232 1	243 1	258 1	272 1	292 1	322 1	354 1	375 1	
97 1	181 1	204 1	219 1	233 1	244 1	259 1	273 1	293 1	323 1	355 1	376 1	
98 1	182 1	205 1	220 1	234 1	245 1	260 1	274 1	294 1	324 1	356 1	377 1	
99 1	183 1	206 1	221 1	235 1	246 1	261 1	275 1	295 1	325 1	357 1	378 1	
100 1	184 1	207 1	222 1	236 1	247 1	262 1	276 1	296 1	326 1	358 1	379 1	
101 1	185 1	208 1	223 1	237 1	248 1	263 1	277 1	297 1	327 1	359 1	380 1	
102 1	186 1	209 1	224 1	238 1	249 1	264 1	278 1	298 1	328 1	360 1	381 1	
103 1	187 1	210 1	225 1	239 1	250 1	265 1	279 1	299 1	329 1	361 1	382 1	
104 1	188 1	211 1	226 1	240 1	251 1	266 1	280 1	300 1	330 1	362 1	383 1	
105 1	189 1	212 1	227 1	241 1	252 1	267 1	281 1	301 1	331 1	363 1	384 1	
106 1	190 1	213 1	228 1	242 1	253 1	268 1	282 1	302 1	332 1	364 1	385 1	
107 1	191 1	214 1	229 1	243 1	254 1	269 1	283 1	303 1	333 1	365 1	386 1	
108 1	192 1	215 1	230 1	244 1	255 1	270 1	284 1	304 1	334 1	366 1	387 1	
109 1	193 1	216 1	231 1	245 1	256 1	271 1	285 1	305 1	335 1	367 1	388 1	
110 1	194 1	217 1	232 1	246 1	257 1	272 1	286 1	306 1	336 1	368 1	389 1	
111 1	195 1	218 1	233 1	247 1	258 1	273 1	287 1	307 1	337 1	369 1	390 1	
112 1	196 1	219 1	234 1	248 1	259 1	274 1	288 1	308 1	338 1	370 1	391 1	
1 1	113 1	220 1	235 1	249 1	260 1	275 1	289 1	309 1	339 1	371 1	392 1	
2 1	114 1	197 1	221 1	236 1	250 1	261 1	276 1	290 1	310 1	340 1	372 1	
3 1	115 1	198 1	222 1	237 1	251 1	262 1	277 1	291 1	311 1	341 1	373 1	
4 1	116 1	199 1	223 1	238 1	252 1	263 1	278 1	292 1	312 1	342 1	374 1	
5 1	117 1	200 1	224 1	239 1	253 1	264 1	279 1	293 1	313 1	343 1	375 1	
6 1	118 1	201 1	225 1	240 1	254 1	265 1	280 1	294 1	314 1	344 1	376 1	
7 1	119 1	202 1	226 1	241 1	255 1	266 1	281 1	295 1	315 1	345 1	377 1	
8 1	120 1	203 1	227 1	242 1	256 1	267 1	282 1	296 1	316 1	346 1	378 1	
9 1	121 1	204 1	228 1	243 1	257 1	268 1	283 1	297 1	317 1	347 1	379 1	
10 1	122 1	205 1	229 1	244 1	258 1	269 1	284 1	298 1	318 1	348 1	380 1	
11 1	123 1	206 1	230 1	245 1	259 1	270 1	285 1	299 1	319 1	349 1	381 1	
12 1	124 1	207 1	231 1	246 1	260 1	271 1	286 1	300 1	320 1	350 1	382 1	
13 1	125 1	208 1	232 1	247 1	261 1	272 1	287 1	301 1	321 1	351 1	383 1	
14 1	126 1	209 1	233 1	248 1	262 1	273 1	288 1	302 1	322 1	352 1	384 1	
15 1	127 1	210 1	234 1	249 1	263 1	274 1	289 1	303 1	323 1	353 1	385 1	
16 1	128 1	211 1	235 1	250 1	264 1	275 1	290 1	304 1	324 1	354 1	386 1	
17 1	129 1	212 1	236 1	251 1	265 1	276 1	291 1	305 1	325 1	355 1	387 1	
18 1	130 1	213 1	237 1	252 1	266 1	277 1	292 1	306 1	326 1	356 1	388 1	
19 1	131 1	214 1	238 1	253 1	267 1	278 1	293 1	307 1	327 1	357 1	389 1	
20 1	132 1	215 1	239 1	254 1	268 1	279 1	294 1	308 1	328 1	358 1	390 1	
21 1	133 1	216 1	240 1	255 1	269 1	280 1	295 1	309 1	329 1	359 1	391 1	
22 1	134 1	217 1	241 1	256 1	270 1	281 1	296 1	310 1	330 1	360 1	392 1	
23 1	135 1	197 1	218 1	242 1	257 1	271 1	282 1	297 1	311 1	331 1	361 1	
24 1	136 1	198 1	219 1	243 1	258 1	272 1	283 1	298 1	312 1	332 1	362 1	
25 1	137 1	199 1	220 1	244 1	259 1	273 1	284 1	299 1	313 1	333 1	363 1	
26 1	138 1	200 1	221 1	245 1	260 1	274 1	285 1	300 1	314 1	334 1	364 1	
27 1	139 1	201 1	222 1	246 1	261 1	275 1	286 1	301 1	315 1	335 1	365 1	
28 1	140 1	202 1	223 1	247 1	262 1	276 1	287 1	302 1	316 1	336 1	366 1	
29 1	141 1	203 1	224 1	248 1	263 1	277 1	288 1	303 1	317 1	337 1	367 1	
30 1	142 1	204 1	225 1	249 1	264 1	278 1	289 1	304 1	318 1	338 1	368 1	
31 1	143 1	205 1	226 1	250 1	265 1	279 1	290 1	305 1	319 1	339 1	369 1	
32 1	144 1	206 1	227 1	251 1	266 1	280 1	291 1	306 1	320 1	340 1	370 1	
33 1	145 1	207 1	228 1	252 1	267 1	281 1	292 1	307 1	321 1	341 1	371 1	
34 1	146 1	208 1	229 1	253 1	268 1	282 1	293 1	308 1	322 1	342 1	372 1	
35 1	147 1	209 1	230 1	254 1	269 1	283 1	294 1	309 1	323 1	343 1	373 1	
36 1	148 1	210 1	231 1	255 1	270 1	284 1	295 1	310 1	324 1	344 1	374 1	
37 1	149 1	211 1	232 1	256 1	271 1	285 1	296 1	311 1	325 1	345 1	375 1	
38 1	150 1	212 1	233 1	257 1	272 1	286 1	297 1	312 1	326 1	346 1	376 1	
39 1	151 1	213 1	234 1	258 1	273 1	287 1	298 1	313 1	327 1	347 1	377 1	
40 1	152 1	214 1	235 1	259 1	274 1	288 1	299 1	314 1	328 1	348 1	378 1	
41 1	153 1	215 1	236 1	260 1	275 1	289 1	300 1	315 1	329 1	349 1	379 1	
42 1	154 1	216 1	237 1	261 1	276 1	290 1	301 1	316 1	330 1	350 1	380 1	
43 1	155 1	217 1	238 1	262 1	277 1	291 1	302 1	317 1	331 1	351 1	381 1	
44 1	156 1	218 1	239 1	263 1	278 1	292 1	303 1	318 1	332 1	352 1	382 1	
45 1	157 1	219 1	240 1	264 1	279 1	293 1	304 1	319 1	333 1	353 1	383 1	
46 1	158 1	220 1	241 1	265 1	280 1	294 1	305 1	320 1	334 1	354 1	384 1	
47 1	159 1	221 1	242 1	266 1	281 1	295 1	306 1	321 1	335 1	355 1	385 1	
48 1	160 1	222 1	243 1	267 1	282 1	296 1	307 1	322 1	336 1	356 1	386 1	
49 1	161 1	223 1	244 1	268 1	283 1	297 1	308 1	323 1	337 1	357 1	387 1	
50 1	162 1	224 1	245 1	269 1	284 1	298 1	309 1	324 1	338 1	358 1	388 1	
51 1	163 1	225 1	246 1	270 1	285 1	299 1	310 1	325 1	339 1	359 1	389 1	
52 1	164 1	226 1	247 1	271 1	286 1	300 1	311 1	326 1	340 1	360 1	390 1	
53 1	165 1	227 1	248 1	272 1	287 1	301 1	312 1	327 1	341 1	361 1	391 1	
54 1	166 1	228 1	249 1	273 1	288 1	302 1	313 1	328 1	342 1	362 1	392 1	
55 1	167 1	197 1	229 1	250 1	274 1	289 1	303 1	314 1	329 1	343 1	363 1	
56 1	168 1	198 1	230 1	251 1	275 1	290 1	304 1	315 1	330 1	344 1	364 1	
57 1	169 1	199 1	231 1	252 1	276 1	291 1	305 1	316 1	331 1	345 1	365 1	
58 1	170 1	200 1	232 1	253 1	277 1	292 1	306 1	317 1	332 1	346 1	366 1	
59 1	171 1	201 1	233 1	254 1	278 1	293 1	307 1	318 1	333 1	347 1	367 1	
60 1	172 1	202 1	234 1	255 1	279 1	294 1	308 1	319 1	334 1	348 1	368 1	
61 1	173 1	203 1	235 1	256 1	280 1	295 1	309 1	320 1	335 1	349 1	369 1	
62 1	174 1	204 1	236 1	257 1	281 1	296 1	310 1	321 1	336 1	350 1	370 1	
63 1	175 1	205 1	237 1	258 1	282 1	297 1	311 1	322 1	337 1	351 1	371 1	
64 1	176 1	206 1	238 1	259 1	283 1	298 1	312 1	323 1	338 1	352 1	372 1	
65 1	177 1	207 1	239 1	260 1	284 1	299 1	313 1	324 1	339 1	353 1	373 1	
66 1	178 1	208 1	240 1	261 1	285 1	300 1	314 1	325 1	340 1	354 1	374 1	
67 1	179 1	209 1	241 1	262 1	286 1	301 1	315 1	326 1	341 1	355 1	375 1	
68 1	180 1	210 1	242 1	263 1	287 1	302 1	316 1	327 1	342 1	356 1	376 1	
69 1	181 1	211 1	243 1	264 1	288 1	303 1	317 1	328 1	343 1	357 1	377 1	
70 1	182 1	212 1	244 1	265 1	289 1	304 1	318 1	329 1	344 1	358 1	378 1	
71 1	183 1	213 1	245 1	266 1	290 1	305 1	319 1	330 1	345 1	359 1	379 1	
72 1	184 1	214 1	246 1	267 1	291 1	306 1	320 1	331 1	346 1	360 1	380 1	
73 1	185 1	215 1	247 1	268 1	292 1	307 1	321 1	332 1	347 1	361 1	381 1	
74 1	186 1	216 1	248 1	269 1	293 1	308 1	322 1	333 1	348 1	362 1	382 1	
75 1	187 1	217 1	249 1	270 1	294 1	309 1	323 1	334 1	349 1	363 1	383 1	
76 1	188 1	218 1	250 1	271 1	295 1	310 1	324 1	335 1	350 1	364 1	384 1	
77 1	189 1	219 1	251 1	272 1	296 1	311 1	325 1	336 1	351 1	365 1	385 1	
78 1	190 1	220 1	252 1	273 1	297 1	312 1	326 1	337 1	352 1	366 1	386 1	
79 1	191 1	221 1	253 1	274 1	298 1	313 1	327 1	338 1	353 1	367 1	387 1	
80 1	192 1	222 1	254 1	275 1	299 1	314 1	328 1	339 1	354 1	368 1	388 1	
81 1	193 1	223 1	255 1	276 1	300 1	315 1	329 1	340 1	355 1	369 1	389 1	
82 1	194 1	224 1	256 1	277 1	301 1	316 1	330 1	341 1	356 1	370 1	390 1	
83 1	195 1	225 1	257 1	278 1	302 1	317 1	331 1	342 1	357 1	371 1	391 1	
84 1	196 1	226 1	258 1	279 1	303 1	318 1	332 1	343 1	358 1	372 1	392 1	
1 2	21 2	35 2	50 2	61 2	75 2	90 2	114 2	135 2	167 2	197 2	309 2	
2 2	22 2	36 2	51 2	62 2	76 2	91 2	115 2	136 2	168 2	198 2	310 2	
3 2	23 2	37 2	52 2	63 2	77 2	92 2	116 2	137 2	169 2	199 2	311 2	
4 2	24 2	38 2	53 2	64 2	78 2	93 2	117 2	138 2	170 2	200 2	312 2	
5 2	25 2	39 2	54 2	65 2	79 2	94 2	118 2	139 2	171 2	201 2	313 2	
6 2	26 2	40 2	55 2	66 2	80 2	95 2	119 2	140 2	172 2	202 2	314 2	
7 2	27 2	41 2	56 2	67 2	81 2	96 2	120 2	141 2	173 2	203 2	315 2	
8 2	28 2	42 2	57 2	68 2	82 2	97 2	121 2	142 2	174 2	204 2	316 2	
9 2	29 2	43 2	58 2	69 2	83 2	98 2	122 2	143 2	175 2	205 2	317 2	
10 2	30 2	44 2	59 2	70 2	84 2	99 2	123 2	144 2	176 2	206 2	318 2	
11 2	31 2	45 2	60 2	71 2	85 2	100 2	124 2	145 2	177 2	207 2	319 2	
12 2	32 2	46 2	61 2	72 2	86 2	101 2	125 2	146 2	178 2	208 2	320 2	
13 2	33 2	47 2	62 2	73 2	87 2	102 2	126 2	147 2	179 2	209 2	321 2	
14 2	34 2	48 2	63 2	74 2	88 2	103 2	127 2	148 2	180 2	210 2	322 2	
15 2	35 2	49 2	64 2	75 2	89 2	104 2	128 2	149 2	181 2	211 2	323 2	
16 2	36 2	50 2	65 2	76 2	90 2	105 2	129 2	150 2	182 2	212 2	324 2	
17 2	37 2	51 2	66 2	77 2	91 2	106 2	130 2	151 2	183 2	213 2	325 2	
18 2	38 2	52 2	67 2	78 2	92 2	107 2	131 2	152 2	184 2	214 2	326 2	
19 2	39 2	53 2	68 2	79 2	93 2	108 2	132 2	153 2	185 2	215 2	327 2	
20 2	40 2	54 2	69 2	80 2	94 2	109 2	133 2	154 2	186 2	216 2	328 2	
21 2	41 2	55 2	70 2	81 2	95 2	110 2	134 2	155 2	187 2	217 2	329 2	
22 2	42 2	56 2	71 2	82 2	96 2	111 2	135 2	156 2	188 2	218 2	330 2	
23 2	43 2	57 2	72 2	83 2	97 2	112 2	136 2	157 2	189 2	219 2	331 2	
24 2	44 2	58 2	73 2	84 2	98 2	113 2	137 2	158 2	190 2	220 2	332 2	
25 2	45 2	59 2	74 2	85 2	99 2	114 2	138 2	159 2	191 2	221 2	333 2	
26 2	46 2	60 2	75 2	86 2	100 2	115 2	139 2	160 2	192 2	222 2	334 2	
27 2	47 2	61 2	76 2	87 2	101 2	116 2	140 2	161 2	193 2	223 2	335 2	
28 2	48 2	62 2	77 2	88 2	102 2	117 2	141 2	162 2	194 2	224 2	336 2	
29 2	49 2	63 2	78 2	89 2	103 2	118 2	142 2	163 2	195 2	225 2	337 2	
30 2	50 2	64 2	79 2	90 2	104 2	119 2	143 2	164 2	196 2	226 2	338 2	
1 2	31 2	51 2	65 2	80 2	91 2	105 2	120 2	144 2	165 2	227 2	339 2	
2 2	32 2	52 2	66 2	81 2	92 2	106 2	121 2	145 2	166 2	228 2	340 2	
3 2	33 2	53 2	67 2	82 2	93 2	107 2	122 2	146 2	167 2	229 2	341 2	
4 2	34 2	54 2	68 2	83 2	94 2	108 2	123 2	147 2	168 2	230 2	342 2	
5 2	35 2	55 2	69 2	84 2	95 2	109 2	124 2	148 2	169 2	231 2	343 2	
6 2	36 2	56 2	70 2	85 2	96 2	110 2	125 2	149 2	170 2	232 2	344 2	
7 2	37 2	57 2	71 2	86 2	97 2	111 2	126 2	150 2	171 2	233 2	345 2	
8 2	38 2	58 2	72 2	87 2	98 2	112 2	127 2	151 2	172 2	234 2	346 2	
9 2	39 2	59 2	73 2	88 2	99 2	113 2	128 2	152 2	173 2	235 2	347 2	
10 2	40 2	60 2	74 2	89 2	100 2	114 2	129 2	153 2	174 2	236 2	348 2	
11 2	41 2	61 2	75 2	90 2	101 2	115 2	130 2	154 2	175 2	237 2	349 2	
12 2	42 2	62 2	76 2	91 2	102 2	116 2	131 2	155 2	176 2	238 2	350 2	
13 2	43 2	63 2	77 2	92 2	103 2	117 2	132 2	156 2	177 2	239 2	351 2	
14 2	44 2	64 2	78 2	93 2	104 2	118 2	133 2	157 2	178 2	240 2	352 2	
15 2	45 2	65 2	79 2	94 2	105 2	119 2	134 2	158 2	179 2	241 2	353 2	
16 2	46 2	66 2	80 2	95 2	106 2	120 2	135 2	159 2	180 2	242 2	354 2	
17 2	47 2	67 2	81 2	96 2	107 2	121 2	136 2	160 2	181 2	243 2	355 2	
18 2	48 2	68 2	82 2	97 2	108 2	122 2	137 2	161 2	182 2	244 2	356 2	
19 2	49 2	69 2	83 2	98 2	109 2	123 2	138 2	162 2	183 2	245 2	357 2	
20 2	50 2	70 2	84 2	99 2	110 2	124 2	139 2	163 2	184 2	246 2	358 2	
21 2	51 2	71 2	85 2	100 2	111 2	125 2	140 2	164 2	185 2	247 2	359 2	
22 2	52 2	72 2	86 2	101 2	112 2	126 2	141 2	165 2	186 2	248 2	360 2	
23 2	53 2	73 2	87 2	102 2	113 2	127 2	142 2	166 2	187 2	249 2	361 2	
24 2	54 2	74 2	88 2	103 2	114 2	128 2	143 2	167 2	188 2	250 2	362 2	
25 2	55 2	75 2	89 2	104 2	115 2	129 2	144 2	168 2	189 2	251 2	363 2	
26 2	56 2	76 2	90 2	105 2	116 2	130 2	145 2	169 2	190 2	252 2	364 2	
27 2	57 2	77 2	91 2	106 2	117 2	131 2	146 2	170 2	191 2	253 2	365 2	
28 2	58 2	78 2	92 2	107 2	118 2	132 2	147 2	171 2	192 2	254 2	366 2	
29 2	59 2	79 2	93 2	108 2	119 2	133 2	148 2	172 2	193 2	255 2	367 2	
30 2	60 2	80 2	94 2	109 2	120 2	134 2	149 2	173 2	194 2	256 2	368 2	
31 2	61 2	81 2	95 2	110 2	121 2	135 2	150 2	174 2	195 2	257 2	369 2	
32 2	62 2	82 2	96 2	111 2	122 2	136 2	151 2	175 2	196 2	258 2	370 2	
1 2	33 2	63 2	83 2	97 2	112 2	123 2	137 2	152 2	176 2	259 2	371 2	
2 2	34 2	64 2	84 2	98 2	113 2	124 2	138 2	153 2	177 2	260 2	372 2	
3 2	35 2	65 2	85 2	99 2	114 2	125 2	139 2	154 2	178 2	261 2	373 2	
4 2	36 2	66 2	86 2	100 2	115 2	126 2	140 2	155 2	179 2	262 2	374 2	
5 2	37 2	67 2	87 2	101 2	116 2	127 2	141 2	156 2	180 2	263 2	375 2	
6 2	38 2	68 2	88 2	102 2	117 2	128 2	142 2	157 2	181 2	264 2	376 2	
7 2	39 2	69 2	89 2	103 2	118 2	129 2	143 2	158 2	182 2	265 2	377 2	
8 2	40 2	70 2	90 2	104 2	119 2	130 2	144 2	159 2	183 2	266 2	378 2	
9 2	41 2	71 2	91 2	105 2	120 2	131 2	145 2	160 2	184 2	267 2	379 2	
10 2	42 2	72 2	92 2	106 2	121 2	132 2	146 2	161 2	185 2	268 2	380 2	
11 2	43 2	73 2	93 2	107 2	122 2	133 2	147 2	162 2	186 2	269 2	381 2	
12 2	44 2	74 2	94 2	108 2	123 2	134 2	148 2	163 2	187 2	270 2	382 2	
13 2	45 2	75 2	95 2	109 2	124 2	135 2	149 2	164 2	188 2	271 2	383 2	
14 2	46 2	76 2	96 2	110 2	125 2	136 2	150 2	165 2	189 2	272 2	384 2	
15 2	47 2	77 2	97 2	111 2	126 2	137 2	151 2	166 2	190 2	273 2	385 2	
16 2	48 2	78 2	98 2	112 2	127 2	138 2	152 2	167 2	191 2	274 2	386 2	
17 2	49 2	79 2	99 2	113 2	128 2	139 2	153 2	168 2	192 2	275 2	387 2	
18 2	50 2	80 2	100 2	114 2	129 2	140 2	154 2	169 2	193 2	276 2	388 2	
19 2	51 2	81 2	101 2	115 2	130 2	141 2	155 2	170 2	194 2	277 2	389 2	
20 2	52 2	82 2	102 2	116 2	131 2	142 2	156 2	171 2	195 2	278 2	390 2	
21 2	53 2	83 2	103 2	117 2	132 2	143 2	157 2	172 2	196 2	279 2	391 2	
1 2	22 2	54 2	84 2	104 2	118 2	133 2	144 2	158 2	173 2	280 2	392 2	
2 2	23 2	55 2	85 2	105 2	119 2	134 2	145 2	159 2	174 2	197 2	281 2	
3 2	24 2	56 2	86 2	106 2	120 2	135 2	146 2	160 2	175 2	198 2	282 2	
4 2	25 2	57 2	87 2	107 2	121 2	136 2	147 2	161 2	176 2	199 2	283 2	
5 2	26 2	58 2	88 2	108 2	122 2	137 2	148 2	162 2	177 2	200 2	284 2	
6 2	27 2	59 2	89 2	109 2	123 2	138 2	149 2	163 2	178 2	201 2	285 2	
7 2	28 2	60 2	90 2	110 2	124 2	139 2	150 2	164 2	179 2	202 2	286 2	
8 2	29 2	61 2	91 2	111 2	125 2	140 2	151 2	165 2	180 2	203 2	287 2	
9 2	30 2	62 2	92 2	112 2	126 2	141 2	152 2	166 2	181 2	204 2	288 2	
10 2	31 2	63 2	93 2	113 2	127 2	142 2	153 2	167 2	182 2	205 2	289 2	
11 2	32 2	64 2	94 2	114 2	128 2	143 2	154 2	168 2	183 2	206 2	290 2	
12 2	33 2	65 2	95 2	115 2	129 2	144 2	155 2	169 2	184 2	207 2	291 2	
13 2	34 2	66 2	96 2	116 2	130 2	145 2	156 2	170 2	185 2	208 2	292 2	
14 2	35 2	67 2	97 2	117 2	131 2	146 2	157 2	171 2	186 2	209 2	293 2	
15 2	36 2	68 2	98 2	118 2	132 2	147 2	158 2	172 2	187 2	210 2	294 2	
16 2	37 2	69 2	99 2	119 2	133 2	148 2	159 2	173 2	188 2	211 2	295 2	
17 2	38 2	70 2	100 2	120 2	134 2	149 2	160 2	174 2	189 2	212 2	296 2	
18 2	39 2	71 2	101 2	121 2	135 2	150 2	161 2	175 2	190 2	213 2	297 2	
19 2	40 2	72 2	102 2	122 2	136 2	151 2	162 2	176 2	191 2	214 2	298 2	
20 2	41 2	73 2	103 2	123 2	137 2	152 2	163 2	177 2	192 2	215 2	299 2	
21 2	42 2	74 2	104 2	124 2	138 2	153 2	164 2	178 2	193 2	216 2	300 2	
22 2	43 2	75 2	105 2	125 2	139 2	154 2	165 2	179 2	194 2	217 2	301 2	
23 2	44 2	76 2	106 2	126 2	140 2	155 2	166 2	180 2	195 2	218 2	302 2	
24 2	45 2	77 2	107 2	127 2	141 2	156 2	167 2	181 2	196 2	219 2	303 2	
1 2	25 2	46 2	78 2	108 2	128 2	142 2	157 2	168 2	182 2	220 2	304 2	
2 2	26 2	47 2	79 2	109 2	129 2	143 2	158 2	169 2	183 2	221 2	305 2	
3 2	27 2	48 2	80 2	110 2	130 2	144 2	159 2	170 2	184 2	222 2	306 2	
4 2	28 2	49 2	81 2	111 2	131 2	145 2	160 2	171 2	185 2	223 2	307 2	
5 2	29 2	50 2	82 2	112 2	132 2	146 2	161 2	172 2	186 2	224 2	308 2	
6 2	30 2	51 2	83 2	113 2	133 2	147 2	162 2	173 2	187 2	225 2	309 2	
7 2	31 2	52 2	84 2	114 2	134 2	148 2	163 2	174 2	188 2	226 2	310 2	
8 2	32 2	53 2	85 2	115 2	135 2	149 2	164 2	175 2	189 2	227 2	311 2	
9 2	33 2	54 2	86 2	116 2	136 2	150 2	165 2	176 2	190 2	228 2	312 2	
10 2	34 2	55 2	87 2	117 2	137 2	151 2	166 2	177 2	191 2	229 2	313 2	
11 2	35 2	56 2	88 2	118 2	138 2	152 2	167 2	178 2	192 2	230 2	314 2	
12 2	36 2	57 2	89 2	119 2	139 2	153 2	168 2	179 2	193 2	231 2	315 2	
13 2	37 2	58 2	90 2	120 2	140 2	154 2	169 2	180 2	194 2	232 2	316 2	
14 2	38 2	59 2	91 2	121 2	141 2	155 2	170 2	181 2	195 2	233 2	317 2	
15 2	39 2	60 2	92 2	122 2	142 2	156 2	171 2	182 2	196 2	234 2	318 2	
1 2	16 2	40 2	61 2	93 2	123 2	143 2	157 2	172 2	183 2	235 2	319 2	
2 2	17 2	41 2	62 2	94 2	124 2	144 2	158 2	173 2	184 2	236 2	320 2	
3 2	18 2	42 2	63 2	95 2	125 2	145 2	159 2	174 2	185 2	237 2	321 2	
4 2	19 2	43 2	64 2	96 2	126 2	146 2	160 2	175 2	186 2	238 2	322 2	
5 2	20 2	44 2	65 2	97 2	127 2	147 2	161 2	176 2	187 2	239 2	323 2	
6 2	21 2	45 2	66 2	98 2	128 2	148 2	162 2	177 2	188 2	240 2	324 2	
7 2	22 2	46 2	67 2	99 2	129 2	149 2	163 2	178 2	189 2	241 2	325 2	
8 2	23 2	47 2	68 2	100 2	130 2	150 2	164 2	179 2	190 2	242 2	326 2	
9 2	24 2	48 2	69 2	101 2	131 2	151 2	165 2	180 2	191 2	243 2	327 2	
10 2	25 2	49 2	70 2	102 2	132 2	152 2	166 2	181 2	192 2	244 2	328 2	
11 2	26 2	50 2	71 2	103 2	133 2	153 2	167 2	182 2	193 2	245 2	329 2	
12 2	27 2	51 2	72 2	104 2	134 2	154 2	168 2	183 2	194 2	246 2	330 2	
13 2	28 2	52 2	73 2	105 2	135 2	155 2	169 2	184 2	195 2	247 2	331 2	
14 2	29 2	53 2	74 2	106 2	136 2	156 2	170 2	185 2	196 2	248 2	332 2	
1 2	15 2	30 2	54 2	75 2	107 2	137 2	157 2	171 2	186 2	249 2	333 2	
2 2	16 2	31 2	55 2	76 2	108 2	138 2	158 2	172 2	187 2	250 2	334 2	
3 2	17 2	32 2	56 2	77 2	109 2	139 2	159 2	173 2	188 2	251 2	335 2	
4 2	18 2	33 2	57 2	78 2	110 2	140 2	160 2	174 2	189 2	252 2	336 2	
5 2	19 2	34 2	58 2	79 2	111 2	141 2	161 2	175 2	190 2	253 2	337 2	
6 2	20 2	35 2	59 2	80 2	112 2	142 2	162 2	176 2	191 2	254 2	338 2	
7 2	21 2	36 2	60 2	81 2	113 2	143 2	163 2	177 2	192 2	255 2	339 2	
8 2	22 2	37 2	61 2	82 2	114 2	144 2	164 2	178 2	193 2	256 2	340 2	
9 2	23 2	38 2	62 2	83 2	115 2	145 2	165 2	179 2	194 2	257 2	341 2	
10 2	24 2	39 2	63 2	84 2	116 2	146 2	166 2	180 2	195 2	258 2	342 2	
11 2	25 2	40 2	64 2	85 2	117 2	147 2	167 2	181 2	196 2	259 2	343 2	
1 2	12 2	26 2	41 2	65 2	86 2	118 2	148 2	168 2	182 2	260 2	344 2	
2 2	13 2	27 2	42 2	66 2	87 2	119 2	149 2	169 2	183 2	261 2	345 2	
3 2	14 2	28 2	43 2	67 2	88 2	120 2	150 2	170 2	184 2	262 2	346 2	
4 2	15 2	29 2	44 2	68 2	89 2	121 2	151 2	171 2	185 2	263 2	347 2	
5 2	16 2	30 2	45 2	69 2	90 2	122 2	152 2	172 2	186 2	264 2	348 2	
6 2	17 2	31 2	46 2	70 2	91 2	123 2	153 2	173 2	187 2	265 2	349 2	
7 2	18 2	32 2	47 2	71 2	92 2	124 2	154 2	174 2	188 2	266 2	350 2	
8 2	19 2	33 2	48 2	72 2	93 2	125 2	155 2	175 2	189 2	267 2	351 2	
9 2	20 2	34 2	49 2	73 2	94 2	126 2	156 2	176 2	190 2	268 2	352 2	
10 2	21 2	35 2	50 2	74 2	95 2	127 2	157 2	177 2	191 2	269 2	353 2	
11 2	22 2	36 2	51 2	75 2	96 2	128 2	158 2	178 2	192 2	270 2	354 2	
12 2	23 2	37 2	52 2	76 2	97 2	129 2	159 2	179 2	193 2	271 2	355 2	
13 2	24 2	38 2	53 2	77 2	98 2	130 2	160 2	180 2	194 2	272 2	356 2	
14 2	25 2	39 2	54 2	78 2	99 2	131 2	161 2	181 2	195 2	273 2	357 2	
15 2	26 2	40 2	55 2	79 2	100 2	132 2	162 2	182 2	196 2	274 2	358 2	
1 2	16 2	27 2	41 2	56 2	80 2	101 2	133 2	163 2	183 2	275 2	359 2	
2 2	17 2	28 2	42 2	57 2	81 2	102 2	134 2	164 2	184 2	276 2	360 2	
3 2	18 2	29 2	43 2	58 2	82 2	103 2	135 2	165 2	185 2	277 2	361 2	
4 2	19 2	30 2	44 2	59 2	83 2	104 2	136 2	166 2	186 2	278 2	362 2	
5 2	20 2	31 2	45 2	60 2	84 2	105 2	137 2	167 2	187 2	279 2	363 2	
6 2	21 2	32 2	46 2	61 2	85 2	106 2	138 2	168 2	188 2	280 2	364 2	
7 2	22 2	33 2	47 2	62 2	86 2	107 2	139 2	169 2	189 2	281 2	365 2	
8 2	23 2	34 2	48 2	63 2	87 2	108 2	140 2	170 2	190 2	282 2	366 2	
9 2	24 2	35 2	49 2	64 2	88 2	109 2	141 2	171 2	191 2	283 2	367 2	
10 2	25 2	36 2	50 2	65 2	89 2	110 2	142 2	172 2	192 2	284 2	368 2	
11 2	26 2	37 2	51 2	66 2	90 2	111 2	143 2	173 2	193 2	285 2	369 2	
12 2	27 2	38 2	52 2	67 2	91 2	112 2	144 2	174 2	194 2	286 2	370 2	
13 2	28 2	39 2	53 2	68 2	92 2	113 2	145 2	175 2	195 2	287 2	371 2	
14 2	29 2	40 2	54 2	69 2	93 2	114 2	146 2	176 2	196 2	288 2	372 2	
1 2	15 2	30 2	41 2	55 2	70 2	94 2	115 2	147 2	177 2	289 2	373 2	
2 2	16 2	31 2	42 2	56 2	71 2	95 2	116 2	148 2	178 2	290 2	374 2	
3 2	17 2	32 2	43 2	57 2	72 2	96 2	117 2	149 2	179 2	291 2	375 2	
4 2	18 2	33 2	44 2	58 2	73 2	97 2	118 2	150 2	180 2	292 2	376 2	
5 2	19 2	34 2	45 2	59 2	74 2	98 2	119 2	151 2	181 2	293 2	377 2	
6 2	20 2	35 2	46 2	60 2	75 2	99 2	120 2	152 2	182 2	294 2	378 2	
7 2	21 2	36 2	47 2	61 2	76 2	100 2	121 2	153 2	183 2	295 2	379 2	
8 2	22 2	37 2	48 2	62 2	77 2	101 2	122 2	154 2	184 2	296 2	380 2	
9 2	23 2	38 2	49 2	63 2	78 2	102 2	123 2	155 2	185 2	297 2	381 2	
10 2	24 2	39 2	50 2	64 2	79 2	103 2	124 2	156 2	186 2	298 2	382 2	
11 2	25 2	40 2	51 2	65 2	80 2	104 2	125 2	157 2	187 2	299 2	383 2	
12 2	26 2	41 2	52 2	66 2	81 2	105 2	126 2	158 2	188 2	300 2	384 2	
13 2	27 2	42 2	53 2	67 2	82 2	106 2	127 2	159 2	189 2	301 2	385 2	
14 2	28 2	43 2	54 2	68 2	83 2	107 2	128 2	160 2	190 2	302 2	386 2	
15 2	29 2	44 2	55 2	69 2	84 2	108 2	129 2	161 2	191 2	303 2	387 2	
16 2	30 2	45 2	56 2	70 2	85 2	109 2	130 2	162 2	192 2	304 2	388 2	
17 2	31 2	46 2	57 2	71 2	86 2	110 2	131 2	163 2	193 2	305 2	389 2	
18 2	32 2	47 2	58 2	72 2	87 2	111 2	132 2	164 2	194 2	306 2	390 2	
19 2	33 2	48 2	59 2	73 2	88 2	112 2	133 2	165 2	195 2	307 2	391 2	
20 2	34 2	49 2	60 2	74 2	89 2	113 2	134 2	166 2	196 2	308 2	392 2	
