380 334
12 12
11 11 11 11 11 11 11 11 11 11 10 10 10 10 11 11 11 11 11 11 11 11 11 11 11 10 10 10 10 10 10 10 10 11 11 11 11 11 11 11 11 11 11 11 11 11 11 11 12 12 12 12 12 12 12 12 12 12 12 12 12 12 12 12 12 12 12 12 12 12 12 12 12 12 12 12 12 12 12 12 12 12 11 11 11 11 11 11 11 11 11 11 11 11 11 11 11 11 11 11 11 11 10 10 10 10 10 10 10 10 9 9 9 9 9 9 9 9 9 9 9 8 8 8 7 8 8 8 9 8 8 8 8 9 9 9 9 9 9 9 9 9 9 9 10 10 10 11 11 11 11 11 12 12 12 12 12 12 12 12 12 12 12 12 12 12 12 10 10 10 10 10 10 10 10 10 10 10 10 10 10 9 9 9 9 9 9 9 9 9 12 12 12 12 12 12 12 12 12 12 12 12 12 12 12 11 11 11 11 11 10 10 10 9 9 9 9 9 9 9 9 9 9 9 8 8 8 8 9 8 8 8 7 8 8 8 9 9 9 9 9 9 9 9 9 9 9 10 10 10 10 10 10 10 10 11 11 11 11 11 11 11 11 11 11 11 11 11 11 11 11 11 11 11 11 12 12 12 12 12 12 12 12 12 12 12 12 12 12 12 12 12 12 12 12 12 12 12 12 12 12 12 12 12 12 12 12 12 12 11 11 11 11 11 11 11 11 11 11 11 11 11 11 11 10 10 10 10 10 10 10 10 11 11 11 11 11 11 11 11 11 11 11 10 10 10 10 11 11 11 11 11 11 11 11 11 11 9 9 9 9 9 9 9 9 9 10 10 10 10 10 10 10 10 10 10 10 10 10 10 
12 12 12 12 12 12 12 12 12 12 12 12 12 12 12 12 12 12 12 12 12 12 12 12 12 12 12 12 12 12 12 12 12 12 12 12 12 12 12 12 12 12 12 12 12 12 12 12 12 12 12 12 12 12 12 12 12 12 12 12 12 12 12 12 12 12 12 12 12 12 12 12 12 12 12 12 12 12 12 12 12 12 12 12 12 12 12 12 12 12 12 12 12 12 12 12 12 12 12 12 12 12 12 12 12 12 12 12 12 12 12 12 12 12 12 12 12 12 12 12 12 12 12 12 12 12 12 12 12 12 12 12 12 12 12 12 12 12 12 12 12 12 12 12 12 12 12 12 12 12 12 12 12 12 12 12 12 12 12 12 12 12 12 12 12 12 12 12 12 12 12 12 12 12 12 12 12 12 12 12 12 12 12 12 12 12 12 12 12 12 12 12 12 12 12 12 12 12 12 12 12 12 12 12 12 12 12 12 12 12 12 12 12 12 12 12 12 12 12 12 12 12 12 12 12 12 12 12 12 12 12 12 12 12 12 12 12 12 12 12 12 12 12 12 12 12 12 12 12 12 12 12 12 12 12 12 12 12 12 12 12 12 12 12 12 12 12 12 12 12 12 12 12 12 12 12 12 12 12 12 12 12 12 12 12 12 12 12 12 12 12 12 12 12 12 12 12 12 12 12 12 12 12 12 12 12 12 12 12 12 12 12 12 12 12 12 12 12 12 12 12 12 12 12 12 12 12 12 12 12 12 12 12 12 
1 1	47 1	58 1	63 1	66 1	168 2	206 2	211 2	253 2	310 2	325 2	0 0	
2 1	48 1	59 1	64 1	67 1	169 2	207 2	212 2	254 2	311 2	326 2	0 0	
3 1	49 1	60 1	65 1	68 1	170 2	208 2	213 2	255 2	312 2	327 2	0 0	
4 1	50 1	61 1	66 1	69 1	171 2	209 2	214 2	256 2	313 2	328 2	0 0	
5 1	51 1	62 1	67 1	70 1	172 2	210 2	215 2	257 2	314 2	329 2	0 0	
6 1	52 1	63 1	68 1	71 1	173 2	211 2	216 2	258 2	315 2	330 2	0 0	
7 1	53 1	64 1	69 1	72 1	174 2	212 2	217 2	259 2	316 2	331 2	0 0	
8 1	54 1	65 1	70 1	73 1	175 2	213 2	218 2	260 2	317 2	332 2	0 0	
9 1	55 1	66 1	71 1	74 1	176 2	214 2	219 2	261 2	318 2	333 2	0 0	
10 1	56 1	67 1	72 1	75 1	177 2	215 2	220 2	262 2	319 2	334 2	0 0	
11 1	57 1	68 1	73 1	76 1	178 2	216 2	221 2	263 2	320 2	0 0	0 0	
12 1	58 1	69 1	74 1	77 1	179 2	217 2	222 2	264 2	321 2	0 0	0 0	
13 1	59 1	70 1	75 1	78 1	180 2	218 2	223 2	265 2	322 2	0 0	0 0	
14 1	60 1	71 1	76 1	79 1	181 2	219 2	224 2	266 2	323 2	0 0	0 0	
1 1	15 1	61 1	72 1	77 1	80 1	182 2	220 2	225 2	267 2	324 2	0 0	
2 1	16 1	62 1	73 1	78 1	81 1	183 2	221 2	226 2	268 2	325 2	0 0	
3 1	17 1	63 1	74 1	79 1	82 1	184 2	222 2	227 2	269 2	326 2	0 0	
4 1	18 1	64 1	75 1	80 1	83 1	185 2	223 2	228 2	270 2	327 2	0 0	
5 1	19 1	65 1	76 1	81 1	84 1	186 2	224 2	229 2	271 2	328 2	0 0	
6 1	20 1	66 1	77 1	82 1	85 1	187 2	225 2	230 2	272 2	329 2	0 0	
7 1	21 1	67 1	78 1	83 1	86 1	188 2	226 2	231 2	273 2	330 2	0 0	
8 1	22 1	68 1	79 1	84 1	87 1	189 2	227 2	232 2	274 2	331 2	0 0	
9 1	23 1	69 1	80 1	85 1	88 1	190 2	228 2	233 2	275 2	332 2	0 0	
10 1	24 1	70 1	81 1	86 1	89 1	191 2	229 2	234 2	276 2	333 2	0 0	
11 1	25 1	71 1	82 1	87 1	90 1	192 2	230 2	235 2	277 2	334 2	0 0	
12 1	26 1	72 1	83 1	88 1	91 1	193 2	231 2	236 2	278 2	0 0	0 0	
13 1	27 1	73 1	84 1	89 1	92 1	194 2	232 2	237 2	279 2	0 0	0 0	
14 1	28 1	74 1	85 1	90 1	93 1	195 2	233 2	238 2	280 2	0 0	0 0	
15 1	29 1	75 1	86 1	91 1	94 1	196 2	234 2	239 2	281 2	0 0	0 0	
16 1	30 1	76 1	87 1	92 1	95 1	197 2	235 2	240 2	282 2	0 0	0 0	
17 1	31 1	77 1	88 1	93 1	96 1	198 2	236 2	241 2	283 2	0 0	0 0	
18 1	32 1	78 1	89 1	94 1	97 1	199 2	237 2	242 2	284 2	0 0	0 0	
19 1	33 1	79 1	90 1	95 1	98 1	200 2	238 2	243 2	285 2	0 0	0 0	
20 1	34 1	80 1	91 1	96 1	99 1	168 2	201 2	239 2	244 2	286 2	0 0	
21 1	35 1	81 1	92 1	97 1	100 1	169 2	202 2	240 2	245 2	287 2	0 0	
22 1	36 1	82 1	93 1	98 1	101 1	170 2	203 2	241 2	246 2	288 2	0 0	
23 1	37 1	83 1	94 1	99 1	102 1	171 2	204 2	242 2	247 2	289 2	0 0	
24 1	38 1	84 1	95 1	100 1	103 1	172 2	205 2	243 2	248 2	290 2	0 0	
25 1	39 1	85 1	96 1	101 1	104 1	173 2	206 2	244 2	249 2	291 2	0 0	
26 1	40 1	86 1	97 1	102 1	105 1	174 2	207 2	245 2	250 2	292 2	0 0	
27 1	41 1	87 1	98 1	103 1	106 1	175 2	208 2	246 2	251 2	293 2	0 0	
28 1	42 1	88 1	99 1	104 1	107 1	176 2	209 2	247 2	252 2	294 2	0 0	
29 1	43 1	89 1	100 1	105 1	108 1	177 2	210 2	248 2	253 2	295 2	0 0	
30 1	44 1	90 1	101 1	106 1	109 1	178 2	211 2	249 2	254 2	296 2	0 0	
31 1	45 1	91 1	102 1	107 1	110 1	179 2	212 2	250 2	255 2	297 2	0 0	
32 1	46 1	92 1	103 1	108 1	111 1	180 2	213 2	251 2	256 2	298 2	0 0	
33 1	47 1	93 1	104 1	109 1	112 1	181 2	214 2	252 2	257 2	299 2	0 0	
34 1	48 1	94 1	105 1	110 1	113 1	182 2	215 2	253 2	258 2	300 2	0 0	
35 1	49 1	95 1	106 1	111 1	114 1	168 2	183 2	216 2	254 2	259 2	301 2	
36 1	50 1	96 1	107 1	112 1	115 1	169 2	184 2	217 2	255 2	260 2	302 2	
37 1	51 1	97 1	108 1	113 1	116 1	170 2	185 2	218 2	256 2	261 2	303 2	
38 1	52 1	98 1	109 1	114 1	117 1	171 2	186 2	219 2	257 2	262 2	304 2	
39 1	53 1	99 1	110 1	115 1	118 1	172 2	187 2	220 2	258 2	263 2	305 2	
40 1	54 1	100 1	111 1	116 1	119 1	173 2	188 2	221 2	259 2	264 2	306 2	
41 1	55 1	101 1	112 1	117 1	120 1	174 2	189 2	222 2	260 2	265 2	307 2	
42 1	56 1	102 1	113 1	118 1	121 1	175 2	190 2	223 2	261 2	266 2	308 2	
43 1	57 1	103 1	114 1	119 1	122 1	176 2	191 2	224 2	262 2	267 2	309 2	
44 1	58 1	104 1	115 1	120 1	123 1	177 2	192 2	225 2	263 2	268 2	310 2	
45 1	59 1	105 1	116 1	121 1	124 1	178 2	193 2	226 2	264 2	269 2	311 2	
46 1	60 1	106 1	117 1	122 1	125 1	179 2	194 2	227 2	265 2	270 2	312 2	
47 1	61 1	107 1	118 1	123 1	126 1	180 2	195 2	228 2	266 2	271 2	313 2	
48 1	62 1	108 1	119 1	124 1	127 1	181 2	196 2	229 2	267 2	272 2	314 2	
49 1	63 1	109 1	120 1	125 1	128 1	182 2	197 2	230 2	268 2	273 2	315 2	
50 1	64 1	110 1	121 1	126 1	129 1	183 2	198 2	231 2	269 2	274 2	316 2	
51 1	65 1	111 1	122 1	127 1	130 1	184 2	199 2	232 2	270 2	275 2	317 2	
52 1	66 1	112 1	123 1	128 1	131 1	185 2	200 2	233 2	271 2	276 2	318 2	
53 1	67 1	113 1	124 1	129 1	132 1	186 2	201 2	234 2	272 2	277 2	319 2	
54 1	68 1	114 1	125 1	130 1	133 1	187 2	202 2	235 2	273 2	278 2	320 2	
55 1	69 1	115 1	126 1	131 1	134 1	188 2	203 2	236 2	274 2	279 2	321 2	
56 1	70 1	116 1	127 1	132 1	135 1	189 2	204 2	237 2	275 2	280 2	322 2	
57 1	71 1	117 1	128 1	133 1	136 1	190 2	205 2	238 2	276 2	281 2	323 2	
58 1	72 1	118 1	129 1	134 1	137 1	191 2	206 2	239 2	277 2	282 2	324 2	
59 1	73 1	119 1	130 1	135 1	138 1	192 2	207 2	240 2	278 2	283 2	325 2	
60 1	74 1	120 1	131 1	136 1	139 1	193 2	208 2	241 2	279 2	284 2	326 2	
61 1	75 1	121 1	132 1	137 1	140 1	194 2	209 2	242 2	280 2	285 2	327 2	
62 1	76 1	122 1	133 1	138 1	141 1	195 2	210 2	243 2	281 2	286 2	328 2	
63 1	77 1	123 1	134 1	139 1	142 1	196 2	211 2	244 2	282 2	287 2	329 2	
64 1	78 1	124 1	135 1	140 1	143 1	197 2	212 2	245 2	283 2	288 2	330 2	
65 1	79 1	125 1	136 1	141 1	144 1	198 2	213 2	246 2	284 2	289 2	331 2	
66 1	80 1	126 1	137 1	142 1	145 1	199 2	214 2	247 2	285 2	290 2	332 2	
67 1	81 1	127 1	138 1	143 1	146 1	200 2	215 2	248 2	286 2	291 2	333 2	
68 1	82 1	128 1	139 1	144 1	147 1	201 2	216 2	249 2	287 2	292 2	334 2	
69 1	83 1	129 1	140 1	145 1	148 1	202 2	217 2	250 2	288 2	293 2	0 0	
70 1	84 1	130 1	141 1	146 1	149 1	203 2	218 2	251 2	289 2	294 2	0 0	
71 1	85 1	131 1	142 1	147 1	150 1	204 2	219 2	252 2	290 2	295 2	0 0	
72 1	86 1	132 1	143 1	148 1	151 1	205 2	220 2	253 2	291 2	296 2	0 0	
73 1	87 1	133 1	144 1	149 1	152 1	206 2	221 2	254 2	292 2	297 2	0 0	
74 1	88 1	134 1	145 1	150 1	153 1	207 2	222 2	255 2	293 2	298 2	0 0	
75 1	89 1	135 1	146 1	151 1	154 1	208 2	223 2	256 2	294 2	299 2	0 0	
76 1	90 1	136 1	147 1	152 1	155 1	209 2	224 2	257 2	295 2	300 2	0 0	
77 1	91 1	137 1	148 1	153 1	156 1	210 2	225 2	258 2	296 2	301 2	0 0	
78 1	92 1	138 1	149 1	154 1	157 1	211 2	226 2	259 2	297 2	302 2	0 0	
79 1	93 1	139 1	150 1	155 1	158 1	212 2	227 2	260 2	298 2	303 2	0 0	
80 1	94 1	140 1	151 1	156 1	159 1	213 2	228 2	261 2	299 2	304 2	0 0	
81 1	95 1	141 1	152 1	157 1	160 1	214 2	229 2	262 2	300 2	305 2	0 0	
82 1	96 1	142 1	153 1	158 1	161 1	215 2	230 2	263 2	301 2	306 2	0 0	
83 1	97 1	143 1	154 1	159 1	162 1	216 2	231 2	264 2	302 2	307 2	0 0	
84 1	98 1	144 1	155 1	160 1	163 1	217 2	232 2	265 2	303 2	308 2	0 0	
85 1	99 1	145 1	156 1	161 1	164 1	218 2	233 2	266 2	304 2	309 2	0 0	
86 1	100 1	146 1	157 1	162 1	165 1	219 2	234 2	267 2	305 2	310 2	0 0	
87 1	101 1	147 1	158 1	163 1	166 1	220 2	235 2	268 2	306 2	311 2	0 0	
88 1	102 1	148 1	159 1	164 1	167 1	221 2	236 2	269 2	307 2	312 2	0 0	
89 1	103 1	149 1	160 1	165 1	222 2	237 2	270 2	308 2	313 2	0 0	0 0	
90 1	104 1	150 1	161 1	166 1	223 2	238 2	271 2	309 2	314 2	0 0	0 0	
91 1	105 1	151 1	162 1	167 1	224 2	239 2	272 2	310 2	315 2	0 0	0 0	
92 1	106 1	152 1	163 1	168 2	225 2	240 2	273 2	311 2	316 2	0 0	0 0	
93 1	107 1	153 1	164 1	169 2	226 2	241 2	274 2	312 2	317 2	0 0	0 0	
94 1	108 1	154 1	165 1	170 2	227 2	242 2	275 2	313 2	318 2	0 0	0 0	
95 1	109 1	155 1	166 1	171 2	228 2	243 2	276 2	314 2	319 2	0 0	0 0	
96 1	110 1	156 1	167 1	172 2	229 2	244 2	277 2	315 2	320 2	0 0	0 0	
97 1	111 1	157 1	173 2	230 2	245 2	278 2	316 2	321 2	0 0	0 0	0 0	
98 1	112 1	158 1	174 2	231 2	246 2	279 2	317 2	322 2	0 0	0 0	0 0	
99 1	113 1	159 1	175 2	232 2	247 2	280 2	318 2	323 2	0 0	0 0	0 0	
100 1	114 1	160 1	176 2	233 2	248 2	281 2	319 2	324 2	0 0	0 0	0 0	
101 1	115 1	161 1	177 2	234 2	249 2	282 2	320 2	325 2	0 0	0 0	0 0	
102 1	116 1	162 1	178 2	235 2	250 2	283 2	321 2	326 2	0 0	0 0	0 0	
103 1	117 1	163 1	179 2	236 2	251 2	284 2	322 2	327 2	0 0	0 0	0 0	
104 1	118 1	164 1	180 2	237 2	252 2	285 2	323 2	328 2	0 0	0 0	0 0	
105 1	119 1	165 1	181 2	238 2	253 2	286 2	324 2	329 2	0 0	0 0	0 0	
106 1	120 1	166 1	182 2	239 2	254 2	287 2	325 2	330 2	0 0	0 0	0 0	
107 1	121 1	167 1	183 2	240 2	255 2	288 2	326 2	331 2	0 0	0 0	0 0	
108 1	122 1	184 2	241 2	256 2	289 2	327 2	332 2	0 0	0 0	0 0	0 0	
109 1	123 1	185 2	242 2	257 2	290 2	328 2	333 2	0 0	0 0	0 0	0 0	
110 1	124 1	186 2	243 2	258 2	291 2	329 2	334 2	0 0	0 0	0 0	0 0	
111 1	125 1	187 2	244 2	259 2	292 2	330 2	0 0	0 0	0 0	0 0	0 0	
1 1	112 1	126 1	188 2	245 2	260 2	293 2	331 2	0 0	0 0	0 0	0 0	
2 1	113 1	127 1	189 2	246 2	261 2	294 2	332 2	0 0	0 0	0 0	0 0	
3 1	114 1	128 1	190 2	247 2	262 2	295 2	333 2	0 0	0 0	0 0	0 0	
1 1	4 1	115 1	129 1	191 2	248 2	263 2	296 2	334 2	0 0	0 0	0 0	
2 1	5 1	116 1	130 1	192 2	249 2	264 2	297 2	0 0	0 0	0 0	0 0	
3 1	6 1	117 1	131 1	193 2	250 2	265 2	298 2	0 0	0 0	0 0	0 0	
4 1	7 1	118 1	132 1	194 2	251 2	266 2	299 2	0 0	0 0	0 0	0 0	
5 1	8 1	119 1	133 1	195 2	252 2	267 2	300 2	0 0	0 0	0 0	0 0	
1 1	6 1	9 1	120 1	134 1	196 2	253 2	268 2	301 2	0 0	0 0	0 0	
2 1	7 1	10 1	121 1	135 1	197 2	254 2	269 2	302 2	0 0	0 0	0 0	
3 1	8 1	11 1	122 1	136 1	198 2	255 2	270 2	303 2	0 0	0 0	0 0	
4 1	9 1	12 1	123 1	137 1	199 2	256 2	271 2	304 2	0 0	0 0	0 0	
5 1	10 1	13 1	124 1	138 1	200 2	257 2	272 2	305 2	0 0	0 0	0 0	
6 1	11 1	14 1	125 1	139 1	201 2	258 2	273 2	306 2	0 0	0 0	0 0	
7 1	12 1	15 1	126 1	140 1	202 2	259 2	274 2	307 2	0 0	0 0	0 0	
8 1	13 1	16 1	127 1	141 1	203 2	260 2	275 2	308 2	0 0	0 0	0 0	
9 1	14 1	17 1	128 1	142 1	204 2	261 2	276 2	309 2	0 0	0 0	0 0	
10 1	15 1	18 1	129 1	143 1	205 2	262 2	277 2	310 2	0 0	0 0	0 0	
11 1	16 1	19 1	130 1	144 1	206 2	263 2	278 2	311 2	0 0	0 0	0 0	
1 1	12 1	17 1	20 1	131 1	145 1	207 2	264 2	279 2	312 2	0 0	0 0	
2 1	13 1	18 1	21 1	132 1	146 1	208 2	265 2	280 2	313 2	0 0	0 0	
3 1	14 1	19 1	22 1	133 1	147 1	209 2	266 2	281 2	314 2	0 0	0 0	
4 1	15 1	20 1	23 1	134 1	148 1	168 2	210 2	267 2	282 2	315 2	0 0	
5 1	16 1	21 1	24 1	135 1	149 1	169 2	211 2	268 2	283 2	316 2	0 0	
6 1	17 1	22 1	25 1	136 1	150 1	170 2	212 2	269 2	284 2	317 2	0 0	
7 1	18 1	23 1	26 1	137 1	151 1	171 2	213 2	270 2	285 2	318 2	0 0	
8 1	19 1	24 1	27 1	138 1	152 1	172 2	214 2	271 2	286 2	319 2	0 0	
9 1	20 1	25 1	28 1	139 1	153 1	168 2	173 2	215 2	272 2	287 2	320 2	
10 1	21 1	26 1	29 1	140 1	154 1	169 2	174 2	216 2	273 2	288 2	321 2	
11 1	22 1	27 1	30 1	141 1	155 1	170 2	175 2	217 2	274 2	289 2	322 2	
12 1	23 1	28 1	31 1	142 1	156 1	171 2	176 2	218 2	275 2	290 2	323 2	
13 1	24 1	29 1	32 1	143 1	157 1	172 2	177 2	219 2	276 2	291 2	324 2	
14 1	25 1	30 1	33 1	144 1	158 1	173 2	178 2	220 2	277 2	292 2	325 2	
15 1	26 1	31 1	34 1	145 1	159 1	174 2	179 2	221 2	278 2	293 2	326 2	
16 1	27 1	32 1	35 1	146 1	160 1	175 2	180 2	222 2	279 2	294 2	327 2	
17 1	28 1	33 1	36 1	147 1	161 1	176 2	181 2	223 2	280 2	295 2	328 2	
18 1	29 1	34 1	37 1	148 1	162 1	177 2	182 2	224 2	281 2	296 2	329 2	
19 1	30 1	35 1	38 1	149 1	163 1	178 2	183 2	225 2	282 2	297 2	330 2	
20 1	31 1	36 1	39 1	150 1	164 1	179 2	184 2	226 2	283 2	298 2	331 2	
21 1	32 1	37 1	40 1	151 1	165 1	180 2	185 2	227 2	284 2	299 2	332 2	
22 1	33 1	38 1	41 1	152 1	166 1	181 2	186 2	228 2	285 2	300 2	333 2	
23 1	34 1	39 1	42 1	153 1	167 1	182 2	187 2	229 2	286 2	301 2	334 2	
24 1	35 1	40 1	43 1	154 1	183 2	188 2	230 2	287 2	302 2	0 0	0 0	
25 1	36 1	41 1	44 1	155 1	184 2	189 2	231 2	288 2	303 2	0 0	0 0	
26 1	37 1	42 1	45 1	156 1	185 2	190 2	232 2	289 2	304 2	0 0	0 0	
27 1	38 1	43 1	46 1	157 1	186 2	191 2	233 2	290 2	305 2	0 0	0 0	
28 1	39 1	44 1	47 1	158 1	187 2	192 2	234 2	291 2	306 2	0 0	0 0	
29 1	40 1	45 1	48 1	159 1	188 2	193 2	235 2	292 2	307 2	0 0	0 0	
30 1	41 1	46 1	49 1	160 1	189 2	194 2	236 2	293 2	308 2	0 0	0 0	
31 1	42 1	47 1	50 1	161 1	190 2	195 2	237 2	294 2	309 2	0 0	0 0	
32 1	43 1	48 1	51 1	162 1	191 2	196 2	238 2	295 2	310 2	0 0	0 0	
33 1	44 1	49 1	52 1	163 1	192 2	197 2	239 2	296 2	311 2	0 0	0 0	
34 1	45 1	50 1	53 1	164 1	193 2	198 2	240 2	297 2	312 2	0 0	0 0	
35 1	46 1	51 1	54 1	165 1	194 2	199 2	241 2	298 2	313 2	0 0	0 0	
36 1	47 1	52 1	55 1	166 1	195 2	200 2	242 2	299 2	314 2	0 0	0 0	
37 1	48 1	53 1	56 1	167 1	196 2	201 2	243 2	300 2	315 2	0 0	0 0	
38 1	49 1	54 1	57 1	197 2	202 2	244 2	301 2	316 2	0 0	0 0	0 0	
39 1	50 1	55 1	58 1	198 2	203 2	245 2	302 2	317 2	0 0	0 0	0 0	
40 1	51 1	56 1	59 1	199 2	204 2	246 2	303 2	318 2	0 0	0 0	0 0	
41 1	52 1	57 1	60 1	200 2	205 2	247 2	304 2	319 2	0 0	0 0	0 0	
42 1	53 1	58 1	61 1	201 2	206 2	248 2	305 2	320 2	0 0	0 0	0 0	
43 1	54 1	59 1	62 1	202 2	207 2	249 2	306 2	321 2	0 0	0 0	0 0	
44 1	55 1	60 1	63 1	203 2	208 2	250 2	307 2	322 2	0 0	0 0	0 0	
45 1	56 1	61 1	64 1	204 2	209 2	251 2	308 2	323 2	0 0	0 0	0 0	
46 1	57 1	62 1	65 1	205 2	210 2	252 2	309 2	324 2	0 0	0 0	0 0	
1 1	34 1	49 1	106 1	148 1	153 1	168 2	182 2	293 2	296 2	301 2	312 2	
2 1	35 1	50 1	107 1	149 1	154 1	169 2	183 2	294 2	297 2	302 2	313 2	
3 1	36 1	51 1	108 1	150 1	155 1	170 2	184 2	295 2	298 2	303 2	314 2	
4 1	37 1	52 1	109 1	151 1	156 1	171 2	185 2	296 2	299 2	304 2	315 2	
5 1	38 1	53 1	110 1	152 1	157 1	172 2	186 2	297 2	300 2	305 2	316 2	
6 1	39 1	54 1	111 1	153 1	158 1	173 2	187 2	298 2	301 2	306 2	317 2	
7 1	40 1	55 1	112 1	154 1	159 1	174 2	188 2	299 2	302 2	307 2	318 2	
8 1	41 1	56 1	113 1	155 1	160 1	175 2	189 2	300 2	303 2	308 2	319 2	
9 1	42 1	57 1	114 1	156 1	161 1	176 2	190 2	301 2	304 2	309 2	320 2	
10 1	43 1	58 1	115 1	157 1	162 1	177 2	191 2	302 2	305 2	310 2	321 2	
11 1	44 1	59 1	116 1	158 1	163 1	178 2	192 2	303 2	306 2	311 2	322 2	
12 1	45 1	60 1	117 1	159 1	164 1	179 2	193 2	304 2	307 2	312 2	323 2	
13 1	46 1	61 1	118 1	160 1	165 1	180 2	194 2	305 2	308 2	313 2	324 2	
14 1	47 1	62 1	119 1	161 1	166 1	181 2	195 2	306 2	309 2	314 2	325 2	
15 1	48 1	63 1	120 1	162 1	167 1	182 2	196 2	307 2	310 2	315 2	326 2	
16 1	49 1	64 1	121 1	163 1	183 2	197 2	308 2	311 2	316 2	327 2	0 0	
17 1	50 1	65 1	122 1	164 1	184 2	198 2	309 2	312 2	317 2	328 2	0 0	
18 1	51 1	66 1	123 1	165 1	185 2	199 2	310 2	313 2	318 2	329 2	0 0	
19 1	52 1	67 1	124 1	166 1	186 2	200 2	311 2	314 2	319 2	330 2	0 0	
20 1	53 1	68 1	125 1	167 1	187 2	201 2	312 2	315 2	320 2	331 2	0 0	
21 1	54 1	69 1	126 1	188 2	202 2	313 2	316 2	321 2	332 2	0 0	0 0	
22 1	55 1	70 1	127 1	189 2	203 2	314 2	317 2	322 2	333 2	0 0	0 0	
23 1	56 1	71 1	128 1	190 2	204 2	315 2	318 2	323 2	334 2	0 0	0 0	
24 1	57 1	72 1	129 1	191 2	205 2	316 2	319 2	324 2	0 0	0 0	0 0	
25 1	58 1	73 1	130 1	192 2	206 2	317 2	320 2	325 2	0 0	0 0	0 0	
26 1	59 1	74 1	131 1	193 2	207 2	318 2	321 2	326 2	0 0	0 0	0 0	
27 1	60 1	75 1	132 1	194 2	208 2	319 2	322 2	327 2	0 0	0 0	0 0	
28 1	61 1	76 1	133 1	195 2	209 2	320 2	323 2	328 2	0 0	0 0	0 0	
29 1	62 1	77 1	134 1	196 2	210 2	321 2	324 2	329 2	0 0	0 0	0 0	
30 1	63 1	78 1	135 1	197 2	211 2	322 2	325 2	330 2	0 0	0 0	0 0	
31 1	64 1	79 1	136 1	198 2	212 2	323 2	326 2	331 2	0 0	0 0	0 0	
32 1	65 1	80 1	137 1	199 2	213 2	324 2	327 2	332 2	0 0	0 0	0 0	
33 1	66 1	81 1	138 1	200 2	214 2	325 2	328 2	333 2	0 0	0 0	0 0	
34 1	67 1	82 1	139 1	201 2	215 2	326 2	329 2	334 2	0 0	0 0	0 0	
35 1	68 1	83 1	140 1	202 2	216 2	327 2	330 2	0 0	0 0	0 0	0 0	
36 1	69 1	84 1	141 1	203 2	217 2	328 2	331 2	0 0	0 0	0 0	0 0	
37 1	70 1	85 1	142 1	204 2	218 2	329 2	332 2	0 0	0 0	0 0	0 0	
38 1	71 1	86 1	143 1	205 2	219 2	330 2	333 2	0 0	0 0	0 0	0 0	
1 1	39 1	72 1	87 1	144 1	206 2	220 2	331 2	334 2	0 0	0 0	0 0	
2 1	40 1	73 1	88 1	145 1	207 2	221 2	332 2	0 0	0 0	0 0	0 0	
3 1	41 1	74 1	89 1	146 1	208 2	222 2	333 2	0 0	0 0	0 0	0 0	
4 1	42 1	75 1	90 1	147 1	209 2	223 2	334 2	0 0	0 0	0 0	0 0	
5 1	43 1	76 1	91 1	148 1	210 2	224 2	0 0	0 0	0 0	0 0	0 0	
1 1	6 1	44 1	77 1	92 1	149 1	211 2	225 2	0 0	0 0	0 0	0 0	
2 1	7 1	45 1	78 1	93 1	150 1	212 2	226 2	0 0	0 0	0 0	0 0	
3 1	8 1	46 1	79 1	94 1	151 1	213 2	227 2	0 0	0 0	0 0	0 0	
4 1	9 1	47 1	80 1	95 1	152 1	168 2	214 2	228 2	0 0	0 0	0 0	
5 1	10 1	48 1	81 1	96 1	153 1	169 2	215 2	229 2	0 0	0 0	0 0	
6 1	11 1	49 1	82 1	97 1	154 1	170 2	216 2	230 2	0 0	0 0	0 0	
7 1	12 1	50 1	83 1	98 1	155 1	171 2	217 2	231 2	0 0	0 0	0 0	
8 1	13 1	51 1	84 1	99 1	156 1	172 2	218 2	232 2	0 0	0 0	0 0	
9 1	14 1	52 1	85 1	100 1	157 1	173 2	219 2	233 2	0 0	0 0	0 0	
10 1	15 1	53 1	86 1	101 1	158 1	174 2	220 2	234 2	0 0	0 0	0 0	
11 1	16 1	54 1	87 1	102 1	159 1	175 2	221 2	235 2	0 0	0 0	0 0	
12 1	17 1	55 1	88 1	103 1	160 1	176 2	222 2	236 2	0 0	0 0	0 0	
13 1	18 1	56 1	89 1	104 1	161 1	177 2	223 2	237 2	0 0	0 0	0 0	
14 1	19 1	57 1	90 1	105 1	162 1	178 2	224 2	238 2	0 0	0 0	0 0	
15 1	20 1	58 1	91 1	106 1	163 1	168 2	179 2	225 2	239 2	0 0	0 0	
16 1	21 1	59 1	92 1	107 1	164 1	169 2	180 2	226 2	240 2	0 0	0 0	
17 1	22 1	60 1	93 1	108 1	165 1	170 2	181 2	227 2	241 2	0 0	0 0	
18 1	23 1	61 1	94 1	109 1	166 1	171 2	182 2	228 2	242 2	0 0	0 0	
19 1	24 1	62 1	95 1	110 1	167 1	172 2	183 2	229 2	243 2	0 0	0 0	
20 1	25 1	63 1	96 1	111 1	168 2	173 2	184 2	230 2	244 2	0 0	0 0	
21 1	26 1	64 1	97 1	112 1	169 2	174 2	185 2	231 2	245 2	0 0	0 0	
22 1	27 1	65 1	98 1	113 1	170 2	175 2	186 2	232 2	246 2	0 0	0 0	
23 1	28 1	66 1	99 1	114 1	168 2	171 2	176 2	187 2	233 2	247 2	0 0	
24 1	29 1	67 1	100 1	115 1	169 2	172 2	177 2	188 2	234 2	248 2	0 0	
25 1	30 1	68 1	101 1	116 1	170 2	173 2	178 2	189 2	235 2	249 2	0 0	
26 1	31 1	69 1	102 1	117 1	171 2	174 2	179 2	190 2	236 2	250 2	0 0	
27 1	32 1	70 1	103 1	118 1	172 2	175 2	180 2	191 2	237 2	251 2	0 0	
28 1	33 1	71 1	104 1	119 1	173 2	176 2	181 2	192 2	238 2	252 2	0 0	
29 1	34 1	72 1	105 1	120 1	174 2	177 2	182 2	193 2	239 2	253 2	0 0	
30 1	35 1	73 1	106 1	121 1	175 2	178 2	183 2	194 2	240 2	254 2	0 0	
31 1	36 1	74 1	107 1	122 1	176 2	179 2	184 2	195 2	241 2	255 2	0 0	
32 1	37 1	75 1	108 1	123 1	177 2	180 2	185 2	196 2	242 2	256 2	0 0	
33 1	38 1	76 1	109 1	124 1	178 2	181 2	186 2	197 2	243 2	257 2	0 0	
34 1	39 1	77 1	110 1	125 1	179 2	182 2	187 2	198 2	244 2	258 2	0 0	
35 1	40 1	78 1	111 1	126 1	180 2	183 2	188 2	199 2	245 2	259 2	0 0	
36 1	41 1	79 1	112 1	127 1	181 2	184 2	189 2	200 2	246 2	260 2	0 0	
37 1	42 1	80 1	113 1	128 1	182 2	185 2	190 2	201 2	247 2	261 2	0 0	
38 1	43 1	81 1	114 1	129 1	183 2	186 2	191 2	202 2	248 2	262 2	0 0	
39 1	44 1	82 1	115 1	130 1	184 2	187 2	192 2	203 2	249 2	263 2	0 0	
40 1	45 1	83 1	116 1	131 1	185 2	188 2	193 2	204 2	250 2	264 2	0 0	
41 1	46 1	84 1	117 1	132 1	186 2	189 2	194 2	205 2	251 2	265 2	0 0	
42 1	47 1	85 1	118 1	133 1	187 2	190 2	195 2	206 2	252 2	266 2	0 0	
1 1	43 1	48 1	86 1	119 1	134 1	188 2	191 2	196 2	207 2	253 2	267 2	
2 1	44 1	49 1	87 1	120 1	135 1	189 2	192 2	197 2	208 2	254 2	268 2	
3 1	45 1	50 1	88 1	121 1	136 1	190 2	193 2	198 2	209 2	255 2	269 2	
4 1	46 1	51 1	89 1	122 1	137 1	191 2	194 2	199 2	210 2	256 2	270 2	
5 1	47 1	52 1	90 1	123 1	138 1	192 2	195 2	200 2	211 2	257 2	271 2	
6 1	48 1	53 1	91 1	124 1	139 1	193 2	196 2	201 2	212 2	258 2	272 2	
7 1	49 1	54 1	92 1	125 1	140 1	194 2	197 2	202 2	213 2	259 2	273 2	
8 1	50 1	55 1	93 1	126 1	141 1	195 2	198 2	203 2	214 2	260 2	274 2	
9 1	51 1	56 1	94 1	127 1	142 1	196 2	199 2	204 2	215 2	261 2	275 2	
10 1	52 1	57 1	95 1	128 1	143 1	197 2	200 2	205 2	216 2	262 2	276 2	
11 1	53 1	58 1	96 1	129 1	144 1	198 2	201 2	206 2	217 2	263 2	277 2	
12 1	54 1	59 1	97 1	130 1	145 1	199 2	202 2	207 2	218 2	264 2	278 2	
13 1	55 1	60 1	98 1	131 1	146 1	200 2	203 2	208 2	219 2	265 2	279 2	
14 1	56 1	61 1	99 1	132 1	147 1	201 2	204 2	209 2	220 2	266 2	280 2	
15 1	57 1	62 1	100 1	133 1	148 1	202 2	205 2	210 2	221 2	267 2	281 2	
16 1	58 1	63 1	101 1	134 1	149 1	203 2	206 2	211 2	222 2	268 2	282 2	
17 1	59 1	64 1	102 1	135 1	150 1	204 2	207 2	212 2	223 2	269 2	283 2	
18 1	60 1	65 1	103 1	136 1	151 1	205 2	208 2	213 2	224 2	270 2	284 2	
19 1	61 1	66 1	104 1	137 1	152 1	206 2	209 2	214 2	225 2	271 2	285 2	
20 1	62 1	67 1	105 1	138 1	153 1	207 2	210 2	215 2	226 2	272 2	286 2	
21 1	63 1	68 1	106 1	139 1	154 1	208 2	211 2	216 2	227 2	273 2	287 2	
22 1	64 1	69 1	107 1	140 1	155 1	209 2	212 2	217 2	228 2	274 2	288 2	
23 1	65 1	70 1	108 1	141 1	156 1	210 2	213 2	218 2	229 2	275 2	289 2	
24 1	66 1	71 1	109 1	142 1	157 1	211 2	214 2	219 2	230 2	276 2	290 2	
25 1	67 1	72 1	110 1	143 1	158 1	212 2	215 2	220 2	231 2	277 2	291 2	
26 1	68 1	73 1	111 1	144 1	159 1	213 2	216 2	221 2	232 2	278 2	292 2	
27 1	69 1	74 1	112 1	145 1	160 1	214 2	217 2	222 2	233 2	279 2	293 2	
28 1	70 1	75 1	113 1	146 1	161 1	215 2	218 2	223 2	234 2	280 2	294 2	
29 1	71 1	76 1	114 1	147 1	162 1	216 2	219 2	224 2	235 2	281 2	295 2	
30 1	72 1	77 1	115 1	148 1	163 1	217 2	220 2	225 2	236 2	282 2	296 2	
31 1	73 1	78 1	116 1	149 1	164 1	218 2	221 2	226 2	237 2	283 2	297 2	
32 1	74 1	79 1	117 1	150 1	165 1	219 2	222 2	227 2	238 2	284 2	298 2	
33 1	75 1	80 1	118 1	151 1	166 1	220 2	223 2	228 2	239 2	285 2	299 2	
34 1	76 1	81 1	119 1	152 1	167 1	221 2	224 2	229 2	240 2	286 2	300 2	
35 1	77 1	82 1	120 1	153 1	222 2	225 2	230 2	241 2	287 2	301 2	0 0	
36 1	78 1	83 1	121 1	154 1	223 2	226 2	231 2	242 2	288 2	302 2	0 0	
37 1	79 1	84 1	122 1	155 1	224 2	227 2	232 2	243 2	289 2	303 2	0 0	
38 1	80 1	85 1	123 1	156 1	225 2	228 2	233 2	244 2	290 2	304 2	0 0	
39 1	81 1	86 1	124 1	157 1	226 2	229 2	234 2	245 2	291 2	305 2	0 0	
40 1	82 1	87 1	125 1	158 1	227 2	230 2	235 2	246 2	292 2	306 2	0 0	
41 1	83 1	88 1	126 1	159 1	228 2	231 2	236 2	247 2	293 2	307 2	0 0	
42 1	84 1	89 1	127 1	160 1	229 2	232 2	237 2	248 2	294 2	308 2	0 0	
43 1	85 1	90 1	128 1	161 1	230 2	233 2	238 2	249 2	295 2	309 2	0 0	
44 1	86 1	91 1	129 1	162 1	231 2	234 2	239 2	250 2	296 2	310 2	0 0	
45 1	87 1	92 1	130 1	163 1	232 2	235 2	240 2	251 2	297 2	311 2	0 0	
46 1	88 1	93 1	131 1	164 1	233 2	236 2	241 2	252 2	298 2	312 2	0 0	
47 1	89 1	94 1	132 1	165 1	234 2	237 2	242 2	253 2	299 2	313 2	0 0	
48 1	90 1	95 1	133 1	166 1	235 2	238 2	243 2	254 2	300 2	314 2	0 0	
49 1	91 1	96 1	134 1	167 1	236 2	239 2	244 2	255 2	301 2	315 2	0 0	
50 1	92 1	97 1	135 1	237 2	240 2	245 2	256 2	302 2	316 2	0 0	0 0	
51 1	93 1	98 1	136 1	238 2	241 2	246 2	257 2	303 2	317 2	0 0	0 0	
52 1	94 1	99 1	137 1	239 2	242 2	247 2	258 2	304 2	318 2	0 0	0 0	
53 1	95 1	100 1	138 1	240 2	243 2	248 2	259 2	305 2	319 2	0 0	0 0	
54 1	96 1	101 1	139 1	241 2	244 2	249 2	260 2	306 2	320 2	0 0	0 0	
55 1	97 1	102 1	140 1	242 2	245 2	250 2	261 2	307 2	321 2	0 0	0 0	
56 1	98 1	103 1	141 1	243 2	246 2	251 2	262 2	308 2	322 2	0 0	0 0	
57 1	99 1	104 1	142 1	244 2	247 2	252 2	263 2	309 2	323 2	0 0	0 0	
1 1	58 1	100 1	105 1	143 1	245 2	248 2	253 2	264 2	310 2	324 2	0 0	
2 1	59 1	101 1	106 1	144 1	246 2	249 2	254 2	265 2	311 2	325 2	0 0	
3 1	60 1	102 1	107 1	145 1	247 2	250 2	255 2	266 2	312 2	326 2	0 0	
4 1	61 1	103 1	108 1	146 1	248 2	251 2	256 2	267 2	313 2	327 2	0 0	
5 1	62 1	104 1	109 1	147 1	249 2	252 2	257 2	268 2	314 2	328 2	0 0	
6 1	63 1	105 1	110 1	148 1	250 2	253 2	258 2	269 2	315 2	329 2	0 0	
7 1	64 1	106 1	111 1	149 1	251 2	254 2	259 2	270 2	316 2	330 2	0 0	
8 1	65 1	107 1	112 1	150 1	252 2	255 2	260 2	271 2	317 2	331 2	0 0	
9 1	66 1	108 1	113 1	151 1	253 2	256 2	261 2	272 2	318 2	332 2	0 0	
10 1	67 1	109 1	114 1	152 1	254 2	257 2	262 2	273 2	319 2	333 2	0 0	
11 1	68 1	110 1	115 1	153 1	255 2	258 2	263 2	274 2	320 2	334 2	0 0	
12 1	69 1	111 1	116 1	154 1	256 2	259 2	264 2	275 2	321 2	0 0	0 0	
13 1	70 1	112 1	117 1	155 1	257 2	260 2	265 2	276 2	322 2	0 0	0 0	
14 1	71 1	113 1	118 1	156 1	258 2	261 2	266 2	277 2	323 2	0 0	0 0	
15 1	72 1	114 1	119 1	157 1	259 2	262 2	267 2	278 2	324 2	0 0	0 0	
1 1	16 1	73 1	115 1	120 1	158 1	260 2	263 2	268 2	279 2	325 2	0 0	
2 1	17 1	74 1	116 1	121 1	159 1	261 2	264 2	269 2	280 2	326 2	0 0	
3 1	18 1	75 1	117 1	122 1	160 1	262 2	265 2	270 2	281 2	327 2	0 0	
4 1	19 1	76 1	118 1	123 1	161 1	263 2	266 2	271 2	282 2	328 2	0 0	
5 1	20 1	77 1	119 1	124 1	162 1	264 2	267 2	272 2	283 2	329 2	0 0	
6 1	21 1	78 1	120 1	125 1	163 1	265 2	268 2	273 2	284 2	330 2	0 0	
7 1	22 1	79 1	121 1	126 1	164 1	266 2	269 2	274 2	285 2	331 2	0 0	
8 1	23 1	80 1	122 1	127 1	165 1	267 2	270 2	275 2	286 2	332 2	0 0	
9 1	24 1	81 1	123 1	128 1	166 1	268 2	271 2	276 2	287 2	333 2	0 0	
10 1	25 1	82 1	124 1	129 1	167 1	269 2	272 2	277 2	288 2	334 2	0 0	
11 1	26 1	83 1	125 1	130 1	270 2	273 2	278 2	289 2	0 0	0 0	0 0	
12 1	27 1	84 1	126 1	131 1	271 2	274 2	279 2	290 2	0 0	0 0	0 0	
13 1	28 1	85 1	127 1	132 1	272 2	275 2	280 2	291 2	0 0	0 0	0 0	
14 1	29 1	86 1	128 1	133 1	273 2	276 2	281 2	292 2	0 0	0 0	0 0	
15 1	30 1	87 1	129 1	134 1	274 2	277 2	282 2	293 2	0 0	0 0	0 0	
16 1	31 1	88 1	130 1	135 1	275 2	278 2	283 2	294 2	0 0	0 0	0 0	
17 1	32 1	89 1	131 1	136 1	276 2	279 2	284 2	295 2	0 0	0 0	0 0	
18 1	33 1	90 1	132 1	137 1	277 2	280 2	285 2	296 2	0 0	0 0	0 0	
19 1	34 1	91 1	133 1	138 1	278 2	281 2	286 2	297 2	0 0	0 0	0 0	
20 1	35 1	92 1	134 1	139 1	168 2	279 2	282 2	287 2	298 2	0 0	0 0	
21 1	36 1	93 1	135 1	140 1	169 2	280 2	283 2	288 2	299 2	0 0	0 0	
22 1	37 1	94 1	136 1	141 1	170 2	281 2	284 2	289 2	300 2	0 0	0 0	
23 1	38 1	95 1	137 1	142 1	171 2	282 2	285 2	290 2	301 2	0 0	0 0	
24 1	39 1	96 1	138 1	143 1	172 2	283 2	286 2	291 2	302 2	0 0	0 0	
25 1	40 1	97 1	139 1	144 1	173 2	284 2	287 2	292 2	303 2	0 0	0 0	
26 1	41 1	98 1	140 1	145 1	174 2	285 2	288 2	293 2	304 2	0 0	0 0	
27 1	42 1	99 1	141 1	146 1	175 2	286 2	289 2	294 2	305 2	0 0	0 0	
28 1	43 1	100 1	142 1	147 1	176 2	287 2	290 2	295 2	306 2	0 0	0 0	
29 1	44 1	101 1	143 1	148 1	177 2	288 2	291 2	296 2	307 2	0 0	0 0	
30 1	45 1	102 1	144 1	149 1	178 2	289 2	292 2	297 2	308 2	0 0	0 0	
31 1	46 1	103 1	145 1	150 1	179 2	290 2	293 2	298 2	309 2	0 0	0 0	
32 1	47 1	104 1	146 1	151 1	180 2	291 2	294 2	299 2	310 2	0 0	0 0	
33 1	48 1	105 1	147 1	152 1	181 2	292 2	295 2	300 2	311 2	0 0	0 0	
1 1	15 1	126 1	129 1	134 1	145 1	191 1	229 1	234 1	276 1	333 1	348 1	
2 1	16 1	127 1	130 1	135 1	146 1	192 1	230 1	235 1	277 1	334 1	349 1	
3 1	17 1	128 1	131 1	136 1	147 1	193 1	231 1	236 1	278 1	335 1	350 1	
4 1	18 1	129 1	132 1	137 1	148 1	194 1	232 1	237 1	279 1	336 1	351 1	
5 1	19 1	130 1	133 1	138 1	149 1	195 1	233 1	238 1	280 1	337 1	352 1	
6 1	20 1	131 1	134 1	139 1	150 1	196 1	234 1	239 1	281 1	338 1	353 1	
7 1	21 1	132 1	135 1	140 1	151 1	197 1	235 1	240 1	282 1	339 1	354 1	
8 1	22 1	133 1	136 1	141 1	152 1	198 1	236 1	241 1	283 1	340 1	355 1	
9 1	23 1	134 1	137 1	142 1	153 1	199 1	237 1	242 1	284 1	341 1	356 1	
10 1	24 1	135 1	138 1	143 1	154 1	200 1	238 1	243 1	285 1	342 1	357 1	
11 1	25 1	136 1	139 1	144 1	155 1	201 1	239 1	244 1	286 1	343 1	358 1	
12 1	26 1	137 1	140 1	145 1	156 1	202 1	240 1	245 1	287 1	344 1	359 1	
13 1	27 1	138 1	141 1	146 1	157 1	203 1	241 1	246 1	288 1	345 1	360 1	
14 1	28 1	139 1	142 1	147 1	158 1	204 1	242 1	247 1	289 1	346 1	361 1	
15 1	29 1	140 1	143 1	148 1	159 1	205 1	243 1	248 1	290 1	347 1	362 1	
16 1	30 1	141 1	144 1	149 1	160 1	206 1	244 1	249 1	291 1	348 1	363 1	
17 1	31 1	142 1	145 1	150 1	161 1	207 1	245 1	250 1	292 1	349 1	364 1	
18 1	32 1	143 1	146 1	151 1	162 1	208 1	246 1	251 1	293 1	350 1	365 1	
19 1	33 1	144 1	147 1	152 1	163 1	209 1	247 1	252 1	294 1	351 1	366 1	
20 1	34 1	145 1	148 1	153 1	164 1	210 1	248 1	253 1	295 1	352 1	367 1	
21 1	35 1	146 1	149 1	154 1	165 1	211 1	249 1	254 1	296 1	353 1	368 1	
22 1	36 1	147 1	150 1	155 1	166 1	212 1	250 1	255 1	297 1	354 1	369 1	
23 1	37 1	148 1	151 1	156 1	167 1	213 1	251 1	256 1	298 1	355 1	370 1	
24 1	38 1	149 1	152 1	157 1	168 1	214 1	252 1	257 1	299 1	356 1	371 1	
25 1	39 1	150 1	153 1	158 1	169 1	215 1	253 1	258 1	300 1	357 1	372 1	
26 1	40 1	151 1	154 1	159 1	170 1	216 1	254 1	259 1	301 1	358 1	373 1	
27 1	41 1	152 1	155 1	160 1	171 1	217 1	255 1	260 1	302 1	359 1	374 1	
28 1	42 1	153 1	156 1	161 1	172 1	218 1	256 1	261 1	303 1	360 1	375 1	
29 1	43 1	154 1	157 1	162 1	173 1	219 1	257 1	262 1	304 1	361 1	376 1	
30 1	44 1	155 1	158 1	163 1	174 1	220 1	258 1	263 1	305 1	362 1	377 1	
31 1	45 1	156 1	159 1	164 1	175 1	221 1	259 1	264 1	306 1	363 1	378 1	
32 1	46 1	157 1	160 1	165 1	176 1	222 1	260 1	265 1	307 1	364 1	379 1	
33 1	47 1	158 1	161 1	166 1	177 1	223 1	261 1	266 1	308 1	365 1	380 1	
34 1	48 1	159 1	162 1	167 1	178 1	191 1	224 1	262 1	267 1	309 1	366 1	
35 1	49 1	160 1	163 1	168 1	179 1	192 1	225 1	263 1	268 1	310 1	367 1	
36 1	50 1	161 1	164 1	169 1	180 1	193 1	226 1	264 1	269 1	311 1	368 1	
37 1	51 1	162 1	165 1	170 1	181 1	194 1	227 1	265 1	270 1	312 1	369 1	
38 1	52 1	163 1	166 1	171 1	182 1	195 1	228 1	266 1	271 1	313 1	370 1	
39 1	53 1	164 1	167 1	172 1	183 1	196 1	229 1	267 1	272 1	314 1	371 1	
40 1	54 1	165 1	168 1	173 1	184 1	197 1	230 1	268 1	273 1	315 1	372 1	
41 1	55 1	166 1	169 1	174 1	185 1	198 1	231 1	269 1	274 1	316 1	373 1	
42 1	56 1	167 1	170 1	175 1	186 1	199 1	232 1	270 1	275 1	317 1	374 1	
43 1	57 1	168 1	171 1	176 1	187 1	200 1	233 1	271 1	276 1	318 1	375 1	
44 1	58 1	169 1	172 1	177 1	188 1	201 1	234 1	272 1	277 1	319 1	376 1	
45 1	59 1	170 1	173 1	178 1	189 1	202 1	235 1	273 1	278 1	320 1	377 1	
46 1	60 1	171 1	174 1	179 1	190 1	203 1	236 1	274 1	279 1	321 1	378 1	
1 1	47 1	61 1	172 1	175 1	180 1	204 1	237 1	275 1	280 1	322 1	379 1	
2 1	48 1	62 1	173 1	176 1	181 1	205 1	238 1	276 1	281 1	323 1	380 1	
3 1	49 1	63 1	174 1	177 1	182 1	191 1	206 1	239 1	277 1	282 1	324 1	
4 1	50 1	64 1	175 1	178 1	183 1	192 1	207 1	240 1	278 1	283 1	325 1	
5 1	51 1	65 1	176 1	179 1	184 1	193 1	208 1	241 1	279 1	284 1	326 1	
6 1	52 1	66 1	177 1	180 1	185 1	194 1	209 1	242 1	280 1	285 1	327 1	
7 1	53 1	67 1	178 1	181 1	186 1	195 1	210 1	243 1	281 1	286 1	328 1	
8 1	54 1	68 1	179 1	182 1	187 1	196 1	211 1	244 1	282 1	287 1	329 1	
9 1	55 1	69 1	180 1	183 1	188 1	197 1	212 1	245 1	283 1	288 1	330 1	
10 1	56 1	70 1	181 1	184 1	189 1	198 1	213 1	246 1	284 1	289 1	331 1	
11 1	57 1	71 1	182 1	185 1	190 1	199 1	214 1	247 1	285 1	290 1	332 1	
1 1	12 1	58 1	72 1	183 1	186 1	200 1	215 1	248 1	286 1	291 1	333 1	
2 1	13 1	59 1	73 1	184 1	187 1	201 1	216 1	249 1	287 1	292 1	334 1	
3 1	14 1	60 1	74 1	185 1	188 1	202 1	217 1	250 1	288 1	293 1	335 1	
4 1	15 1	61 1	75 1	186 1	189 1	203 1	218 1	251 1	289 1	294 1	336 1	
5 1	16 1	62 1	76 1	187 1	190 1	204 1	219 1	252 1	290 1	295 1	337 1	
1 1	6 1	17 1	63 1	77 1	188 1	205 1	220 1	253 1	291 1	296 1	338 1	
2 1	7 1	18 1	64 1	78 1	189 1	206 1	221 1	254 1	292 1	297 1	339 1	
3 1	8 1	19 1	65 1	79 1	190 1	207 1	222 1	255 1	293 1	298 1	340 1	
1 1	4 1	9 1	20 1	66 1	80 1	208 1	223 1	256 1	294 1	299 1	341 1	
2 1	5 1	10 1	21 1	67 1	81 1	209 1	224 1	257 1	295 1	300 1	342 1	
3 1	6 1	11 1	22 1	68 1	82 1	210 1	225 1	258 1	296 1	301 1	343 1	
4 1	7 1	12 1	23 1	69 1	83 1	211 1	226 1	259 1	297 1	302 1	344 1	
5 1	8 1	13 1	24 1	70 1	84 1	212 1	227 1	260 1	298 1	303 1	345 1	
6 1	9 1	14 1	25 1	71 1	85 1	213 1	228 1	261 1	299 1	304 1	346 1	
7 1	10 1	15 1	26 1	72 1	86 1	214 1	229 1	262 1	300 1	305 1	347 1	
8 1	11 1	16 1	27 1	73 1	87 1	215 1	230 1	263 1	301 1	306 1	348 1	
9 1	12 1	17 1	28 1	74 1	88 1	216 1	231 1	264 1	302 1	307 1	349 1	
10 1	13 1	18 1	29 1	75 1	89 1	217 1	232 1	265 1	303 1	308 1	350 1	
11 1	14 1	19 1	30 1	76 1	90 1	218 1	233 1	266 1	304 1	309 1	351 1	
12 1	15 1	20 1	31 1	77 1	91 1	219 1	234 1	267 1	305 1	310 1	352 1	
13 1	16 1	21 1	32 1	78 1	92 1	220 1	235 1	268 1	306 1	311 1	353 1	
14 1	17 1	22 1	33 1	79 1	93 1	221 1	236 1	269 1	307 1	312 1	354 1	
15 1	18 1	23 1	34 1	80 1	94 1	222 1	237 1	270 1	308 1	313 1	355 1	
16 1	19 1	24 1	35 1	81 1	95 1	223 1	238 1	271 1	309 1	314 1	356 1	
17 1	20 1	25 1	36 1	82 1	96 1	224 1	239 1	272 1	310 1	315 1	357 1	
18 1	21 1	26 1	37 1	83 1	97 1	225 1	240 1	273 1	311 1	316 1	358 1	
19 1	22 1	27 1	38 1	84 1	98 1	226 1	241 1	274 1	312 1	317 1	359 1	
20 1	23 1	28 1	39 1	85 1	99 1	227 1	242 1	275 1	313 1	318 1	360 1	
21 1	24 1	29 1	40 1	86 1	100 1	228 1	243 1	276 1	314 1	319 1	361 1	
22 1	25 1	30 1	41 1	87 1	101 1	229 1	244 1	277 1	315 1	320 1	362 1	
23 1	26 1	31 1	42 1	88 1	102 1	230 1	245 1	278 1	316 1	321 1	363 1	
24 1	27 1	32 1	43 1	89 1	103 1	231 1	246 1	279 1	317 1	322 1	364 1	
25 1	28 1	33 1	44 1	90 1	104 1	232 1	247 1	280 1	318 1	323 1	365 1	
26 1	29 1	34 1	45 1	91 1	105 1	233 1	248 1	281 1	319 1	324 1	366 1	
27 1	30 1	35 1	46 1	92 1	106 1	234 1	249 1	282 1	320 1	325 1	367 1	
28 1	31 1	36 1	47 1	93 1	107 1	235 1	250 1	283 1	321 1	326 1	368 1	
29 1	32 1	37 1	48 1	94 1	108 1	236 1	251 1	284 1	322 1	327 1	369 1	
30 1	33 1	38 1	49 1	95 1	109 1	237 1	252 1	285 1	323 1	328 1	370 1	
31 1	34 1	39 1	50 1	96 1	110 1	238 1	253 1	286 1	324 1	329 1	371 1	
32 1	35 1	40 1	51 1	97 1	111 1	239 1	254 1	287 1	325 1	330 1	372 1	
33 1	36 1	41 1	52 1	98 1	112 1	240 1	255 1	288 1	326 1	331 1	373 1	
34 1	37 1	42 1	53 1	99 1	113 1	241 1	256 1	289 1	327 1	332 1	374 1	
35 1	38 1	43 1	54 1	100 1	114 1	242 1	257 1	290 1	328 1	333 1	375 1	
36 1	39 1	44 1	55 1	101 1	115 1	243 1	258 1	291 1	329 1	334 1	376 1	
37 1	40 1	45 1	56 1	102 1	116 1	244 1	259 1	292 1	330 1	335 1	377 1	
38 1	41 1	46 1	57 1	103 1	117 1	245 1	260 1	293 1	331 1	336 1	378 1	
39 1	42 1	47 1	58 1	104 1	118 1	246 1	261 1	294 1	332 1	337 1	379 1	
40 1	43 1	48 1	59 1	105 1	119 1	247 1	262 1	295 1	333 1	338 1	380 1	
41 1	44 1	49 1	60 1	106 1	120 1	191 1	248 1	263 1	296 1	334 1	339 1	
42 1	45 1	50 1	61 1	107 1	121 1	192 1	249 1	264 1	297 1	335 1	340 1	
43 1	46 1	51 1	62 1	108 1	122 1	193 1	250 1	265 1	298 1	336 1	341 1	
44 1	47 1	52 1	63 1	109 1	123 1	194 1	251 1	266 1	299 1	337 1	342 1	
45 1	48 1	53 1	64 1	110 1	124 1	195 1	252 1	267 1	300 1	338 1	343 1	
46 1	49 1	54 1	65 1	111 1	125 1	196 1	253 1	268 1	301 1	339 1	344 1	
47 1	50 1	55 1	66 1	112 1	126 1	197 1	254 1	269 1	302 1	340 1	345 1	
48 1	51 1	56 1	67 1	113 1	127 1	198 1	255 1	270 1	303 1	341 1	346 1	
49 1	52 1	57 1	68 1	114 1	128 1	199 1	256 1	271 1	304 1	342 1	347 1	
50 1	53 1	58 1	69 1	115 1	129 1	200 1	257 1	272 1	305 1	343 1	348 1	
51 1	54 1	59 1	70 1	116 1	130 1	201 1	258 1	273 1	306 1	344 1	349 1	
52 1	55 1	60 1	71 1	117 1	131 1	202 1	259 1	274 1	307 1	345 1	350 1	
53 1	56 1	61 1	72 1	118 1	132 1	203 1	260 1	275 1	308 1	346 1	351 1	
54 1	57 1	62 1	73 1	119 1	133 1	204 1	261 1	276 1	309 1	347 1	352 1	
55 1	58 1	63 1	74 1	120 1	134 1	205 1	262 1	277 1	310 1	348 1	353 1	
56 1	59 1	64 1	75 1	121 1	135 1	206 1	263 1	278 1	311 1	349 1	354 1	
57 1	60 1	65 1	76 1	122 1	136 1	207 1	264 1	279 1	312 1	350 1	355 1	
58 1	61 1	66 1	77 1	123 1	137 1	208 1	265 1	280 1	313 1	351 1	356 1	
59 1	62 1	67 1	78 1	124 1	138 1	209 1	266 1	281 1	314 1	352 1	357 1	
60 1	63 1	68 1	79 1	125 1	139 1	210 1	267 1	282 1	315 1	353 1	358 1	
61 1	64 1	69 1	80 1	126 1	140 1	211 1	268 1	283 1	316 1	354 1	359 1	
62 1	65 1	70 1	81 1	127 1	141 1	212 1	269 1	284 1	317 1	355 1	360 1	
63 1	66 1	71 1	82 1	128 1	142 1	213 1	270 1	285 1	318 1	356 1	361 1	
64 1	67 1	72 1	83 1	129 1	143 1	214 1	271 1	286 1	319 1	357 1	362 1	
65 1	68 1	73 1	84 1	130 1	144 1	215 1	272 1	287 1	320 1	358 1	363 1	
66 1	69 1	74 1	85 1	131 1	145 1	216 1	273 1	288 1	321 1	359 1	364 1	
67 1	70 1	75 1	86 1	132 1	146 1	217 1	274 1	289 1	322 1	360 1	365 1	
68 1	71 1	76 1	87 1	133 1	147 1	218 1	275 1	290 1	323 1	361 1	366 1	
69 1	72 1	77 1	88 1	134 1	148 1	219 1	276 1	291 1	324 1	362 1	367 1	
70 1	73 1	78 1	89 1	135 1	149 1	220 1	277 1	292 1	325 1	363 1	368 1	
71 1	74 1	79 1	90 1	136 1	150 1	221 1	278 1	293 1	326 1	364 1	369 1	
72 1	75 1	80 1	91 1	137 1	151 1	222 1	279 1	294 1	327 1	365 1	370 1	
73 1	76 1	81 1	92 1	138 1	152 1	223 1	280 1	295 1	328 1	366 1	371 1	
74 1	77 1	82 1	93 1	139 1	153 1	224 1	281 1	296 1	329 1	367 1	372 1	
75 1	78 1	83 1	94 1	140 1	154 1	225 1	282 1	297 1	330 1	368 1	373 1	
76 1	79 1	84 1	95 1	141 1	155 1	226 1	283 1	298 1	331 1	369 1	374 1	
77 1	80 1	85 1	96 1	142 1	156 1	227 1	284 1	299 1	332 1	370 1	375 1	
78 1	81 1	86 1	97 1	143 1	157 1	228 1	285 1	300 1	333 1	371 1	376 1	
79 1	82 1	87 1	98 1	144 1	158 1	229 1	286 1	301 1	334 1	372 1	377 1	
80 1	83 1	88 1	99 1	145 1	159 1	230 1	287 1	302 1	335 1	373 1	378 1	
81 1	84 1	89 1	100 1	146 1	160 1	231 1	288 1	303 1	336 1	374 1	379 1	
82 1	85 1	90 1	101 1	147 1	161 1	232 1	289 1	304 1	337 1	375 1	380 1	
83 1	86 1	91 1	102 1	148 1	162 1	191 1	233 1	290 1	305 1	338 1	376 1	
84 1	87 1	92 1	103 1	149 1	163 1	192 1	234 1	291 1	306 1	339 1	377 1	
85 1	88 1	93 1	104 1	150 1	164 1	193 1	235 1	292 1	307 1	340 1	378 1	
86 1	89 1	94 1	105 1	151 1	165 1	194 1	236 1	293 1	308 1	341 1	379 1	
87 1	90 1	95 1	106 1	152 1	166 1	195 1	237 1	294 1	309 1	342 1	380 1	
88 1	91 1	96 1	107 1	153 1	167 1	191 1	196 1	238 1	295 1	310 1	343 1	
89 1	92 1	97 1	108 1	154 1	168 1	192 1	197 1	239 1	296 1	311 1	344 1	
90 1	93 1	98 1	109 1	155 1	169 1	193 1	198 1	240 1	297 1	312 1	345 1	
91 1	94 1	99 1	110 1	156 1	170 1	194 1	199 1	241 1	298 1	313 1	346 1	
92 1	95 1	100 1	111 1	157 1	171 1	195 1	200 1	242 1	299 1	314 1	347 1	
93 1	96 1	101 1	112 1	158 1	172 1	196 1	201 1	243 1	300 1	315 1	348 1	
94 1	97 1	102 1	113 1	159 1	173 1	197 1	202 1	244 1	301 1	316 1	349 1	
95 1	98 1	103 1	114 1	160 1	174 1	198 1	203 1	245 1	302 1	317 1	350 1	
96 1	99 1	104 1	115 1	161 1	175 1	199 1	204 1	246 1	303 1	318 1	351 1	
97 1	100 1	105 1	116 1	162 1	176 1	200 1	205 1	247 1	304 1	319 1	352 1	
98 1	101 1	106 1	117 1	163 1	177 1	201 1	206 1	248 1	305 1	320 1	353 1	
99 1	102 1	107 1	118 1	164 1	178 1	202 1	207 1	249 1	306 1	321 1	354 1	
100 1	103 1	108 1	119 1	165 1	179 1	203 1	208 1	250 1	307 1	322 1	355 1	
101 1	104 1	109 1	120 1	166 1	180 1	204 1	209 1	251 1	308 1	323 1	356 1	
102 1	105 1	110 1	121 1	167 1	181 1	205 1	210 1	252 1	309 1	324 1	357 1	
1 2	34 2	49 2	106 2	148 2	153 2	191 2	237 2	248 2	253 2	256 2	367 2	
2 2	35 2	50 2	107 2	149 2	154 2	192 2	238 2	249 2	254 2	257 2	368 2	
3 2	36 2	51 2	108 2	150 2	155 2	193 2	239 2	250 2	255 2	258 2	369 2	
4 2	37 2	52 2	109 2	151 2	156 2	194 2	240 2	251 2	256 2	259 2	370 2	
5 2	38 2	53 2	110 2	152 2	157 2	195 2	241 2	252 2	257 2	260 2	371 2	
6 2	39 2	54 2	111 2	153 2	158 2	196 2	242 2	253 2	258 2	261 2	372 2	
7 2	40 2	55 2	112 2	154 2	159 2	197 2	243 2	254 2	259 2	262 2	373 2	
8 2	41 2	56 2	113 2	155 2	160 2	198 2	244 2	255 2	260 2	263 2	374 2	
9 2	42 2	57 2	114 2	156 2	161 2	199 2	245 2	256 2	261 2	264 2	375 2	
10 2	43 2	58 2	115 2	157 2	162 2	200 2	246 2	257 2	262 2	265 2	376 2	
11 2	44 2	59 2	116 2	158 2	163 2	201 2	247 2	258 2	263 2	266 2	377 2	
12 2	45 2	60 2	117 2	159 2	164 2	202 2	248 2	259 2	264 2	267 2	378 2	
13 2	46 2	61 2	118 2	160 2	165 2	203 2	249 2	260 2	265 2	268 2	379 2	
14 2	47 2	62 2	119 2	161 2	166 2	204 2	250 2	261 2	266 2	269 2	380 2	
15 2	48 2	63 2	120 2	162 2	167 2	191 2	205 2	251 2	262 2	267 2	270 2	
16 2	49 2	64 2	121 2	163 2	168 2	192 2	206 2	252 2	263 2	268 2	271 2	
17 2	50 2	65 2	122 2	164 2	169 2	193 2	207 2	253 2	264 2	269 2	272 2	
18 2	51 2	66 2	123 2	165 2	170 2	194 2	208 2	254 2	265 2	270 2	273 2	
19 2	52 2	67 2	124 2	166 2	171 2	195 2	209 2	255 2	266 2	271 2	274 2	
20 2	53 2	68 2	125 2	167 2	172 2	196 2	210 2	256 2	267 2	272 2	275 2	
21 2	54 2	69 2	126 2	168 2	173 2	197 2	211 2	257 2	268 2	273 2	276 2	
22 2	55 2	70 2	127 2	169 2	174 2	198 2	212 2	258 2	269 2	274 2	277 2	
23 2	56 2	71 2	128 2	170 2	175 2	199 2	213 2	259 2	270 2	275 2	278 2	
24 2	57 2	72 2	129 2	171 2	176 2	200 2	214 2	260 2	271 2	276 2	279 2	
25 2	58 2	73 2	130 2	172 2	177 2	201 2	215 2	261 2	272 2	277 2	280 2	
26 2	59 2	74 2	131 2	173 2	178 2	202 2	216 2	262 2	273 2	278 2	281 2	
27 2	60 2	75 2	132 2	174 2	179 2	203 2	217 2	263 2	274 2	279 2	282 2	
28 2	61 2	76 2	133 2	175 2	180 2	204 2	218 2	264 2	275 2	280 2	283 2	
29 2	62 2	77 2	134 2	176 2	181 2	205 2	219 2	265 2	276 2	281 2	284 2	
30 2	63 2	78 2	135 2	177 2	182 2	206 2	220 2	266 2	277 2	282 2	285 2	
31 2	64 2	79 2	136 2	178 2	183 2	207 2	221 2	267 2	278 2	283 2	286 2	
32 2	65 2	80 2	137 2	179 2	184 2	208 2	222 2	268 2	279 2	284 2	287 2	
33 2	66 2	81 2	138 2	180 2	185 2	209 2	223 2	269 2	280 2	285 2	288 2	
34 2	67 2	82 2	139 2	181 2	186 2	210 2	224 2	270 2	281 2	286 2	289 2	
35 2	68 2	83 2	140 2	182 2	187 2	211 2	225 2	271 2	282 2	287 2	290 2	
36 2	69 2	84 2	141 2	183 2	188 2	212 2	226 2	272 2	283 2	288 2	291 2	
37 2	70 2	85 2	142 2	184 2	189 2	213 2	227 2	273 2	284 2	289 2	292 2	
38 2	71 2	86 2	143 2	185 2	190 2	214 2	228 2	274 2	285 2	290 2	293 2	
1 2	39 2	72 2	87 2	144 2	186 2	215 2	229 2	275 2	286 2	291 2	294 2	
2 2	40 2	73 2	88 2	145 2	187 2	216 2	230 2	276 2	287 2	292 2	295 2	
3 2	41 2	74 2	89 2	146 2	188 2	217 2	231 2	277 2	288 2	293 2	296 2	
4 2	42 2	75 2	90 2	147 2	189 2	218 2	232 2	278 2	289 2	294 2	297 2	
5 2	43 2	76 2	91 2	148 2	190 2	219 2	233 2	279 2	290 2	295 2	298 2	
1 2	6 2	44 2	77 2	92 2	149 2	220 2	234 2	280 2	291 2	296 2	299 2	
2 2	7 2	45 2	78 2	93 2	150 2	221 2	235 2	281 2	292 2	297 2	300 2	
3 2	8 2	46 2	79 2	94 2	151 2	222 2	236 2	282 2	293 2	298 2	301 2	
4 2	9 2	47 2	80 2	95 2	152 2	223 2	237 2	283 2	294 2	299 2	302 2	
5 2	10 2	48 2	81 2	96 2	153 2	224 2	238 2	284 2	295 2	300 2	303 2	
6 2	11 2	49 2	82 2	97 2	154 2	225 2	239 2	285 2	296 2	301 2	304 2	
7 2	12 2	50 2	83 2	98 2	155 2	226 2	240 2	286 2	297 2	302 2	305 2	
8 2	13 2	51 2	84 2	99 2	156 2	227 2	241 2	287 2	298 2	303 2	306 2	
9 2	14 2	52 2	85 2	100 2	157 2	228 2	242 2	288 2	299 2	304 2	307 2	
10 2	15 2	53 2	86 2	101 2	158 2	229 2	243 2	289 2	300 2	305 2	308 2	
11 2	16 2	54 2	87 2	102 2	159 2	230 2	244 2	290 2	301 2	306 2	309 2	
12 2	17 2	55 2	88 2	103 2	160 2	231 2	245 2	291 2	302 2	307 2	310 2	
13 2	18 2	56 2	89 2	104 2	161 2	232 2	246 2	292 2	303 2	308 2	311 2	
14 2	19 2	57 2	90 2	105 2	162 2	233 2	247 2	293 2	304 2	309 2	312 2	
15 2	20 2	58 2	91 2	106 2	163 2	234 2	248 2	294 2	305 2	310 2	313 2	
16 2	21 2	59 2	92 2	107 2	164 2	235 2	249 2	295 2	306 2	311 2	314 2	
17 2	22 2	60 2	93 2	108 2	165 2	236 2	250 2	296 2	307 2	312 2	315 2	
18 2	23 2	61 2	94 2	109 2	166 2	237 2	251 2	297 2	308 2	313 2	316 2	
19 2	24 2	62 2	95 2	110 2	167 2	238 2	252 2	298 2	309 2	314 2	317 2	
20 2	25 2	63 2	96 2	111 2	168 2	239 2	253 2	299 2	310 2	315 2	318 2	
21 2	26 2	64 2	97 2	112 2	169 2	240 2	254 2	300 2	311 2	316 2	319 2	
22 2	27 2	65 2	98 2	113 2	170 2	241 2	255 2	301 2	312 2	317 2	320 2	
23 2	28 2	66 2	99 2	114 2	171 2	242 2	256 2	302 2	313 2	318 2	321 2	
24 2	29 2	67 2	100 2	115 2	172 2	243 2	257 2	303 2	314 2	319 2	322 2	
25 2	30 2	68 2	101 2	116 2	173 2	244 2	258 2	304 2	315 2	320 2	323 2	
26 2	31 2	69 2	102 2	117 2	174 2	245 2	259 2	305 2	316 2	321 2	324 2	
27 2	32 2	70 2	103 2	118 2	175 2	246 2	260 2	306 2	317 2	322 2	325 2	
28 2	33 2	71 2	104 2	119 2	176 2	247 2	261 2	307 2	318 2	323 2	326 2	
29 2	34 2	72 2	105 2	120 2	177 2	248 2	262 2	308 2	319 2	324 2	327 2	
30 2	35 2	73 2	106 2	121 2	178 2	249 2	263 2	309 2	320 2	325 2	328 2	
31 2	36 2	74 2	107 2	122 2	179 2	250 2	264 2	310 2	321 2	326 2	329 2	
32 2	37 2	75 2	108 2	123 2	180 2	251 2	265 2	311 2	322 2	327 2	330 2	
33 2	38 2	76 2	109 2	124 2	181 2	252 2	266 2	312 2	323 2	328 2	331 2	
34 2	39 2	77 2	110 2	125 2	182 2	253 2	267 2	313 2	324 2	329 2	332 2	
35 2	40 2	78 2	111 2	126 2	183 2	254 2	268 2	314 2	325 2	330 2	333 2	
36 2	41 2	79 2	112 2	127 2	184 2	255 2	269 2	315 2	326 2	331 2	334 2	
37 2	42 2	80 2	113 2	128 2	185 2	256 2	270 2	316 2	327 2	332 2	335 2	
38 2	43 2	81 2	114 2	129 2	186 2	257 2	271 2	317 2	328 2	333 2	336 2	
39 2	44 2	82 2	115 2	130 2	187 2	258 2	272 2	318 2	329 2	334 2	337 2	
40 2	45 2	83 2	116 2	131 2	188 2	259 2	273 2	319 2	330 2	335 2	338 2	
41 2	46 2	84 2	117 2	132 2	189 2	260 2	274 2	320 2	331 2	336 2	339 2	
42 2	47 2	85 2	118 2	133 2	190 2	261 2	275 2	321 2	332 2	337 2	340 2	
1 2	43 2	48 2	86 2	119 2	134 2	262 2	276 2	322 2	333 2	338 2	341 2	
2 2	44 2	49 2	87 2	120 2	135 2	263 2	277 2	323 2	334 2	339 2	342 2	
3 2	45 2	50 2	88 2	121 2	136 2	264 2	278 2	324 2	335 2	340 2	343 2	
4 2	46 2	51 2	89 2	122 2	137 2	265 2	279 2	325 2	336 2	341 2	344 2	
5 2	47 2	52 2	90 2	123 2	138 2	266 2	280 2	326 2	337 2	342 2	345 2	
6 2	48 2	53 2	91 2	124 2	139 2	267 2	281 2	327 2	338 2	343 2	346 2	
7 2	49 2	54 2	92 2	125 2	140 2	268 2	282 2	328 2	339 2	344 2	347 2	
8 2	50 2	55 2	93 2	126 2	141 2	269 2	283 2	329 2	340 2	345 2	348 2	
9 2	51 2	56 2	94 2	127 2	142 2	270 2	284 2	330 2	341 2	346 2	349 2	
10 2	52 2	57 2	95 2	128 2	143 2	271 2	285 2	331 2	342 2	347 2	350 2	
11 2	53 2	58 2	96 2	129 2	144 2	272 2	286 2	332 2	343 2	348 2	351 2	
12 2	54 2	59 2	97 2	130 2	145 2	273 2	287 2	333 2	344 2	349 2	352 2	
13 2	55 2	60 2	98 2	131 2	146 2	274 2	288 2	334 2	345 2	350 2	353 2	
14 2	56 2	61 2	99 2	132 2	147 2	275 2	289 2	335 2	346 2	351 2	354 2	
15 2	57 2	62 2	100 2	133 2	148 2	276 2	290 2	336 2	347 2	352 2	355 2	
16 2	58 2	63 2	101 2	134 2	149 2	277 2	291 2	337 2	348 2	353 2	356 2	
17 2	59 2	64 2	102 2	135 2	150 2	278 2	292 2	338 2	349 2	354 2	357 2	
18 2	60 2	65 2	103 2	136 2	151 2	279 2	293 2	339 2	350 2	355 2	358 2	
19 2	61 2	66 2	104 2	137 2	152 2	280 2	294 2	340 2	351 2	356 2	359 2	
20 2	62 2	67 2	105 2	138 2	153 2	281 2	295 2	341 2	352 2	357 2	360 2	
21 2	63 2	68 2	106 2	139 2	154 2	282 2	296 2	342 2	353 2	358 2	361 2	
22 2	64 2	69 2	107 2	140 2	155 2	283 2	297 2	343 2	354 2	359 2	362 2	
23 2	65 2	70 2	108 2	141 2	156 2	284 2	298 2	344 2	355 2	360 2	363 2	
24 2	66 2	71 2	109 2	142 2	157 2	285 2	299 2	345 2	356 2	361 2	364 2	
25 2	67 2	72 2	110 2	143 2	158 2	286 2	300 2	346 2	357 2	362 2	365 2	
26 2	68 2	73 2	111 2	144 2	159 2	287 2	301 2	347 2	358 2	363 2	366 2	
27 2	69 2	74 2	112 2	145 2	160 2	288 2	302 2	348 2	359 2	364 2	367 2	
28 2	70 2	75 2	113 2	146 2	161 2	289 2	303 2	349 2	360 2	365 2	368 2	
29 2	71 2	76 2	114 2	147 2	162 2	290 2	304 2	350 2	361 2	366 2	369 2	
30 2	72 2	77 2	115 2	148 2	163 2	291 2	305 2	351 2	362 2	367 2	370 2	
31 2	73 2	78 2	116 2	149 2	164 2	292 2	306 2	352 2	363 2	368 2	371 2	
32 2	74 2	79 2	117 2	150 2	165 2	293 2	307 2	353 2	364 2	369 2	372 2	
33 2	75 2	80 2	118 2	151 2	166 2	294 2	308 2	354 2	365 2	370 2	373 2	
34 2	76 2	81 2	119 2	152 2	167 2	295 2	309 2	355 2	366 2	371 2	374 2	
35 2	77 2	82 2	120 2	153 2	168 2	296 2	310 2	356 2	367 2	372 2	375 2	
36 2	78 2	83 2	121 2	154 2	169 2	297 2	311 2	357 2	368 2	373 2	376 2	
37 2	79 2	84 2	122 2	155 2	170 2	298 2	312 2	358 2	369 2	374 2	377 2	
38 2	80 2	85 2	123 2	156 2	171 2	299 2	313 2	359 2	370 2	375 2	378 2	
39 2	81 2	86 2	124 2	157 2	172 2	300 2	314 2	360 2	371 2	376 2	379 2	
40 2	82 2	87 2	125 2	158 2	173 2	301 2	315 2	361 2	372 2	377 2	380 2	
41 2	83 2	88 2	126 2	159 2	174 2	191 2	302 2	316 2	362 2	373 2	378 2	
42 2	84 2	89 2	127 2	160 2	175 2	192 2	303 2	317 2	363 2	374 2	379 2	
43 2	85 2	90 2	128 2	161 2	176 2	193 2	304 2	318 2	364 2	375 2	380 2	
44 2	86 2	91 2	129 2	162 2	177 2	191 2	194 2	305 2	319 2	365 2	376 2	
45 2	87 2	92 2	130 2	163 2	178 2	192 2	195 2	306 2	320 2	366 2	377 2	
46 2	88 2	93 2	131 2	164 2	179 2	193 2	196 2	307 2	321 2	367 2	378 2	
47 2	89 2	94 2	132 2	165 2	180 2	194 2	197 2	308 2	322 2	368 2	379 2	
48 2	90 2	95 2	133 2	166 2	181 2	195 2	198 2	309 2	323 2	369 2	380 2	
49 2	91 2	96 2	134 2	167 2	182 2	191 2	196 2	199 2	310 2	324 2	370 2	
50 2	92 2	97 2	135 2	168 2	183 2	192 2	197 2	200 2	311 2	325 2	371 2	
51 2	93 2	98 2	136 2	169 2	184 2	193 2	198 2	201 2	312 2	326 2	372 2	
52 2	94 2	99 2	137 2	170 2	185 2	194 2	199 2	202 2	313 2	327 2	373 2	
53 2	95 2	100 2	138 2	171 2	186 2	195 2	200 2	203 2	314 2	328 2	374 2	
54 2	96 2	101 2	139 2	172 2	187 2	196 2	201 2	204 2	315 2	329 2	375 2	
55 2	97 2	102 2	140 2	173 2	188 2	197 2	202 2	205 2	316 2	330 2	376 2	
56 2	98 2	103 2	141 2	174 2	189 2	198 2	203 2	206 2	317 2	331 2	377 2	
57 2	99 2	104 2	142 2	175 2	190 2	199 2	204 2	207 2	318 2	332 2	378 2	
1 2	58 2	100 2	105 2	143 2	176 2	200 2	205 2	208 2	319 2	333 2	379 2	
2 2	59 2	101 2	106 2	144 2	177 2	201 2	206 2	209 2	320 2	334 2	380 2	
3 2	60 2	102 2	107 2	145 2	178 2	191 2	202 2	207 2	210 2	321 2	335 2	
4 2	61 2	103 2	108 2	146 2	179 2	192 2	203 2	208 2	211 2	322 2	336 2	
5 2	62 2	104 2	109 2	147 2	180 2	193 2	204 2	209 2	212 2	323 2	337 2	
6 2	63 2	105 2	110 2	148 2	181 2	194 2	205 2	210 2	213 2	324 2	338 2	
7 2	64 2	106 2	111 2	149 2	182 2	195 2	206 2	211 2	214 2	325 2	339 2	
8 2	65 2	107 2	112 2	150 2	183 2	196 2	207 2	212 2	215 2	326 2	340 2	
9 2	66 2	108 2	113 2	151 2	184 2	197 2	208 2	213 2	216 2	327 2	341 2	
10 2	67 2	109 2	114 2	152 2	185 2	198 2	209 2	214 2	217 2	328 2	342 2	
11 2	68 2	110 2	115 2	153 2	186 2	199 2	210 2	215 2	218 2	329 2	343 2	
12 2	69 2	111 2	116 2	154 2	187 2	200 2	211 2	216 2	219 2	330 2	344 2	
13 2	70 2	112 2	117 2	155 2	188 2	201 2	212 2	217 2	220 2	331 2	345 2	
14 2	71 2	113 2	118 2	156 2	189 2	202 2	213 2	218 2	221 2	332 2	346 2	
15 2	72 2	114 2	119 2	157 2	190 2	203 2	214 2	219 2	222 2	333 2	347 2	
1 2	16 2	73 2	115 2	120 2	158 2	204 2	215 2	220 2	223 2	334 2	348 2	
2 2	17 2	74 2	116 2	121 2	159 2	205 2	216 2	221 2	224 2	335 2	349 2	
3 2	18 2	75 2	117 2	122 2	160 2	206 2	217 2	222 2	225 2	336 2	350 2	
4 2	19 2	76 2	118 2	123 2	161 2	207 2	218 2	223 2	226 2	337 2	351 2	
5 2	20 2	77 2	119 2	124 2	162 2	208 2	219 2	224 2	227 2	338 2	352 2	
6 2	21 2	78 2	120 2	125 2	163 2	209 2	220 2	225 2	228 2	339 2	353 2	
7 2	22 2	79 2	121 2	126 2	164 2	210 2	221 2	226 2	229 2	340 2	354 2	
8 2	23 2	80 2	122 2	127 2	165 2	211 2	222 2	227 2	230 2	341 2	355 2	
9 2	24 2	81 2	123 2	128 2	166 2	212 2	223 2	228 2	231 2	342 2	356 2	
10 2	25 2	82 2	124 2	129 2	167 2	213 2	224 2	229 2	232 2	343 2	357 2	
