512 338
6 8
4 4 4 4 4 4 4 4 4 4 4 4 4 5 5 5 5 5 5 5 5 4 4 5 5 5 5 5 5 5 5 5 5 5 5 5 5 5 5 5 5 5 5 5 5 5 5 5 5 5 5 5 5 5 5 5 5 5 5 5 5 5 5 4 4 4 4 4 4 4 4 4 4 4 4 4 4 4 4 4 4 4 4 4 4 4 6 6 6 6 6 6 6 6 6 6 5 5 5 5 5 5 5 5 5 5 5 5 6 6 6 6 6 6 6 6 6 6 6 6 6 6 6 6 6 6 6 6 6 6 6 6 6 6 6 6 6 6 6 6 6 6 6 5 5 5 5 5 5 5 6 6 6 6 6 6 6 6 6 6 6 6 6 6 6 6 6 6 6 6 6 6 6 6 6 6 6 6 6 6 6 6 5 6 6 6 6 6 6 6 6 6 5 5 5 5 5 5 5 5 5 5 5 5 5 5 5 5 5 5 5 5 5 5 5 5 5 5 5 5 5 5 5 5 5 5 5 5 5 5 6 6 6 6 6 6 6 6 6 6 6 6 6 6 6 6 6 6 6 6 6 6 6 6 6 4 4 4 4 4 4 4 4 4 4 4 4 4 4 4 4 4 4 4 4 4 4 4 5 5 5 5 5 5 5 5 5 5 5 5 5 5 5 5 5 5 5 5 5 5 5 5 5 5 5 5 5 5 5 5 5 5 5 5 5 5 5 5 4 4 5 5 5 5 5 5 5 5 4 4 4 4 4 4 4 4 4 4 4 4 4 4 6 6 6 6 6 6 6 6 6 6 6 6 6 6 6 6 6 6 6 6 6 6 6 6 6 5 5 5 5 5 5 5 5 5 5 5 5 5 5 5 5 5 5 5 5 5 5 5 5 5 5 5 5 5 5 5 5 5 5 5 5 5 5 6 6 6 6 6 6 6 6 6 5 6 6 6 6 6 6 6 6 6 6 6 6 6 6 6 6 6 6 6 6 6 6 6 6 6 6 6 6 6 6 6 6 5 5 5 5 5 5 5 6 6 6 6 6 6 6 6 6 6 6 6 6 6 6 6 6 6 6 6 6 6 6 6 6 6 6 6 6 6 6 6 6 6 6 5 5 5 5 5 5 5 5 5 5 5 5 6 6 6 6 6 6 6 6 6 6 4 
8 8 8 8 8 8 8 8 8 8 8 8 8 8 8 8 8 8 8 8 8 8 8 8 8 8 8 8 8 8 8 8 8 8 8 8 8 8 8 8 8 8 8 8 8 8 8 8 8 8 8 8 8 8 8 8 8 8 8 8 8 8 8 8 8 8 8 8 8 8 8 8 8 8 8 8 8 8 8 8 8 8 8 8 8 8 8 8 8 8 8 8 8 8 8 8 8 8 8 8 8 8 8 8 8 8 8 8 8 8 8 8 8 8 8 8 8 8 8 8 8 8 8 8 8 8 8 8 8 8 8 8 8 8 8 8 8 8 8 8 8 8 8 8 8 8 8 8 8 8 8 8 8 8 8 8 8 8 8 8 8 8 8 8 8 8 8 8 8 8 8 8 8 8 8 8 8 8 8 8 8 8 8 8 8 8 8 8 8 8 8 8 8 8 8 8 8 8 8 8 8 8 8 8 8 8 8 8 8 8 8 8 8 8 8 8 8 8 8 8 8 8 8 8 8 8 8 8 8 8 8 8 8 8 8 8 8 8 8 8 8 8 8 8 8 8 8 8 8 8 8 8 8 8 8 8 8 8 8 8 8 8 8 8 8 8 8 8 8 8 8 8 8 8 8 8 8 8 8 8 8 8 8 8 8 8 8 8 8 8 8 8 8 8 8 8 8 8 8 8 8 8 8 8 8 8 8 8 8 8 8 8 8 8 8 8 8 8 8 8 8 8 8 8 8 8 8 8 8 8 8 8 8 8 8 8 8 8 
107 1	149 1	196 2	243 2	0 0	0 0	
108 1	150 1	197 2	244 2	0 0	0 0	
109 1	151 1	198 2	245 2	0 0	0 0	
110 1	152 1	199 2	246 2	0 0	0 0	
111 1	153 1	200 2	247 2	0 0	0 0	
112 1	154 1	201 2	248 2	0 0	0 0	
113 1	155 1	202 2	249 2	0 0	0 0	
114 1	156 1	203 2	250 2	0 0	0 0	
115 1	157 1	204 2	251 2	0 0	0 0	
116 1	158 1	205 2	252 2	0 0	0 0	
117 1	159 1	206 2	253 2	0 0	0 0	
118 1	160 1	207 2	254 2	0 0	0 0	
119 1	161 1	208 2	255 2	0 0	0 0	
1 1	120 1	162 1	209 2	256 2	0 0	
2 1	121 1	163 1	210 2	257 2	0 0	
3 1	122 1	164 1	211 2	258 2	0 0	
4 1	123 1	165 1	212 2	259 2	0 0	
5 1	124 1	166 1	213 2	260 2	0 0	
6 1	125 1	167 1	214 2	261 2	0 0	
7 1	126 1	168 1	215 2	262 2	0 0	
8 1	127 1	169 1	216 2	263 2	0 0	
9 1	128 1	217 2	264 2	0 0	0 0	
10 1	129 1	218 2	265 2	0 0	0 0	
11 1	130 1	170 2	219 2	266 2	0 0	
12 1	131 1	171 2	220 2	267 2	0 0	
13 1	132 1	172 2	221 2	268 2	0 0	
14 1	133 1	173 2	222 2	269 2	0 0	
15 1	134 1	174 2	223 2	270 2	0 0	
16 1	135 1	175 2	224 2	271 2	0 0	
17 1	136 1	176 2	225 2	272 2	0 0	
18 1	137 1	177 2	226 2	273 2	0 0	
19 1	138 1	178 2	227 2	274 2	0 0	
20 1	139 1	179 2	228 2	275 2	0 0	
21 1	140 1	180 2	229 2	276 2	0 0	
22 1	141 1	181 2	230 2	277 2	0 0	
23 1	142 1	182 2	231 2	278 2	0 0	
24 1	143 1	183 2	232 2	279 2	0 0	
25 1	144 1	184 2	233 2	280 2	0 0	
26 1	145 1	185 2	234 2	281 2	0 0	
27 1	146 1	186 2	235 2	282 2	0 0	
28 1	147 1	187 2	236 2	283 2	0 0	
29 1	148 1	188 2	237 2	284 2	0 0	
30 1	149 1	189 2	238 2	285 2	0 0	
31 1	150 1	190 2	239 2	286 2	0 0	
32 1	151 1	191 2	240 2	287 2	0 0	
33 1	152 1	192 2	241 2	288 2	0 0	
34 1	153 1	193 2	242 2	289 2	0 0	
35 1	154 1	194 2	243 2	290 2	0 0	
36 1	155 1	195 2	244 2	291 2	0 0	
37 1	156 1	196 2	245 2	292 2	0 0	
38 1	157 1	197 2	246 2	293 2	0 0	
39 1	158 1	198 2	247 2	294 2	0 0	
40 1	159 1	199 2	248 2	295 2	0 0	
41 1	160 1	200 2	249 2	296 2	0 0	
42 1	161 1	201 2	250 2	297 2	0 0	
43 1	162 1	202 2	251 2	298 2	0 0	
44 1	163 1	203 2	252 2	299 2	0 0	
45 1	164 1	204 2	253 2	300 2	0 0	
46 1	165 1	205 2	254 2	301 2	0 0	
47 1	166 1	206 2	255 2	302 2	0 0	
48 1	167 1	207 2	256 2	303 2	0 0	
49 1	168 1	208 2	257 2	304 2	0 0	
50 1	169 1	209 2	258 2	305 2	0 0	
51 1	210 2	259 2	306 2	0 0	0 0	
52 1	211 2	260 2	307 2	0 0	0 0	
53 1	212 2	261 2	308 2	0 0	0 0	
54 1	213 2	262 2	309 2	0 0	0 0	
55 1	214 2	263 2	310 2	0 0	0 0	
56 1	215 2	264 2	311 2	0 0	0 0	
57 1	216 2	265 2	312 2	0 0	0 0	
58 1	217 2	266 2	313 2	0 0	0 0	
59 1	218 2	267 2	314 2	0 0	0 0	
60 1	219 2	268 2	315 2	0 0	0 0	
61 1	220 2	269 2	316 2	0 0	0 0	
62 1	221 2	270 2	317 2	0 0	0 0	
63 1	222 2	271 2	318 2	0 0	0 0	
64 1	223 2	272 2	319 2	0 0	0 0	
65 1	224 2	273 2	320 2	0 0	0 0	
66 1	225 2	274 2	321 2	0 0	0 0	
67 1	226 2	275 2	322 2	0 0	0 0	
68 1	227 2	276 2	323 2	0 0	0 0	
69 1	228 2	277 2	324 2	0 0	0 0	
70 1	229 2	278 2	325 2	0 0	0 0	
71 1	230 2	279 2	326 2	0 0	0 0	
72 1	231 2	280 2	327 2	0 0	0 0	
73 1	232 2	281 2	328 2	0 0	0 0	
1 1	74 1	170 2	233 2	282 2	329 2	
2 1	75 1	171 2	234 2	283 2	330 2	
3 1	76 1	172 2	235 2	284 2	331 2	
4 1	77 1	173 2	236 2	285 2	332 2	
5 1	78 1	174 2	237 2	286 2	333 2	
6 1	79 1	175 2	238 2	287 2	334 2	
7 1	80 1	176 2	239 2	288 2	335 2	
8 1	81 1	177 2	240 2	289 2	336 2	
9 1	82 1	178 2	241 2	290 2	337 2	
10 1	83 1	179 2	242 2	291 2	338 2	
11 1	84 1	180 2	243 2	292 2	0 0	
12 1	85 1	181 2	244 2	293 2	0 0	
13 1	86 1	182 2	245 2	294 2	0 0	
14 1	87 1	183 2	246 2	295 2	0 0	
15 1	88 1	184 2	247 2	296 2	0 0	
16 1	89 1	185 2	248 2	297 2	0 0	
17 1	90 1	186 2	249 2	298 2	0 0	
18 1	91 1	187 2	250 2	299 2	0 0	
19 1	92 1	188 2	251 2	300 2	0 0	
20 1	93 1	189 2	252 2	301 2	0 0	
21 1	94 1	190 2	253 2	302 2	0 0	
22 1	95 1	191 2	254 2	303 2	0 0	
1 1	23 1	96 1	192 2	255 2	304 2	
2 1	24 1	97 1	193 2	256 2	305 2	
3 1	25 1	98 1	194 2	257 2	306 2	
4 1	26 1	99 1	195 2	258 2	307 2	
5 1	27 1	100 1	196 2	259 2	308 2	
6 1	28 1	101 1	197 2	260 2	309 2	
7 1	29 1	102 1	198 2	261 2	310 2	
8 1	30 1	103 1	199 2	262 2	311 2	
9 1	31 1	104 1	200 2	263 2	312 2	
10 1	32 1	105 1	201 2	264 2	313 2	
11 1	33 1	106 1	202 2	265 2	314 2	
12 1	34 1	107 1	203 2	266 2	315 2	
13 1	35 1	108 1	204 2	267 2	316 2	
14 1	36 1	109 1	205 2	268 2	317 2	
15 1	37 1	110 1	206 2	269 2	318 2	
16 1	38 1	111 1	207 2	270 2	319 2	
17 1	39 1	112 1	208 2	271 2	320 2	
18 1	40 1	113 1	209 2	272 2	321 2	
19 1	41 1	114 1	210 2	273 2	322 2	
20 1	42 1	115 1	211 2	274 2	323 2	
21 1	43 1	116 1	212 2	275 2	324 2	
22 1	44 1	117 1	213 2	276 2	325 2	
23 1	45 1	118 1	214 2	277 2	326 2	
24 1	46 1	119 1	215 2	278 2	327 2	
25 1	47 1	120 1	216 2	279 2	328 2	
26 1	48 1	121 1	217 2	280 2	329 2	
27 1	49 1	122 1	218 2	281 2	330 2	
28 1	50 1	123 1	219 2	282 2	331 2	
29 1	51 1	124 1	220 2	283 2	332 2	
30 1	52 1	125 1	221 2	284 2	333 2	
31 1	53 1	126 1	222 2	285 2	334 2	
32 1	54 1	127 1	223 2	286 2	335 2	
33 1	55 1	128 1	224 2	287 2	336 2	
34 1	56 1	129 1	225 2	288 2	337 2	
35 1	57 1	130 1	226 2	289 2	338 2	
36 1	58 1	131 1	227 2	290 2	0 0	
37 1	59 1	132 1	228 2	291 2	0 0	
38 1	60 1	133 1	229 2	292 2	0 0	
39 1	61 1	134 1	230 2	293 2	0 0	
40 1	62 1	135 1	231 2	294 2	0 0	
41 1	63 1	136 1	232 2	295 2	0 0	
42 1	64 1	137 1	233 2	296 2	0 0	
1 1	43 1	65 1	138 1	234 2	297 2	
2 1	44 1	66 1	139 1	235 2	298 2	
3 1	45 1	67 1	140 1	236 2	299 2	
4 1	46 1	68 1	141 1	237 2	300 2	
5 1	47 1	69 1	142 1	238 2	301 2	
6 1	48 1	70 1	143 1	239 2	302 2	
7 1	49 1	71 1	144 1	240 2	303 2	
8 1	50 1	72 1	145 1	241 2	304 2	
9 1	51 1	73 1	146 1	242 2	305 2	
10 1	52 1	74 1	147 1	243 2	306 2	
11 1	53 1	75 1	148 1	244 2	307 2	
12 1	54 1	76 1	149 1	245 2	308 2	
13 1	55 1	77 1	150 1	246 2	309 2	
14 1	56 1	78 1	151 1	247 2	310 2	
15 1	57 1	79 1	152 1	248 2	311 2	
16 1	58 1	80 1	153 1	249 2	312 2	
17 1	59 1	81 1	154 1	250 2	313 2	
18 1	60 1	82 1	155 1	251 2	314 2	
19 1	61 1	83 1	156 1	252 2	315 2	
20 1	62 1	84 1	157 1	253 2	316 2	
21 1	63 1	85 1	158 1	254 2	317 2	
22 1	64 1	86 1	159 1	255 2	318 2	
23 1	65 1	87 1	160 1	256 2	319 2	
24 1	66 1	88 1	161 1	257 2	320 2	
25 1	67 1	89 1	162 1	258 2	321 2	
26 1	68 1	90 1	163 1	259 2	322 2	
27 1	69 1	91 1	164 1	260 2	323 2	
28 1	70 1	92 1	165 1	261 2	324 2	
29 1	71 1	93 1	166 1	262 2	325 2	
30 1	72 1	94 1	167 1	263 2	326 2	
31 1	73 1	95 1	168 1	264 2	327 2	
32 1	74 1	96 1	169 1	265 2	328 2	
33 1	75 1	97 1	266 2	329 2	0 0	
34 1	76 1	98 1	170 2	267 2	330 2	
35 1	77 1	99 1	171 2	268 2	331 2	
36 1	78 1	100 1	172 2	269 2	332 2	
37 1	79 1	101 1	173 2	270 2	333 2	
38 1	80 1	102 1	174 2	271 2	334 2	
39 1	81 1	103 1	175 2	272 2	335 2	
40 1	82 1	104 1	176 2	273 2	336 2	
41 1	83 1	105 1	177 2	274 2	337 2	
42 1	84 1	106 1	178 2	275 2	338 2	
43 1	85 1	107 1	179 2	276 2	0 0	
44 1	86 1	108 1	180 2	277 2	0 0	
45 1	87 1	109 1	181 2	278 2	0 0	
46 1	88 1	110 1	182 2	279 2	0 0	
47 1	89 1	111 1	183 2	280 2	0 0	
48 1	90 1	112 1	184 2	281 2	0 0	
49 1	91 1	113 1	185 2	282 2	0 0	
50 1	92 1	114 1	186 2	283 2	0 0	
51 1	93 1	115 1	187 2	284 2	0 0	
52 1	94 1	116 1	188 2	285 2	0 0	
53 1	95 1	117 1	189 2	286 2	0 0	
54 1	96 1	118 1	190 2	287 2	0 0	
55 1	97 1	119 1	191 2	288 2	0 0	
56 1	98 1	120 1	192 2	289 2	0 0	
57 1	99 1	121 1	193 2	290 2	0 0	
58 1	100 1	122 1	194 2	291 2	0 0	
59 1	101 1	123 1	195 2	292 2	0 0	
60 1	102 1	124 1	196 2	293 2	0 0	
61 1	103 1	125 1	197 2	294 2	0 0	
62 1	104 1	126 1	198 2	295 2	0 0	
63 1	105 1	127 1	199 2	296 2	0 0	
64 1	106 1	128 1	200 2	297 2	0 0	
65 1	107 1	129 1	201 2	298 2	0 0	
66 1	108 1	130 1	202 2	299 2	0 0	
67 1	109 1	131 1	203 2	300 2	0 0	
68 1	110 1	132 1	204 2	301 2	0 0	
69 1	111 1	133 1	205 2	302 2	0 0	
70 1	112 1	134 1	206 2	303 2	0 0	
71 1	113 1	135 1	207 2	304 2	0 0	
72 1	114 1	136 1	208 2	305 2	0 0	
73 1	115 1	137 1	209 2	306 2	0 0	
74 1	116 1	138 1	210 2	307 2	0 0	
75 1	117 1	139 1	211 2	308 2	0 0	
76 1	118 1	140 1	212 2	309 2	0 0	
77 1	119 1	141 1	213 2	310 2	0 0	
78 1	120 1	142 1	214 2	311 2	0 0	
79 1	121 1	143 1	215 2	312 2	0 0	
80 1	122 1	144 1	216 2	313 2	0 0	
81 1	123 1	145 1	170 2	217 2	314 2	
82 1	124 1	146 1	171 2	218 2	315 2	
83 1	125 1	147 1	172 2	219 2	316 2	
84 1	126 1	148 1	173 2	220 2	317 2	
85 1	127 1	149 1	174 2	221 2	318 2	
86 1	128 1	150 1	175 2	222 2	319 2	
87 1	129 1	151 1	176 2	223 2	320 2	
88 1	130 1	152 1	177 2	224 2	321 2	
89 1	131 1	153 1	178 2	225 2	322 2	
90 1	132 1	154 1	179 2	226 2	323 2	
91 1	133 1	155 1	180 2	227 2	324 2	
92 1	134 1	156 1	181 2	228 2	325 2	
93 1	135 1	157 1	182 2	229 2	326 2	
94 1	136 1	158 1	183 2	230 2	327 2	
95 1	137 1	159 1	184 2	231 2	328 2	
96 1	138 1	160 1	185 2	232 2	329 2	
97 1	139 1	161 1	186 2	233 2	330 2	
98 1	140 1	162 1	187 2	234 2	331 2	
99 1	141 1	163 1	188 2	235 2	332 2	
100 1	142 1	164 1	189 2	236 2	333 2	
101 1	143 1	165 1	190 2	237 2	334 2	
102 1	144 1	166 1	191 2	238 2	335 2	
103 1	145 1	167 1	192 2	239 2	336 2	
104 1	146 1	168 1	193 2	240 2	337 2	
105 1	147 1	169 1	194 2	241 2	338 2	
106 1	148 1	195 2	242 2	0 0	0 0	
12 1	59 1	108 1	267 2	0 0	0 0	
13 1	60 1	109 1	268 2	0 0	0 0	
14 1	61 1	110 1	269 2	0 0	0 0	
15 1	62 1	111 1	270 2	0 0	0 0	
16 1	63 1	112 1	271 2	0 0	0 0	
17 1	64 1	113 1	272 2	0 0	0 0	
18 1	65 1	114 1	273 2	0 0	0 0	
19 1	66 1	115 1	274 2	0 0	0 0	
20 1	67 1	116 1	275 2	0 0	0 0	
21 1	68 1	117 1	276 2	0 0	0 0	
22 1	69 1	118 1	277 2	0 0	0 0	
23 1	70 1	119 1	278 2	0 0	0 0	
24 1	71 1	120 1	279 2	0 0	0 0	
25 1	72 1	121 1	280 2	0 0	0 0	
26 1	73 1	122 1	281 2	0 0	0 0	
27 1	74 1	123 1	282 2	0 0	0 0	
28 1	75 1	124 1	283 2	0 0	0 0	
29 1	76 1	125 1	284 2	0 0	0 0	
30 1	77 1	126 1	285 2	0 0	0 0	
31 1	78 1	127 1	286 2	0 0	0 0	
32 1	79 1	128 1	287 2	0 0	0 0	
33 1	80 1	129 1	288 2	0 0	0 0	
34 1	81 1	130 1	170 2	289 2	0 0	
35 1	82 1	131 1	171 2	290 2	0 0	
36 1	83 1	132 1	172 2	291 2	0 0	
37 1	84 1	133 1	173 2	292 2	0 0	
38 1	85 1	134 1	174 2	293 2	0 0	
39 1	86 1	135 1	175 2	294 2	0 0	
40 1	87 1	136 1	176 2	295 2	0 0	
41 1	88 1	137 1	177 2	296 2	0 0	
42 1	89 1	138 1	178 2	297 2	0 0	
43 1	90 1	139 1	179 2	298 2	0 0	
44 1	91 1	140 1	180 2	299 2	0 0	
45 1	92 1	141 1	181 2	300 2	0 0	
46 1	93 1	142 1	182 2	301 2	0 0	
47 1	94 1	143 1	183 2	302 2	0 0	
48 1	95 1	144 1	184 2	303 2	0 0	
49 1	96 1	145 1	185 2	304 2	0 0	
50 1	97 1	146 1	186 2	305 2	0 0	
51 1	98 1	147 1	187 2	306 2	0 0	
52 1	99 1	148 1	188 2	307 2	0 0	
53 1	100 1	149 1	189 2	308 2	0 0	
54 1	101 1	150 1	190 2	309 2	0 0	
55 1	102 1	151 1	191 2	310 2	0 0	
56 1	103 1	152 1	192 2	311 2	0 0	
57 1	104 1	153 1	193 2	312 2	0 0	
58 1	105 1	154 1	194 2	313 2	0 0	
59 1	106 1	155 1	195 2	314 2	0 0	
60 1	107 1	156 1	196 2	315 2	0 0	
61 1	108 1	157 1	197 2	316 2	0 0	
62 1	109 1	158 1	198 2	317 2	0 0	
63 1	110 1	159 1	199 2	318 2	0 0	
64 1	111 1	160 1	200 2	319 2	0 0	
65 1	112 1	161 1	201 2	320 2	0 0	
66 1	113 1	162 1	202 2	321 2	0 0	
67 1	114 1	163 1	203 2	322 2	0 0	
68 1	115 1	164 1	204 2	323 2	0 0	
69 1	116 1	165 1	205 2	324 2	0 0	
70 1	117 1	166 1	206 2	325 2	0 0	
71 1	118 1	167 1	207 2	326 2	0 0	
72 1	119 1	168 1	208 2	327 2	0 0	
73 1	120 1	169 1	209 2	328 2	0 0	
74 1	121 1	210 2	329 2	0 0	0 0	
75 1	122 1	211 2	330 2	0 0	0 0	
76 1	123 1	170 2	212 2	331 2	0 0	
77 1	124 1	171 2	213 2	332 2	0 0	
78 1	125 1	172 2	214 2	333 2	0 0	
79 1	126 1	173 2	215 2	334 2	0 0	
80 1	127 1	174 2	216 2	335 2	0 0	
81 1	128 1	175 2	217 2	336 2	0 0	
82 1	129 1	176 2	218 2	337 2	0 0	
83 1	130 1	177 2	219 2	338 2	0 0	
84 1	131 1	178 2	220 2	0 0	0 0	
85 1	132 1	179 2	221 2	0 0	0 0	
86 1	133 1	180 2	222 2	0 0	0 0	
87 1	134 1	181 2	223 2	0 0	0 0	
88 1	135 1	182 2	224 2	0 0	0 0	
89 1	136 1	183 2	225 2	0 0	0 0	
90 1	137 1	184 2	226 2	0 0	0 0	
91 1	138 1	185 2	227 2	0 0	0 0	
92 1	139 1	186 2	228 2	0 0	0 0	
93 1	140 1	187 2	229 2	0 0	0 0	
94 1	141 1	188 2	230 2	0 0	0 0	
95 1	142 1	189 2	231 2	0 0	0 0	
96 1	143 1	190 2	232 2	0 0	0 0	
97 1	144 1	191 2	233 2	0 0	0 0	
1 1	98 1	145 1	170 2	192 2	234 2	
2 1	99 1	146 1	171 2	193 2	235 2	
3 1	100 1	147 1	172 2	194 2	236 2	
4 1	101 1	148 1	173 2	195 2	237 2	
5 1	102 1	149 1	174 2	196 2	238 2	
6 1	103 1	150 1	175 2	197 2	239 2	
7 1	104 1	151 1	176 2	198 2	240 2	
8 1	105 1	152 1	177 2	199 2	241 2	
9 1	106 1	153 1	178 2	200 2	242 2	
10 1	107 1	154 1	179 2	201 2	243 2	
11 1	108 1	155 1	180 2	202 2	244 2	
12 1	109 1	156 1	181 2	203 2	245 2	
13 1	110 1	157 1	182 2	204 2	246 2	
14 1	111 1	158 1	183 2	205 2	247 2	
15 1	112 1	159 1	184 2	206 2	248 2	
16 1	113 1	160 1	185 2	207 2	249 2	
17 1	114 1	161 1	186 2	208 2	250 2	
18 1	115 1	162 1	187 2	209 2	251 2	
19 1	116 1	163 1	188 2	210 2	252 2	
20 1	117 1	164 1	189 2	211 2	253 2	
21 1	118 1	165 1	190 2	212 2	254 2	
22 1	119 1	166 1	191 2	213 2	255 2	
23 1	120 1	167 1	192 2	214 2	256 2	
24 1	121 1	168 1	193 2	215 2	257 2	
25 1	122 1	169 1	194 2	216 2	258 2	
26 1	123 1	195 2	217 2	259 2	0 0	
27 1	124 1	196 2	218 2	260 2	0 0	
28 1	125 1	197 2	219 2	261 2	0 0	
29 1	126 1	198 2	220 2	262 2	0 0	
30 1	127 1	199 2	221 2	263 2	0 0	
31 1	128 1	200 2	222 2	264 2	0 0	
32 1	129 1	201 2	223 2	265 2	0 0	
33 1	130 1	202 2	224 2	266 2	0 0	
34 1	131 1	203 2	225 2	267 2	0 0	
35 1	132 1	204 2	226 2	268 2	0 0	
36 1	133 1	205 2	227 2	269 2	0 0	
37 1	134 1	206 2	228 2	270 2	0 0	
38 1	135 1	207 2	229 2	271 2	0 0	
39 1	136 1	208 2	230 2	272 2	0 0	
40 1	137 1	209 2	231 2	273 2	0 0	
41 1	138 1	210 2	232 2	274 2	0 0	
42 1	139 1	211 2	233 2	275 2	0 0	
43 1	140 1	212 2	234 2	276 2	0 0	
44 1	141 1	213 2	235 2	277 2	0 0	
45 1	142 1	214 2	236 2	278 2	0 0	
46 1	143 1	215 2	237 2	279 2	0 0	
47 1	144 1	216 2	238 2	280 2	0 0	
48 1	145 1	217 2	239 2	281 2	0 0	
49 1	146 1	218 2	240 2	282 2	0 0	
50 1	147 1	219 2	241 2	283 2	0 0	
51 1	148 1	220 2	242 2	284 2	0 0	
52 1	149 1	221 2	243 2	285 2	0 0	
53 1	150 1	222 2	244 2	286 2	0 0	
54 1	151 1	223 2	245 2	287 2	0 0	
55 1	152 1	224 2	246 2	288 2	0 0	
56 1	153 1	225 2	247 2	289 2	0 0	
57 1	154 1	226 2	248 2	290 2	0 0	
58 1	155 1	227 2	249 2	291 2	0 0	
59 1	156 1	228 2	250 2	292 2	0 0	
60 1	157 1	229 2	251 2	293 2	0 0	
61 1	158 1	230 2	252 2	294 2	0 0	
62 1	159 1	231 2	253 2	295 2	0 0	
63 1	160 1	232 2	254 2	296 2	0 0	
1 1	64 1	161 1	233 2	255 2	297 2	
2 1	65 1	162 1	234 2	256 2	298 2	
3 1	66 1	163 1	235 2	257 2	299 2	
4 1	67 1	164 1	236 2	258 2	300 2	
5 1	68 1	165 1	237 2	259 2	301 2	
6 1	69 1	166 1	238 2	260 2	302 2	
7 1	70 1	167 1	239 2	261 2	303 2	
8 1	71 1	168 1	240 2	262 2	304 2	
9 1	72 1	169 1	241 2	263 2	305 2	
10 1	73 1	242 2	264 2	306 2	0 0	
11 1	74 1	170 2	243 2	265 2	307 2	
12 1	75 1	171 2	244 2	266 2	308 2	
13 1	76 1	172 2	245 2	267 2	309 2	
14 1	77 1	173 2	246 2	268 2	310 2	
15 1	78 1	174 2	247 2	269 2	311 2	
16 1	79 1	175 2	248 2	270 2	312 2	
17 1	80 1	176 2	249 2	271 2	313 2	
18 1	81 1	177 2	250 2	272 2	314 2	
19 1	82 1	178 2	251 2	273 2	315 2	
20 1	83 1	179 2	252 2	274 2	316 2	
21 1	84 1	180 2	253 2	275 2	317 2	
22 1	85 1	181 2	254 2	276 2	318 2	
23 1	86 1	182 2	255 2	277 2	319 2	
24 1	87 1	183 2	256 2	278 2	320 2	
25 1	88 1	184 2	257 2	279 2	321 2	
26 1	89 1	185 2	258 2	280 2	322 2	
27 1	90 1	186 2	259 2	281 2	323 2	
28 1	91 1	187 2	260 2	282 2	324 2	
29 1	92 1	188 2	261 2	283 2	325 2	
30 1	93 1	189 2	262 2	284 2	326 2	
31 1	94 1	190 2	263 2	285 2	327 2	
32 1	95 1	191 2	264 2	286 2	328 2	
33 1	96 1	192 2	265 2	287 2	329 2	
34 1	97 1	193 2	266 2	288 2	330 2	
35 1	98 1	194 2	267 2	289 2	331 2	
36 1	99 1	195 2	268 2	290 2	332 2	
37 1	100 1	196 2	269 2	291 2	333 2	
38 1	101 1	197 2	270 2	292 2	334 2	
39 1	102 1	198 2	271 2	293 2	335 2	
40 1	103 1	199 2	272 2	294 2	336 2	
41 1	104 1	200 2	273 2	295 2	337 2	
42 1	105 1	201 2	274 2	296 2	338 2	
43 1	106 1	202 2	275 2	297 2	0 0	
44 1	107 1	203 2	276 2	298 2	0 0	
45 1	108 1	204 2	277 2	299 2	0 0	
46 1	109 1	205 2	278 2	300 2	0 0	
47 1	110 1	206 2	279 2	301 2	0 0	
48 1	111 1	207 2	280 2	302 2	0 0	
49 1	112 1	208 2	281 2	303 2	0 0	
1 1	50 1	113 1	209 2	282 2	304 2	
2 1	51 1	114 1	210 2	283 2	305 2	
3 1	52 1	115 1	211 2	284 2	306 2	
4 1	53 1	116 1	212 2	285 2	307 2	
5 1	54 1	117 1	213 2	286 2	308 2	
6 1	55 1	118 1	214 2	287 2	309 2	
7 1	56 1	119 1	215 2	288 2	310 2	
8 1	57 1	120 1	216 2	289 2	311 2	
9 1	58 1	121 1	217 2	290 2	312 2	
10 1	59 1	122 1	218 2	291 2	313 2	
11 1	60 1	123 1	219 2	292 2	314 2	
12 1	61 1	124 1	220 2	293 2	315 2	
13 1	62 1	125 1	221 2	294 2	316 2	
14 1	63 1	126 1	222 2	295 2	317 2	
15 1	64 1	127 1	223 2	296 2	318 2	
16 1	65 1	128 1	224 2	297 2	319 2	
17 1	66 1	129 1	225 2	298 2	320 2	
18 1	67 1	130 1	226 2	299 2	321 2	
19 1	68 1	131 1	227 2	300 2	322 2	
20 1	69 1	132 1	228 2	301 2	323 2	
21 1	70 1	133 1	229 2	302 2	324 2	
22 1	71 1	134 1	230 2	303 2	325 2	
23 1	72 1	135 1	231 2	304 2	326 2	
24 1	73 1	136 1	232 2	305 2	327 2	
25 1	74 1	137 1	233 2	306 2	328 2	
26 1	75 1	138 1	234 2	307 2	329 2	
27 1	76 1	139 1	235 2	308 2	330 2	
28 1	77 1	140 1	236 2	309 2	331 2	
29 1	78 1	141 1	237 2	310 2	332 2	
30 1	79 1	142 1	238 2	311 2	333 2	
31 1	80 1	143 1	239 2	312 2	334 2	
32 1	81 1	144 1	240 2	313 2	335 2	
33 1	82 1	145 1	241 2	314 2	336 2	
34 1	83 1	146 1	242 2	315 2	337 2	
35 1	84 1	147 1	243 2	316 2	338 2	
36 1	85 1	148 1	244 2	317 2	0 0	
37 1	86 1	149 1	245 2	318 2	0 0	
38 1	87 1	150 1	246 2	319 2	0 0	
39 1	88 1	151 1	247 2	320 2	0 0	
40 1	89 1	152 1	248 2	321 2	0 0	
41 1	90 1	153 1	249 2	322 2	0 0	
42 1	91 1	154 1	250 2	323 2	0 0	
43 1	92 1	155 1	251 2	324 2	0 0	
44 1	93 1	156 1	252 2	325 2	0 0	
45 1	94 1	157 1	253 2	326 2	0 0	
46 1	95 1	158 1	254 2	327 2	0 0	
47 1	96 1	159 1	255 2	328 2	0 0	
1 1	48 1	97 1	160 1	256 2	329 2	
2 1	49 1	98 1	161 1	257 2	330 2	
3 1	50 1	99 1	162 1	258 2	331 2	
4 1	51 1	100 1	163 1	259 2	332 2	
5 1	52 1	101 1	164 1	260 2	333 2	
6 1	53 1	102 1	165 1	261 2	334 2	
7 1	54 1	103 1	166 1	262 2	335 2	
8 1	55 1	104 1	167 1	263 2	336 2	
9 1	56 1	105 1	168 1	264 2	337 2	
10 1	57 1	106 1	169 1	265 2	338 2	
11 1	58 1	107 1	266 2	0 0	0 0	
14 1	87 1	109 1	151 1	343 1	406 1	455 1	502 1	
15 1	88 1	110 1	152 1	344 1	407 1	456 1	503 1	
16 1	89 1	111 1	153 1	345 1	408 1	457 1	504 1	
17 1	90 1	112 1	154 1	346 1	409 1	458 1	505 1	
18 1	91 1	113 1	155 1	347 1	410 1	459 1	506 1	
19 1	92 1	114 1	156 1	348 1	411 1	460 1	507 1	
20 1	93 1	115 1	157 1	349 1	412 1	461 1	508 1	
21 1	94 1	116 1	158 1	350 1	413 1	462 1	509 1	
22 1	95 1	117 1	159 1	351 1	414 1	463 1	510 1	
23 1	96 1	118 1	160 1	352 1	415 1	464 1	511 1	
24 1	97 1	119 1	161 1	353 1	416 1	465 1	512 1	
25 1	98 1	120 1	162 1	257 1	354 1	417 1	466 1	
26 1	99 1	121 1	163 1	258 1	355 1	418 1	467 1	
27 1	100 1	122 1	164 1	259 1	356 1	419 1	468 1	
28 1	101 1	123 1	165 1	260 1	357 1	420 1	469 1	
29 1	102 1	124 1	166 1	261 1	358 1	421 1	470 1	
30 1	103 1	125 1	167 1	262 1	359 1	422 1	471 1	
31 1	104 1	126 1	168 1	263 1	360 1	423 1	472 1	
32 1	105 1	127 1	169 1	264 1	361 1	424 1	473 1	
33 1	106 1	128 1	170 1	265 1	362 1	425 1	474 1	
34 1	107 1	129 1	171 1	266 1	363 1	426 1	475 1	
35 1	108 1	130 1	172 1	267 1	364 1	427 1	476 1	
36 1	109 1	131 1	173 1	268 1	365 1	428 1	477 1	
37 1	110 1	132 1	174 1	269 1	366 1	429 1	478 1	
38 1	111 1	133 1	175 1	270 1	367 1	430 1	479 1	
39 1	112 1	134 1	176 1	271 1	368 1	431 1	480 1	
40 1	113 1	135 1	177 1	272 1	369 1	432 1	481 1	
41 1	114 1	136 1	178 1	273 1	370 1	433 1	482 1	
42 1	115 1	137 1	179 1	274 1	371 1	434 1	483 1	
43 1	116 1	138 1	180 1	275 1	372 1	435 1	484 1	
44 1	117 1	139 1	181 1	276 1	373 1	436 1	485 1	
45 1	118 1	140 1	182 1	277 1	374 1	437 1	486 1	
46 1	119 1	141 1	183 1	278 1	375 1	438 1	487 1	
47 1	120 1	142 1	184 1	279 1	376 1	439 1	488 1	
48 1	121 1	143 1	185 1	280 1	377 1	440 1	489 1	
49 1	122 1	144 1	186 1	281 1	378 1	441 1	490 1	
50 1	123 1	145 1	187 1	282 1	379 1	442 1	491 1	
51 1	124 1	146 1	188 1	283 1	380 1	443 1	492 1	
52 1	125 1	147 1	189 1	284 1	381 1	444 1	493 1	
53 1	126 1	148 1	190 1	285 1	382 1	445 1	494 1	
54 1	127 1	149 1	191 1	286 1	383 1	446 1	495 1	
55 1	128 1	150 1	192 1	287 1	384 1	447 1	496 1	
56 1	129 1	151 1	193 1	288 1	385 1	448 1	497 1	
57 1	130 1	152 1	194 1	289 1	386 1	449 1	498 1	
58 1	131 1	153 1	195 1	290 1	387 1	450 1	499 1	
59 1	132 1	154 1	196 1	291 1	388 1	451 1	500 1	
60 1	133 1	155 1	197 1	292 1	389 1	452 1	501 1	
61 1	134 1	156 1	198 1	293 1	390 1	453 1	502 1	
62 1	135 1	157 1	199 1	294 1	391 1	454 1	503 1	
63 1	136 1	158 1	200 1	295 1	392 1	455 1	504 1	
64 1	137 1	159 1	201 1	296 1	393 1	456 1	505 1	
65 1	138 1	160 1	202 1	297 1	394 1	457 1	506 1	
66 1	139 1	161 1	203 1	298 1	395 1	458 1	507 1	
67 1	140 1	162 1	204 1	299 1	396 1	459 1	508 1	
68 1	141 1	163 1	205 1	300 1	397 1	460 1	509 1	
69 1	142 1	164 1	206 1	301 1	398 1	461 1	510 1	
70 1	143 1	165 1	207 1	302 1	399 1	462 1	511 1	
71 1	144 1	166 1	208 1	303 1	400 1	463 1	512 1	
72 1	145 1	167 1	209 1	257 1	304 1	401 1	464 1	
73 1	146 1	168 1	210 1	258 1	305 1	402 1	465 1	
74 1	147 1	169 1	211 1	259 1	306 1	403 1	466 1	
75 1	148 1	170 1	212 1	260 1	307 1	404 1	467 1	
76 1	149 1	171 1	213 1	261 1	308 1	405 1	468 1	
77 1	150 1	172 1	214 1	262 1	309 1	406 1	469 1	
78 1	151 1	173 1	215 1	263 1	310 1	407 1	470 1	
79 1	152 1	174 1	216 1	264 1	311 1	408 1	471 1	
80 1	153 1	175 1	217 1	265 1	312 1	409 1	472 1	
81 1	154 1	176 1	218 1	266 1	313 1	410 1	473 1	
82 1	155 1	177 1	219 1	267 1	314 1	411 1	474 1	
83 1	156 1	178 1	220 1	268 1	315 1	412 1	475 1	
84 1	157 1	179 1	221 1	269 1	316 1	413 1	476 1	
85 1	158 1	180 1	222 1	270 1	317 1	414 1	477 1	
86 1	159 1	181 1	223 1	271 1	318 1	415 1	478 1	
87 1	160 1	182 1	224 1	272 1	319 1	416 1	479 1	
88 1	161 1	183 1	225 1	273 1	320 1	417 1	480 1	
89 1	162 1	184 1	226 1	274 1	321 1	418 1	481 1	
90 1	163 1	185 1	227 1	275 1	322 1	419 1	482 1	
91 1	164 1	186 1	228 1	276 1	323 1	420 1	483 1	
92 1	165 1	187 1	229 1	277 1	324 1	421 1	484 1	
93 1	166 1	188 1	230 1	278 1	325 1	422 1	485 1	
94 1	167 1	189 1	231 1	279 1	326 1	423 1	486 1	
95 1	168 1	190 1	232 1	280 1	327 1	424 1	487 1	
96 1	169 1	191 1	233 1	281 1	328 1	425 1	488 1	
97 1	170 1	192 1	234 1	282 1	329 1	426 1	489 1	
98 1	171 1	193 1	235 1	283 1	330 1	427 1	490 1	
99 1	172 1	194 1	236 1	284 1	331 1	428 1	491 1	
100 1	173 1	195 1	237 1	285 1	332 1	429 1	492 1	
101 1	174 1	196 1	238 1	286 1	333 1	430 1	493 1	
102 1	175 1	197 1	239 1	287 1	334 1	431 1	494 1	
103 1	176 1	198 1	240 1	288 1	335 1	432 1	495 1	
104 1	177 1	199 1	241 1	289 1	336 1	433 1	496 1	
105 1	178 1	200 1	242 1	290 1	337 1	434 1	497 1	
106 1	179 1	201 1	243 1	291 1	338 1	435 1	498 1	
107 1	180 1	202 1	244 1	292 1	339 1	436 1	499 1	
108 1	181 1	203 1	245 1	293 1	340 1	437 1	500 1	
109 1	182 1	204 1	246 1	294 1	341 1	438 1	501 1	
110 1	183 1	205 1	247 1	295 1	342 1	439 1	502 1	
111 1	184 1	206 1	248 1	296 1	343 1	440 1	503 1	
112 1	185 1	207 1	249 1	297 1	344 1	441 1	504 1	
113 1	186 1	208 1	250 1	298 1	345 1	442 1	505 1	
114 1	187 1	209 1	251 1	299 1	346 1	443 1	506 1	
115 1	188 1	210 1	252 1	300 1	347 1	444 1	507 1	
116 1	189 1	211 1	253 1	301 1	348 1	445 1	508 1	
117 1	190 1	212 1	254 1	302 1	349 1	446 1	509 1	
118 1	191 1	213 1	255 1	303 1	350 1	447 1	510 1	
119 1	192 1	214 1	256 1	304 1	351 1	448 1	511 1	
1 1	120 1	193 1	215 1	305 1	352 1	449 1	512 1	
2 1	121 1	194 1	216 1	257 1	306 1	353 1	450 1	
3 1	122 1	195 1	217 1	258 1	307 1	354 1	451 1	
4 1	123 1	196 1	218 1	259 1	308 1	355 1	452 1	
5 1	124 1	197 1	219 1	260 1	309 1	356 1	453 1	
6 1	125 1	198 1	220 1	261 1	310 1	357 1	454 1	
7 1	126 1	199 1	221 1	262 1	311 1	358 1	455 1	
8 1	127 1	200 1	222 1	263 1	312 1	359 1	456 1	
9 1	128 1	201 1	223 1	264 1	313 1	360 1	457 1	
10 1	129 1	202 1	224 1	265 1	314 1	361 1	458 1	
11 1	130 1	203 1	225 1	266 1	315 1	362 1	459 1	
12 1	131 1	204 1	226 1	267 1	316 1	363 1	460 1	
13 1	132 1	205 1	227 1	268 1	317 1	364 1	461 1	
14 1	133 1	206 1	228 1	269 1	318 1	365 1	462 1	
15 1	134 1	207 1	229 1	270 1	319 1	366 1	463 1	
16 1	135 1	208 1	230 1	271 1	320 1	367 1	464 1	
17 1	136 1	209 1	231 1	272 1	321 1	368 1	465 1	
18 1	137 1	210 1	232 1	273 1	322 1	369 1	466 1	
19 1	138 1	211 1	233 1	274 1	323 1	370 1	467 1	
20 1	139 1	212 1	234 1	275 1	324 1	371 1	468 1	
21 1	140 1	213 1	235 1	276 1	325 1	372 1	469 1	
22 1	141 1	214 1	236 1	277 1	326 1	373 1	470 1	
23 1	142 1	215 1	237 1	278 1	327 1	374 1	471 1	
24 1	143 1	216 1	238 1	279 1	328 1	375 1	472 1	
25 1	144 1	217 1	239 1	280 1	329 1	376 1	473 1	
26 1	145 1	218 1	240 1	281 1	330 1	377 1	474 1	
27 1	146 1	219 1	241 1	282 1	331 1	378 1	475 1	
28 1	147 1	220 1	242 1	283 1	332 1	379 1	476 1	
29 1	148 1	221 1	243 1	284 1	333 1	380 1	477 1	
30 1	149 1	222 1	244 1	285 1	334 1	381 1	478 1	
31 1	150 1	223 1	245 1	286 1	335 1	382 1	479 1	
32 1	151 1	224 1	246 1	287 1	336 1	383 1	480 1	
33 1	152 1	225 1	247 1	288 1	337 1	384 1	481 1	
34 1	153 1	226 1	248 1	289 1	338 1	385 1	482 1	
35 1	154 1	227 1	249 1	290 1	339 1	386 1	483 1	
36 1	155 1	228 1	250 1	291 1	340 1	387 1	484 1	
37 1	156 1	229 1	251 1	292 1	341 1	388 1	485 1	
38 1	157 1	230 1	252 1	293 1	342 1	389 1	486 1	
39 1	158 1	231 1	253 1	294 1	343 1	390 1	487 1	
40 1	159 1	232 1	254 1	295 1	344 1	391 1	488 1	
41 1	160 1	233 1	255 1	296 1	345 1	392 1	489 1	
42 1	161 1	234 1	256 1	297 1	346 1	393 1	490 1	
1 1	43 1	162 1	235 1	298 1	347 1	394 1	491 1	
2 1	44 1	163 1	236 1	299 1	348 1	395 1	492 1	
3 1	45 1	164 1	237 1	300 1	349 1	396 1	493 1	
4 1	46 1	165 1	238 1	301 1	350 1	397 1	494 1	
5 1	47 1	166 1	239 1	302 1	351 1	398 1	495 1	
6 1	48 1	167 1	240 1	303 1	352 1	399 1	496 1	
7 1	49 1	168 1	241 1	304 1	353 1	400 1	497 1	
8 1	50 1	169 1	242 1	305 1	354 1	401 1	498 1	
9 1	51 1	170 1	243 1	306 1	355 1	402 1	499 1	
10 1	52 1	171 1	244 1	307 1	356 1	403 1	500 1	
11 1	53 1	172 1	245 1	308 1	357 1	404 1	501 1	
12 1	54 1	173 1	246 1	309 1	358 1	405 1	502 1	
13 1	55 1	174 1	247 1	310 1	359 1	406 1	503 1	
14 1	56 1	175 1	248 1	311 1	360 1	407 1	504 1	
15 1	57 1	176 1	249 1	312 1	361 1	408 1	505 1	
16 1	58 1	177 1	250 1	313 1	362 1	409 1	506 1	
17 1	59 1	178 1	251 1	314 1	363 1	410 1	507 1	
18 1	60 1	179 1	252 1	315 1	364 1	411 1	508 1	
19 1	61 1	180 1	253 1	316 1	365 1	412 1	509 1	
20 1	62 1	181 1	254 1	317 1	366 1	413 1	510 1	
21 1	63 1	182 1	255 1	318 1	367 1	414 1	511 1	
24 2	87 2	184 2	231 2	279 2	321 2	343 2	416 2	
25 2	88 2	185 2	232 2	280 2	322 2	344 2	417 2	
26 2	89 2	186 2	233 2	281 2	323 2	345 2	418 2	
27 2	90 2	187 2	234 2	282 2	324 2	346 2	419 2	
28 2	91 2	188 2	235 2	283 2	325 2	347 2	420 2	
29 2	92 2	189 2	236 2	284 2	326 2	348 2	421 2	
30 2	93 2	190 2	237 2	285 2	327 2	349 2	422 2	
31 2	94 2	191 2	238 2	286 2	328 2	350 2	423 2	
32 2	95 2	192 2	239 2	287 2	329 2	351 2	424 2	
33 2	96 2	193 2	240 2	288 2	330 2	352 2	425 2	
34 2	97 2	194 2	241 2	289 2	331 2	353 2	426 2	
35 2	98 2	195 2	242 2	290 2	332 2	354 2	427 2	
36 2	99 2	196 2	243 2	291 2	333 2	355 2	428 2	
37 2	100 2	197 2	244 2	292 2	334 2	356 2	429 2	
38 2	101 2	198 2	245 2	293 2	335 2	357 2	430 2	
39 2	102 2	199 2	246 2	294 2	336 2	358 2	431 2	
40 2	103 2	200 2	247 2	295 2	337 2	359 2	432 2	
41 2	104 2	201 2	248 2	296 2	338 2	360 2	433 2	
42 2	105 2	202 2	249 2	297 2	339 2	361 2	434 2	
43 2	106 2	203 2	250 2	298 2	340 2	362 2	435 2	
44 2	107 2	204 2	251 2	299 2	341 2	363 2	436 2	
45 2	108 2	205 2	252 2	300 2	342 2	364 2	437 2	
46 2	109 2	206 2	253 2	301 2	343 2	365 2	438 2	
47 2	110 2	207 2	254 2	302 2	344 2	366 2	439 2	
48 2	111 2	208 2	255 2	303 2	345 2	367 2	440 2	
49 2	112 2	209 2	256 2	304 2	346 2	368 2	441 2	
1 2	50 2	113 2	210 2	305 2	347 2	369 2	442 2	
2 2	51 2	114 2	211 2	306 2	348 2	370 2	443 2	
3 2	52 2	115 2	212 2	307 2	349 2	371 2	444 2	
4 2	53 2	116 2	213 2	308 2	350 2	372 2	445 2	
5 2	54 2	117 2	214 2	309 2	351 2	373 2	446 2	
6 2	55 2	118 2	215 2	310 2	352 2	374 2	447 2	
7 2	56 2	119 2	216 2	311 2	353 2	375 2	448 2	
8 2	57 2	120 2	217 2	312 2	354 2	376 2	449 2	
9 2	58 2	121 2	218 2	313 2	355 2	377 2	450 2	
10 2	59 2	122 2	219 2	314 2	356 2	378 2	451 2	
11 2	60 2	123 2	220 2	315 2	357 2	379 2	452 2	
12 2	61 2	124 2	221 2	316 2	358 2	380 2	453 2	
13 2	62 2	125 2	222 2	317 2	359 2	381 2	454 2	
14 2	63 2	126 2	223 2	318 2	360 2	382 2	455 2	
15 2	64 2	127 2	224 2	319 2	361 2	383 2	456 2	
16 2	65 2	128 2	225 2	320 2	362 2	384 2	457 2	
17 2	66 2	129 2	226 2	321 2	363 2	385 2	458 2	
18 2	67 2	130 2	227 2	322 2	364 2	386 2	459 2	
19 2	68 2	131 2	228 2	323 2	365 2	387 2	460 2	
20 2	69 2	132 2	229 2	324 2	366 2	388 2	461 2	
21 2	70 2	133 2	230 2	325 2	367 2	389 2	462 2	
22 2	71 2	134 2	231 2	326 2	368 2	390 2	463 2	
23 2	72 2	135 2	232 2	327 2	369 2	391 2	464 2	
24 2	73 2	136 2	233 2	328 2	370 2	392 2	465 2	
25 2	74 2	137 2	234 2	329 2	371 2	393 2	466 2	
26 2	75 2	138 2	235 2	330 2	372 2	394 2	467 2	
27 2	76 2	139 2	236 2	331 2	373 2	395 2	468 2	
28 2	77 2	140 2	237 2	332 2	374 2	396 2	469 2	
29 2	78 2	141 2	238 2	333 2	375 2	397 2	470 2	
30 2	79 2	142 2	239 2	334 2	376 2	398 2	471 2	
31 2	80 2	143 2	240 2	335 2	377 2	399 2	472 2	
32 2	81 2	144 2	241 2	336 2	378 2	400 2	473 2	
33 2	82 2	145 2	242 2	337 2	379 2	401 2	474 2	
34 2	83 2	146 2	243 2	338 2	380 2	402 2	475 2	
35 2	84 2	147 2	244 2	339 2	381 2	403 2	476 2	
36 2	85 2	148 2	245 2	340 2	382 2	404 2	477 2	
37 2	86 2	149 2	246 2	341 2	383 2	405 2	478 2	
38 2	87 2	150 2	247 2	342 2	384 2	406 2	479 2	
39 2	88 2	151 2	248 2	343 2	385 2	407 2	480 2	
40 2	89 2	152 2	249 2	344 2	386 2	408 2	481 2	
41 2	90 2	153 2	250 2	345 2	387 2	409 2	482 2	
42 2	91 2	154 2	251 2	346 2	388 2	410 2	483 2	
43 2	92 2	155 2	252 2	347 2	389 2	411 2	484 2	
44 2	93 2	156 2	253 2	348 2	390 2	412 2	485 2	
45 2	94 2	157 2	254 2	349 2	391 2	413 2	486 2	
46 2	95 2	158 2	255 2	350 2	392 2	414 2	487 2	
47 2	96 2	159 2	256 2	351 2	393 2	415 2	488 2	
1 2	48 2	97 2	160 2	352 2	394 2	416 2	489 2	
2 2	49 2	98 2	161 2	353 2	395 2	417 2	490 2	
3 2	50 2	99 2	162 2	354 2	396 2	418 2	491 2	
4 2	51 2	100 2	163 2	355 2	397 2	419 2	492 2	
5 2	52 2	101 2	164 2	356 2	398 2	420 2	493 2	
6 2	53 2	102 2	165 2	357 2	399 2	421 2	494 2	
7 2	54 2	103 2	166 2	358 2	400 2	422 2	495 2	
8 2	55 2	104 2	167 2	359 2	401 2	423 2	496 2	
9 2	56 2	105 2	168 2	360 2	402 2	424 2	497 2	
10 2	57 2	106 2	169 2	361 2	403 2	425 2	498 2	
11 2	58 2	107 2	170 2	362 2	404 2	426 2	499 2	
12 2	59 2	108 2	171 2	363 2	405 2	427 2	500 2	
13 2	60 2	109 2	172 2	364 2	406 2	428 2	501 2	
14 2	61 2	110 2	173 2	365 2	407 2	429 2	502 2	
15 2	62 2	111 2	174 2	366 2	408 2	430 2	503 2	
16 2	63 2	112 2	175 2	367 2	409 2	431 2	504 2	
17 2	64 2	113 2	176 2	368 2	410 2	432 2	505 2	
18 2	65 2	114 2	177 2	369 2	411 2	433 2	506 2	
19 2	66 2	115 2	178 2	370 2	412 2	434 2	507 2	
20 2	67 2	116 2	179 2	371 2	413 2	435 2	508 2	
21 2	68 2	117 2	180 2	372 2	414 2	436 2	509 2	
22 2	69 2	118 2	181 2	373 2	415 2	437 2	510 2	
23 2	70 2	119 2	182 2	374 2	416 2	438 2	511 2	
24 2	71 2	120 2	183 2	375 2	417 2	439 2	512 2	
25 2	72 2	121 2	184 2	257 2	376 2	418 2	440 2	
26 2	73 2	122 2	185 2	258 2	377 2	419 2	441 2	
27 2	74 2	123 2	186 2	259 2	378 2	420 2	442 2	
28 2	75 2	124 2	187 2	260 2	379 2	421 2	443 2	
29 2	76 2	125 2	188 2	261 2	380 2	422 2	444 2	
30 2	77 2	126 2	189 2	262 2	381 2	423 2	445 2	
31 2	78 2	127 2	190 2	263 2	382 2	424 2	446 2	
32 2	79 2	128 2	191 2	264 2	383 2	425 2	447 2	
33 2	80 2	129 2	192 2	265 2	384 2	426 2	448 2	
34 2	81 2	130 2	193 2	266 2	385 2	427 2	449 2	
35 2	82 2	131 2	194 2	267 2	386 2	428 2	450 2	
36 2	83 2	132 2	195 2	268 2	387 2	429 2	451 2	
37 2	84 2	133 2	196 2	269 2	388 2	430 2	452 2	
38 2	85 2	134 2	197 2	270 2	389 2	431 2	453 2	
39 2	86 2	135 2	198 2	271 2	390 2	432 2	454 2	
40 2	87 2	136 2	199 2	272 2	391 2	433 2	455 2	
41 2	88 2	137 2	200 2	273 2	392 2	434 2	456 2	
42 2	89 2	138 2	201 2	274 2	393 2	435 2	457 2	
43 2	90 2	139 2	202 2	275 2	394 2	436 2	458 2	
44 2	91 2	140 2	203 2	276 2	395 2	437 2	459 2	
45 2	92 2	141 2	204 2	277 2	396 2	438 2	460 2	
46 2	93 2	142 2	205 2	278 2	397 2	439 2	461 2	
47 2	94 2	143 2	206 2	279 2	398 2	440 2	462 2	
48 2	95 2	144 2	207 2	280 2	399 2	441 2	463 2	
49 2	96 2	145 2	208 2	281 2	400 2	442 2	464 2	
50 2	97 2	146 2	209 2	282 2	401 2	443 2	465 2	
51 2	98 2	147 2	210 2	283 2	402 2	444 2	466 2	
52 2	99 2	148 2	211 2	284 2	403 2	445 2	467 2	
53 2	100 2	149 2	212 2	285 2	404 2	446 2	468 2	
54 2	101 2	150 2	213 2	286 2	405 2	447 2	469 2	
55 2	102 2	151 2	214 2	287 2	406 2	448 2	470 2	
56 2	103 2	152 2	215 2	288 2	407 2	449 2	471 2	
57 2	104 2	153 2	216 2	289 2	408 2	450 2	472 2	
58 2	105 2	154 2	217 2	290 2	409 2	451 2	473 2	
59 2	106 2	155 2	218 2	291 2	410 2	452 2	474 2	
60 2	107 2	156 2	219 2	292 2	411 2	453 2	475 2	
61 2	108 2	157 2	220 2	293 2	412 2	454 2	476 2	
62 2	109 2	158 2	221 2	294 2	413 2	455 2	477 2	
63 2	110 2	159 2	222 2	295 2	414 2	456 2	478 2	
64 2	111 2	160 2	223 2	296 2	415 2	457 2	479 2	
65 2	112 2	161 2	224 2	297 2	416 2	458 2	480 2	
66 2	113 2	162 2	225 2	298 2	417 2	459 2	481 2	
67 2	114 2	163 2	226 2	299 2	418 2	460 2	482 2	
68 2	115 2	164 2	227 2	300 2	419 2	461 2	483 2	
69 2	116 2	165 2	228 2	301 2	420 2	462 2	484 2	
70 2	117 2	166 2	229 2	302 2	421 2	463 2	485 2	
71 2	118 2	167 2	230 2	303 2	422 2	464 2	486 2	
72 2	119 2	168 2	231 2	304 2	423 2	465 2	487 2	
73 2	120 2	169 2	232 2	305 2	424 2	466 2	488 2	
74 2	121 2	170 2	233 2	306 2	425 2	467 2	489 2	
75 2	122 2	171 2	234 2	307 2	426 2	468 2	490 2	
76 2	123 2	172 2	235 2	308 2	427 2	469 2	491 2	
77 2	124 2	173 2	236 2	309 2	428 2	470 2	492 2	
78 2	125 2	174 2	237 2	310 2	429 2	471 2	493 2	
79 2	126 2	175 2	238 2	311 2	430 2	472 2	494 2	
80 2	127 2	176 2	239 2	312 2	431 2	473 2	495 2	
81 2	128 2	177 2	240 2	313 2	432 2	474 2	496 2	
82 2	129 2	178 2	241 2	314 2	433 2	475 2	497 2	
83 2	130 2	179 2	242 2	315 2	434 2	476 2	498 2	
84 2	131 2	180 2	243 2	316 2	435 2	477 2	499 2	
85 2	132 2	181 2	244 2	317 2	436 2	478 2	500 2	
86 2	133 2	182 2	245 2	318 2	437 2	479 2	501 2	
87 2	134 2	183 2	246 2	319 2	438 2	480 2	502 2	
88 2	135 2	184 2	247 2	320 2	439 2	481 2	503 2	
89 2	136 2	185 2	248 2	321 2	440 2	482 2	504 2	
90 2	137 2	186 2	249 2	322 2	441 2	483 2	505 2	
91 2	138 2	187 2	250 2	323 2	442 2	484 2	506 2	
92 2	139 2	188 2	251 2	324 2	443 2	485 2	507 2	
93 2	140 2	189 2	252 2	325 2	444 2	486 2	508 2	
94 2	141 2	190 2	253 2	326 2	445 2	487 2	509 2	
95 2	142 2	191 2	254 2	327 2	446 2	488 2	510 2	
96 2	143 2	192 2	255 2	328 2	447 2	489 2	511 2	
