512 338
9 9
7 7 7 7 7 7 7 7 7 7 7 7 7 7 7 7 7 7 7 7 6 6 6 6 6 6 6 6 6 6 6 6 6 6 6 6 6 6 5 5 5 5 5 5 5 5 5 5 5 5 5 5 5 5 5 5 5 5 5 5 5 4 4 4 4 4 4 4 4 4 4 4 4 4 4 4 4 4 4 4 4 4 4 4 4 4 4 6 6 6 6 6 6 6 6 6 6 5 5 5 5 5 5 4 4 4 4 5 5 5 5 5 5 5 5 5 5 5 5 5 5 5 5 5 5 6 6 6 6 6 6 5 5 5 5 5 5 5 5 5 5 5 5 5 5 5 5 5 6 6 6 6 6 6 6 6 6 6 6 6 6 6 6 6 6 6 6 5 5 5 5 5 5 5 5 5 5 5 5 5 5 5 5 5 6 6 6 6 6 6 7 7 7 7 7 7 7 7 7 7 7 7 7 7 7 7 7 7 7 7 7 7 7 7 7 7 7 7 8 8 8 8 8 8 8 8 8 8 8 8 8 8 8 8 8 8 8 8 8 8 8 8 8 8 8 8 8 8 8 8 8 8 8 8 9 9 4 4 4 4 4 4 4 4 4 4 4 4 4 4 4 4 4 4 4 4 4 4 4 4 4 4 5 5 5 5 5 5 5 5 5 5 5 5 5 5 5 5 5 5 5 5 5 5 5 6 6 6 6 6 6 6 6 6 6 6 6 6 6 6 6 6 6 7 7 7 7 7 7 7 7 7 7 7 7 7 7 7 7 7 7 7 7 9 9 8 8 8 8 8 8 8 8 8 8 8 8 8 8 8 8 8 8 8 8 8 8 8 8 8 8 8 8 8 8 8 8 8 8 8 8 7 7 7 7 7 7 7 7 7 7 7 7 7 7 7 7 7 7 7 7 7 7 7 7 7 7 7 7 6 6 6 6 6 6 5 5 5 5 5 5 5 5 5 5 5 5 5 5 5 5 5 6 6 6 6 6 6 6 6 6 6 6 6 6 6 6 6 6 6 6 5 5 5 5 5 5 5 5 5 5 5 5 5 5 5 5 5 6 6 6 6 6 6 5 5 5 5 5 5 5 5 5 5 5 5 5 5 5 5 5 5 4 4 4 4 5 5 5 5 5 5 6 6 6 6 6 6 6 6 6 6 
9 9 9 9 9 9 9 9 9 9 9 9 9 9 9 9 9 9 9 9 9 9 9 9 9 9 9 9 9 9 9 9 9 9 9 9 9 9 9 9 9 9 9 9 9 9 9 9 9 9 9 9 9 9 9 9 9 9 9 9 9 9 9 9 9 9 9 9 9 9 9 9 9 9 9 9 9 9 9 9 9 9 9 9 9 9 9 9 9 9 9 9 9 9 9 9 9 9 9 9 9 9 9 9 9 9 9 9 9 9 9 9 9 9 9 9 9 9 9 9 9 9 9 9 9 9 9 9 9 9 9 9 9 9 9 9 9 9 9 9 9 9 9 9 9 9 9 9 9 9 9 9 9 9 9 9 9 9 9 9 9 9 9 9 9 9 9 9 9 9 9 9 9 9 9 9 9 9 9 9 9 9 9 9 9 9 9 9 9 9 9 9 9 9 9 9 9 9 9 9 9 9 9 9 9 9 9 9 9 9 9 9 9 9 9 9 9 9 9 9 9 9 9 9 9 9 9 9 9 9 9 9 9 9 9 9 9 9 9 9 9 9 9 9 9 9 9 9 9 9 9 9 9 9 9 9 9 9 9 9 9 9 9 9 9 9 9 9 9 9 9 9 9 9 9 9 9 9 9 9 9 9 9 9 9 9 9 9 9 9 9 9 9 9 9 9 9 9 9 9 9 9 9 9 9 9 9 9 9 9 9 9 9 9 9 9 9 9 9 9 9 9 9 9 9 9 9 9 9 9 9 9 9 9 9 9 9 9 
3 1	73 1	132 1	208 2	236 2	278 2	319 2	0 0	0 0	
4 1	74 1	133 1	209 2	237 2	279 2	320 2	0 0	0 0	
5 1	75 1	134 1	210 2	238 2	280 2	321 2	0 0	0 0	
6 1	76 1	135 1	211 2	239 2	281 2	322 2	0 0	0 0	
7 1	77 1	136 1	212 2	240 2	282 2	323 2	0 0	0 0	
8 1	78 1	137 1	213 2	241 2	283 2	324 2	0 0	0 0	
9 1	79 1	138 1	214 2	242 2	284 2	325 2	0 0	0 0	
10 1	80 1	139 1	215 2	243 2	285 2	326 2	0 0	0 0	
11 1	81 1	140 1	216 2	244 2	286 2	327 2	0 0	0 0	
12 1	82 1	141 1	217 2	245 2	287 2	328 2	0 0	0 0	
13 1	83 1	142 1	218 2	246 2	288 2	329 2	0 0	0 0	
14 1	84 1	143 1	219 2	247 2	289 2	330 2	0 0	0 0	
15 1	85 1	144 1	220 2	248 2	290 2	331 2	0 0	0 0	
16 1	86 1	145 1	221 2	249 2	291 2	332 2	0 0	0 0	
17 1	87 1	146 1	222 2	250 2	292 2	333 2	0 0	0 0	
18 1	88 1	147 1	223 2	251 2	293 2	334 2	0 0	0 0	
19 1	89 1	148 1	224 2	252 2	294 2	335 2	0 0	0 0	
20 1	90 1	149 1	225 2	253 2	295 2	336 2	0 0	0 0	
21 1	91 1	150 1	226 2	254 2	296 2	337 2	0 0	0 0	
22 1	92 1	151 1	227 2	255 2	297 2	338 2	0 0	0 0	
23 1	93 1	152 1	228 2	256 2	298 2	0 0	0 0	0 0	
24 1	94 1	153 1	229 2	257 2	299 2	0 0	0 0	0 0	
25 1	95 1	154 1	230 2	258 2	300 2	0 0	0 0	0 0	
26 1	96 1	155 1	231 2	259 2	301 2	0 0	0 0	0 0	
27 1	97 1	156 1	232 2	260 2	302 2	0 0	0 0	0 0	
28 1	98 1	157 1	233 2	261 2	303 2	0 0	0 0	0 0	
29 1	99 1	158 1	234 2	262 2	304 2	0 0	0 0	0 0	
30 1	100 1	159 1	235 2	263 2	305 2	0 0	0 0	0 0	
31 1	101 1	160 1	236 2	264 2	306 2	0 0	0 0	0 0	
32 1	102 1	161 1	237 2	265 2	307 2	0 0	0 0	0 0	
33 1	103 1	162 1	238 2	266 2	308 2	0 0	0 0	0 0	
34 1	104 1	163 1	239 2	267 2	309 2	0 0	0 0	0 0	
35 1	105 1	164 1	240 2	268 2	310 2	0 0	0 0	0 0	
36 1	106 1	165 1	241 2	269 2	311 2	0 0	0 0	0 0	
37 1	107 1	166 1	242 2	270 2	312 2	0 0	0 0	0 0	
38 1	108 1	167 1	243 2	271 2	313 2	0 0	0 0	0 0	
39 1	109 1	168 1	244 2	272 2	314 2	0 0	0 0	0 0	
40 1	110 1	169 1	245 2	273 2	315 2	0 0	0 0	0 0	
41 1	111 1	246 2	274 2	316 2	0 0	0 0	0 0	0 0	
42 1	112 1	247 2	275 2	317 2	0 0	0 0	0 0	0 0	
43 1	113 1	248 2	276 2	318 2	0 0	0 0	0 0	0 0	
44 1	114 1	249 2	277 2	319 2	0 0	0 0	0 0	0 0	
45 1	115 1	250 2	278 2	320 2	0 0	0 0	0 0	0 0	
46 1	116 1	251 2	279 2	321 2	0 0	0 0	0 0	0 0	
47 1	117 1	252 2	280 2	322 2	0 0	0 0	0 0	0 0	
48 1	118 1	253 2	281 2	323 2	0 0	0 0	0 0	0 0	
49 1	119 1	254 2	282 2	324 2	0 0	0 0	0 0	0 0	
50 1	120 1	255 2	283 2	325 2	0 0	0 0	0 0	0 0	
51 1	121 1	256 2	284 2	326 2	0 0	0 0	0 0	0 0	
52 1	122 1	257 2	285 2	327 2	0 0	0 0	0 0	0 0	
53 1	123 1	258 2	286 2	328 2	0 0	0 0	0 0	0 0	
54 1	124 1	259 2	287 2	329 2	0 0	0 0	0 0	0 0	
55 1	125 1	260 2	288 2	330 2	0 0	0 0	0 0	0 0	
56 1	126 1	261 2	289 2	331 2	0 0	0 0	0 0	0 0	
57 1	127 1	262 2	290 2	332 2	0 0	0 0	0 0	0 0	
58 1	128 1	263 2	291 2	333 2	0 0	0 0	0 0	0 0	
59 1	129 1	264 2	292 2	334 2	0 0	0 0	0 0	0 0	
60 1	130 1	265 2	293 2	335 2	0 0	0 0	0 0	0 0	
61 1	131 1	266 2	294 2	336 2	0 0	0 0	0 0	0 0	
62 1	132 1	267 2	295 2	337 2	0 0	0 0	0 0	0 0	
63 1	133 1	268 2	296 2	338 2	0 0	0 0	0 0	0 0	
64 1	134 1	269 2	297 2	0 0	0 0	0 0	0 0	0 0	
65 1	135 1	270 2	298 2	0 0	0 0	0 0	0 0	0 0	
66 1	136 1	271 2	299 2	0 0	0 0	0 0	0 0	0 0	
67 1	137 1	272 2	300 2	0 0	0 0	0 0	0 0	0 0	
68 1	138 1	273 2	301 2	0 0	0 0	0 0	0 0	0 0	
69 1	139 1	274 2	302 2	0 0	0 0	0 0	0 0	0 0	
70 1	140 1	275 2	303 2	0 0	0 0	0 0	0 0	0 0	
71 1	141 1	276 2	304 2	0 0	0 0	0 0	0 0	0 0	
72 1	142 1	277 2	305 2	0 0	0 0	0 0	0 0	0 0	
73 1	143 1	278 2	306 2	0 0	0 0	0 0	0 0	0 0	
74 1	144 1	279 2	307 2	0 0	0 0	0 0	0 0	0 0	
75 1	145 1	280 2	308 2	0 0	0 0	0 0	0 0	0 0	
76 1	146 1	281 2	309 2	0 0	0 0	0 0	0 0	0 0	
77 1	147 1	282 2	310 2	0 0	0 0	0 0	0 0	0 0	
78 1	148 1	283 2	311 2	0 0	0 0	0 0	0 0	0 0	
79 1	149 1	284 2	312 2	0 0	0 0	0 0	0 0	0 0	
80 1	150 1	285 2	313 2	0 0	0 0	0 0	0 0	0 0	
81 1	151 1	286 2	314 2	0 0	0 0	0 0	0 0	0 0	
82 1	152 1	287 2	315 2	0 0	0 0	0 0	0 0	0 0	
83 1	153 1	288 2	316 2	0 0	0 0	0 0	0 0	0 0	
84 1	154 1	289 2	317 2	0 0	0 0	0 0	0 0	0 0	
85 1	155 1	290 2	318 2	0 0	0 0	0 0	0 0	0 0	
86 1	156 1	291 2	319 2	0 0	0 0	0 0	0 0	0 0	
87 1	157 1	292 2	320 2	0 0	0 0	0 0	0 0	0 0	
88 1	158 1	293 2	321 2	0 0	0 0	0 0	0 0	0 0	
89 1	159 1	294 2	322 2	0 0	0 0	0 0	0 0	0 0	
1 1	90 1	160 1	170 2	295 2	323 2	0 0	0 0	0 0	
2 1	91 1	161 1	171 2	296 2	324 2	0 0	0 0	0 0	
3 1	92 1	162 1	172 2	297 2	325 2	0 0	0 0	0 0	
4 1	93 1	163 1	173 2	298 2	326 2	0 0	0 0	0 0	
5 1	94 1	164 1	174 2	299 2	327 2	0 0	0 0	0 0	
6 1	95 1	165 1	175 2	300 2	328 2	0 0	0 0	0 0	
7 1	96 1	166 1	176 2	301 2	329 2	0 0	0 0	0 0	
8 1	97 1	167 1	177 2	302 2	330 2	0 0	0 0	0 0	
9 1	98 1	168 1	178 2	303 2	331 2	0 0	0 0	0 0	
10 1	99 1	169 1	179 2	304 2	332 2	0 0	0 0	0 0	
11 1	100 1	180 2	305 2	333 2	0 0	0 0	0 0	0 0	
12 1	101 1	181 2	306 2	334 2	0 0	0 0	0 0	0 0	
13 1	102 1	182 2	307 2	335 2	0 0	0 0	0 0	0 0	
14 1	103 1	183 2	308 2	336 2	0 0	0 0	0 0	0 0	
15 1	104 1	184 2	309 2	337 2	0 0	0 0	0 0	0 0	
16 1	105 1	185 2	310 2	338 2	0 0	0 0	0 0	0 0	
17 1	106 1	186 2	311 2	0 0	0 0	0 0	0 0	0 0	
18 1	107 1	187 2	312 2	0 0	0 0	0 0	0 0	0 0	
19 1	108 1	188 2	313 2	0 0	0 0	0 0	0 0	0 0	
20 1	109 1	189 2	314 2	0 0	0 0	0 0	0 0	0 0	
21 1	110 1	170 2	190 2	315 2	0 0	0 0	0 0	0 0	
22 1	111 1	171 2	191 2	316 2	0 0	0 0	0 0	0 0	
23 1	112 1	172 2	192 2	317 2	0 0	0 0	0 0	0 0	
24 1	113 1	173 2	193 2	318 2	0 0	0 0	0 0	0 0	
25 1	114 1	174 2	194 2	319 2	0 0	0 0	0 0	0 0	
26 1	115 1	175 2	195 2	320 2	0 0	0 0	0 0	0 0	
27 1	116 1	176 2	196 2	321 2	0 0	0 0	0 0	0 0	
28 1	117 1	177 2	197 2	322 2	0 0	0 0	0 0	0 0	
29 1	118 1	178 2	198 2	323 2	0 0	0 0	0 0	0 0	
30 1	119 1	179 2	199 2	324 2	0 0	0 0	0 0	0 0	
31 1	120 1	180 2	200 2	325 2	0 0	0 0	0 0	0 0	
32 1	121 1	181 2	201 2	326 2	0 0	0 0	0 0	0 0	
33 1	122 1	182 2	202 2	327 2	0 0	0 0	0 0	0 0	
34 1	123 1	183 2	203 2	328 2	0 0	0 0	0 0	0 0	
35 1	124 1	184 2	204 2	329 2	0 0	0 0	0 0	0 0	
36 1	125 1	185 2	205 2	330 2	0 0	0 0	0 0	0 0	
37 1	126 1	186 2	206 2	331 2	0 0	0 0	0 0	0 0	
38 1	127 1	187 2	207 2	332 2	0 0	0 0	0 0	0 0	
1 1	39 1	128 1	188 2	208 2	333 2	0 0	0 0	0 0	
2 1	40 1	129 1	189 2	209 2	334 2	0 0	0 0	0 0	
3 1	41 1	130 1	190 2	210 2	335 2	0 0	0 0	0 0	
4 1	42 1	131 1	191 2	211 2	336 2	0 0	0 0	0 0	
5 1	43 1	132 1	192 2	212 2	337 2	0 0	0 0	0 0	
6 1	44 1	133 1	193 2	213 2	338 2	0 0	0 0	0 0	
7 1	45 1	134 1	194 2	214 2	0 0	0 0	0 0	0 0	
8 1	46 1	135 1	195 2	215 2	0 0	0 0	0 0	0 0	
9 1	47 1	136 1	196 2	216 2	0 0	0 0	0 0	0 0	
10 1	48 1	137 1	197 2	217 2	0 0	0 0	0 0	0 0	
11 1	49 1	138 1	198 2	218 2	0 0	0 0	0 0	0 0	
12 1	50 1	139 1	199 2	219 2	0 0	0 0	0 0	0 0	
13 1	51 1	140 1	200 2	220 2	0 0	0 0	0 0	0 0	
14 1	52 1	141 1	201 2	221 2	0 0	0 0	0 0	0 0	
15 1	53 1	142 1	202 2	222 2	0 0	0 0	0 0	0 0	
16 1	54 1	143 1	203 2	223 2	0 0	0 0	0 0	0 0	
17 1	55 1	144 1	204 2	224 2	0 0	0 0	0 0	0 0	
18 1	56 1	145 1	205 2	225 2	0 0	0 0	0 0	0 0	
19 1	57 1	146 1	206 2	226 2	0 0	0 0	0 0	0 0	
20 1	58 1	147 1	207 2	227 2	0 0	0 0	0 0	0 0	
21 1	59 1	148 1	208 2	228 2	0 0	0 0	0 0	0 0	
22 1	60 1	149 1	209 2	229 2	0 0	0 0	0 0	0 0	
23 1	61 1	150 1	210 2	230 2	0 0	0 0	0 0	0 0	
24 1	62 1	151 1	170 2	211 2	231 2	0 0	0 0	0 0	
25 1	63 1	152 1	171 2	212 2	232 2	0 0	0 0	0 0	
26 1	64 1	153 1	172 2	213 2	233 2	0 0	0 0	0 0	
27 1	65 1	154 1	173 2	214 2	234 2	0 0	0 0	0 0	
28 1	66 1	155 1	174 2	215 2	235 2	0 0	0 0	0 0	
29 1	67 1	156 1	175 2	216 2	236 2	0 0	0 0	0 0	
30 1	68 1	157 1	176 2	217 2	237 2	0 0	0 0	0 0	
31 1	69 1	158 1	177 2	218 2	238 2	0 0	0 0	0 0	
32 1	70 1	159 1	178 2	219 2	239 2	0 0	0 0	0 0	
33 1	71 1	160 1	179 2	220 2	240 2	0 0	0 0	0 0	
34 1	72 1	161 1	180 2	221 2	241 2	0 0	0 0	0 0	
35 1	73 1	162 1	181 2	222 2	242 2	0 0	0 0	0 0	
36 1	74 1	163 1	182 2	223 2	243 2	0 0	0 0	0 0	
37 1	75 1	164 1	183 2	224 2	244 2	0 0	0 0	0 0	
38 1	76 1	165 1	184 2	225 2	245 2	0 0	0 0	0 0	
39 1	77 1	166 1	185 2	226 2	246 2	0 0	0 0	0 0	
40 1	78 1	167 1	186 2	227 2	247 2	0 0	0 0	0 0	
41 1	79 1	168 1	187 2	228 2	248 2	0 0	0 0	0 0	
42 1	80 1	169 1	188 2	229 2	249 2	0 0	0 0	0 0	
43 1	81 1	189 2	230 2	250 2	0 0	0 0	0 0	0 0	
44 1	82 1	190 2	231 2	251 2	0 0	0 0	0 0	0 0	
45 1	83 1	191 2	232 2	252 2	0 0	0 0	0 0	0 0	
46 1	84 1	192 2	233 2	253 2	0 0	0 0	0 0	0 0	
47 1	85 1	193 2	234 2	254 2	0 0	0 0	0 0	0 0	
48 1	86 1	194 2	235 2	255 2	0 0	0 0	0 0	0 0	
49 1	87 1	195 2	236 2	256 2	0 0	0 0	0 0	0 0	
50 1	88 1	196 2	237 2	257 2	0 0	0 0	0 0	0 0	
51 1	89 1	197 2	238 2	258 2	0 0	0 0	0 0	0 0	
52 1	90 1	198 2	239 2	259 2	0 0	0 0	0 0	0 0	
53 1	91 1	199 2	240 2	260 2	0 0	0 0	0 0	0 0	
54 1	92 1	200 2	241 2	261 2	0 0	0 0	0 0	0 0	
55 1	93 1	201 2	242 2	262 2	0 0	0 0	0 0	0 0	
56 1	94 1	202 2	243 2	263 2	0 0	0 0	0 0	0 0	
57 1	95 1	203 2	244 2	264 2	0 0	0 0	0 0	0 0	
58 1	96 1	204 2	245 2	265 2	0 0	0 0	0 0	0 0	
59 1	97 1	205 2	246 2	266 2	0 0	0 0	0 0	0 0	
1 1	60 1	98 1	206 2	247 2	267 2	0 0	0 0	0 0	
2 1	61 1	99 1	207 2	248 2	268 2	0 0	0 0	0 0	
3 1	62 1	100 1	208 2	249 2	269 2	0 0	0 0	0 0	
4 1	63 1	101 1	209 2	250 2	270 2	0 0	0 0	0 0	
5 1	64 1	102 1	210 2	251 2	271 2	0 0	0 0	0 0	
6 1	65 1	103 1	211 2	252 2	272 2	0 0	0 0	0 0	
7 1	66 1	104 1	170 2	212 2	253 2	273 2	0 0	0 0	
8 1	67 1	105 1	171 2	213 2	254 2	274 2	0 0	0 0	
9 1	68 1	106 1	172 2	214 2	255 2	275 2	0 0	0 0	
10 1	69 1	107 1	173 2	215 2	256 2	276 2	0 0	0 0	
11 1	70 1	108 1	174 2	216 2	257 2	277 2	0 0	0 0	
12 1	71 1	109 1	175 2	217 2	258 2	278 2	0 0	0 0	
13 1	72 1	110 1	176 2	218 2	259 2	279 2	0 0	0 0	
14 1	73 1	111 1	177 2	219 2	260 2	280 2	0 0	0 0	
15 1	74 1	112 1	178 2	220 2	261 2	281 2	0 0	0 0	
16 1	75 1	113 1	179 2	221 2	262 2	282 2	0 0	0 0	
17 1	76 1	114 1	180 2	222 2	263 2	283 2	0 0	0 0	
18 1	77 1	115 1	181 2	223 2	264 2	284 2	0 0	0 0	
19 1	78 1	116 1	182 2	224 2	265 2	285 2	0 0	0 0	
20 1	79 1	117 1	183 2	225 2	266 2	286 2	0 0	0 0	
21 1	80 1	118 1	184 2	226 2	267 2	287 2	0 0	0 0	
22 1	81 1	119 1	185 2	227 2	268 2	288 2	0 0	0 0	
23 1	82 1	120 1	186 2	228 2	269 2	289 2	0 0	0 0	
24 1	83 1	121 1	187 2	229 2	270 2	290 2	0 0	0 0	
25 1	84 1	122 1	188 2	230 2	271 2	291 2	0 0	0 0	
26 1	85 1	123 1	189 2	231 2	272 2	292 2	0 0	0 0	
27 1	86 1	124 1	190 2	232 2	273 2	293 2	0 0	0 0	
28 1	87 1	125 1	191 2	233 2	274 2	294 2	0 0	0 0	
29 1	88 1	126 1	192 2	234 2	275 2	295 2	0 0	0 0	
30 1	89 1	127 1	193 2	235 2	276 2	296 2	0 0	0 0	
31 1	90 1	128 1	194 2	236 2	277 2	297 2	0 0	0 0	
32 1	91 1	129 1	195 2	237 2	278 2	298 2	0 0	0 0	
33 1	92 1	130 1	196 2	238 2	279 2	299 2	0 0	0 0	
34 1	93 1	131 1	197 2	239 2	280 2	300 2	0 0	0 0	
35 1	94 1	132 1	170 2	198 2	240 2	281 2	301 2	0 0	
36 1	95 1	133 1	171 2	199 2	241 2	282 2	302 2	0 0	
37 1	96 1	134 1	172 2	200 2	242 2	283 2	303 2	0 0	
38 1	97 1	135 1	173 2	201 2	243 2	284 2	304 2	0 0	
39 1	98 1	136 1	174 2	202 2	244 2	285 2	305 2	0 0	
40 1	99 1	137 1	175 2	203 2	245 2	286 2	306 2	0 0	
41 1	100 1	138 1	176 2	204 2	246 2	287 2	307 2	0 0	
42 1	101 1	139 1	177 2	205 2	247 2	288 2	308 2	0 0	
43 1	102 1	140 1	178 2	206 2	248 2	289 2	309 2	0 0	
44 1	103 1	141 1	179 2	207 2	249 2	290 2	310 2	0 0	
45 1	104 1	142 1	180 2	208 2	250 2	291 2	311 2	0 0	
46 1	105 1	143 1	181 2	209 2	251 2	292 2	312 2	0 0	
47 1	106 1	144 1	182 2	210 2	252 2	293 2	313 2	0 0	
48 1	107 1	145 1	183 2	211 2	253 2	294 2	314 2	0 0	
49 1	108 1	146 1	184 2	212 2	254 2	295 2	315 2	0 0	
50 1	109 1	147 1	185 2	213 2	255 2	296 2	316 2	0 0	
51 1	110 1	148 1	186 2	214 2	256 2	297 2	317 2	0 0	
52 1	111 1	149 1	187 2	215 2	257 2	298 2	318 2	0 0	
53 1	112 1	150 1	188 2	216 2	258 2	299 2	319 2	0 0	
54 1	113 1	151 1	189 2	217 2	259 2	300 2	320 2	0 0	
55 1	114 1	152 1	190 2	218 2	260 2	301 2	321 2	0 0	
56 1	115 1	153 1	191 2	219 2	261 2	302 2	322 2	0 0	
57 1	116 1	154 1	192 2	220 2	262 2	303 2	323 2	0 0	
58 1	117 1	155 1	193 2	221 2	263 2	304 2	324 2	0 0	
59 1	118 1	156 1	194 2	222 2	264 2	305 2	325 2	0 0	
60 1	119 1	157 1	195 2	223 2	265 2	306 2	326 2	0 0	
61 1	120 1	158 1	196 2	224 2	266 2	307 2	327 2	0 0	
62 1	121 1	159 1	197 2	225 2	267 2	308 2	328 2	0 0	
63 1	122 1	160 1	198 2	226 2	268 2	309 2	329 2	0 0	
64 1	123 1	161 1	199 2	227 2	269 2	310 2	330 2	0 0	
65 1	124 1	162 1	200 2	228 2	270 2	311 2	331 2	0 0	
66 1	125 1	163 1	201 2	229 2	271 2	312 2	332 2	0 0	
67 1	126 1	164 1	202 2	230 2	272 2	313 2	333 2	0 0	
68 1	127 1	165 1	203 2	231 2	273 2	314 2	334 2	0 0	
69 1	128 1	166 1	204 2	232 2	274 2	315 2	335 2	0 0	
70 1	129 1	167 1	205 2	233 2	275 2	316 2	336 2	0 0	
1 1	71 1	130 1	168 1	206 2	234 2	276 2	317 2	337 2	
2 1	72 1	131 1	169 1	207 2	235 2	277 2	318 2	338 2	
17 1	45 1	180 2	250 2	0 0	0 0	0 0	0 0	0 0	
18 1	46 1	181 2	251 2	0 0	0 0	0 0	0 0	0 0	
19 1	47 1	182 2	252 2	0 0	0 0	0 0	0 0	0 0	
20 1	48 1	183 2	253 2	0 0	0 0	0 0	0 0	0 0	
21 1	49 1	184 2	254 2	0 0	0 0	0 0	0 0	0 0	
22 1	50 1	185 2	255 2	0 0	0 0	0 0	0 0	0 0	
23 1	51 1	186 2	256 2	0 0	0 0	0 0	0 0	0 0	
24 1	52 1	187 2	257 2	0 0	0 0	0 0	0 0	0 0	
25 1	53 1	188 2	258 2	0 0	0 0	0 0	0 0	0 0	
26 1	54 1	189 2	259 2	0 0	0 0	0 0	0 0	0 0	
27 1	55 1	190 2	260 2	0 0	0 0	0 0	0 0	0 0	
28 1	56 1	191 2	261 2	0 0	0 0	0 0	0 0	0 0	
29 1	57 1	192 2	262 2	0 0	0 0	0 0	0 0	0 0	
30 1	58 1	193 2	263 2	0 0	0 0	0 0	0 0	0 0	
31 1	59 1	194 2	264 2	0 0	0 0	0 0	0 0	0 0	
32 1	60 1	195 2	265 2	0 0	0 0	0 0	0 0	0 0	
33 1	61 1	196 2	266 2	0 0	0 0	0 0	0 0	0 0	
34 1	62 1	197 2	267 2	0 0	0 0	0 0	0 0	0 0	
35 1	63 1	198 2	268 2	0 0	0 0	0 0	0 0	0 0	
36 1	64 1	199 2	269 2	0 0	0 0	0 0	0 0	0 0	
37 1	65 1	200 2	270 2	0 0	0 0	0 0	0 0	0 0	
38 1	66 1	201 2	271 2	0 0	0 0	0 0	0 0	0 0	
39 1	67 1	202 2	272 2	0 0	0 0	0 0	0 0	0 0	
40 1	68 1	203 2	273 2	0 0	0 0	0 0	0 0	0 0	
41 1	69 1	204 2	274 2	0 0	0 0	0 0	0 0	0 0	
42 1	70 1	205 2	275 2	0 0	0 0	0 0	0 0	0 0	
1 1	43 1	71 1	206 2	276 2	0 0	0 0	0 0	0 0	
2 1	44 1	72 1	207 2	277 2	0 0	0 0	0 0	0 0	
3 1	45 1	73 1	208 2	278 2	0 0	0 0	0 0	0 0	
4 1	46 1	74 1	209 2	279 2	0 0	0 0	0 0	0 0	
5 1	47 1	75 1	210 2	280 2	0 0	0 0	0 0	0 0	
6 1	48 1	76 1	211 2	281 2	0 0	0 0	0 0	0 0	
7 1	49 1	77 1	212 2	282 2	0 0	0 0	0 0	0 0	
8 1	50 1	78 1	213 2	283 2	0 0	0 0	0 0	0 0	
9 1	51 1	79 1	214 2	284 2	0 0	0 0	0 0	0 0	
10 1	52 1	80 1	215 2	285 2	0 0	0 0	0 0	0 0	
11 1	53 1	81 1	216 2	286 2	0 0	0 0	0 0	0 0	
12 1	54 1	82 1	217 2	287 2	0 0	0 0	0 0	0 0	
13 1	55 1	83 1	218 2	288 2	0 0	0 0	0 0	0 0	
14 1	56 1	84 1	219 2	289 2	0 0	0 0	0 0	0 0	
15 1	57 1	85 1	220 2	290 2	0 0	0 0	0 0	0 0	
16 1	58 1	86 1	221 2	291 2	0 0	0 0	0 0	0 0	
17 1	59 1	87 1	222 2	292 2	0 0	0 0	0 0	0 0	
18 1	60 1	88 1	223 2	293 2	0 0	0 0	0 0	0 0	
19 1	61 1	89 1	224 2	294 2	0 0	0 0	0 0	0 0	
20 1	62 1	90 1	225 2	295 2	0 0	0 0	0 0	0 0	
21 1	63 1	91 1	226 2	296 2	0 0	0 0	0 0	0 0	
22 1	64 1	92 1	227 2	297 2	0 0	0 0	0 0	0 0	
23 1	65 1	93 1	228 2	298 2	0 0	0 0	0 0	0 0	
24 1	66 1	94 1	170 2	229 2	299 2	0 0	0 0	0 0	
25 1	67 1	95 1	171 2	230 2	300 2	0 0	0 0	0 0	
26 1	68 1	96 1	172 2	231 2	301 2	0 0	0 0	0 0	
27 1	69 1	97 1	173 2	232 2	302 2	0 0	0 0	0 0	
28 1	70 1	98 1	174 2	233 2	303 2	0 0	0 0	0 0	
29 1	71 1	99 1	175 2	234 2	304 2	0 0	0 0	0 0	
30 1	72 1	100 1	176 2	235 2	305 2	0 0	0 0	0 0	
31 1	73 1	101 1	177 2	236 2	306 2	0 0	0 0	0 0	
32 1	74 1	102 1	178 2	237 2	307 2	0 0	0 0	0 0	
33 1	75 1	103 1	179 2	238 2	308 2	0 0	0 0	0 0	
34 1	76 1	104 1	180 2	239 2	309 2	0 0	0 0	0 0	
35 1	77 1	105 1	181 2	240 2	310 2	0 0	0 0	0 0	
36 1	78 1	106 1	182 2	241 2	311 2	0 0	0 0	0 0	
37 1	79 1	107 1	183 2	242 2	312 2	0 0	0 0	0 0	
38 1	80 1	108 1	184 2	243 2	313 2	0 0	0 0	0 0	
39 1	81 1	109 1	185 2	244 2	314 2	0 0	0 0	0 0	
40 1	82 1	110 1	186 2	245 2	315 2	0 0	0 0	0 0	
41 1	83 1	111 1	187 2	246 2	316 2	0 0	0 0	0 0	
1 1	42 1	84 1	112 1	188 2	247 2	317 2	0 0	0 0	
2 1	43 1	85 1	113 1	189 2	248 2	318 2	0 0	0 0	
3 1	44 1	86 1	114 1	190 2	249 2	319 2	0 0	0 0	
4 1	45 1	87 1	115 1	191 2	250 2	320 2	0 0	0 0	
5 1	46 1	88 1	116 1	192 2	251 2	321 2	0 0	0 0	
6 1	47 1	89 1	117 1	193 2	252 2	322 2	0 0	0 0	
7 1	48 1	90 1	118 1	194 2	253 2	323 2	0 0	0 0	
8 1	49 1	91 1	119 1	195 2	254 2	324 2	0 0	0 0	
9 1	50 1	92 1	120 1	196 2	255 2	325 2	0 0	0 0	
10 1	51 1	93 1	121 1	197 2	256 2	326 2	0 0	0 0	
11 1	52 1	94 1	122 1	198 2	257 2	327 2	0 0	0 0	
12 1	53 1	95 1	123 1	199 2	258 2	328 2	0 0	0 0	
13 1	54 1	96 1	124 1	200 2	259 2	329 2	0 0	0 0	
14 1	55 1	97 1	125 1	201 2	260 2	330 2	0 0	0 0	
15 1	56 1	98 1	126 1	202 2	261 2	331 2	0 0	0 0	
16 1	57 1	99 1	127 1	203 2	262 2	332 2	0 0	0 0	
17 1	58 1	100 1	128 1	204 2	263 2	333 2	0 0	0 0	
18 1	59 1	101 1	129 1	205 2	264 2	334 2	0 0	0 0	
19 1	60 1	102 1	130 1	206 2	265 2	335 2	0 0	0 0	
20 1	61 1	103 1	131 1	207 2	266 2	336 2	0 0	0 0	
1 1	21 1	62 1	104 1	132 1	170 2	208 2	267 2	337 2	
2 1	22 1	63 1	105 1	133 1	171 2	209 2	268 2	338 2	
3 1	23 1	64 1	106 1	134 1	172 2	210 2	269 2	0 0	
4 1	24 1	65 1	107 1	135 1	173 2	211 2	270 2	0 0	
5 1	25 1	66 1	108 1	136 1	174 2	212 2	271 2	0 0	
6 1	26 1	67 1	109 1	137 1	175 2	213 2	272 2	0 0	
7 1	27 1	68 1	110 1	138 1	176 2	214 2	273 2	0 0	
8 1	28 1	69 1	111 1	139 1	177 2	215 2	274 2	0 0	
9 1	29 1	70 1	112 1	140 1	178 2	216 2	275 2	0 0	
10 1	30 1	71 1	113 1	141 1	179 2	217 2	276 2	0 0	
11 1	31 1	72 1	114 1	142 1	180 2	218 2	277 2	0 0	
12 1	32 1	73 1	115 1	143 1	181 2	219 2	278 2	0 0	
13 1	33 1	74 1	116 1	144 1	182 2	220 2	279 2	0 0	
14 1	34 1	75 1	117 1	145 1	183 2	221 2	280 2	0 0	
15 1	35 1	76 1	118 1	146 1	184 2	222 2	281 2	0 0	
16 1	36 1	77 1	119 1	147 1	185 2	223 2	282 2	0 0	
17 1	37 1	78 1	120 1	148 1	186 2	224 2	283 2	0 0	
18 1	38 1	79 1	121 1	149 1	187 2	225 2	284 2	0 0	
19 1	39 1	80 1	122 1	150 1	188 2	226 2	285 2	0 0	
20 1	40 1	81 1	123 1	151 1	189 2	227 2	286 2	0 0	
21 1	41 1	82 1	124 1	152 1	190 2	228 2	287 2	0 0	
22 1	42 1	83 1	125 1	153 1	191 2	229 2	288 2	0 0	
23 1	43 1	84 1	126 1	154 1	192 2	230 2	289 2	0 0	
24 1	44 1	85 1	127 1	155 1	193 2	231 2	290 2	0 0	
25 1	45 1	86 1	128 1	156 1	194 2	232 2	291 2	0 0	
26 1	46 1	87 1	129 1	157 1	195 2	233 2	292 2	0 0	
27 1	47 1	88 1	130 1	158 1	196 2	234 2	293 2	0 0	
28 1	48 1	89 1	131 1	159 1	197 2	235 2	294 2	0 0	
29 1	49 1	90 1	132 1	160 1	198 2	236 2	295 2	0 0	
30 1	50 1	91 1	133 1	161 1	199 2	237 2	296 2	0 0	
31 1	51 1	92 1	134 1	162 1	200 2	238 2	297 2	0 0	
32 1	52 1	93 1	135 1	163 1	201 2	239 2	298 2	0 0	
33 1	53 1	94 1	136 1	164 1	202 2	240 2	299 2	0 0	
34 1	54 1	95 1	137 1	165 1	203 2	241 2	300 2	0 0	
35 1	55 1	96 1	138 1	166 1	204 2	242 2	301 2	0 0	
36 1	56 1	97 1	139 1	167 1	205 2	243 2	302 2	0 0	
37 1	57 1	98 1	140 1	168 1	206 2	244 2	303 2	0 0	
38 1	58 1	99 1	141 1	169 1	207 2	245 2	304 2	0 0	
39 1	59 1	100 1	142 1	208 2	246 2	305 2	0 0	0 0	
40 1	60 1	101 1	143 1	209 2	247 2	306 2	0 0	0 0	
41 1	61 1	102 1	144 1	210 2	248 2	307 2	0 0	0 0	
42 1	62 1	103 1	145 1	211 2	249 2	308 2	0 0	0 0	
43 1	63 1	104 1	146 1	212 2	250 2	309 2	0 0	0 0	
44 1	64 1	105 1	147 1	213 2	251 2	310 2	0 0	0 0	
45 1	65 1	106 1	148 1	214 2	252 2	311 2	0 0	0 0	
46 1	66 1	107 1	149 1	215 2	253 2	312 2	0 0	0 0	
47 1	67 1	108 1	150 1	216 2	254 2	313 2	0 0	0 0	
48 1	68 1	109 1	151 1	217 2	255 2	314 2	0 0	0 0	
49 1	69 1	110 1	152 1	218 2	256 2	315 2	0 0	0 0	
50 1	70 1	111 1	153 1	219 2	257 2	316 2	0 0	0 0	
51 1	71 1	112 1	154 1	220 2	258 2	317 2	0 0	0 0	
52 1	72 1	113 1	155 1	221 2	259 2	318 2	0 0	0 0	
53 1	73 1	114 1	156 1	222 2	260 2	319 2	0 0	0 0	
54 1	74 1	115 1	157 1	223 2	261 2	320 2	0 0	0 0	
55 1	75 1	116 1	158 1	224 2	262 2	321 2	0 0	0 0	
56 1	76 1	117 1	159 1	225 2	263 2	322 2	0 0	0 0	
57 1	77 1	118 1	160 1	226 2	264 2	323 2	0 0	0 0	
58 1	78 1	119 1	161 1	227 2	265 2	324 2	0 0	0 0	
59 1	79 1	120 1	162 1	228 2	266 2	325 2	0 0	0 0	
60 1	80 1	121 1	163 1	229 2	267 2	326 2	0 0	0 0	
61 1	81 1	122 1	164 1	230 2	268 2	327 2	0 0	0 0	
62 1	82 1	123 1	165 1	231 2	269 2	328 2	0 0	0 0	
63 1	83 1	124 1	166 1	232 2	270 2	329 2	0 0	0 0	
64 1	84 1	125 1	167 1	233 2	271 2	330 2	0 0	0 0	
65 1	85 1	126 1	168 1	234 2	272 2	331 2	0 0	0 0	
66 1	86 1	127 1	169 1	235 2	273 2	332 2	0 0	0 0	
67 1	87 1	128 1	236 2	274 2	333 2	0 0	0 0	0 0	
68 1	88 1	129 1	237 2	275 2	334 2	0 0	0 0	0 0	
69 1	89 1	130 1	238 2	276 2	335 2	0 0	0 0	0 0	
70 1	90 1	131 1	239 2	277 2	336 2	0 0	0 0	0 0	
71 1	91 1	132 1	240 2	278 2	337 2	0 0	0 0	0 0	
72 1	92 1	133 1	241 2	279 2	338 2	0 0	0 0	0 0	
73 1	93 1	134 1	242 2	280 2	0 0	0 0	0 0	0 0	
74 1	94 1	135 1	243 2	281 2	0 0	0 0	0 0	0 0	
75 1	95 1	136 1	244 2	282 2	0 0	0 0	0 0	0 0	
76 1	96 1	137 1	245 2	283 2	0 0	0 0	0 0	0 0	
77 1	97 1	138 1	246 2	284 2	0 0	0 0	0 0	0 0	
78 1	98 1	139 1	247 2	285 2	0 0	0 0	0 0	0 0	
79 1	99 1	140 1	248 2	286 2	0 0	0 0	0 0	0 0	
80 1	100 1	141 1	249 2	287 2	0 0	0 0	0 0	0 0	
81 1	101 1	142 1	250 2	288 2	0 0	0 0	0 0	0 0	
82 1	102 1	143 1	251 2	289 2	0 0	0 0	0 0	0 0	
83 1	103 1	144 1	252 2	290 2	0 0	0 0	0 0	0 0	
84 1	104 1	145 1	253 2	291 2	0 0	0 0	0 0	0 0	
85 1	105 1	146 1	254 2	292 2	0 0	0 0	0 0	0 0	
86 1	106 1	147 1	255 2	293 2	0 0	0 0	0 0	0 0	
87 1	107 1	148 1	256 2	294 2	0 0	0 0	0 0	0 0	
88 1	108 1	149 1	257 2	295 2	0 0	0 0	0 0	0 0	
89 1	109 1	150 1	258 2	296 2	0 0	0 0	0 0	0 0	
90 1	110 1	151 1	170 2	259 2	297 2	0 0	0 0	0 0	
91 1	111 1	152 1	171 2	260 2	298 2	0 0	0 0	0 0	
92 1	112 1	153 1	172 2	261 2	299 2	0 0	0 0	0 0	
93 1	113 1	154 1	173 2	262 2	300 2	0 0	0 0	0 0	
94 1	114 1	155 1	174 2	263 2	301 2	0 0	0 0	0 0	
95 1	115 1	156 1	175 2	264 2	302 2	0 0	0 0	0 0	
96 1	116 1	157 1	176 2	265 2	303 2	0 0	0 0	0 0	
97 1	117 1	158 1	177 2	266 2	304 2	0 0	0 0	0 0	
98 1	118 1	159 1	178 2	267 2	305 2	0 0	0 0	0 0	
99 1	119 1	160 1	179 2	268 2	306 2	0 0	0 0	0 0	
100 1	120 1	161 1	180 2	269 2	307 2	0 0	0 0	0 0	
101 1	121 1	162 1	181 2	270 2	308 2	0 0	0 0	0 0	
102 1	122 1	163 1	182 2	271 2	309 2	0 0	0 0	0 0	
103 1	123 1	164 1	183 2	272 2	310 2	0 0	0 0	0 0	
104 1	124 1	165 1	184 2	273 2	311 2	0 0	0 0	0 0	
105 1	125 1	166 1	185 2	274 2	312 2	0 0	0 0	0 0	
106 1	126 1	167 1	186 2	275 2	313 2	0 0	0 0	0 0	
107 1	127 1	168 1	187 2	276 2	314 2	0 0	0 0	0 0	
108 1	128 1	169 1	188 2	277 2	315 2	0 0	0 0	0 0	
109 1	129 1	189 2	278 2	316 2	0 0	0 0	0 0	0 0	
110 1	130 1	190 2	279 2	317 2	0 0	0 0	0 0	0 0	
111 1	131 1	191 2	280 2	318 2	0 0	0 0	0 0	0 0	
112 1	132 1	192 2	281 2	319 2	0 0	0 0	0 0	0 0	
113 1	133 1	193 2	282 2	320 2	0 0	0 0	0 0	0 0	
114 1	134 1	194 2	283 2	321 2	0 0	0 0	0 0	0 0	
115 1	135 1	195 2	284 2	322 2	0 0	0 0	0 0	0 0	
116 1	136 1	196 2	285 2	323 2	0 0	0 0	0 0	0 0	
117 1	137 1	197 2	286 2	324 2	0 0	0 0	0 0	0 0	
118 1	138 1	198 2	287 2	325 2	0 0	0 0	0 0	0 0	
119 1	139 1	199 2	288 2	326 2	0 0	0 0	0 0	0 0	
120 1	140 1	200 2	289 2	327 2	0 0	0 0	0 0	0 0	
121 1	141 1	201 2	290 2	328 2	0 0	0 0	0 0	0 0	
122 1	142 1	202 2	291 2	329 2	0 0	0 0	0 0	0 0	
123 1	143 1	203 2	292 2	330 2	0 0	0 0	0 0	0 0	
124 1	144 1	204 2	293 2	331 2	0 0	0 0	0 0	0 0	
125 1	145 1	205 2	294 2	332 2	0 0	0 0	0 0	0 0	
1 1	126 1	146 1	206 2	295 2	333 2	0 0	0 0	0 0	
2 1	127 1	147 1	207 2	296 2	334 2	0 0	0 0	0 0	
3 1	128 1	148 1	208 2	297 2	335 2	0 0	0 0	0 0	
4 1	129 1	149 1	209 2	298 2	336 2	0 0	0 0	0 0	
5 1	130 1	150 1	210 2	299 2	337 2	0 0	0 0	0 0	
6 1	131 1	151 1	211 2	300 2	338 2	0 0	0 0	0 0	
7 1	132 1	152 1	212 2	301 2	0 0	0 0	0 0	0 0	
8 1	133 1	153 1	213 2	302 2	0 0	0 0	0 0	0 0	
9 1	134 1	154 1	214 2	303 2	0 0	0 0	0 0	0 0	
10 1	135 1	155 1	215 2	304 2	0 0	0 0	0 0	0 0	
11 1	136 1	156 1	216 2	305 2	0 0	0 0	0 0	0 0	
12 1	137 1	157 1	217 2	306 2	0 0	0 0	0 0	0 0	
13 1	138 1	158 1	218 2	307 2	0 0	0 0	0 0	0 0	
14 1	139 1	159 1	219 2	308 2	0 0	0 0	0 0	0 0	
15 1	140 1	160 1	220 2	309 2	0 0	0 0	0 0	0 0	
16 1	141 1	161 1	221 2	310 2	0 0	0 0	0 0	0 0	
17 1	142 1	162 1	222 2	311 2	0 0	0 0	0 0	0 0	
18 1	143 1	163 1	223 2	312 2	0 0	0 0	0 0	0 0	
19 1	144 1	164 1	224 2	313 2	0 0	0 0	0 0	0 0	
20 1	145 1	165 1	225 2	314 2	0 0	0 0	0 0	0 0	
21 1	146 1	166 1	226 2	315 2	0 0	0 0	0 0	0 0	
22 1	147 1	167 1	227 2	316 2	0 0	0 0	0 0	0 0	
23 1	148 1	168 1	228 2	317 2	0 0	0 0	0 0	0 0	
24 1	149 1	169 1	229 2	318 2	0 0	0 0	0 0	0 0	
25 1	150 1	230 2	319 2	0 0	0 0	0 0	0 0	0 0	
26 1	151 1	231 2	320 2	0 0	0 0	0 0	0 0	0 0	
27 1	152 1	232 2	321 2	0 0	0 0	0 0	0 0	0 0	
28 1	153 1	233 2	322 2	0 0	0 0	0 0	0 0	0 0	
1 1	29 1	154 1	234 2	323 2	0 0	0 0	0 0	0 0	
2 1	30 1	155 1	235 2	324 2	0 0	0 0	0 0	0 0	
3 1	31 1	156 1	236 2	325 2	0 0	0 0	0 0	0 0	
4 1	32 1	157 1	237 2	326 2	0 0	0 0	0 0	0 0	
5 1	33 1	158 1	238 2	327 2	0 0	0 0	0 0	0 0	
6 1	34 1	159 1	239 2	328 2	0 0	0 0	0 0	0 0	
7 1	35 1	160 1	170 2	240 2	329 2	0 0	0 0	0 0	
8 1	36 1	161 1	171 2	241 2	330 2	0 0	0 0	0 0	
9 1	37 1	162 1	172 2	242 2	331 2	0 0	0 0	0 0	
10 1	38 1	163 1	173 2	243 2	332 2	0 0	0 0	0 0	
11 1	39 1	164 1	174 2	244 2	333 2	0 0	0 0	0 0	
12 1	40 1	165 1	175 2	245 2	334 2	0 0	0 0	0 0	
13 1	41 1	166 1	176 2	246 2	335 2	0 0	0 0	0 0	
14 1	42 1	167 1	177 2	247 2	336 2	0 0	0 0	0 0	
15 1	43 1	168 1	178 2	248 2	337 2	0 0	0 0	0 0	
16 1	44 1	169 1	179 2	249 2	338 2	0 0	0 0	0 0	
88 1	126 1	185 1	255 1	283 1	324 1	344 1	469 1	497 1	
89 1	127 1	186 1	256 1	284 1	325 1	345 1	470 1	498 1	
1 1	90 1	128 1	187 1	285 1	326 1	346 1	471 1	499 1	
2 1	91 1	129 1	188 1	286 1	327 1	347 1	472 1	500 1	
3 1	92 1	130 1	189 1	287 1	328 1	348 1	473 1	501 1	
4 1	93 1	131 1	190 1	288 1	329 1	349 1	474 1	502 1	
5 1	94 1	132 1	191 1	289 1	330 1	350 1	475 1	503 1	
6 1	95 1	133 1	192 1	290 1	331 1	351 1	476 1	504 1	
7 1	96 1	134 1	193 1	291 1	332 1	352 1	477 1	505 1	
8 1	97 1	135 1	194 1	292 1	333 1	353 1	478 1	506 1	
9 1	98 1	136 1	195 1	293 1	334 1	354 1	479 1	507 1	
10 1	99 1	137 1	196 1	294 1	335 1	355 1	480 1	508 1	
11 1	100 1	138 1	197 1	295 1	336 1	356 1	481 1	509 1	
12 1	101 1	139 1	198 1	296 1	337 1	357 1	482 1	510 1	
13 1	102 1	140 1	199 1	297 1	338 1	358 1	483 1	511 1	
14 1	103 1	141 1	200 1	298 1	339 1	359 1	484 1	512 1	
15 1	104 1	142 1	201 1	257 1	299 1	340 1	360 1	485 1	
16 1	105 1	143 1	202 1	258 1	300 1	341 1	361 1	486 1	
17 1	106 1	144 1	203 1	259 1	301 1	342 1	362 1	487 1	
18 1	107 1	145 1	204 1	260 1	302 1	343 1	363 1	488 1	
19 1	108 1	146 1	205 1	261 1	303 1	344 1	364 1	489 1	
20 1	109 1	147 1	206 1	262 1	304 1	345 1	365 1	490 1	
21 1	110 1	148 1	207 1	263 1	305 1	346 1	366 1	491 1	
22 1	111 1	149 1	208 1	264 1	306 1	347 1	367 1	492 1	
23 1	112 1	150 1	209 1	265 1	307 1	348 1	368 1	493 1	
24 1	113 1	151 1	210 1	266 1	308 1	349 1	369 1	494 1	
25 1	114 1	152 1	211 1	267 1	309 1	350 1	370 1	495 1	
26 1	115 1	153 1	212 1	268 1	310 1	351 1	371 1	496 1	
27 1	116 1	154 1	213 1	269 1	311 1	352 1	372 1	497 1	
28 1	117 1	155 1	214 1	270 1	312 1	353 1	373 1	498 1	
29 1	118 1	156 1	215 1	271 1	313 1	354 1	374 1	499 1	
30 1	119 1	157 1	216 1	272 1	314 1	355 1	375 1	500 1	
31 1	120 1	158 1	217 1	273 1	315 1	356 1	376 1	501 1	
32 1	121 1	159 1	218 1	274 1	316 1	357 1	377 1	502 1	
33 1	122 1	160 1	219 1	275 1	317 1	358 1	378 1	503 1	
34 1	123 1	161 1	220 1	276 1	318 1	359 1	379 1	504 1	
35 1	124 1	162 1	221 1	277 1	319 1	360 1	380 1	505 1	
36 1	125 1	163 1	222 1	278 1	320 1	361 1	381 1	506 1	
37 1	126 1	164 1	223 1	279 1	321 1	362 1	382 1	507 1	
38 1	127 1	165 1	224 1	280 1	322 1	363 1	383 1	508 1	
39 1	128 1	166 1	225 1	281 1	323 1	364 1	384 1	509 1	
40 1	129 1	167 1	226 1	282 1	324 1	365 1	385 1	510 1	
41 1	130 1	168 1	227 1	283 1	325 1	366 1	386 1	511 1	
42 1	131 1	169 1	228 1	284 1	326 1	367 1	387 1	512 1	
43 1	132 1	170 1	229 1	257 1	285 1	327 1	368 1	388 1	
44 1	133 1	171 1	230 1	258 1	286 1	328 1	369 1	389 1	
45 1	134 1	172 1	231 1	259 1	287 1	329 1	370 1	390 1	
46 1	135 1	173 1	232 1	260 1	288 1	330 1	371 1	391 1	
47 1	136 1	174 1	233 1	261 1	289 1	331 1	372 1	392 1	
48 1	137 1	175 1	234 1	262 1	290 1	332 1	373 1	393 1	
49 1	138 1	176 1	235 1	263 1	291 1	333 1	374 1	394 1	
50 1	139 1	177 1	236 1	264 1	292 1	334 1	375 1	395 1	
51 1	140 1	178 1	237 1	265 1	293 1	335 1	376 1	396 1	
52 1	141 1	179 1	238 1	266 1	294 1	336 1	377 1	397 1	
53 1	142 1	180 1	239 1	267 1	295 1	337 1	378 1	398 1	
54 1	143 1	181 1	240 1	268 1	296 1	338 1	379 1	399 1	
55 1	144 1	182 1	241 1	269 1	297 1	339 1	380 1	400 1	
56 1	145 1	183 1	242 1	270 1	298 1	340 1	381 1	401 1	
57 1	146 1	184 1	243 1	271 1	299 1	341 1	382 1	402 1	
58 1	147 1	185 1	244 1	272 1	300 1	342 1	383 1	403 1	
59 1	148 1	186 1	245 1	273 1	301 1	343 1	384 1	404 1	
60 1	149 1	187 1	246 1	274 1	302 1	344 1	385 1	405 1	
61 1	150 1	188 1	247 1	275 1	303 1	345 1	386 1	406 1	
62 1	151 1	189 1	248 1	276 1	304 1	346 1	387 1	407 1	
63 1	152 1	190 1	249 1	277 1	305 1	347 1	388 1	408 1	
64 1	153 1	191 1	250 1	278 1	306 1	348 1	389 1	409 1	
65 1	154 1	192 1	251 1	279 1	307 1	349 1	390 1	410 1	
66 1	155 1	193 1	252 1	280 1	308 1	350 1	391 1	411 1	
67 1	156 1	194 1	253 1	281 1	309 1	351 1	392 1	412 1	
68 1	157 1	195 1	254 1	282 1	310 1	352 1	393 1	413 1	
69 1	158 1	196 1	255 1	283 1	311 1	353 1	394 1	414 1	
70 1	159 1	197 1	256 1	284 1	312 1	354 1	395 1	415 1	
1 1	71 1	160 1	198 1	285 1	313 1	355 1	396 1	416 1	
2 1	72 1	161 1	199 1	286 1	314 1	356 1	397 1	417 1	
3 1	73 1	162 1	200 1	287 1	315 1	357 1	398 1	418 1	
4 1	74 1	163 1	201 1	288 1	316 1	358 1	399 1	419 1	
5 1	75 1	164 1	202 1	289 1	317 1	359 1	400 1	420 1	
6 1	76 1	165 1	203 1	290 1	318 1	360 1	401 1	421 1	
7 1	77 1	166 1	204 1	291 1	319 1	361 1	402 1	422 1	
8 1	78 1	167 1	205 1	292 1	320 1	362 1	403 1	423 1	
9 1	79 1	168 1	206 1	293 1	321 1	363 1	404 1	424 1	
10 1	80 1	169 1	207 1	294 1	322 1	364 1	405 1	425 1	
11 1	81 1	170 1	208 1	295 1	323 1	365 1	406 1	426 1	
12 1	82 1	171 1	209 1	296 1	324 1	366 1	407 1	427 1	
13 1	83 1	172 1	210 1	297 1	325 1	367 1	408 1	428 1	
14 1	84 1	173 1	211 1	298 1	326 1	368 1	409 1	429 1	
15 1	85 1	174 1	212 1	299 1	327 1	369 1	410 1	430 1	
16 1	86 1	175 1	213 1	300 1	328 1	370 1	411 1	431 1	
17 1	87 1	176 1	214 1	301 1	329 1	371 1	412 1	432 1	
18 1	88 1	177 1	215 1	302 1	330 1	372 1	413 1	433 1	
19 1	89 1	178 1	216 1	303 1	331 1	373 1	414 1	434 1	
20 1	90 1	179 1	217 1	304 1	332 1	374 1	415 1	435 1	
21 1	91 1	180 1	218 1	305 1	333 1	375 1	416 1	436 1	
22 1	92 1	181 1	219 1	306 1	334 1	376 1	417 1	437 1	
23 1	93 1	182 1	220 1	307 1	335 1	377 1	418 1	438 1	
24 1	94 1	183 1	221 1	308 1	336 1	378 1	419 1	439 1	
25 1	95 1	184 1	222 1	309 1	337 1	379 1	420 1	440 1	
26 1	96 1	185 1	223 1	310 1	338 1	380 1	421 1	441 1	
27 1	97 1	186 1	224 1	311 1	339 1	381 1	422 1	442 1	
28 1	98 1	187 1	225 1	312 1	340 1	382 1	423 1	443 1	
29 1	99 1	188 1	226 1	313 1	341 1	383 1	424 1	444 1	
30 1	100 1	189 1	227 1	314 1	342 1	384 1	425 1	445 1	
31 1	101 1	190 1	228 1	315 1	343 1	385 1	426 1	446 1	
32 1	102 1	191 1	229 1	316 1	344 1	386 1	427 1	447 1	
33 1	103 1	192 1	230 1	317 1	345 1	387 1	428 1	448 1	
34 1	104 1	193 1	231 1	318 1	346 1	388 1	429 1	449 1	
35 1	105 1	194 1	232 1	319 1	347 1	389 1	430 1	450 1	
36 1	106 1	195 1	233 1	320 1	348 1	390 1	431 1	451 1	
37 1	107 1	196 1	234 1	321 1	349 1	391 1	432 1	452 1	
38 1	108 1	197 1	235 1	322 1	350 1	392 1	433 1	453 1	
39 1	109 1	198 1	236 1	323 1	351 1	393 1	434 1	454 1	
40 1	110 1	199 1	237 1	324 1	352 1	394 1	435 1	455 1	
41 1	111 1	200 1	238 1	325 1	353 1	395 1	436 1	456 1	
42 1	112 1	201 1	239 1	326 1	354 1	396 1	437 1	457 1	
43 1	113 1	202 1	240 1	327 1	355 1	397 1	438 1	458 1	
44 1	114 1	203 1	241 1	328 1	356 1	398 1	439 1	459 1	
45 1	115 1	204 1	242 1	329 1	357 1	399 1	440 1	460 1	
46 1	116 1	205 1	243 1	330 1	358 1	400 1	441 1	461 1	
47 1	117 1	206 1	244 1	331 1	359 1	401 1	442 1	462 1	
48 1	118 1	207 1	245 1	332 1	360 1	402 1	443 1	463 1	
49 1	119 1	208 1	246 1	333 1	361 1	403 1	444 1	464 1	
50 1	120 1	209 1	247 1	334 1	362 1	404 1	445 1	465 1	
51 1	121 1	210 1	248 1	335 1	363 1	405 1	446 1	466 1	
52 1	122 1	211 1	249 1	336 1	364 1	406 1	447 1	467 1	
53 1	123 1	212 1	250 1	337 1	365 1	407 1	448 1	468 1	
54 1	124 1	213 1	251 1	338 1	366 1	408 1	449 1	469 1	
55 1	125 1	214 1	252 1	339 1	367 1	409 1	450 1	470 1	
56 1	126 1	215 1	253 1	340 1	368 1	410 1	451 1	471 1	
57 1	127 1	216 1	254 1	341 1	369 1	411 1	452 1	472 1	
58 1	128 1	217 1	255 1	342 1	370 1	412 1	453 1	473 1	
59 1	129 1	218 1	256 1	343 1	371 1	413 1	454 1	474 1	
1 1	60 1	130 1	219 1	344 1	372 1	414 1	455 1	475 1	
2 1	61 1	131 1	220 1	345 1	373 1	415 1	456 1	476 1	
3 1	62 1	132 1	221 1	346 1	374 1	416 1	457 1	477 1	
4 1	63 1	133 1	222 1	347 1	375 1	417 1	458 1	478 1	
5 1	64 1	134 1	223 1	348 1	376 1	418 1	459 1	479 1	
6 1	65 1	135 1	224 1	349 1	377 1	419 1	460 1	480 1	
7 1	66 1	136 1	225 1	350 1	378 1	420 1	461 1	481 1	
8 1	67 1	137 1	226 1	351 1	379 1	421 1	462 1	482 1	
9 1	68 1	138 1	227 1	352 1	380 1	422 1	463 1	483 1	
10 1	69 1	139 1	228 1	353 1	381 1	423 1	464 1	484 1	
11 1	70 1	140 1	229 1	354 1	382 1	424 1	465 1	485 1	
12 1	71 1	141 1	230 1	355 1	383 1	425 1	466 1	486 1	
13 1	72 1	142 1	231 1	356 1	384 1	426 1	467 1	487 1	
14 1	73 1	143 1	232 1	357 1	385 1	427 1	468 1	488 1	
15 1	74 1	144 1	233 1	358 1	386 1	428 1	469 1	489 1	
16 1	75 1	145 1	234 1	359 1	387 1	429 1	470 1	490 1	
17 1	76 1	146 1	235 1	360 1	388 1	430 1	471 1	491 1	
18 1	77 1	147 1	236 1	361 1	389 1	431 1	472 1	492 1	
19 1	78 1	148 1	237 1	362 1	390 1	432 1	473 1	493 1	
20 1	79 1	149 1	238 1	363 1	391 1	433 1	474 1	494 1	
21 1	80 1	150 1	239 1	364 1	392 1	434 1	475 1	495 1	
22 1	81 1	151 1	240 1	365 1	393 1	435 1	476 1	496 1	
23 1	82 1	152 1	241 1	366 1	394 1	436 1	477 1	497 1	
24 1	83 1	153 1	242 1	367 1	395 1	437 1	478 1	498 1	
25 1	84 1	154 1	243 1	368 1	396 1	438 1	479 1	499 1	
26 1	85 1	155 1	244 1	369 1	397 1	439 1	480 1	500 1	
27 1	86 1	156 1	245 1	370 1	398 1	440 1	481 1	501 1	
28 1	87 1	157 1	246 1	371 1	399 1	441 1	482 1	502 1	
29 1	88 1	158 1	247 1	372 1	400 1	442 1	483 1	503 1	
30 1	89 1	159 1	248 1	373 1	401 1	443 1	484 1	504 1	
31 1	90 1	160 1	249 1	374 1	402 1	444 1	485 1	505 1	
32 1	91 1	161 1	250 1	375 1	403 1	445 1	486 1	506 1	
33 1	92 1	162 1	251 1	376 1	404 1	446 1	487 1	507 1	
34 1	93 1	163 1	252 1	377 1	405 1	447 1	488 1	508 1	
35 1	94 1	164 1	253 1	378 1	406 1	448 1	489 1	509 1	
36 1	95 1	165 1	254 1	379 1	407 1	449 1	490 1	510 1	
37 1	96 1	166 1	255 1	380 1	408 1	450 1	491 1	511 1	
38 1	97 1	167 1	256 1	381 1	409 1	451 1	492 1	512 1	
88 2	108 2	149 2	191 2	219 2	306 2	344 2	433 2	503 2	
89 2	109 2	150 2	192 2	220 2	307 2	345 2	434 2	504 2	
90 2	110 2	151 2	193 2	221 2	308 2	346 2	435 2	505 2	
91 2	111 2	152 2	194 2	222 2	309 2	347 2	436 2	506 2	
92 2	112 2	153 2	195 2	223 2	310 2	348 2	437 2	507 2	
93 2	113 2	154 2	196 2	224 2	311 2	349 2	438 2	508 2	
94 2	114 2	155 2	197 2	225 2	312 2	350 2	439 2	509 2	
95 2	115 2	156 2	198 2	226 2	313 2	351 2	440 2	510 2	
96 2	116 2	157 2	199 2	227 2	314 2	352 2	441 2	511 2	
97 2	117 2	158 2	200 2	228 2	315 2	353 2	442 2	512 2	
98 2	118 2	159 2	201 2	229 2	257 2	316 2	354 2	443 2	
99 2	119 2	160 2	202 2	230 2	258 2	317 2	355 2	444 2	
100 2	120 2	161 2	203 2	231 2	259 2	318 2	356 2	445 2	
101 2	121 2	162 2	204 2	232 2	260 2	319 2	357 2	446 2	
102 2	122 2	163 2	205 2	233 2	261 2	320 2	358 2	447 2	
103 2	123 2	164 2	206 2	234 2	262 2	321 2	359 2	448 2	
104 2	124 2	165 2	207 2	235 2	263 2	322 2	360 2	449 2	
105 2	125 2	166 2	208 2	236 2	264 2	323 2	361 2	450 2	
106 2	126 2	167 2	209 2	237 2	265 2	324 2	362 2	451 2	
107 2	127 2	168 2	210 2	238 2	266 2	325 2	363 2	452 2	
108 2	128 2	169 2	211 2	239 2	267 2	326 2	364 2	453 2	
109 2	129 2	170 2	212 2	240 2	268 2	327 2	365 2	454 2	
110 2	130 2	171 2	213 2	241 2	269 2	328 2	366 2	455 2	
111 2	131 2	172 2	214 2	242 2	270 2	329 2	367 2	456 2	
112 2	132 2	173 2	215 2	243 2	271 2	330 2	368 2	457 2	
113 2	133 2	174 2	216 2	244 2	272 2	331 2	369 2	458 2	
114 2	134 2	175 2	217 2	245 2	273 2	332 2	370 2	459 2	
115 2	135 2	176 2	218 2	246 2	274 2	333 2	371 2	460 2	
116 2	136 2	177 2	219 2	247 2	275 2	334 2	372 2	461 2	
117 2	137 2	178 2	220 2	248 2	276 2	335 2	373 2	462 2	
118 2	138 2	179 2	221 2	249 2	277 2	336 2	374 2	463 2	
119 2	139 2	180 2	222 2	250 2	278 2	337 2	375 2	464 2	
120 2	140 2	181 2	223 2	251 2	279 2	338 2	376 2	465 2	
121 2	141 2	182 2	224 2	252 2	280 2	339 2	377 2	466 2	
122 2	142 2	183 2	225 2	253 2	281 2	340 2	378 2	467 2	
123 2	143 2	184 2	226 2	254 2	282 2	341 2	379 2	468 2	
124 2	144 2	185 2	227 2	255 2	283 2	342 2	380 2	469 2	
125 2	145 2	186 2	228 2	256 2	284 2	343 2	381 2	470 2	
1 2	126 2	146 2	187 2	229 2	285 2	344 2	382 2	471 2	
2 2	127 2	147 2	188 2	230 2	286 2	345 2	383 2	472 2	
3 2	128 2	148 2	189 2	231 2	287 2	346 2	384 2	473 2	
4 2	129 2	149 2	190 2	232 2	288 2	347 2	385 2	474 2	
5 2	130 2	150 2	191 2	233 2	289 2	348 2	386 2	475 2	
6 2	131 2	151 2	192 2	234 2	290 2	349 2	387 2	476 2	
7 2	132 2	152 2	193 2	235 2	291 2	350 2	388 2	477 2	
8 2	133 2	153 2	194 2	236 2	292 2	351 2	389 2	478 2	
9 2	134 2	154 2	195 2	237 2	293 2	352 2	390 2	479 2	
10 2	135 2	155 2	196 2	238 2	294 2	353 2	391 2	480 2	
11 2	136 2	156 2	197 2	239 2	295 2	354 2	392 2	481 2	
12 2	137 2	157 2	198 2	240 2	296 2	355 2	393 2	482 2	
13 2	138 2	158 2	199 2	241 2	297 2	356 2	394 2	483 2	
14 2	139 2	159 2	200 2	242 2	298 2	357 2	395 2	484 2	
15 2	140 2	160 2	201 2	243 2	299 2	358 2	396 2	485 2	
16 2	141 2	161 2	202 2	244 2	300 2	359 2	397 2	486 2	
17 2	142 2	162 2	203 2	245 2	301 2	360 2	398 2	487 2	
18 2	143 2	163 2	204 2	246 2	302 2	361 2	399 2	488 2	
19 2	144 2	164 2	205 2	247 2	303 2	362 2	400 2	489 2	
20 2	145 2	165 2	206 2	248 2	304 2	363 2	401 2	490 2	
21 2	146 2	166 2	207 2	249 2	305 2	364 2	402 2	491 2	
22 2	147 2	167 2	208 2	250 2	306 2	365 2	403 2	492 2	
23 2	148 2	168 2	209 2	251 2	307 2	366 2	404 2	493 2	
24 2	149 2	169 2	210 2	252 2	308 2	367 2	405 2	494 2	
25 2	150 2	170 2	211 2	253 2	309 2	368 2	406 2	495 2	
26 2	151 2	171 2	212 2	254 2	310 2	369 2	407 2	496 2	
27 2	152 2	172 2	213 2	255 2	311 2	370 2	408 2	497 2	
28 2	153 2	173 2	214 2	256 2	312 2	371 2	409 2	498 2	
1 2	29 2	154 2	174 2	215 2	313 2	372 2	410 2	499 2	
2 2	30 2	155 2	175 2	216 2	314 2	373 2	411 2	500 2	
3 2	31 2	156 2	176 2	217 2	315 2	374 2	412 2	501 2	
4 2	32 2	157 2	177 2	218 2	316 2	375 2	413 2	502 2	
5 2	33 2	158 2	178 2	219 2	317 2	376 2	414 2	503 2	
6 2	34 2	159 2	179 2	220 2	318 2	377 2	415 2	504 2	
7 2	35 2	160 2	180 2	221 2	319 2	378 2	416 2	505 2	
8 2	36 2	161 2	181 2	222 2	320 2	379 2	417 2	506 2	
9 2	37 2	162 2	182 2	223 2	321 2	380 2	418 2	507 2	
10 2	38 2	163 2	183 2	224 2	322 2	381 2	419 2	508 2	
11 2	39 2	164 2	184 2	225 2	323 2	382 2	420 2	509 2	
12 2	40 2	165 2	185 2	226 2	324 2	383 2	421 2	510 2	
13 2	41 2	166 2	186 2	227 2	325 2	384 2	422 2	511 2	
14 2	42 2	167 2	187 2	228 2	326 2	385 2	423 2	512 2	
15 2	43 2	168 2	188 2	229 2	257 2	327 2	386 2	424 2	
16 2	44 2	169 2	189 2	230 2	258 2	328 2	387 2	425 2	
17 2	45 2	170 2	190 2	231 2	259 2	329 2	388 2	426 2	
18 2	46 2	171 2	191 2	232 2	260 2	330 2	389 2	427 2	
19 2	47 2	172 2	192 2	233 2	261 2	331 2	390 2	428 2	
20 2	48 2	173 2	193 2	234 2	262 2	332 2	391 2	429 2	
21 2	49 2	174 2	194 2	235 2	263 2	333 2	392 2	430 2	
22 2	50 2	175 2	195 2	236 2	264 2	334 2	393 2	431 2	
23 2	51 2	176 2	196 2	237 2	265 2	335 2	394 2	432 2	
24 2	52 2	177 2	197 2	238 2	266 2	336 2	395 2	433 2	
25 2	53 2	178 2	198 2	239 2	267 2	337 2	396 2	434 2	
26 2	54 2	179 2	199 2	240 2	268 2	338 2	397 2	435 2	
27 2	55 2	180 2	200 2	241 2	269 2	339 2	398 2	436 2	
28 2	56 2	181 2	201 2	242 2	270 2	340 2	399 2	437 2	
29 2	57 2	182 2	202 2	243 2	271 2	341 2	400 2	438 2	
30 2	58 2	183 2	203 2	244 2	272 2	342 2	401 2	439 2	
31 2	59 2	184 2	204 2	245 2	273 2	343 2	402 2	440 2	
32 2	60 2	185 2	205 2	246 2	274 2	344 2	403 2	441 2	
33 2	61 2	186 2	206 2	247 2	275 2	345 2	404 2	442 2	
34 2	62 2	187 2	207 2	248 2	276 2	346 2	405 2	443 2	
35 2	63 2	188 2	208 2	249 2	277 2	347 2	406 2	444 2	
36 2	64 2	189 2	209 2	250 2	278 2	348 2	407 2	445 2	
37 2	65 2	190 2	210 2	251 2	279 2	349 2	408 2	446 2	
38 2	66 2	191 2	211 2	252 2	280 2	350 2	409 2	447 2	
39 2	67 2	192 2	212 2	253 2	281 2	351 2	410 2	448 2	
40 2	68 2	193 2	213 2	254 2	282 2	352 2	411 2	449 2	
41 2	69 2	194 2	214 2	255 2	283 2	353 2	412 2	450 2	
42 2	70 2	195 2	215 2	256 2	284 2	354 2	413 2	451 2	
1 2	43 2	71 2	196 2	216 2	285 2	355 2	414 2	452 2	
2 2	44 2	72 2	197 2	217 2	286 2	356 2	415 2	453 2	
3 2	45 2	73 2	198 2	218 2	287 2	357 2	416 2	454 2	
4 2	46 2	74 2	199 2	219 2	288 2	358 2	417 2	455 2	
5 2	47 2	75 2	200 2	220 2	289 2	359 2	418 2	456 2	
6 2	48 2	76 2	201 2	221 2	290 2	360 2	419 2	457 2	
7 2	49 2	77 2	202 2	222 2	291 2	361 2	420 2	458 2	
8 2	50 2	78 2	203 2	223 2	292 2	362 2	421 2	459 2	
9 2	51 2	79 2	204 2	224 2	293 2	363 2	422 2	460 2	
10 2	52 2	80 2	205 2	225 2	294 2	364 2	423 2	461 2	
11 2	53 2	81 2	206 2	226 2	295 2	365 2	424 2	462 2	
12 2	54 2	82 2	207 2	227 2	296 2	366 2	425 2	463 2	
13 2	55 2	83 2	208 2	228 2	297 2	367 2	426 2	464 2	
14 2	56 2	84 2	209 2	229 2	298 2	368 2	427 2	465 2	
15 2	57 2	85 2	210 2	230 2	299 2	369 2	428 2	466 2	
16 2	58 2	86 2	211 2	231 2	300 2	370 2	429 2	467 2	
17 2	59 2	87 2	212 2	232 2	301 2	371 2	430 2	468 2	
18 2	60 2	88 2	213 2	233 2	302 2	372 2	431 2	469 2	
19 2	61 2	89 2	214 2	234 2	303 2	373 2	432 2	470 2	
20 2	62 2	90 2	215 2	235 2	304 2	374 2	433 2	471 2	
21 2	63 2	91 2	216 2	236 2	305 2	375 2	434 2	472 2	
22 2	64 2	92 2	217 2	237 2	306 2	376 2	435 2	473 2	
23 2	65 2	93 2	218 2	238 2	307 2	377 2	436 2	474 2	
24 2	66 2	94 2	219 2	239 2	308 2	378 2	437 2	475 2	
25 2	67 2	95 2	220 2	240 2	309 2	379 2	438 2	476 2	
26 2	68 2	96 2	221 2	241 2	310 2	380 2	439 2	477 2	
27 2	69 2	97 2	222 2	242 2	311 2	381 2	440 2	478 2	
28 2	70 2	98 2	223 2	243 2	312 2	382 2	441 2	479 2	
29 2	71 2	99 2	224 2	244 2	313 2	383 2	442 2	480 2	
30 2	72 2	100 2	225 2	245 2	314 2	384 2	443 2	481 2	
31 2	73 2	101 2	226 2	246 2	315 2	385 2	444 2	482 2	
32 2	74 2	102 2	227 2	247 2	316 2	386 2	445 2	483 2	
33 2	75 2	103 2	228 2	248 2	317 2	387 2	446 2	484 2	
34 2	76 2	104 2	229 2	249 2	318 2	388 2	447 2	485 2	
35 2	77 2	105 2	230 2	250 2	319 2	389 2	448 2	486 2	
36 2	78 2	106 2	231 2	251 2	320 2	390 2	449 2	487 2	
37 2	79 2	107 2	232 2	252 2	321 2	391 2	450 2	488 2	
38 2	80 2	108 2	233 2	253 2	322 2	392 2	451 2	489 2	
39 2	81 2	109 2	234 2	254 2	323 2	393 2	452 2	490 2	
40 2	82 2	110 2	235 2	255 2	324 2	394 2	453 2	491 2	
41 2	83 2	111 2	236 2	256 2	325 2	395 2	454 2	492 2	
1 2	42 2	84 2	112 2	237 2	326 2	396 2	455 2	493 2	
2 2	43 2	85 2	113 2	238 2	327 2	397 2	456 2	494 2	
3 2	44 2	86 2	114 2	239 2	328 2	398 2	457 2	495 2	
4 2	45 2	87 2	115 2	240 2	329 2	399 2	458 2	496 2	
5 2	46 2	88 2	116 2	241 2	330 2	400 2	459 2	497 2	
6 2	47 2	89 2	117 2	242 2	331 2	401 2	460 2	498 2	
7 2	48 2	90 2	118 2	243 2	332 2	402 2	461 2	499 2	
8 2	49 2	91 2	119 2	244 2	333 2	403 2	462 2	500 2	
9 2	50 2	92 2	120 2	245 2	334 2	404 2	463 2	501 2	
10 2	51 2	93 2	121 2	246 2	335 2	405 2	464 2	502 2	
11 2	52 2	94 2	122 2	247 2	336 2	406 2	465 2	503 2	
12 2	53 2	95 2	123 2	248 2	337 2	407 2	466 2	504 2	
13 2	54 2	96 2	124 2	249 2	338 2	408 2	467 2	505 2	
14 2	55 2	97 2	125 2	250 2	339 2	409 2	468 2	506 2	
15 2	56 2	98 2	126 2	251 2	340 2	410 2	469 2	507 2	
16 2	57 2	99 2	127 2	252 2	341 2	411 2	470 2	508 2	
17 2	58 2	100 2	128 2	253 2	342 2	412 2	471 2	509 2	
18 2	59 2	101 2	129 2	254 2	343 2	413 2	472 2	510 2	
19 2	60 2	102 2	130 2	255 2	344 2	414 2	473 2	511 2	
20 2	61 2	103 2	131 2	256 2	345 2	415 2	474 2	512 2	
