800 400
11 15
7 5 7 8 8 5 7 7 8 8 8 8 7 8 8 7 7 7 9 7 7 6 8 8 8 8 7 7 7 8 7 9 8 8 8 5 7 8 8 7 7 7 7 8 8 7 7 8 8 7 7 8 9 8 7 7 8 7 8 8 7 7 8 8 7 6 8 10 8 7 7 8 8 7 7 7 7 7 7 7 7 8 7 6 5 7 10 7 6 6 8 9 8 9 8 7 9 9 7 8 8 9 8 7 7 8 8 8 8 7 6 7 8 7 6 8 8 7 5 7 10 8 7 7 8 7 8 8 8 6 8 8 7 8 8 9 8 6 7 8 8 8 9 7 7 9 7 6 8 8 10 9 6 8 8 8 6 7 8 6 8 8 7 7 8 8 7 7 7 9 8 7 7 8 7 8 8 8 7 8 9 7 8 8 9 8 6 6 8 9 6 7 7 8 8 8 6 7 8 8 6 5 7 9 8 8 7 8 8 8 8 8 6 8 8 7 8 8 10 7 7 7 8 8 7 9 7 6 7 6 7 7 8 8 8 6 7 7 9 7 7 6 8 9 8 8 7 9 7 7 6 6 9 8 7 7 8 8 8 8 6 6 8 9 7 7 7 10 8 6 7 9 8 7 7 7 6 8 7 7 7 8 8 7 6 7 8 8 7 7 9 8 8 9 8 7 9 8 7 7 8 9 8 6 7 8 7 7 8 7 6 7 9 7 7 8 7 7 7 6 9 6 7 7 7 7 7 9 8 7 8 8 7 6 7 10 8 7 7 8 8 8 9 7 7 8 8 8 8 8 9 8 6 6 9 8 7 8 7 7 8 8 7 7 8 7 7 6 8 9 7 7 6 9 8 7 8 7 6 8 8 7 8 8 10 8 7 7 7 8 7 8 7 7 6 8 8 7 8 7 7 6 9 7 8 8 7 6 8 10 8 7 6 7 8 7 7 7 7 7 8 7 7 7 9 7 5 7 8 8 7 7 8 7 7 7 7 8 8 8 7 6 8 10 8 7 7 8 8 7 8 8 8 8 8 6 7 8 9 8 6 7 8 8 8 8 8 7 7 7 8 7 7 7 7 6 8 9 7 7 7 8 7 7 7 8 8 7 8 6 7 8 9 8 7 8 8 9 7 8 8 8 6 8 8 7 8 7 6 4 8 8 8 7 7 8 7 7 7 9 7 8 8 7 7 8 10 7 7 7 7 9 7 8 8 8 8 7 7 7 7 9 7 6 8 9 9 7 8 9 9 8 7 8 7 8 7 8 6 7 10 8 6 7 7 7 7 7 8 8 8 7 7 7 8 9 7 7 7 9 6 7 7 8 8 7 7 7 7 7 7 7 6 8 9 9 8 7 7 8 7 8 9 8 8 8 8 7 8 10 7 6 6 7 9 7 8 8 8 7 7 7 7 8 9 7 5 7 8 7 7 7 8 8 8 8 8 7 8 8 7 7 8 11 8 7 7 8 8 6 8 7 8 8 8 8 7 8 9 7 5 7 7 8 6 8 7 8 8 7 7 7 8 8 8 6 7 9 7 8 7 7 8 7 8 8 7 7 8 7 8 8 10 7 7 8 9 8 7 8 8 8 6 6 7 7 8 8 7 6 8 8 7 7 7 8 7 7 7 8 8 7 8 7 6 8 10 8 7 6 8 7 7 8 8 8 7 8 7 8 8 9 7 4 8 9 8 8 7 8 8 7 7 7 9 8 8 8 6 8 9 7 5 6 8 8 8 6 8 8 8 8 6 6 8 9 7 6 7 9 8 8 8 8 8 7 7 7 7 6 8 7 6 8 9 7 8 7 8 8 
15 15 15 15 15 15 15 15 15 15 15 15 15 15 15 15 15 15 15 15 15 15 15 15 15 15 15 15 15 15 15 15 15 15 15 15 15 15 15 15 15 15 15 15 15 15 15 15 15 15 15 15 15 15 15 15 15 15 15 15 15 15 15 15 15 15 15 15 15 15 15 15 15 15 15 15 15 15 15 15 15 15 15 15 15 15 15 15 15 15 15 15 15 15 15 15 15 15 15 15 15 15 15 15 15 15 15 15 15 15 15 15 15 15 15 15 15 15 15 15 15 15 15 15 15 15 15 15 15 15 15 15 15 15 15 15 15 15 15 15 15 15 15 15 15 15 15 15 15 15 15 15 15 15 15 15 15 15 15 15 15 15 15 15 15 15 15 15 15 15 15 15 15 15 15 15 15 15 15 15 15 15 15 15 15 15 15 15 15 15 15 15 15 15 15 15 15 15 15 15 15 15 15 15 15 15 15 15 15 15 15 15 15 15 15 15 15 15 15 15 15 15 15 15 15 15 15 15 15 15 15 15 15 15 15 15 15 15 15 15 15 15 15 15 15 15 15 15 15 15 15 15 15 15 15 15 15 15 15 15 15 15 15 15 15 15 15 15 15 15 15 15 15 15 15 15 15 15 15 15 15 15 15 15 15 15 15 15 15 15 15 15 15 15 15 15 15 15 15 15 15 15 15 15 15 15 15 15 15 15 15 15 15 15 15 15 15 15 15 15 15 15 15 15 15 15 15 15 15 15 15 15 15 15 15 15 15 15 15 15 15 15 15 15 15 15 15 15 15 15 15 15 15 15 15 15 15 15 15 15 15 15 15 15 15 15 15 15 15 15 15 15 15 15 15 15 15 15 15 15 15 15 15 15 15 15 15 15 15 15 15 15 15 15 15 15 15 15 15 15 
63 1	128 1	200 1	213 2	288 2	291 2	323 2	0 0	0 0	0 0	0 0	
129 1	159 1	214 2	226 2	289 2	0 0	0 0	0 0	0 0	0 0	0 0	
1 1	104 1	163 1	201 2	227 2	236 2	330 2	0 0	0 0	0 0	0 0	
64 1	105 1	164 1	202 2	215 2	237 2	292 2	324 2	0 0	0 0	0 0	
1 1	65 1	130 1	160 1	216 2	290 2	293 2	325 2	0 0	0 0	0 0	
2 1	131 1	228 2	238 2	291 2	0 0	0 0	0 0	0 0	0 0	0 0	
3 1	106 1	165 1	203 2	229 2	239 2	331 2	0 0	0 0	0 0	0 0	
2 1	66 1	107 1	166 1	217 2	294 2	326 2	0 0	0 0	0 0	0 0	
3 1	67 1	132 1	161 1	218 2	292 2	295 2	327 2	0 0	0 0	0 0	
4 1	133 1	162 1	167 1	230 2	240 2	293 2	332 2	0 0	0 0	0 0	
5 1	68 1	108 1	168 1	204 2	241 2	296 2	333 2	0 0	0 0	0 0	
4 1	69 1	109 1	134 1	205 2	219 2	297 2	328 2	0 0	0 0	0 0	
5 1	135 1	163 1	220 2	231 2	294 2	329 2	0 0	0 0	0 0	0 0	
6 1	110 1	164 1	169 1	206 2	232 2	295 2	334 2	0 0	0 0	0 0	
7 1	70 1	111 1	170 1	207 2	242 2	298 2	335 2	0 0	0 0	0 0	
6 1	71 1	136 1	221 2	296 2	299 2	330 2	0 0	0 0	0 0	0 0	
7 1	8 1	137 1	165 1	222 2	233 2	297 2	0 0	0 0	0 0	0 0	
9 1	112 1	166 1	171 1	234 2	243 2	336 2	0 0	0 0	0 0	0 0	
8 1	72 1	113 1	172 1	208 2	223 2	244 2	300 2	337 2	0 0	0 0	
9 1	73 1	138 1	167 1	298 2	301 2	331 2	0 0	0 0	0 0	0 0	
10 1	139 1	168 1	235 2	245 2	299 2	338 2	0 0	0 0	0 0	0 0	
11 1	114 1	173 1	209 2	246 2	339 2	0 0	0 0	0 0	0 0	0 0	
10 1	74 1	115 1	174 1	210 2	224 2	302 2	332 2	0 0	0 0	0 0	
11 1	75 1	140 1	169 1	225 2	300 2	303 2	333 2	0 0	0 0	0 0	
12 1	141 1	170 1	175 1	236 2	247 2	301 2	340 2	0 0	0 0	0 0	
13 1	76 1	116 1	176 1	211 2	237 2	248 2	341 2	0 0	0 0	0 0	
12 1	77 1	117 1	212 2	226 2	304 2	334 2	0 0	0 0	0 0	0 0	
13 1	142 1	171 1	227 2	238 2	302 2	335 2	0 0	0 0	0 0	0 0	
14 1	172 1	177 1	239 2	249 2	303 2	342 2	0 0	0 0	0 0	0 0	
15 1	78 1	118 1	178 1	213 2	250 2	305 2	343 2	0 0	0 0	0 0	
14 1	79 1	143 1	214 2	228 2	306 2	336 2	0 0	0 0	0 0	0 0	
15 1	16 1	144 1	173 1	229 2	240 2	304 2	337 2	344 2	0 0	0 0	
17 1	119 1	174 1	179 1	215 2	241 2	251 2	345 2	0 0	0 0	0 0	
16 1	80 1	120 1	180 1	216 2	307 2	338 2	346 2	0 0	0 0	0 0	
17 1	81 1	145 1	175 1	230 2	305 2	308 2	339 2	0 0	0 0	0 0	
18 1	146 1	176 1	306 2	347 2	0 0	0 0	0 0	0 0	0 0	0 0	
19 1	121 1	181 1	217 2	242 2	252 2	348 2	0 0	0 0	0 0	0 0	
18 1	82 1	122 1	182 1	218 2	231 2	309 2	340 2	0 0	0 0	0 0	
19 1	83 1	147 1	177 1	232 2	307 2	310 2	341 2	0 0	0 0	0 0	
20 1	148 1	178 1	243 2	253 2	308 2	349 2	0 0	0 0	0 0	0 0	
21 1	123 1	183 1	219 2	244 2	254 2	350 2	0 0	0 0	0 0	0 0	
20 1	84 1	124 1	220 2	233 2	311 2	342 2	0 0	0 0	0 0	0 0	
21 1	149 1	179 1	234 2	245 2	309 2	343 2	0 0	0 0	0 0	0 0	
22 1	150 1	180 1	184 1	246 2	255 2	310 2	351 2	0 0	0 0	0 0	
23 1	85 1	125 1	185 1	221 2	256 2	312 2	344 2	0 0	0 0	0 0	
22 1	86 1	151 1	222 2	235 2	313 2	345 2	0 0	0 0	0 0	0 0	
23 1	152 1	181 1	247 2	311 2	314 2	346 2	0 0	0 0	0 0	0 0	
24 1	126 1	182 1	186 1	223 2	248 2	257 2	352 2	0 0	0 0	0 0	
25 1	87 1	127 1	187 1	258 2	315 2	347 2	353 2	0 0	0 0	0 0	
24 1	88 1	153 1	236 2	312 2	316 2	348 2	0 0	0 0	0 0	0 0	
25 1	26 1	154 1	183 1	237 2	249 2	313 2	0 0	0 0	0 0	0 0	
27 1	128 1	188 1	224 2	250 2	259 2	314 2	354 2	0 0	0 0	0 0	
26 1	89 1	129 1	189 1	225 2	238 2	260 2	317 2	349 2	0 0	0 0	
27 1	90 1	155 1	184 1	239 2	315 2	318 2	350 2	0 0	0 0	0 0	
28 1	156 1	185 1	251 2	261 2	316 2	355 2	0 0	0 0	0 0	0 0	
29 1	130 1	190 1	226 2	262 2	319 2	356 2	0 0	0 0	0 0	0 0	
28 1	91 1	131 1	191 1	227 2	240 2	320 2	351 2	0 0	0 0	0 0	
29 1	92 1	157 1	186 1	241 2	317 2	321 2	0 0	0 0	0 0	0 0	
30 1	158 1	187 1	192 1	252 2	263 2	318 2	357 2	0 0	0 0	0 0	
31 1	93 1	132 1	193 1	228 2	264 2	322 2	358 2	0 0	0 0	0 0	
30 1	94 1	133 1	229 2	319 2	323 2	352 2	0 0	0 0	0 0	0 0	
31 1	159 1	188 1	242 2	253 2	320 2	353 2	0 0	0 0	0 0	0 0	
32 1	134 1	189 1	194 1	254 2	265 2	321 2	359 2	0 0	0 0	0 0	
33 1	95 1	135 1	195 1	230 2	266 2	324 2	360 2	0 0	0 0	0 0	
32 1	96 1	160 1	243 2	322 2	325 2	354 2	0 0	0 0	0 0	0 0	
33 1	34 1	190 1	244 2	255 2	323 2	0 0	0 0	0 0	0 0	0 0	
35 1	136 1	191 1	196 1	231 2	256 2	267 2	361 2	0 0	0 0	0 0	
34 1	97 1	137 1	197 1	232 2	245 2	268 2	326 2	355 2	362 2	0 0	
35 1	98 1	161 1	192 1	246 2	324 2	327 2	356 2	0 0	0 0	0 0	
36 1	162 1	193 1	257 2	269 2	325 2	363 2	0 0	0 0	0 0	0 0	
37 1	138 1	198 1	233 2	258 2	270 2	364 2	0 0	0 0	0 0	0 0	
36 1	99 1	139 1	199 1	234 2	247 2	328 2	357 2	0 0	0 0	0 0	
37 1	100 1	163 1	194 1	248 2	326 2	329 2	358 2	0 0	0 0	0 0	
38 1	164 1	195 1	259 2	271 2	327 2	365 2	0 0	0 0	0 0	0 0	
39 1	140 1	200 1	235 2	260 2	272 2	366 2	0 0	0 0	0 0	0 0	
38 1	101 1	141 1	249 2	273 2	330 2	359 2	0 0	0 0	0 0	0 0	
39 1	165 1	196 1	250 2	261 2	328 2	360 2	0 0	0 0	0 0	0 0	
40 1	166 1	197 1	262 2	274 2	329 2	367 2	0 0	0 0	0 0	0 0	
1 1	41 1	102 1	142 1	236 2	275 2	368 2	0 0	0 0	0 0	0 0	
40 1	103 1	167 1	237 2	251 2	331 2	361 2	0 0	0 0	0 0	0 0	
41 1	168 1	198 1	263 2	330 2	362 2	369 2	0 0	0 0	0 0	0 0	
2 1	42 1	143 1	199 1	238 2	264 2	276 2	370 2	0 0	0 0	0 0	
3 1	104 1	144 1	239 2	332 2	363 2	371 2	0 0	0 0	0 0	0 0	
42 1	105 1	169 1	252 2	333 2	364 2	0 0	0 0	0 0	0 0	0 0	
43 1	170 1	200 1	265 2	331 2	0 0	0 0	0 0	0 0	0 0	0 0	
4 1	44 1	145 1	240 2	266 2	277 2	372 2	0 0	0 0	0 0	0 0	
5 1	43 1	106 1	146 1	241 2	253 2	278 2	334 2	365 2	373 2	0 0	
44 1	107 1	171 1	254 2	332 2	335 2	366 2	0 0	0 0	0 0	0 0	
1 1	45 1	172 1	267 2	333 2	374 2	0 0	0 0	0 0	0 0	0 0	
6 1	46 1	147 1	268 2	279 2	375 2	0 0	0 0	0 0	0 0	0 0	
7 1	45 1	108 1	148 1	242 2	255 2	336 2	367 2	0 0	0 0	0 0	
2 1	46 1	109 1	173 1	256 2	269 2	334 2	337 2	368 2	0 0	0 0	
3 1	8 1	47 1	174 1	270 2	280 2	335 2	376 2	0 0	0 0	0 0	
9 1	48 1	110 1	149 1	243 2	281 2	338 2	369 2	377 2	0 0	0 0	
47 1	111 1	150 1	175 1	244 2	257 2	339 2	370 2	0 0	0 0	0 0	
4 1	48 1	176 1	258 2	271 2	336 2	371 2	0 0	0 0	0 0	0 0	
5 1	10 1	49 1	151 1	245 2	272 2	282 2	337 2	378 2	0 0	0 0	
11 1	50 1	112 1	152 1	246 2	273 2	283 2	340 2	379 2	0 0	0 0	
49 1	113 1	177 1	259 2	338 2	341 2	372 2	0 0	0 0	0 0	0 0	
6 1	50 1	51 1	178 1	260 2	274 2	339 2	373 2	0 0	0 0	0 0	
7 1	12 1	52 1	153 1	247 2	275 2	284 2	380 2	0 0	0 0	0 0	
13 1	51 1	114 1	154 1	248 2	261 2	285 2	342 2	374 2	0 0	0 0	
8 1	52 1	115 1	179 1	262 2	340 2	343 2	375 2	0 0	0 0	0 0	
9 1	53 1	180 1	276 2	286 2	341 2	381 2	0 0	0 0	0 0	0 0	
14 1	54 1	155 1	249 2	287 2	344 2	382 2	0 0	0 0	0 0	0 0	
15 1	53 1	116 1	156 1	250 2	263 2	345 2	376 2	0 0	0 0	0 0	
10 1	54 1	117 1	181 1	264 2	342 2	346 2	377 2	0 0	0 0	0 0	
11 1	16 1	55 1	182 1	277 2	288 2	343 2	383 2	0 0	0 0	0 0	
17 1	56 1	157 1	251 2	278 2	289 2	347 2	384 2	0 0	0 0	0 0	
55 1	118 1	158 1	265 2	344 2	348 2	378 2	0 0	0 0	0 0	0 0	
12 1	56 1	183 1	266 2	345 2	379 2	0 0	0 0	0 0	0 0	0 0	
13 1	18 1	57 1	279 2	290 2	346 2	385 2	0 0	0 0	0 0	0 0	
19 1	58 1	119 1	159 1	252 2	291 2	349 2	386 2	0 0	0 0	0 0	
57 1	120 1	184 1	267 2	347 2	350 2	380 2	0 0	0 0	0 0	0 0	
14 1	58 1	185 1	268 2	280 2	348 2	0 0	0 0	0 0	0 0	0 0	
15 1	20 1	59 1	160 1	253 2	281 2	292 2	387 2	0 0	0 0	0 0	
21 1	121 1	254 2	269 2	293 2	351 2	381 2	388 2	0 0	0 0	0 0	
16 1	59 1	122 1	186 1	270 2	349 2	382 2	0 0	0 0	0 0	0 0	
17 1	60 1	187 1	282 2	350 2	0 0	0 0	0 0	0 0	0 0	0 0	
22 1	61 1	161 1	255 2	283 2	294 2	389 2	0 0	0 0	0 0	0 0	
23 1	60 1	123 1	162 1	256 2	271 2	295 2	352 2	383 2	390 2	0 0	
18 1	61 1	124 1	188 1	272 2	351 2	353 2	384 2	0 0	0 0	0 0	
19 1	62 1	189 1	273 2	284 2	296 2	391 2	0 0	0 0	0 0	0 0	
24 1	63 1	163 1	257 2	285 2	297 2	392 2	0 0	0 0	0 0	0 0	
25 1	62 1	125 1	164 1	258 2	274 2	354 2	385 2	0 0	0 0	0 0	
20 1	63 1	190 1	275 2	286 2	352 2	386 2	0 0	0 0	0 0	0 0	
21 1	26 1	64 1	191 1	287 2	298 2	353 2	393 2	0 0	0 0	0 0	
27 1	65 1	126 1	165 1	259 2	299 2	355 2	394 2	0 0	0 0	0 0	
64 1	127 1	166 1	192 1	260 2	276 2	356 2	387 2	0 0	0 0	0 0	
22 1	65 1	193 1	288 2	354 2	388 2	0 0	0 0	0 0	0 0	0 0	
23 1	28 1	66 1	167 1	261 2	289 2	300 2	395 2	0 0	0 0	0 0	
29 1	67 1	128 1	168 1	262 2	301 2	357 2	396 2	0 0	0 0	0 0	
66 1	129 1	194 1	277 2	355 2	358 2	389 2	0 0	0 0	0 0	0 0	
24 1	67 1	68 1	195 1	278 2	290 2	356 2	390 2	0 0	0 0	0 0	
25 1	30 1	69 1	169 1	263 2	291 2	302 2	397 2	0 0	0 0	0 0	
31 1	68 1	130 1	170 1	264 2	303 2	359 2	391 2	398 2	0 0	0 0	
26 1	69 1	131 1	196 1	279 2	357 2	360 2	392 2	0 0	0 0	0 0	
27 1	70 1	197 1	292 2	358 2	399 2	0 0	0 0	0 0	0 0	0 0	
32 1	71 1	171 1	265 2	293 2	304 2	400 2	0 0	0 0	0 0	0 0	
33 1	70 1	132 1	172 1	266 2	280 2	361 2	393 2	0 0	0 0	0 0	
28 1	71 1	133 1	198 1	281 2	359 2	362 2	394 2	0 0	0 0	0 0	
29 1	34 1	72 1	199 1	201 2	294 2	305 2	360 2	0 0	0 0	0 0	
35 1	73 1	134 1	173 1	202 2	267 2	295 2	306 2	363 2	0 0	0 0	
72 1	135 1	174 1	268 2	282 2	364 2	395 2	0 0	0 0	0 0	0 0	
30 1	73 1	200 1	283 2	296 2	361 2	396 2	0 0	0 0	0 0	0 0	
31 1	36 1	74 1	175 1	203 2	269 2	297 2	307 2	362 2	0 0	0 0	
37 1	75 1	136 1	176 1	270 2	308 2	365 2	0 0	0 0	0 0	0 0	
74 1	137 1	284 2	363 2	366 2	397 2	0 0	0 0	0 0	0 0	0 0	
1 1	32 1	75 1	76 1	285 2	298 2	364 2	398 2	0 0	0 0	0 0	
33 1	38 1	77 1	177 1	204 2	271 2	299 2	309 2	0 0	0 0	0 0	
39 1	76 1	138 1	178 1	205 2	272 2	286 2	310 2	367 2	399 2	0 0	
2 1	34 1	77 1	139 1	273 2	287 2	365 2	368 2	400 2	0 0	0 0	
3 1	35 1	78 1	206 2	300 2	366 2	0 0	0 0	0 0	0 0	0 0	
40 1	79 1	179 1	207 2	274 2	301 2	311 2	369 2	0 0	0 0	0 0	
41 1	78 1	140 1	180 1	201 2	275 2	288 2	370 2	0 0	0 0	0 0	
4 1	36 1	79 1	141 1	202 2	289 2	367 2	371 2	0 0	0 0	0 0	
5 1	37 1	80 1	302 2	312 2	368 2	0 0	0 0	0 0	0 0	0 0	
42 1	81 1	181 1	208 2	276 2	303 2	313 2	0 0	0 0	0 0	0 0	
80 1	142 1	182 1	203 2	290 2	314 2	369 2	372 2	0 0	0 0	0 0	
6 1	38 1	81 1	291 2	370 2	373 2	0 0	0 0	0 0	0 0	0 0	
7 1	39 1	43 1	82 1	209 2	304 2	315 2	371 2	0 0	0 0	0 0	
44 1	83 1	143 1	183 1	210 2	277 2	316 2	374 2	0 0	0 0	0 0	
8 1	82 1	144 1	204 2	278 2	292 2	375 2	0 0	0 0	0 0	0 0	
9 1	40 1	83 1	205 2	293 2	305 2	372 2	0 0	0 0	0 0	0 0	
41 1	45 1	84 1	184 1	211 2	306 2	317 2	373 2	0 0	0 0	0 0	
46 1	145 1	185 1	206 2	212 2	279 2	318 2	376 2	0 0	0 0	0 0	
10 1	84 1	146 1	207 2	294 2	374 2	377 2	0 0	0 0	0 0	0 0	
11 1	42 1	85 1	295 2	307 2	319 2	375 2	0 0	0 0	0 0	0 0	
47 1	86 1	186 1	213 2	280 2	308 2	320 2	0 0	0 0	0 0	0 0	
48 1	85 1	147 1	187 1	214 2	281 2	296 2	321 2	378 2	0 0	0 0	
12 1	43 1	86 1	148 1	208 2	297 2	376 2	379 2	0 0	0 0	0 0	
13 1	44 1	87 1	215 2	309 2	322 2	377 2	0 0	0 0	0 0	0 0	
49 1	88 1	188 1	216 2	282 2	310 2	323 2	0 0	0 0	0 0	0 0	
50 1	87 1	149 1	189 1	209 2	283 2	298 2	380 2	0 0	0 0	0 0	
14 1	45 1	88 1	150 1	210 2	299 2	378 2	0 0	0 0	0 0	0 0	
15 1	46 1	51 1	89 1	217 2	311 2	324 2	379 2	0 0	0 0	0 0	
52 1	90 1	151 1	190 1	218 2	284 2	325 2	381 2	0 0	0 0	0 0	
16 1	89 1	152 1	191 1	211 2	285 2	300 2	382 2	0 0	0 0	0 0	
17 1	47 1	90 1	212 2	301 2	312 2	380 2	0 0	0 0	0 0	0 0	
48 1	53 1	91 1	192 1	219 2	286 2	313 2	326 2	0 0	0 0	0 0	
54 1	92 1	153 1	193 1	220 2	287 2	314 2	327 2	383 2	0 0	0 0	
18 1	91 1	154 1	213 2	302 2	381 2	384 2	0 0	0 0	0 0	0 0	
19 1	49 1	92 1	93 1	214 2	303 2	315 2	382 2	0 0	0 0	0 0	
50 1	55 1	94 1	194 1	221 2	288 2	316 2	328 2	0 0	0 0	0 0	
56 1	93 1	155 1	195 1	215 2	222 2	289 2	329 2	385 2	0 0	0 0	
20 1	51 1	94 1	156 1	216 2	304 2	383 2	386 2	0 0	0 0	0 0	
21 1	52 1	95 1	223 2	317 2	384 2	0 0	0 0	0 0	0 0	0 0	
57 1	96 1	196 1	290 2	318 2	330 2	0 0	0 0	0 0	0 0	0 0	
58 1	95 1	157 1	197 1	217 2	291 2	305 2	387 2	0 0	0 0	0 0	
22 1	53 1	96 1	158 1	218 2	306 2	319 2	385 2	388 2	0 0	0 0	
23 1	54 1	97 1	224 2	320 2	386 2	0 0	0 0	0 0	0 0	0 0	
59 1	98 1	198 1	225 2	292 2	321 2	331 2	0 0	0 0	0 0	0 0	
97 1	159 1	199 1	219 2	293 2	307 2	389 2	0 0	0 0	0 0	0 0	
24 1	55 1	98 1	220 2	308 2	322 2	387 2	390 2	0 0	0 0	0 0	
25 1	56 1	60 1	99 1	226 2	323 2	332 2	388 2	0 0	0 0	0 0	
61 1	100 1	160 1	200 1	227 2	294 2	333 2	391 2	0 0	0 0	0 0	
26 1	99 1	221 2	295 2	309 2	392 2	0 0	0 0	0 0	0 0	0 0	
27 1	57 1	100 1	222 2	310 2	324 2	389 2	0 0	0 0	0 0	0 0	
58 1	62 1	101 1	228 2	296 2	325 2	334 2	390 2	0 0	0 0	0 0	
1 1	63 1	161 1	223 2	229 2	297 2	335 2	393 2	0 0	0 0	0 0	
28 1	101 1	162 1	311 2	391 2	394 2	0 0	0 0	0 0	0 0	0 0	
29 1	59 1	102 1	326 2	392 2	0 0	0 0	0 0	0 0	0 0	0 0	
2 1	64 1	103 1	230 2	298 2	327 2	336 2	0 0	0 0	0 0	0 0	
3 1	65 1	102 1	163 1	224 2	299 2	312 2	337 2	395 2	0 0	0 0	
30 1	60 1	103 1	164 1	225 2	313 2	393 2	396 2	0 0	0 0	0 0	
31 1	61 1	104 1	231 2	314 2	328 2	338 2	394 2	0 0	0 0	0 0	
4 1	66 1	105 1	232 2	300 2	329 2	339 2	0 0	0 0	0 0	0 0	
5 1	67 1	104 1	165 1	226 2	301 2	315 2	397 2	0 0	0 0	0 0	
32 1	62 1	105 1	166 1	227 2	316 2	395 2	398 2	0 0	0 0	0 0	
33 1	63 1	68 1	106 1	233 2	330 2	340 2	396 2	0 0	0 0	0 0	
6 1	69 1	107 1	167 1	234 2	302 2	341 2	399 2	0 0	0 0	0 0	
7 1	34 1	106 1	168 1	228 2	303 2	317 2	400 2	0 0	0 0	0 0	
35 1	64 1	107 1	229 2	318 2	397 2	0 0	0 0	0 0	0 0	0 0	
8 1	65 1	70 1	108 1	235 2	331 2	342 2	398 2	0 0	0 0	0 0	
9 1	71 1	109 1	169 1	201 2	304 2	319 2	343 2	0 0	0 0	0 0	
36 1	108 1	170 1	202 2	230 2	320 2	399 2	0 0	0 0	0 0	0 0	
37 1	66 1	109 1	110 1	321 2	332 2	344 2	400 2	0 0	0 0	0 0	
10 1	67 1	72 1	111 1	236 2	305 2	333 2	345 2	0 0	0 0	0 0	
11 1	73 1	110 1	171 1	203 2	231 2	237 2	306 2	322 2	346 2	0 0	
38 1	68 1	111 1	172 1	201 2	232 2	323 2	0 0	0 0	0 0	0 0	
39 1	69 1	112 1	202 2	238 2	334 2	347 2	0 0	0 0	0 0	0 0	
12 1	74 1	113 1	239 2	307 2	335 2	348 2	0 0	0 0	0 0	0 0	
13 1	75 1	112 1	173 1	204 2	233 2	308 2	324 2	0 0	0 0	0 0	
40 1	70 1	113 1	174 1	203 2	205 2	234 2	325 2	0 0	0 0	0 0	
41 1	71 1	76 1	114 1	240 2	336 2	349 2	0 0	0 0	0 0	0 0	
14 1	77 1	115 1	175 1	206 2	241 2	309 2	337 2	350 2	0 0	0 0	
15 1	114 1	176 1	207 2	235 2	310 2	326 2	0 0	0 0	0 0	0 0	
42 1	72 1	115 1	204 2	327 2	338 2	0 0	0 0	0 0	0 0	0 0	
16 1	73 1	78 1	116 1	205 2	339 2	351 2	0 0	0 0	0 0	0 0	
17 1	79 1	117 1	177 1	242 2	311 2	0 0	0 0	0 0	0 0	0 0	
43 1	116 1	178 1	206 2	208 2	236 2	328 2	0 0	0 0	0 0	0 0	
44 1	74 1	117 1	207 2	237 2	329 2	340 2	0 0	0 0	0 0	0 0	
18 1	75 1	80 1	118 1	243 2	312 2	341 2	352 2	0 0	0 0	0 0	
19 1	81 1	179 1	209 2	238 2	244 2	313 2	353 2	0 0	0 0	0 0	
45 1	76 1	118 1	180 1	210 2	239 2	314 2	330 2	0 0	0 0	0 0	
46 1	77 1	119 1	208 2	245 2	342 2	0 0	0 0	0 0	0 0	0 0	
20 1	82 1	120 1	246 2	315 2	343 2	354 2	0 0	0 0	0 0	0 0	
21 1	83 1	119 1	181 1	211 2	240 2	316 2	0 0	0 0	0 0	0 0	
47 1	78 1	120 1	182 1	209 2	212 2	241 2	331 2	344 2	0 0	0 0	
48 1	79 1	121 1	210 2	247 2	345 2	355 2	0 0	0 0	0 0	0 0	
22 1	84 1	122 1	248 2	317 2	346 2	356 2	0 0	0 0	0 0	0 0	
23 1	121 1	183 1	213 2	318 2	332 2	0 0	0 0	0 0	0 0	0 0	
49 1	80 1	122 1	211 2	214 2	242 2	333 2	347 2	0 0	0 0	0 0	
50 1	81 1	85 1	123 1	212 2	249 2	319 2	348 2	357 2	0 0	0 0	
24 1	86 1	124 1	184 1	215 2	250 2	320 2	358 2	0 0	0 0	0 0	
25 1	51 1	123 1	185 1	216 2	243 2	321 2	334 2	0 0	0 0	0 0	
52 1	82 1	124 1	213 2	244 2	335 2	349 2	0 0	0 0	0 0	0 0	
26 1	83 1	87 1	125 1	214 2	251 2	322 2	350 2	359 2	0 0	0 0	
27 1	88 1	186 1	217 2	245 2	323 2	360 2	0 0	0 0	0 0	0 0	
53 1	125 1	187 1	215 2	218 2	246 2	336 2	0 0	0 0	0 0	0 0	
54 1	84 1	126 1	216 2	337 2	351 2	0 0	0 0	0 0	0 0	0 0	
28 1	89 1	127 1	252 2	324 2	361 2	0 0	0 0	0 0	0 0	0 0	
29 1	90 1	126 1	188 1	219 2	247 2	325 2	338 2	362 2	0 0	0 0	
55 1	85 1	127 1	189 1	217 2	220 2	248 2	339 2	0 0	0 0	0 0	
56 1	86 1	128 1	218 2	253 2	352 2	363 2	0 0	0 0	0 0	0 0	
30 1	91 1	129 1	254 2	326 2	353 2	364 2	0 0	0 0	0 0	0 0	
31 1	92 1	128 1	190 1	221 2	249 2	327 2	340 2	0 0	0 0	0 0	
57 1	87 1	129 1	191 1	219 2	222 2	250 2	341 2	0 0	0 0	0 0	
58 1	88 1	93 1	130 1	220 2	255 2	354 2	365 2	0 0	0 0	0 0	
32 1	94 1	131 1	192 1	223 2	256 2	328 2	366 2	0 0	0 0	0 0	
33 1	130 1	193 1	251 2	329 2	342 2	0 0	0 0	0 0	0 0	0 0	
59 1	89 1	131 1	221 2	343 2	355 2	0 0	0 0	0 0	0 0	0 0	
34 1	90 1	95 1	132 1	222 2	257 2	356 2	367 2	0 0	0 0	0 0	
35 1	96 1	133 1	194 1	224 2	258 2	330 2	344 2	368 2	0 0	0 0	
60 1	132 1	195 1	223 2	225 2	252 2	345 2	0 0	0 0	0 0	0 0	
61 1	91 1	133 1	134 1	346 2	357 2	369 2	0 0	0 0	0 0	0 0	
36 1	92 1	97 1	135 1	259 2	358 2	370 2	0 0	0 0	0 0	0 0	
37 1	98 1	134 1	196 1	226 2	253 2	260 2	331 2	347 2	371 2	0 0	
62 1	93 1	135 1	197 1	224 2	227 2	254 2	348 2	0 0	0 0	0 0	
63 1	94 1	136 1	225 2	261 2	359 2	0 0	0 0	0 0	0 0	0 0	
38 1	99 1	137 1	262 2	332 2	360 2	372 2	0 0	0 0	0 0	0 0	
39 1	100 1	136 1	198 1	228 2	255 2	333 2	349 2	373 2	0 0	0 0	
64 1	95 1	137 1	199 1	226 2	229 2	256 2	350 2	0 0	0 0	0 0	
65 1	96 1	138 1	227 2	263 2	361 2	374 2	0 0	0 0	0 0	0 0	
40 1	101 1	139 1	264 2	334 2	362 2	375 2	0 0	0 0	0 0	0 0	
41 1	138 1	200 1	230 2	257 2	335 2	351 2	0 0	0 0	0 0	0 0	
66 1	97 1	139 1	228 2	258 2	363 2	0 0	0 0	0 0	0 0	0 0	
67 1	98 1	102 1	140 1	229 2	265 2	364 2	376 2	0 0	0 0	0 0	
42 1	103 1	141 1	231 2	266 2	336 2	377 2	0 0	0 0	0 0	0 0	
1 1	68 1	140 1	232 2	259 2	337 2	352 2	0 0	0 0	0 0	0 0	
69 1	99 1	141 1	230 2	260 2	353 2	365 2	0 0	0 0	0 0	0 0	
43 1	100 1	104 1	142 1	267 2	338 2	366 2	378 2	0 0	0 0	0 0	
2 1	44 1	105 1	233 2	261 2	268 2	339 2	379 2	0 0	0 0	0 0	
3 1	70 1	142 1	231 2	234 2	262 2	354 2	0 0	0 0	0 0	0 0	
71 1	101 1	143 1	232 2	269 2	367 2	0 0	0 0	0 0	0 0	0 0	
45 1	106 1	144 1	270 2	340 2	368 2	380 2	0 0	0 0	0 0	0 0	
4 1	46 1	107 1	143 1	235 2	263 2	341 2	355 2	0 0	0 0	0 0	
5 1	72 1	102 1	144 1	233 2	264 2	356 2	369 2	0 0	0 0	0 0	
73 1	103 1	145 1	234 2	271 2	370 2	381 2	0 0	0 0	0 0	0 0	
47 1	108 1	146 1	272 2	342 2	371 2	382 2	0 0	0 0	0 0	0 0	
6 1	48 1	109 1	145 1	236 2	265 2	273 2	343 2	357 2	0 0	0 0	
7 1	74 1	104 1	146 1	235 2	237 2	266 2	358 2	0 0	0 0	0 0	
75 1	105 1	110 1	147 1	274 2	344 2	372 2	383 2	0 0	0 0	0 0	
8 1	49 1	111 1	148 1	238 2	275 2	345 2	373 2	384 2	0 0	0 0	
9 1	50 1	76 1	147 1	239 2	267 2	346 2	359 2	0 0	0 0	0 0	
77 1	106 1	148 1	236 2	268 2	360 2	374 2	0 0	0 0	0 0	0 0	
51 1	107 1	112 1	149 1	237 2	276 2	347 2	375 2	385 2	0 0	0 0	
10 1	52 1	113 1	150 1	240 2	269 2	348 2	386 2	0 0	0 0	0 0	
11 1	78 1	149 1	238 2	241 2	270 2	361 2	0 0	0 0	0 0	0 0	
79 1	108 1	150 1	151 1	239 2	362 2	376 2	0 0	0 0	0 0	0 0	
53 1	109 1	114 1	152 1	277 2	349 2	377 2	387 2	0 0	0 0	0 0	
12 1	54 1	115 1	151 1	271 2	278 2	350 2	363 2	388 2	0 0	0 0	
13 1	80 1	110 1	152 1	240 2	242 2	272 2	364 2	0 0	0 0	0 0	
81 1	111 1	153 1	241 2	273 2	378 2	0 0	0 0	0 0	0 0	0 0	
55 1	116 1	154 1	279 2	351 2	379 2	389 2	0 0	0 0	0 0	0 0	
14 1	56 1	117 1	153 1	243 2	274 2	365 2	390 2	0 0	0 0	0 0	
15 1	82 1	112 1	154 1	244 2	275 2	366 2	0 0	0 0	0 0	0 0	
83 1	113 1	155 1	242 2	280 2	380 2	391 2	0 0	0 0	0 0	0 0	
16 1	57 1	118 1	156 1	245 2	281 2	352 2	392 2	0 0	0 0	0 0	
17 1	58 1	155 1	246 2	276 2	353 2	367 2	0 0	0 0	0 0	0 0	
84 1	114 1	156 1	243 2	368 2	381 2	0 0	0 0	0 0	0 0	0 0	
115 1	119 1	157 1	244 2	282 2	382 2	393 2	0 0	0 0	0 0	0 0	
18 1	59 1	120 1	158 1	247 2	283 2	354 2	369 2	394 2	0 0	0 0	
19 1	85 1	157 1	245 2	248 2	277 2	370 2	0 0	0 0	0 0	0 0	
86 1	116 1	158 1	246 2	278 2	371 2	383 2	0 0	0 0	0 0	0 0	
60 1	117 1	121 1	159 1	284 2	355 2	384 2	395 2	0 0	0 0	0 0	
20 1	61 1	122 1	249 2	285 2	356 2	396 2	0 0	0 0	0 0	0 0	
21 1	87 1	159 1	247 2	250 2	279 2	372 2	0 0	0 0	0 0	0 0	
88 1	118 1	160 1	248 2	286 2	373 2	385 2	0 0	0 0	0 0	0 0	
62 1	123 1	287 2	357 2	386 2	397 2	0 0	0 0	0 0	0 0	0 0	
22 1	63 1	124 1	160 1	251 2	280 2	358 2	374 2	398 2	0 0	0 0	
23 1	89 1	119 1	249 2	281 2	375 2	0 0	0 0	0 0	0 0	0 0	
90 1	120 1	161 1	250 2	288 2	387 2	399 2	0 0	0 0	0 0	0 0	
64 1	125 1	162 1	289 2	359 2	388 2	400 2	0 0	0 0	0 0	0 0	
24 1	65 1	161 1	252 2	282 2	360 2	376 2	0 0	0 0	0 0	0 0	
25 1	91 1	121 1	162 1	251 2	283 2	377 2	0 0	0 0	0 0	0 0	
92 1	122 1	126 1	163 1	201 2	290 2	389 2	0 0	0 0	0 0	0 0	
26 1	66 1	127 1	164 1	202 2	253 2	291 2	361 2	390 2	0 0	0 0	
27 1	67 1	93 1	163 1	254 2	284 2	362 2	378 2	0 0	0 0	0 0	
94 1	123 1	164 1	252 2	285 2	379 2	391 2	0 0	0 0	0 0	0 0	
68 1	124 1	128 1	165 1	203 2	292 2	363 2	392 2	0 0	0 0	0 0	
28 1	69 1	129 1	166 1	255 2	286 2	293 2	364 2	0 0	0 0	0 0	
29 1	95 1	165 1	253 2	256 2	287 2	380 2	0 0	0 0	0 0	0 0	
96 1	125 1	166 1	167 1	254 2	393 2	0 0	0 0	0 0	0 0	0 0	
70 1	130 1	168 1	204 2	294 2	365 2	394 2	0 0	0 0	0 0	0 0	
30 1	71 1	131 1	167 1	205 2	257 2	288 2	295 2	366 2	381 2	0 0	
31 1	97 1	126 1	168 1	255 2	258 2	289 2	382 2	0 0	0 0	0 0	
98 1	127 1	169 1	206 2	256 2	296 2	395 2	0 0	0 0	0 0	0 0	
72 1	132 1	170 1	207 2	297 2	367 2	396 2	0 0	0 0	0 0	0 0	
32 1	73 1	133 1	169 1	259 2	290 2	368 2	383 2	0 0	0 0	0 0	
33 1	99 1	128 1	170 1	257 2	260 2	291 2	384 2	0 0	0 0	0 0	
100 1	129 1	134 1	171 1	258 2	298 2	369 2	397 2	0 0	0 0	0 0	
34 1	74 1	135 1	172 1	208 2	261 2	299 2	370 2	398 2	0 0	0 0	
35 1	75 1	171 1	262 2	292 2	371 2	385 2	0 0	0 0	0 0	0 0	
101 1	130 1	172 1	259 2	293 2	386 2	399 2	0 0	0 0	0 0	0 0	
76 1	131 1	136 1	173 1	209 2	260 2	300 2	400 2	0 0	0 0	0 0	
36 1	77 1	137 1	174 1	210 2	263 2	301 2	372 2	0 0	0 0	0 0	
37 1	102 1	173 1	261 2	264 2	294 2	373 2	387 2	0 0	0 0	0 0	
103 1	132 1	174 1	175 1	201 2	262 2	295 2	388 2	0 0	0 0	0 0	
78 1	133 1	138 1	176 1	202 2	211 2	302 2	374 2	0 0	0 0	0 0	
38 1	79 1	139 1	175 1	212 2	265 2	296 2	303 2	375 2	0 0	0 0	
39 1	104 1	134 1	176 1	263 2	266 2	297 2	389 2	0 0	0 0	0 0	
105 1	135 1	177 1	203 2	264 2	390 2	0 0	0 0	0 0	0 0	0 0	
80 1	140 1	178 1	213 2	304 2	376 2	0 0	0 0	0 0	0 0	0 0	
40 1	81 1	141 1	177 1	214 2	267 2	298 2	377 2	391 2	0 0	0 0	
41 1	106 1	136 1	178 1	265 2	268 2	299 2	392 2	0 0	0 0	0 0	
107 1	137 1	179 1	204 2	215 2	266 2	305 2	0 0	0 0	0 0	0 0	
82 1	142 1	180 1	205 2	216 2	269 2	306 2	378 2	0 0	0 0	0 0	
42 1	83 1	179 1	270 2	300 2	379 2	393 2	0 0	0 0	0 0	0 0	
108 1	138 1	180 1	206 2	267 2	301 2	394 2	0 0	0 0	0 0	0 0	
109 1	139 1	143 1	181 1	207 2	217 2	268 2	307 2	0 0	0 0	0 0	
43 1	84 1	144 1	182 1	218 2	271 2	308 2	380 2	0 0	0 0	0 0	
44 1	110 1	181 1	269 2	272 2	302 2	395 2	0 0	0 0	0 0	0 0	
111 1	140 1	182 1	270 2	273 2	303 2	396 2	0 0	0 0	0 0	0 0	
85 1	141 1	145 1	183 1	208 2	219 2	309 2	381 2	0 0	0 0	0 0	
45 1	86 1	146 1	220 2	274 2	310 2	382 2	0 0	0 0	0 0	0 0	
46 1	112 1	183 1	271 2	275 2	304 2	397 2	0 0	0 0	0 0	0 0	
113 1	142 1	184 1	209 2	272 2	398 2	0 0	0 0	0 0	0 0	0 0	
87 1	147 1	185 1	210 2	221 2	273 2	311 2	383 2	0 0	0 0	0 0	
47 1	88 1	148 1	184 1	222 2	276 2	305 2	384 2	399 2	0 0	0 0	
48 1	114 1	143 1	185 1	274 2	306 2	400 2	0 0	0 0	0 0	0 0	
115 1	144 1	186 1	211 2	223 2	275 2	312 2	0 0	0 0	0 0	0 0	
89 1	149 1	187 1	212 2	313 2	385 2	0 0	0 0	0 0	0 0	0 0	
49 1	90 1	150 1	186 1	201 2	277 2	307 2	314 2	386 2	0 0	0 0	
50 1	116 1	145 1	187 1	202 2	276 2	278 2	308 2	0 0	0 0	0 0	
117 1	146 1	151 1	188 1	213 2	224 2	315 2	0 0	0 0	0 0	0 0	
51 1	91 1	152 1	189 1	214 2	225 2	316 2	387 2	0 0	0 0	0 0	
52 1	92 1	188 1	203 2	279 2	309 2	388 2	0 0	0 0	0 0	0 0	
118 1	147 1	189 1	215 2	277 2	310 2	0 0	0 0	0 0	0 0	0 0	
93 1	148 1	153 1	190 1	216 2	226 2	278 2	317 2	0 0	0 0	0 0	
53 1	94 1	154 1	191 1	227 2	280 2	318 2	389 2	0 0	0 0	0 0	
54 1	119 1	190 1	204 2	281 2	311 2	390 2	0 0	0 0	0 0	0 0	
120 1	149 1	191 1	192 1	205 2	217 2	279 2	319 2	0 0	0 0	0 0	
95 1	150 1	155 1	193 1	218 2	228 2	320 2	391 2	0 0	0 0	0 0	
55 1	96 1	156 1	192 1	206 2	229 2	282 2	312 2	321 2	392 2	0 0	
56 1	121 1	151 1	193 1	207 2	280 2	283 2	313 2	0 0	0 0	0 0	
122 1	152 1	194 1	219 2	281 2	314 2	322 2	0 0	0 0	0 0	0 0	
97 1	157 1	195 1	220 2	230 2	323 2	393 2	0 0	0 0	0 0	0 0	
57 1	98 1	158 1	194 1	284 2	315 2	394 2	0 0	0 0	0 0	0 0	
58 1	123 1	153 1	195 1	208 2	282 2	285 2	316 2	0 0	0 0	0 0	
124 1	154 1	196 1	221 2	231 2	283 2	324 2	0 0	0 0	0 0	0 0	
99 1	159 1	197 1	222 2	232 2	286 2	325 2	395 2	0 0	0 0	0 0	
59 1	100 1	196 1	209 2	287 2	317 2	396 2	0 0	0 0	0 0	0 0	
125 1	155 1	197 1	210 2	223 2	284 2	318 2	0 0	0 0	0 0	0 0	
156 1	160 1	198 1	233 2	285 2	326 2	0 0	0 0	0 0	0 0	0 0	
60 1	101 1	199 1	234 2	288 2	319 2	327 2	397 2	0 0	0 0	0 0	
61 1	126 1	198 1	211 2	286 2	289 2	320 2	398 2	0 0	0 0	0 0	
127 1	157 1	199 1	212 2	224 2	287 2	321 2	0 0	0 0	0 0	0 0	
102 1	158 1	161 1	200 1	225 2	235 2	328 2	399 2	0 0	0 0	0 0	
62 1	103 1	162 1	290 2	322 2	329 2	400 2	0 0	0 0	0 0	0 0	
78 1	111 1	174 1	186 1	201 2	241 2	270 2	0 0	0 0	0 0	0 0	
79 1	108 1	187 1	202 2	296 2	336 2	0 0	0 0	0 0	0 0	0 0	
1 1	72 1	109 1	163 1	175 1	201 2	236 2	297 2	337 2	0 0	0 0	
73 1	112 1	164 1	176 1	202 2	237 2	271 2	0 0	0 0	0 0	0 0	
80 1	110 1	113 1	188 1	203 2	242 2	272 2	338 2	0 0	0 0	0 0	
2 1	81 1	111 1	189 1	238 2	273 2	298 2	339 2	0 0	0 0	0 0	
3 1	74 1	165 1	177 1	203 2	239 2	299 2	0 0	0 0	0 0	0 0	
75 1	114 1	166 1	178 1	243 2	274 2	0 0	0 0	0 0	0 0	0 0	
82 1	112 1	115 1	190 1	204 2	244 2	275 2	340 2	0 0	0 0	0 0	
4 1	76 1	83 1	113 1	167 1	191 1	205 2	240 2	300 2	341 2	0 0	
5 1	77 1	168 1	179 1	204 2	241 2	245 2	301 2	0 0	0 0	0 0	
116 1	180 1	192 1	205 2	206 2	246 2	276 2	0 0	0 0	0 0	0 0	
84 1	114 1	117 1	193 1	207 2	342 2	0 0	0 0	0 0	0 0	0 0	
6 1	78 1	115 1	169 1	206 2	302 2	343 2	0 0	0 0	0 0	0 0	
7 1	79 1	170 1	181 1	207 2	242 2	247 2	303 2	0 0	0 0	0 0	
85 1	118 1	182 1	194 1	248 2	277 2	344 2	0 0	0 0	0 0	0 0	
8 1	86 1	116 1	195 1	208 2	278 2	345 2	0 0	0 0	0 0	0 0	
9 1	80 1	117 1	171 1	243 2	304 2	346 2	0 0	0 0	0 0	0 0	
81 1	119 1	172 1	183 1	208 2	244 2	249 2	0 0	0 0	0 0	0 0	
87 1	120 1	196 1	209 2	250 2	279 2	347 2	0 0	0 0	0 0	0 0	
10 1	88 1	118 1	197 1	210 2	245 2	305 2	348 2	0 0	0 0	0 0	
11 1	82 1	173 1	184 1	209 2	246 2	306 2	0 0	0 0	0 0	0 0	
83 1	121 1	174 1	185 1	210 2	251 2	280 2	0 0	0 0	0 0	0 0	
89 1	119 1	122 1	198 1	211 2	281 2	349 2	0 0	0 0	0 0	0 0	
12 1	90 1	120 1	175 1	199 1	212 2	247 2	307 2	350 2	0 0	0 0	
13 1	84 1	176 1	186 1	211 2	248 2	308 2	0 0	0 0	0 0	0 0	
123 1	187 1	212 2	252 2	282 2	0 0	0 0	0 0	0 0	0 0	0 0	
91 1	121 1	124 1	200 1	213 2	283 2	351 2	0 0	0 0	0 0	0 0	
14 1	85 1	92 1	122 1	177 1	214 2	249 2	309 2	0 0	0 0	0 0	
15 1	86 1	178 1	188 1	213 2	250 2	253 2	310 2	0 0	0 0	0 0	
93 1	125 1	189 1	214 2	215 2	254 2	284 2	0 0	0 0	0 0	0 0	
1 1	16 1	94 1	123 1	216 2	285 2	352 2	0 0	0 0	0 0	0 0	
17 1	87 1	124 1	179 1	215 2	251 2	311 2	353 2	0 0	0 0	0 0	
88 1	126 1	180 1	190 1	216 2	255 2	286 2	0 0	0 0	0 0	0 0	
2 1	95 1	127 1	191 1	217 2	256 2	287 2	0 0	0 0	0 0	0 0	
3 1	18 1	96 1	125 1	218 2	312 2	354 2	0 0	0 0	0 0	0 0	
19 1	89 1	181 1	192 1	217 2	252 2	313 2	0 0	0 0	0 0	0 0	
90 1	128 1	182 1	193 1	218 2	257 2	288 2	314 2	0 0	0 0	0 0	
4 1	97 1	126 1	129 1	219 2	258 2	289 2	355 2	0 0	0 0	0 0	
5 1	20 1	98 1	127 1	220 2	253 2	315 2	356 2	0 0	0 0	0 0	
21 1	91 1	183 1	194 1	219 2	254 2	316 2	0 0	0 0	0 0	0 0	
92 1	130 1	195 1	220 2	259 2	290 2	0 0	0 0	0 0	0 0	0 0	
6 1	99 1	128 1	131 1	221 2	260 2	291 2	357 2	0 0	0 0	0 0	
7 1	22 1	93 1	100 1	129 1	184 1	222 2	255 2	317 2	358 2	0 0	
23 1	94 1	185 1	196 1	221 2	256 2	261 2	318 2	0 0	0 0	0 0	
8 1	132 1	197 1	222 2	223 2	262 2	292 2	0 0	0 0	0 0	0 0	
9 1	101 1	130 1	133 1	293 2	319 2	359 2	0 0	0 0	0 0	0 0	
24 1	95 1	131 1	186 1	223 2	257 2	320 2	360 2	0 0	0 0	0 0	
25 1	96 1	134 1	187 1	198 1	258 2	263 2	321 2	0 0	0 0	0 0	
10 1	102 1	135 1	199 1	224 2	264 2	294 2	0 0	0 0	0 0	0 0	
11 1	26 1	103 1	132 1	225 2	295 2	322 2	361 2	0 0	0 0	0 0	
27 1	97 1	133 1	188 1	224 2	259 2	323 2	362 2	0 0	0 0	0 0	
98 1	136 1	189 1	200 1	225 2	260 2	265 2	296 2	0 0	0 0	0 0	
12 1	104 1	134 1	137 1	226 2	266 2	297 2	363 2	0 0	0 0	0 0	
13 1	28 1	105 1	135 1	227 2	261 2	324 2	364 2	0 0	0 0	0 0	
29 1	99 1	190 1	226 2	262 2	325 2	0 0	0 0	0 0	0 0	0 0	
1 1	100 1	138 1	191 1	227 2	267 2	298 2	0 0	0 0	0 0	0 0	
14 1	106 1	136 1	139 1	228 2	268 2	299 2	365 2	0 0	0 0	0 0	
15 1	30 1	107 1	137 1	192 1	229 2	263 2	326 2	366 2	0 0	0 0	
2 1	31 1	101 1	193 1	228 2	264 2	269 2	327 2	0 0	0 0	0 0	
3 1	16 1	140 1	229 2	270 2	300 2	0 0	0 0	0 0	0 0	0 0	
17 1	108 1	138 1	141 1	230 2	301 2	367 2	0 0	0 0	0 0	0 0	
32 1	102 1	109 1	139 1	194 1	265 2	328 2	368 2	0 0	0 0	0 0	
4 1	33 1	103 1	195 1	230 2	266 2	271 2	329 2	0 0	0 0	0 0	
5 1	18 1	110 1	142 1	231 2	272 2	302 2	369 2	0 0	0 0	0 0	
19 1	34 1	111 1	140 1	232 2	273 2	303 2	370 2	0 0	0 0	0 0	
35 1	104 1	141 1	196 1	231 2	267 2	330 2	371 2	0 0	0 0	0 0	
6 1	105 1	143 1	197 1	232 2	268 2	274 2	0 0	0 0	0 0	0 0	
7 1	20 1	112 1	144 1	233 2	275 2	304 2	0 0	0 0	0 0	0 0	
21 1	36 1	113 1	142 1	234 2	269 2	372 2	0 0	0 0	0 0	0 0	
8 1	37 1	106 1	198 1	233 2	270 2	331 2	373 2	0 0	0 0	0 0	
9 1	107 1	145 1	199 1	234 2	276 2	305 2	0 0	0 0	0 0	0 0	
22 1	114 1	143 1	146 1	235 2	306 2	374 2	0 0	0 0	0 0	0 0	
23 1	38 1	115 1	144 1	271 2	332 2	375 2	0 0	0 0	0 0	0 0	
10 1	39 1	108 1	200 1	235 2	272 2	333 2	0 0	0 0	0 0	0 0	
11 1	109 1	147 1	273 2	277 2	307 2	0 0	0 0	0 0	0 0	0 0	
24 1	116 1	145 1	148 1	236 2	278 2	308 2	376 2	0 0	0 0	0 0	
25 1	40 1	110 1	117 1	146 1	237 2	274 2	334 2	377 2	0 0	0 0	
1 1	12 1	41 1	111 1	236 2	275 2	335 2	0 0	0 0	0 0	0 0	
13 1	26 1	149 1	237 2	238 2	279 2	309 2	0 0	0 0	0 0	0 0	
27 1	118 1	147 1	150 1	239 2	310 2	378 2	0 0	0 0	0 0	0 0	
2 1	42 1	112 1	148 1	238 2	276 2	336 2	379 2	0 0	0 0	0 0	
3 1	14 1	113 1	151 1	239 2	280 2	337 2	0 0	0 0	0 0	0 0	
15 1	28 1	119 1	152 1	240 2	281 2	311 2	0 0	0 0	0 0	0 0	
29 1	43 1	120 1	149 1	241 2	338 2	380 2	0 0	0 0	0 0	0 0	
4 1	16 1	44 1	114 1	150 1	240 2	277 2	339 2	0 0	0 0	0 0	
5 1	17 1	115 1	153 1	241 2	278 2	282 2	312 2	0 0	0 0	0 0	
30 1	121 1	151 1	154 1	283 2	313 2	381 2	0 0	0 0	0 0	0 0	
31 1	45 1	122 1	152 1	242 2	314 2	340 2	382 2	0 0	0 0	0 0	
6 1	18 1	46 1	116 1	279 2	341 2	0 0	0 0	0 0	0 0	0 0	
7 1	19 1	117 1	155 1	242 2	284 2	315 2	0 0	0 0	0 0	0 0	
32 1	123 1	153 1	156 1	243 2	285 2	316 2	383 2	0 0	0 0	0 0	
8 1	33 1	47 1	124 1	154 1	244 2	280 2	342 2	384 2	0 0	0 0	
9 1	20 1	48 1	118 1	243 2	281 2	286 2	343 2	0 0	0 0	0 0	
21 1	34 1	157 1	244 2	245 2	287 2	317 2	0 0	0 0	0 0	0 0	
35 1	125 1	155 1	158 1	246 2	318 2	344 2	385 2	0 0	0 0	0 0	
10 1	49 1	119 1	156 1	245 2	282 2	345 2	386 2	0 0	0 0	0 0	
11 1	22 1	50 1	120 1	246 2	283 2	288 2	319 2	346 2	0 0	0 0	
23 1	36 1	126 1	159 1	247 2	289 2	320 2	0 0	0 0	0 0	0 0	
37 1	51 1	127 1	157 1	248 2	321 2	347 2	387 2	0 0	0 0	0 0	
12 1	52 1	121 1	158 1	247 2	284 2	348 2	388 2	0 0	0 0	0 0	
13 1	24 1	122 1	160 1	248 2	285 2	290 2	322 2	0 0	0 0	0 0	
25 1	38 1	128 1	249 2	291 2	323 2	0 0	0 0	0 0	0 0	0 0	
39 1	53 1	129 1	159 1	250 2	286 2	349 2	389 2	0 0	0 0	0 0	
14 1	26 1	54 1	123 1	249 2	287 2	350 2	390 2	0 0	0 0	0 0	
15 1	27 1	124 1	161 1	250 2	292 2	324 2	0 0	0 0	0 0	0 0	
40 1	130 1	160 1	162 1	251 2	293 2	325 2	391 2	0 0	0 0	0 0	
16 1	41 1	55 1	131 1	288 2	351 2	392 2	0 0	0 0	0 0	0 0	
17 1	28 1	56 1	125 1	251 2	289 2	0 0	0 0	0 0	0 0	0 0	
29 1	163 1	294 2	326 2	0 0	0 0	0 0	0 0	0 0	0 0	0 0	
42 1	132 1	161 1	164 1	252 2	295 2	327 2	393 2	0 0	0 0	0 0	
18 1	57 1	126 1	133 1	162 1	290 2	352 2	394 2	0 0	0 0	0 0	
19 1	30 1	58 1	127 1	252 2	291 2	296 2	353 2	0 0	0 0	0 0	
31 1	43 1	134 1	165 1	253 2	297 2	328 2	0 0	0 0	0 0	0 0	
44 1	135 1	163 1	166 1	254 2	329 2	395 2	0 0	0 0	0 0	0 0	
20 1	59 1	128 1	164 1	253 2	292 2	354 2	396 2	0 0	0 0	0 0	
21 1	32 1	129 1	167 1	254 2	293 2	298 2	0 0	0 0	0 0	0 0	
33 1	45 1	136 1	168 1	255 2	299 2	330 2	0 0	0 0	0 0	0 0	
46 1	60 1	137 1	165 1	256 2	355 2	397 2	0 0	0 0	0 0	0 0	
22 1	34 1	61 1	130 1	166 1	255 2	294 2	356 2	398 2	0 0	0 0	
23 1	35 1	131 1	169 1	256 2	295 2	300 2	0 0	0 0	0 0	0 0	
47 1	138 1	167 1	170 1	257 2	301 2	331 2	399 2	0 0	0 0	0 0	
48 1	62 1	139 1	168 1	258 2	296 2	357 2	400 2	0 0	0 0	0 0	
24 1	36 1	63 1	132 1	257 2	297 2	358 2	0 0	0 0	0 0	0 0	
25 1	37 1	133 1	171 1	258 2	302 2	332 2	0 0	0 0	0 0	0 0	
49 1	140 1	169 1	172 1	201 2	259 2	303 2	333 2	0 0	0 0	0 0	
26 1	50 1	64 1	134 1	141 1	170 1	202 2	260 2	298 2	359 2	0 0	
27 1	38 1	65 1	135 1	259 2	299 2	360 2	0 0	0 0	0 0	0 0	
39 1	51 1	173 1	260 2	261 2	304 2	334 2	0 0	0 0	0 0	0 0	
52 1	142 1	171 1	174 1	203 2	262 2	335 2	0 0	0 0	0 0	0 0	
28 1	66 1	136 1	172 1	261 2	300 2	361 2	0 0	0 0	0 0	0 0	
29 1	40 1	67 1	137 1	175 1	262 2	301 2	305 2	362 2	0 0	0 0	
41 1	53 1	143 1	176 1	263 2	306 2	336 2	0 0	0 0	0 0	0 0	
54 1	68 1	144 1	173 1	204 2	264 2	337 2	363 2	0 0	0 0	0 0	
30 1	69 1	138 1	174 1	205 2	263 2	302 2	364 2	0 0	0 0	0 0	
31 1	42 1	139 1	177 1	264 2	303 2	307 2	338 2	0 0	0 0	0 0	
55 1	145 1	175 1	178 1	206 2	265 2	308 2	339 2	0 0	0 0	0 0	
56 1	70 1	146 1	176 1	207 2	266 2	365 2	0 0	0 0	0 0	0 0	
32 1	43 1	71 1	140 1	265 2	304 2	366 2	0 0	0 0	0 0	0 0	
33 1	44 1	141 1	179 1	266 2	309 2	340 2	0 0	0 0	0 0	0 0	
57 1	147 1	177 1	180 1	267 2	310 2	341 2	0 0	0 0	0 0	0 0	
34 1	58 1	72 1	148 1	178 1	208 2	268 2	305 2	367 2	0 0	0 0	
35 1	45 1	73 1	142 1	267 2	306 2	368 2	0 0	0 0	0 0	0 0	
46 1	181 1	268 2	269 2	311 2	342 2	0 0	0 0	0 0	0 0	0 0	
59 1	149 1	179 1	182 1	209 2	270 2	343 2	369 2	0 0	0 0	0 0	
36 1	74 1	143 1	150 1	180 1	210 2	269 2	307 2	370 2	0 0	0 0	
37 1	47 1	75 1	144 1	270 2	308 2	312 2	344 2	371 2	0 0	0 0	
48 1	60 1	151 1	183 1	271 2	313 2	345 2	0 0	0 0	0 0	0 0	
61 1	76 1	152 1	181 1	211 2	272 2	314 2	346 2	0 0	0 0	0 0	
38 1	77 1	145 1	182 1	212 2	271 2	273 2	309 2	372 2	0 0	0 0	
39 1	49 1	146 1	184 1	272 2	310 2	315 2	347 2	373 2	0 0	0 0	
50 1	62 1	153 1	185 1	273 2	274 2	316 2	348 2	0 0	0 0	0 0	
63 1	78 1	154 1	183 1	213 2	275 2	374 2	0 0	0 0	0 0	0 0	
40 1	51 1	79 1	147 1	214 2	274 2	311 2	375 2	0 0	0 0	0 0	
41 1	52 1	148 1	186 1	275 2	317 2	349 2	0 0	0 0	0 0	0 0	
64 1	155 1	184 1	187 1	215 2	276 2	318 2	350 2	0 0	0 0	0 0	
65 1	80 1	156 1	185 1	216 2	312 2	376 2	0 0	0 0	0 0	0 0	
42 1	53 1	81 1	149 1	276 2	313 2	319 2	377 2	0 0	0 0	0 0	
54 1	150 1	188 1	314 2	320 2	351 2	0 0	0 0	0 0	0 0	0 0	
66 1	157 1	186 1	189 1	217 2	277 2	321 2	0 0	0 0	0 0	0 0	
43 1	67 1	82 1	151 1	158 1	187 1	218 2	278 2	315 2	378 2	0 0	
44 1	55 1	83 1	152 1	277 2	316 2	322 2	379 2	0 0	0 0	0 0	
56 1	68 1	190 1	278 2	323 2	352 2	0 0	0 0	0 0	0 0	0 0	
69 1	159 1	188 1	191 1	219 2	279 2	353 2	0 0	0 0	0 0	0 0	
45 1	84 1	153 1	189 1	220 2	317 2	380 2	0 0	0 0	0 0	0 0	
46 1	57 1	154 1	192 1	279 2	318 2	324 2	0 0	0 0	0 0	0 0	
58 1	70 1	160 1	193 1	280 2	325 2	354 2	0 0	0 0	0 0	0 0	
71 1	85 1	190 1	221 2	281 2	319 2	381 2	0 0	0 0	0 0	0 0	
47 1	86 1	155 1	191 1	222 2	280 2	320 2	382 2	0 0	0 0	0 0	
48 1	59 1	156 1	194 1	281 2	321 2	326 2	355 2	0 0	0 0	0 0	
72 1	161 1	192 1	195 1	223 2	282 2	327 2	356 2	0 0	0 0	0 0	
73 1	87 1	162 1	193 1	283 2	322 2	383 2	0 0	0 0	0 0	0 0	
49 1	60 1	88 1	157 1	282 2	323 2	384 2	0 0	0 0	0 0	0 0	
50 1	61 1	158 1	196 1	283 2	328 2	357 2	0 0	0 0	0 0	0 0	
74 1	163 1	194 1	197 1	224 2	284 2	329 2	358 2	0 0	0 0	0 0	
51 1	75 1	89 1	164 1	195 1	225 2	285 2	324 2	385 2	0 0	0 0	
52 1	62 1	90 1	159 1	284 2	325 2	386 2	0 0	0 0	0 0	0 0	
63 1	76 1	198 1	285 2	286 2	330 2	359 2	0 0	0 0	0 0	0 0	
77 1	165 1	196 1	199 1	226 2	287 2	360 2	0 0	0 0	0 0	0 0	
53 1	91 1	160 1	166 1	197 1	227 2	286 2	326 2	387 2	0 0	0 0	
54 1	64 1	92 1	287 2	327 2	388 2	0 0	0 0	0 0	0 0	0 0	
65 1	78 1	167 1	200 1	288 2	331 2	361 2	0 0	0 0	0 0	0 0	
79 1	93 1	168 1	198 1	228 2	289 2	362 2	0 0	0 0	0 0	0 0	
55 1	94 1	161 1	199 1	229 2	288 2	328 2	389 2	0 0	0 0	0 0	
56 1	66 1	162 1	289 2	329 2	332 2	363 2	390 2	0 0	0 0	0 0	
1 1	67 1	80 1	169 1	290 2	333 2	364 2	0 0	0 0	0 0	0 0	
81 1	95 1	170 1	200 1	230 2	291 2	391 2	0 0	0 0	0 0	0 0	
57 1	68 1	96 1	163 1	290 2	330 2	392 2	0 0	0 0	0 0	0 0	
2 1	58 1	69 1	164 1	291 2	334 2	365 2	0 0	0 0	0 0	0 0	
3 1	82 1	171 1	231 2	292 2	335 2	366 2	0 0	0 0	0 0	0 0	
1 1	83 1	97 1	172 1	232 2	293 2	393 2	0 0	0 0	0 0	0 0	
59 1	70 1	98 1	165 1	292 2	331 2	394 2	0 0	0 0	0 0	0 0	
4 1	71 1	166 1	293 2	336 2	367 2	0 0	0 0	0 0	0 0	0 0	
2 1	5 1	84 1	173 1	233 2	294 2	337 2	368 2	0 0	0 0	0 0	
3 1	60 1	99 1	167 1	174 1	234 2	295 2	332 2	395 2	0 0	0 0	
61 1	72 1	100 1	168 1	294 2	333 2	338 2	369 2	396 2	0 0	0 0	
6 1	73 1	85 1	175 1	295 2	296 2	339 2	370 2	0 0	0 0	0 0	
4 1	7 1	86 1	176 1	235 2	297 2	371 2	0 0	0 0	0 0	0 0	
5 1	62 1	101 1	169 1	296 2	334 2	397 2	0 0	0 0	0 0	0 0	
8 1	63 1	74 1	170 1	297 2	335 2	340 2	398 2	0 0	0 0	0 0	
9 1	75 1	87 1	177 1	298 2	341 2	372 2	0 0	0 0	0 0	0 0	
6 1	88 1	102 1	178 1	236 2	299 2	373 2	399 2	0 0	0 0	0 0	
7 1	64 1	76 1	103 1	171 1	237 2	298 2	336 2	400 2	0 0	0 0	
10 1	65 1	77 1	172 1	299 2	337 2	342 2	374 2	0 0	0 0	0 0	
8 1	11 1	89 1	179 1	238 2	300 2	343 2	375 2	0 0	0 0	0 0	
9 1	90 1	104 1	180 1	201 2	239 2	301 2	338 2	0 0	0 0	0 0	
66 1	78 1	105 1	173 1	202 2	300 2	339 2	344 2	0 0	0 0	0 0	
12 1	67 1	79 1	174 1	301 2	345 2	376 2	0 0	0 0	0 0	0 0	
10 1	13 1	91 1	181 1	240 2	302 2	346 2	377 2	0 0	0 0	0 0	
11 1	68 1	92 1	106 1	175 1	182 1	203 2	241 2	303 2	340 2	0 0	
69 1	80 1	107 1	176 1	302 2	341 2	347 2	0 0	0 0	0 0	0 0	
14 1	81 1	93 1	303 2	348 2	378 2	0 0	0 0	0 0	0 0	0 0	
12 1	15 1	94 1	183 1	304 2	379 2	0 0	0 0	0 0	0 0	0 0	
13 1	70 1	108 1	177 1	204 2	242 2	342 2	0 0	0 0	0 0	0 0	
16 1	71 1	82 1	109 1	178 1	205 2	304 2	343 2	349 2	0 0	0 0	
17 1	83 1	95 1	184 1	305 2	350 2	380 2	0 0	0 0	0 0	0 0	
14 1	96 1	110 1	185 1	206 2	243 2	306 2	344 2	0 0	0 0	0 0	
15 1	72 1	111 1	179 1	207 2	244 2	305 2	345 2	0 0	0 0	0 0	
18 1	73 1	84 1	180 1	306 2	346 2	351 2	381 2	0 0	0 0	0 0	
16 1	19 1	97 1	186 1	245 2	307 2	382 2	0 0	0 0	0 0	0 0	
17 1	98 1	112 1	187 1	246 2	308 2	347 2	0 0	0 0	0 0	0 0	
74 1	85 1	113 1	181 1	208 2	307 2	348 2	0 0	0 0	0 0	0 0	
20 1	75 1	86 1	182 1	308 2	352 2	383 2	0 0	0 0	0 0	0 0	
18 1	21 1	99 1	188 1	247 2	309 2	353 2	384 2	0 0	0 0	0 0	
19 1	76 1	100 1	114 1	189 1	209 2	248 2	310 2	349 2	0 0	0 0	
77 1	87 1	115 1	183 1	210 2	309 2	350 2	0 0	0 0	0 0	0 0	
22 1	88 1	310 2	354 2	385 2	0 0	0 0	0 0	0 0	0 0	0 0	
20 1	23 1	101 1	190 1	249 2	311 2	386 2	0 0	0 0	0 0	0 0	
21 1	78 1	116 1	184 1	191 1	211 2	250 2	351 2	0 0	0 0	0 0	
79 1	89 1	117 1	185 1	212 2	311 2	355 2	0 0	0 0	0 0	0 0	
24 1	90 1	102 1	192 1	312 2	356 2	387 2	0 0	0 0	0 0	0 0	
22 1	25 1	103 1	193 1	251 2	313 2	388 2	0 0	0 0	0 0	0 0	
23 1	80 1	118 1	186 1	213 2	312 2	314 2	352 2	0 0	0 0	0 0	
26 1	81 1	91 1	187 1	214 2	313 2	353 2	357 2	0 0	0 0	0 0	
27 1	92 1	104 1	194 1	314 2	315 2	358 2	389 2	0 0	0 0	0 0	
24 1	105 1	119 1	195 1	215 2	252 2	316 2	390 2	0 0	0 0	0 0	
25 1	82 1	93 1	120 1	188 1	216 2	315 2	354 2	0 0	0 0	0 0	
28 1	83 1	94 1	189 1	316 2	359 2	391 2	0 0	0 0	0 0	0 0	
26 1	29 1	106 1	196 1	253 2	317 2	360 2	392 2	0 0	0 0	0 0	
27 1	107 1	121 1	197 1	217 2	254 2	318 2	355 2	0 0	0 0	0 0	
84 1	95 1	122 1	190 1	218 2	317 2	356 2	0 0	0 0	0 0	0 0	
30 1	96 1	191 1	318 2	319 2	361 2	393 2	0 0	0 0	0 0	0 0	
28 1	31 1	108 1	198 1	255 2	320 2	362 2	394 2	0 0	0 0	0 0	
29 1	85 1	109 1	123 1	192 1	199 1	219 2	256 2	319 2	321 2	357 2	
86 1	97 1	124 1	193 1	220 2	320 2	358 2	363 2	0 0	0 0	0 0	
32 1	98 1	110 1	321 2	322 2	364 2	395 2	0 0	0 0	0 0	0 0	
30 1	33 1	111 1	200 1	257 2	323 2	396 2	0 0	0 0	0 0	0 0	
31 1	87 1	125 1	194 1	221 2	258 2	322 2	359 2	0 0	0 0	0 0	
34 1	88 1	99 1	195 1	222 2	323 2	360 2	365 2	0 0	0 0	0 0	
35 1	100 1	112 1	324 2	366 2	397 2	0 0	0 0	0 0	0 0	0 0	
1 1	32 1	113 1	126 1	223 2	259 2	325 2	398 2	0 0	0 0	0 0	
33 1	89 1	127 1	196 1	260 2	324 2	361 2	0 0	0 0	0 0	0 0	
36 1	90 1	101 1	197 1	325 2	362 2	367 2	399 2	0 0	0 0	0 0	
2 1	34 1	37 1	114 1	261 2	326 2	368 2	400 2	0 0	0 0	0 0	
3 1	35 1	115 1	128 1	224 2	262 2	327 2	363 2	0 0	0 0	0 0	
91 1	102 1	129 1	198 1	225 2	326 2	364 2	369 2	0 0	0 0	0 0	
38 1	92 1	103 1	199 1	201 2	327 2	370 2	0 0	0 0	0 0	0 0	
4 1	36 1	39 1	116 1	202 2	263 2	328 2	371 2	0 0	0 0	0 0	
5 1	37 1	93 1	117 1	130 1	226 2	264 2	329 2	365 2	0 0	0 0	
94 1	104 1	131 1	200 1	227 2	328 2	366 2	0 0	0 0	0 0	0 0	
40 1	105 1	203 2	329 2	372 2	0 0	0 0	0 0	0 0	0 0	0 0	
6 1	38 1	41 1	118 1	265 2	330 2	373 2	0 0	0 0	0 0	0 0	
7 1	39 1	95 1	132 1	228 2	266 2	367 2	0 0	0 0	0 0	0 0	
1 1	96 1	106 1	133 1	229 2	330 2	368 2	374 2	0 0	0 0	0 0	
8 1	42 1	107 1	119 1	204 2	375 2	0 0	0 0	0 0	0 0	0 0	
9 1	40 1	120 1	134 1	205 2	267 2	331 2	369 2	0 0	0 0	0 0	
2 1	41 1	97 1	135 1	230 2	268 2	370 2	0 0	0 0	0 0	0 0	
3 1	43 1	98 1	108 1	206 2	331 2	371 2	376 2	0 0	0 0	0 0	
10 1	44 1	109 1	121 1	207 2	269 2	332 2	377 2	0 0	0 0	0 0	
11 1	42 1	122 1	136 1	231 2	270 2	333 2	0 0	0 0	0 0	0 0	
4 1	99 1	110 1	137 1	232 2	332 2	372 2	0 0	0 0	0 0	0 0	
5 1	45 1	100 1	111 1	333 2	373 2	378 2	0 0	0 0	0 0	0 0	
12 1	43 1	46 1	123 1	208 2	271 2	334 2	379 2	0 0	0 0	0 0	
13 1	44 1	124 1	138 1	233 2	272 2	335 2	374 2	0 0	0 0	0 0	
6 1	101 1	112 1	139 1	234 2	273 2	334 2	375 2	0 0	0 0	0 0	
7 1	47 1	113 1	209 2	335 2	380 2	0 0	0 0	0 0	0 0	0 0	
14 1	45 1	48 1	125 1	210 2	274 2	336 2	0 0	0 0	0 0	0 0	
8 1	15 1	46 1	102 1	140 1	235 2	275 2	337 2	376 2	0 0	0 0	
9 1	103 1	114 1	141 1	336 2	377 2	381 2	0 0	0 0	0 0	0 0	
16 1	49 1	115 1	126 1	211 2	337 2	338 2	382 2	0 0	0 0	0 0	
17 1	47 1	50 1	127 1	212 2	276 2	339 2	0 0	0 0	0 0	0 0	
10 1	48 1	104 1	142 1	236 2	338 2	378 2	0 0	0 0	0 0	0 0	
11 1	51 1	105 1	116 1	237 2	339 2	379 2	383 2	0 0	0 0	0 0	
18 1	52 1	117 1	128 1	213 2	340 2	384 2	0 0	0 0	0 0	0 0	
19 1	49 1	129 1	143 1	214 2	238 2	277 2	341 2	0 0	0 0	0 0	
12 1	50 1	106 1	144 1	239 2	278 2	340 2	380 2	0 0	0 0	0 0	
13 1	53 1	107 1	118 1	215 2	341 2	385 2	0 0	0 0	0 0	0 0	
20 1	51 1	54 1	130 1	216 2	342 2	386 2	0 0	0 0	0 0	0 0	
21 1	52 1	131 1	145 1	240 2	279 2	343 2	381 2	0 0	0 0	0 0	
14 1	108 1	119 1	146 1	241 2	342 2	382 2	0 0	0 0	0 0	0 0	
15 1	55 1	109 1	120 1	217 2	343 2	344 2	387 2	0 0	0 0	0 0	
22 1	53 1	56 1	132 1	218 2	280 2	345 2	388 2	0 0	0 0	0 0	
16 1	23 1	54 1	110 1	133 1	147 1	281 2	344 2	346 2	383 2	0 0	
17 1	111 1	121 1	148 1	242 2	345 2	384 2	0 0	0 0	0 0	0 0	
57 1	122 1	134 1	219 2	346 2	347 2	389 2	0 0	0 0	0 0	0 0	
24 1	55 1	58 1	135 1	220 2	282 2	348 2	390 2	0 0	0 0	0 0	
18 1	25 1	56 1	112 1	149 1	243 2	283 2	347 2	385 2	0 0	0 0	
19 1	113 1	123 1	150 1	244 2	348 2	386 2	391 2	0 0	0 0	0 0	
26 1	59 1	124 1	136 1	221 2	349 2	392 2	0 0	0 0	0 0	0 0	
27 1	57 1	137 1	151 1	222 2	245 2	284 2	350 2	0 0	0 0	0 0	
20 1	58 1	114 1	152 1	246 2	285 2	349 2	387 2	0 0	0 0	0 0	
21 1	60 1	115 1	125 1	223 2	350 2	388 2	393 2	0 0	0 0	0 0	
28 1	61 1	138 1	286 2	351 2	394 2	0 0	0 0	0 0	0 0	0 0	
29 1	59 1	139 1	153 1	247 2	287 2	0 0	0 0	0 0	0 0	0 0	
22 1	116 1	126 1	154 1	248 2	351 2	389 2	0 0	0 0	0 0	0 0	
23 1	62 1	117 1	127 1	224 2	390 2	395 2	0 0	0 0	0 0	0 0	
30 1	60 1	63 1	140 1	225 2	288 2	352 2	396 2	0 0	0 0	0 0	
31 1	61 1	141 1	155 1	249 2	289 2	353 2	391 2	0 0	0 0	0 0	
24 1	118 1	128 1	156 1	250 2	352 2	392 2	0 0	0 0	0 0	0 0	
25 1	64 1	129 1	226 2	353 2	397 2	0 0	0 0	0 0	0 0	0 0	
32 1	62 1	65 1	142 1	227 2	290 2	354 2	398 2	0 0	0 0	0 0	
26 1	33 1	63 1	119 1	157 1	251 2	291 2	393 2	0 0	0 0	0 0	
27 1	120 1	130 1	158 1	354 2	394 2	399 2	0 0	0 0	0 0	0 0	
34 1	66 1	131 1	143 1	228 2	355 2	400 2	0 0	0 0	0 0	0 0	
35 1	64 1	67 1	144 1	229 2	292 2	356 2	0 0	0 0	0 0	0 0	
28 1	65 1	121 1	159 1	252 2	293 2	355 2	395 2	0 0	0 0	0 0	
29 1	68 1	122 1	132 1	201 2	356 2	396 2	0 0	0 0	0 0	0 0	
36 1	69 1	133 1	145 1	202 2	230 2	357 2	0 0	0 0	0 0	0 0	
37 1	66 1	146 1	160 1	253 2	294 2	358 2	0 0	0 0	0 0	0 0	
30 1	67 1	123 1	134 1	254 2	295 2	357 2	397 2	0 0	0 0	0 0	
31 1	70 1	124 1	135 1	203 2	231 2	358 2	398 2	0 0	0 0	0 0	
38 1	68 1	71 1	147 1	232 2	296 2	359 2	0 0	0 0	0 0	0 0	
39 1	69 1	148 1	161 1	255 2	297 2	360 2	399 2	0 0	0 0	0 0	
32 1	125 1	136 1	162 1	256 2	359 2	400 2	0 0	0 0	0 0	0 0	
33 1	72 1	137 1	204 2	233 2	360 2	0 0	0 0	0 0	0 0	0 0	
40 1	70 1	73 1	149 1	205 2	234 2	298 2	361 2	0 0	0 0	0 0	
34 1	41 1	71 1	126 1	150 1	163 1	201 2	257 2	299 2	362 2	0 0	
35 1	127 1	138 1	164 1	202 2	206 2	258 2	361 2	0 0	0 0	0 0	
74 1	139 1	151 1	207 2	235 2	362 2	363 2	0 0	0 0	0 0	0 0	
42 1	72 1	75 1	152 1	300 2	364 2	0 0	0 0	0 0	0 0	0 0	
36 1	73 1	128 1	165 1	203 2	259 2	301 2	363 2	0 0	0 0	0 0	
37 1	76 1	129 1	140 1	166 1	260 2	364 2	0 0	0 0	0 0	0 0	
43 1	77 1	141 1	153 1	208 2	236 2	365 2	0 0	0 0	0 0	0 0	
44 1	74 1	154 1	167 1	237 2	261 2	302 2	366 2	0 0	0 0	0 0	
38 1	75 1	130 1	168 1	204 2	262 2	303 2	365 2	0 0	0 0	0 0	
39 1	78 1	131 1	142 1	205 2	209 2	238 2	366 2	0 0	0 0	0 0	
45 1	76 1	79 1	155 1	210 2	239 2	367 2	0 0	0 0	0 0	0 0	
46 1	77 1	156 1	169 1	206 2	263 2	304 2	368 2	0 0	0 0	0 0	
40 1	132 1	143 1	170 1	207 2	264 2	367 2	0 0	0 0	0 0	0 0	
41 1	80 1	133 1	144 1	211 2	240 2	368 2	369 2	0 0	0 0	0 0	
47 1	78 1	81 1	157 1	212 2	241 2	305 2	370 2	0 0	0 0	0 0	
48 1	79 1	134 1	158 1	171 1	265 2	306 2	369 2	371 2	0 0	0 0	
42 1	135 1	145 1	172 1	208 2	266 2	370 2	0 0	0 0	0 0	0 0	
82 1	146 1	213 2	371 2	0 0	0 0	0 0	0 0	0 0	0 0	0 0	
49 1	80 1	83 1	159 1	214 2	242 2	307 2	372 2	0 0	0 0	0 0	
43 1	50 1	81 1	136 1	173 1	209 2	267 2	308 2	373 2	0 0	0 0	
44 1	137 1	147 1	174 1	210 2	215 2	268 2	372 2	0 0	0 0	0 0	
51 1	84 1	148 1	160 1	216 2	243 2	373 2	374 2	0 0	0 0	0 0	
52 1	82 1	175 1	244 2	269 2	309 2	375 2	0 0	0 0	0 0	0 0	
45 1	83 1	138 1	176 1	211 2	270 2	310 2	374 2	0 0	0 0	0 0	
46 1	85 1	139 1	149 1	212 2	217 2	245 2	375 2	0 0	0 0	0 0	
53 1	86 1	150 1	161 1	218 2	246 2	376 2	0 0	0 0	0 0	0 0	
54 1	84 1	162 1	177 1	271 2	311 2	377 2	0 0	0 0	0 0	0 0	
47 1	140 1	151 1	178 1	213 2	272 2	376 2	0 0	0 0	0 0	0 0	
48 1	87 1	141 1	152 1	214 2	219 2	247 2	273 2	377 2	0 0	0 0	
55 1	85 1	88 1	163 1	220 2	248 2	312 2	378 2	0 0	0 0	0 0	
56 1	86 1	164 1	179 1	215 2	274 2	313 2	379 2	0 0	0 0	0 0	
49 1	142 1	153 1	180 1	216 2	275 2	314 2	378 2	0 0	0 0	0 0	
50 1	89 1	154 1	221 2	249 2	379 2	0 0	0 0	0 0	0 0	0 0	
57 1	87 1	90 1	165 1	222 2	250 2	315 2	380 2	0 0	0 0	0 0	
51 1	58 1	88 1	143 1	166 1	181 1	217 2	276 2	316 2	0 0	0 0	
52 1	144 1	155 1	182 1	218 2	223 2	380 2	0 0	0 0	0 0	0 0	
91 1	156 1	167 1	251 2	381 2	0 0	0 0	0 0	0 0	0 0	0 0	
59 1	89 1	92 1	168 1	317 2	382 2	0 0	0 0	0 0	0 0	0 0	
53 1	90 1	145 1	183 1	219 2	277 2	318 2	381 2	0 0	0 0	0 0	
54 1	93 1	146 1	157 1	220 2	224 2	278 2	382 2	0 0	0 0	0 0	
60 1	94 1	158 1	169 1	225 2	252 2	319 2	383 2	0 0	0 0	0 0	
61 1	91 1	170 1	184 1	320 2	384 2	0 0	0 0	0 0	0 0	0 0	
55 1	92 1	147 1	185 1	221 2	279 2	321 2	383 2	0 0	0 0	0 0	
56 1	95 1	148 1	159 1	222 2	226 2	253 2	384 2	0 0	0 0	0 0	
62 1	93 1	96 1	171 1	227 2	254 2	322 2	385 2	0 0	0 0	0 0	
63 1	94 1	172 1	186 1	223 2	280 2	323 2	386 2	0 0	0 0	0 0	
57 1	149 1	160 1	187 1	281 2	385 2	0 0	0 0	0 0	0 0	0 0	
58 1	97 1	150 1	228 2	255 2	386 2	0 0	0 0	0 0	0 0	0 0	
64 1	95 1	98 1	173 1	229 2	256 2	324 2	387 2	0 0	0 0	0 0	
65 1	96 1	151 1	174 1	188 1	224 2	282 2	325 2	388 2	0 0	0 0	
59 1	152 1	161 1	189 1	225 2	283 2	387 2	0 0	0 0	0 0	0 0	
99 1	162 1	175 1	230 2	257 2	388 2	0 0	0 0	0 0	0 0	0 0	
66 1	97 1	100 1	176 1	258 2	326 2	389 2	0 0	0 0	0 0	0 0	
60 1	67 1	98 1	153 1	190 1	226 2	284 2	327 2	390 2	0 0	0 0	
61 1	154 1	163 1	191 1	227 2	231 2	285 2	389 2	0 0	0 0	0 0	
68 1	101 1	164 1	177 1	232 2	259 2	390 2	391 2	0 0	0 0	0 0	
69 1	99 1	178 1	192 1	260 2	286 2	328 2	392 2	0 0	0 0	0 0	
62 1	100 1	155 1	193 1	228 2	287 2	329 2	391 2	0 0	0 0	0 0	
63 1	102 1	156 1	165 1	229 2	233 2	261 2	392 2	0 0	0 0	0 0	
70 1	103 1	166 1	179 1	234 2	262 2	393 2	0 0	0 0	0 0	0 0	
71 1	101 1	180 1	194 1	288 2	330 2	394 2	0 0	0 0	0 0	0 0	
64 1	157 1	167 1	195 1	230 2	289 2	393 2	0 0	0 0	0 0	0 0	
65 1	104 1	158 1	168 1	235 2	263 2	394 2	0 0	0 0	0 0	0 0	
72 1	102 1	105 1	181 1	264 2	395 2	0 0	0 0	0 0	0 0	0 0	
73 1	103 1	182 1	196 1	231 2	290 2	331 2	396 2	0 0	0 0	0 0	
66 1	159 1	169 1	197 1	232 2	291 2	395 2	0 0	0 0	0 0	0 0	
67 1	106 1	170 1	236 2	265 2	396 2	0 0	0 0	0 0	0 0	0 0	
74 1	104 1	107 1	183 1	237 2	266 2	332 2	397 2	0 0	0 0	0 0	
68 1	75 1	105 1	160 1	198 1	233 2	292 2	333 2	398 2	0 0	0 0	
69 1	171 1	199 1	234 2	238 2	293 2	397 2	0 0	0 0	0 0	0 0	
76 1	108 1	172 1	184 1	239 2	267 2	398 2	399 2	0 0	0 0	0 0	
77 1	106 1	109 1	185 1	268 2	334 2	400 2	0 0	0 0	0 0	0 0	
70 1	107 1	161 1	200 1	235 2	294 2	335 2	399 2	0 0	0 0	0 0	
71 1	110 1	162 1	173 1	240 2	269 2	295 2	400 2	0 0	0 0	0 0	
3 1	5 1	79 1	89 1	149 1	200 1	280 1	403 1	432 1	457 1	479 1	586 1	591 1	651 1	664 1	
6 1	8 1	82 1	92 1	152 1	203 1	283 1	406 1	435 1	460 1	482 1	589 1	594 1	654 1	667 1	
7 1	9 1	83 1	93 1	153 1	204 1	284 1	407 1	436 1	461 1	483 1	590 1	595 1	655 1	668 1	
10 1	12 1	86 1	96 1	156 1	207 1	287 1	410 1	439 1	464 1	486 1	593 1	598 1	658 1	671 1	
11 1	13 1	87 1	97 1	157 1	208 1	288 1	411 1	440 1	465 1	487 1	594 1	599 1	659 1	672 1	
14 1	16 1	90 1	100 1	160 1	211 1	291 1	414 1	443 1	468 1	490 1	597 1	602 1	662 1	675 1	
15 1	17 1	91 1	101 1	161 1	212 1	292 1	415 1	444 1	469 1	491 1	598 1	603 1	663 1	676 1	
17 1	19 1	93 1	103 1	163 1	214 1	294 1	417 1	446 1	471 1	493 1	600 1	605 1	665 1	678 1	
18 1	20 1	94 1	104 1	164 1	215 1	295 1	418 1	447 1	472 1	494 1	601 1	606 1	666 1	679 1	
21 1	23 1	97 1	107 1	167 1	218 1	298 1	421 1	450 1	475 1	497 1	604 1	609 1	669 1	682 1	
22 1	24 1	98 1	108 1	168 1	219 1	299 1	422 1	451 1	476 1	498 1	605 1	610 1	670 1	683 1	
25 1	27 1	101 1	111 1	171 1	222 1	302 1	425 1	454 1	479 1	501 1	608 1	613 1	673 1	686 1	
26 1	28 1	102 1	112 1	172 1	223 1	303 1	426 1	455 1	480 1	502 1	609 1	614 1	674 1	687 1	
29 1	31 1	105 1	115 1	175 1	226 1	306 1	429 1	458 1	483 1	505 1	612 1	617 1	677 1	690 1	
30 1	32 1	106 1	116 1	176 1	227 1	307 1	430 1	459 1	484 1	506 1	613 1	618 1	678 1	691 1	
32 1	34 1	108 1	118 1	178 1	229 1	309 1	432 1	461 1	486 1	508 1	615 1	620 1	680 1	693 1	
33 1	35 1	109 1	119 1	179 1	230 1	310 1	433 1	462 1	487 1	509 1	616 1	621 1	681 1	694 1	
36 1	38 1	112 1	122 1	182 1	233 1	313 1	436 1	465 1	490 1	512 1	619 1	624 1	684 1	697 1	
37 1	39 1	113 1	123 1	183 1	234 1	314 1	437 1	466 1	491 1	513 1	620 1	625 1	685 1	698 1	
40 1	42 1	116 1	126 1	186 1	237 1	317 1	440 1	469 1	494 1	516 1	623 1	628 1	688 1	701 1	
41 1	43 1	117 1	127 1	187 1	238 1	318 1	441 1	470 1	495 1	517 1	624 1	629 1	689 1	702 1	
44 1	46 1	120 1	130 1	190 1	241 1	321 1	444 1	473 1	498 1	520 1	627 1	632 1	692 1	705 1	
45 1	47 1	121 1	131 1	191 1	242 1	322 1	445 1	474 1	499 1	521 1	628 1	633 1	693 1	706 1	
48 1	50 1	124 1	134 1	194 1	245 1	325 1	448 1	477 1	502 1	524 1	631 1	636 1	696 1	709 1	
49 1	51 1	125 1	135 1	195 1	246 1	326 1	449 1	478 1	503 1	525 1	632 1	637 1	697 1	710 1	
51 1	53 1	127 1	137 1	197 1	248 1	328 1	451 1	480 1	505 1	527 1	634 1	639 1	699 1	712 1	
52 1	54 1	128 1	138 1	198 1	249 1	329 1	452 1	481 1	506 1	528 1	635 1	640 1	700 1	713 1	
55 1	57 1	131 1	141 1	201 1	252 1	332 1	455 1	484 1	509 1	531 1	638 1	643 1	703 1	716 1	
56 1	58 1	132 1	142 1	202 1	253 1	333 1	456 1	485 1	510 1	532 1	639 1	644 1	704 1	717 1	
59 1	61 1	135 1	145 1	205 1	256 1	336 1	459 1	488 1	513 1	535 1	642 1	647 1	707 1	720 1	
60 1	62 1	136 1	146 1	206 1	257 1	337 1	460 1	489 1	514 1	536 1	643 1	648 1	708 1	721 1	
63 1	65 1	139 1	149 1	209 1	260 1	340 1	463 1	492 1	517 1	539 1	646 1	651 1	711 1	724 1	
64 1	66 1	140 1	150 1	210 1	261 1	341 1	464 1	493 1	518 1	540 1	647 1	652 1	712 1	725 1	
66 1	68 1	142 1	152 1	212 1	263 1	343 1	466 1	495 1	520 1	542 1	649 1	654 1	714 1	727 1	
67 1	69 1	143 1	153 1	213 1	264 1	344 1	467 1	496 1	521 1	543 1	650 1	655 1	715 1	728 1	
70 1	72 1	146 1	156 1	216 1	267 1	347 1	470 1	499 1	524 1	546 1	653 1	658 1	718 1	731 1	
71 1	73 1	147 1	157 1	217 1	268 1	348 1	471 1	500 1	525 1	547 1	654 1	659 1	719 1	732 1	
74 1	76 1	150 1	160 1	220 1	271 1	351 1	474 1	503 1	528 1	550 1	657 1	662 1	722 1	735 1	
75 1	77 1	151 1	161 1	221 1	272 1	352 1	475 1	504 1	529 1	551 1	658 1	663 1	723 1	736 1	
78 1	80 1	154 1	164 1	224 1	275 1	355 1	478 1	507 1	532 1	554 1	661 1	666 1	726 1	739 1	
79 1	81 1	155 1	165 1	225 1	276 1	356 1	479 1	508 1	533 1	555 1	662 1	667 1	727 1	740 1	
82 1	84 1	158 1	168 1	228 1	279 1	359 1	482 1	511 1	536 1	558 1	665 1	670 1	730 1	743 1	
85 1	87 1	161 1	171 1	231 1	282 1	362 1	485 1	514 1	539 1	561 1	668 1	673 1	733 1	746 1	
86 1	88 1	162 1	172 1	232 1	283 1	363 1	486 1	515 1	540 1	562 1	669 1	674 1	734 1	747 1	
89 1	91 1	165 1	175 1	235 1	286 1	366 1	489 1	518 1	543 1	565 1	672 1	677 1	737 1	750 1	
90 1	92 1	166 1	176 1	236 1	287 1	367 1	490 1	519 1	544 1	566 1	673 1	678 1	738 1	751 1	
93 1	95 1	169 1	179 1	239 1	290 1	370 1	493 1	522 1	547 1	569 1	676 1	681 1	741 1	754 1	
94 1	96 1	170 1	180 1	240 1	291 1	371 1	494 1	523 1	548 1	570 1	677 1	682 1	742 1	755 1	
97 1	99 1	173 1	183 1	243 1	294 1	374 1	497 1	526 1	551 1	573 1	680 1	685 1	745 1	758 1	
98 1	100 1	174 1	184 1	244 1	295 1	375 1	498 1	527 1	552 1	574 1	681 1	686 1	746 1	759 1	
100 1	102 1	176 1	186 1	246 1	297 1	377 1	500 1	529 1	554 1	576 1	683 1	688 1	748 1	761 1	
101 1	103 1	177 1	187 1	247 1	298 1	378 1	501 1	530 1	555 1	577 1	684 1	689 1	749 1	762 1	
104 1	106 1	180 1	190 1	250 1	301 1	381 1	504 1	533 1	558 1	580 1	687 1	692 1	752 1	765 1	
105 1	107 1	181 1	191 1	251 1	302 1	382 1	505 1	534 1	559 1	581 1	688 1	693 1	753 1	766 1	
108 1	110 1	184 1	194 1	254 1	305 1	385 1	508 1	537 1	562 1	584 1	691 1	696 1	756 1	769 1	
109 1	111 1	185 1	195 1	255 1	306 1	386 1	509 1	538 1	563 1	585 1	692 1	697 1	757 1	770 1	
112 1	114 1	188 1	198 1	258 1	309 1	389 1	512 1	541 1	566 1	588 1	695 1	700 1	760 1	773 1	
113 1	115 1	189 1	199 1	259 1	310 1	390 1	513 1	542 1	567 1	589 1	696 1	701 1	761 1	774 1	
116 1	118 1	192 1	202 1	262 1	313 1	393 1	516 1	545 1	570 1	592 1	699 1	704 1	764 1	777 1	
119 1	121 1	195 1	205 1	265 1	316 1	396 1	519 1	548 1	573 1	595 1	702 1	707 1	767 1	780 1	
120 1	122 1	196 1	206 1	266 1	317 1	397 1	520 1	549 1	574 1	596 1	703 1	708 1	768 1	781 1	
123 1	125 1	199 1	209 1	269 1	320 1	400 1	523 1	552 1	577 1	599 1	706 1	711 1	771 1	784 1	
1 1	124 1	126 1	200 1	210 1	270 1	321 1	524 1	553 1	578 1	600 1	707 1	712 1	772 1	785 1	
4 1	127 1	129 1	203 1	213 1	273 1	324 1	527 1	556 1	581 1	603 1	710 1	715 1	775 1	788 1	
5 1	128 1	130 1	204 1	214 1	274 1	325 1	528 1	557 1	582 1	604 1	711 1	716 1	776 1	789 1	
8 1	131 1	133 1	207 1	217 1	277 1	328 1	531 1	560 1	585 1	607 1	714 1	719 1	779 1	792 1	
9 1	132 1	134 1	208 1	218 1	278 1	329 1	532 1	561 1	586 1	608 1	715 1	720 1	780 1	793 1	
11 1	134 1	136 1	210 1	220 1	280 1	331 1	534 1	563 1	588 1	610 1	717 1	722 1	782 1	795 1	
12 1	135 1	137 1	211 1	221 1	281 1	332 1	535 1	564 1	589 1	611 1	718 1	723 1	783 1	796 1	
15 1	138 1	140 1	214 1	224 1	284 1	335 1	538 1	567 1	592 1	614 1	721 1	726 1	786 1	799 1	
16 1	139 1	141 1	215 1	225 1	285 1	336 1	539 1	568 1	593 1	615 1	722 1	727 1	787 1	800 1	
19 1	142 1	144 1	218 1	228 1	288 1	339 1	403 1	542 1	571 1	596 1	618 1	725 1	730 1	790 1	
20 1	143 1	145 1	219 1	229 1	289 1	340 1	404 1	543 1	572 1	597 1	619 1	726 1	731 1	791 1	
23 1	146 1	148 1	222 1	232 1	292 1	343 1	407 1	546 1	575 1	600 1	622 1	729 1	734 1	794 1	
24 1	147 1	149 1	223 1	233 1	293 1	344 1	408 1	547 1	576 1	601 1	623 1	730 1	735 1	795 1	
26 1	149 1	151 1	225 1	235 1	295 1	346 1	410 1	549 1	578 1	603 1	625 1	732 1	737 1	797 1	
27 1	150 1	152 1	226 1	236 1	296 1	347 1	411 1	550 1	579 1	604 1	626 1	733 1	738 1	798 1	
30 1	153 1	155 1	229 1	239 1	299 1	350 1	401 1	414 1	553 1	582 1	607 1	629 1	736 1	741 1	
31 1	154 1	156 1	230 1	240 1	300 1	351 1	402 1	415 1	554 1	583 1	608 1	630 1	737 1	742 1	
34 1	157 1	159 1	233 1	243 1	303 1	354 1	405 1	418 1	557 1	586 1	611 1	633 1	740 1	745 1	
35 1	158 1	160 1	234 1	244 1	304 1	355 1	406 1	419 1	558 1	587 1	612 1	634 1	741 1	746 1	
38 1	161 1	163 1	237 1	247 1	307 1	358 1	409 1	422 1	561 1	590 1	615 1	637 1	744 1	749 1	
39 1	162 1	164 1	238 1	248 1	308 1	359 1	410 1	423 1	562 1	591 1	616 1	638 1	745 1	750 1	
42 1	165 1	167 1	241 1	251 1	311 1	362 1	413 1	426 1	565 1	594 1	619 1	641 1	748 1	753 1	
45 1	168 1	170 1	244 1	254 1	314 1	365 1	416 1	429 1	568 1	597 1	622 1	644 1	751 1	756 1	
46 1	169 1	171 1	245 1	255 1	315 1	366 1	417 1	430 1	569 1	598 1	623 1	645 1	752 1	757 1	
49 1	172 1	174 1	248 1	258 1	318 1	369 1	420 1	433 1	572 1	601 1	626 1	648 1	755 1	760 1	
50 1	173 1	175 1	249 1	259 1	319 1	370 1	421 1	434 1	573 1	602 1	627 1	649 1	756 1	761 1	
53 1	176 1	178 1	252 1	262 1	322 1	373 1	424 1	437 1	576 1	605 1	630 1	652 1	759 1	764 1	
54 1	177 1	179 1	253 1	263 1	323 1	374 1	425 1	438 1	577 1	606 1	631 1	653 1	760 1	765 1	
57 1	180 1	182 1	256 1	266 1	326 1	377 1	428 1	441 1	580 1	609 1	634 1	656 1	763 1	768 1	
58 1	181 1	183 1	257 1	267 1	327 1	378 1	429 1	442 1	581 1	610 1	635 1	657 1	764 1	769 1	
60 1	183 1	185 1	259 1	269 1	329 1	380 1	431 1	444 1	583 1	612 1	637 1	659 1	766 1	771 1	
61 1	184 1	186 1	260 1	270 1	330 1	381 1	432 1	445 1	584 1	613 1	638 1	660 1	767 1	772 1	
64 1	187 1	189 1	263 1	273 1	333 1	384 1	435 1	448 1	587 1	616 1	641 1	663 1	770 1	775 1	
65 1	188 1	190 1	264 1	274 1	334 1	385 1	436 1	449 1	588 1	617 1	642 1	664 1	771 1	776 1	
68 1	191 1	193 1	267 1	277 1	337 1	388 1	439 1	452 1	591 1	620 1	645 1	667 1	774 1	779 1	
69 1	192 1	194 1	268 1	278 1	338 1	389 1	440 1	453 1	592 1	621 1	646 1	668 1	775 1	780 1	
72 1	195 1	197 1	271 1	281 1	341 1	392 1	443 1	456 1	595 1	624 1	649 1	671 1	778 1	783 1	
73 1	196 1	198 1	272 1	282 1	342 1	393 1	444 1	457 1	596 1	625 1	650 1	672 1	779 1	784 1	
76 1	199 1	201 1	275 1	285 1	345 1	396 1	447 1	460 1	599 1	628 1	653 1	675 1	782 1	787 1	
79 1	202 1	204 1	278 1	288 1	348 1	399 1	450 1	463 1	602 1	631 1	656 1	678 1	785 1	790 1	
80 1	203 1	205 1	279 1	289 1	349 1	400 1	451 1	464 1	603 1	632 1	657 1	679 1	786 1	791 1	
3 1	83 1	206 1	208 1	282 1	292 1	352 1	454 1	467 1	606 1	635 1	660 1	682 1	789 1	794 1	
4 1	84 1	207 1	209 1	283 1	293 1	353 1	455 1	468 1	607 1	636 1	661 1	683 1	790 1	795 1	
7 1	87 1	210 1	212 1	286 1	296 1	356 1	458 1	471 1	610 1	639 1	664 1	686 1	793 1	798 1	
8 1	88 1	211 1	213 1	287 1	297 1	357 1	459 1	472 1	611 1	640 1	665 1	687 1	794 1	799 1	
11 1	91 1	214 1	216 1	290 1	300 1	360 1	402 1	462 1	475 1	614 1	643 1	668 1	690 1	797 1	
12 1	92 1	215 1	217 1	291 1	301 1	361 1	403 1	463 1	476 1	615 1	644 1	669 1	691 1	798 1	
14 1	94 1	217 1	219 1	293 1	303 1	363 1	405 1	465 1	478 1	617 1	646 1	671 1	693 1	800 1	
15 1	95 1	218 1	220 1	294 1	304 1	364 1	401 1	406 1	466 1	479 1	618 1	647 1	672 1	694 1	
18 1	98 1	221 1	223 1	297 1	307 1	367 1	404 1	409 1	469 1	482 1	621 1	650 1	675 1	697 1	
19 1	99 1	222 1	224 1	298 1	308 1	368 1	405 1	410 1	470 1	483 1	622 1	651 1	676 1	698 1	
22 1	102 1	225 1	227 1	301 1	311 1	371 1	408 1	413 1	473 1	486 1	625 1	654 1	679 1	701 1	
23 1	103 1	226 1	228 1	302 1	312 1	372 1	409 1	414 1	474 1	487 1	626 1	655 1	680 1	702 1	
26 1	106 1	229 1	231 1	305 1	315 1	375 1	412 1	417 1	477 1	490 1	629 1	658 1	683 1	705 1	
27 1	107 1	230 1	232 1	306 1	316 1	376 1	413 1	418 1	478 1	491 1	630 1	659 1	684 1	706 1	
30 1	110 1	233 1	235 1	309 1	319 1	379 1	416 1	421 1	481 1	494 1	633 1	662 1	687 1	709 1	
33 1	113 1	236 1	238 1	312 1	322 1	382 1	419 1	424 1	484 1	497 1	636 1	665 1	690 1	712 1	
34 1	114 1	237 1	239 1	313 1	323 1	383 1	420 1	425 1	485 1	498 1	637 1	666 1	691 1	713 1	
37 1	117 1	240 1	242 1	316 1	326 1	386 1	423 1	428 1	488 1	501 1	640 1	669 1	694 1	716 1	
38 1	118 1	241 1	243 1	317 1	327 1	387 1	424 1	429 1	489 1	502 1	641 1	670 1	695 1	717 1	
41 1	121 1	244 1	246 1	320 1	330 1	390 1	427 1	432 1	492 1	505 1	644 1	673 1	698 1	720 1	
42 1	122 1	245 1	247 1	321 1	331 1	391 1	428 1	433 1	493 1	506 1	645 1	674 1	699 1	721 1	
45 1	125 1	248 1	250 1	324 1	334 1	394 1	431 1	436 1	496 1	509 1	648 1	677 1	702 1	724 1	
48 1	128 1	251 1	253 1	327 1	337 1	397 1	434 1	439 1	499 1	512 1	651 1	680 1	705 1	727 1	
49 1	129 1	252 1	254 1	328 1	338 1	398 1	435 1	440 1	500 1	513 1	652 1	681 1	706 1	728 1	
1 1	52 1	132 1	255 1	257 1	331 1	341 1	438 1	443 1	503 1	516 1	655 1	684 1	709 1	731 1	
2 1	53 1	133 1	256 1	258 1	332 1	342 1	439 1	444 1	504 1	517 1	656 1	685 1	710 1	732 1	
5 1	56 1	136 1	259 1	261 1	335 1	345 1	442 1	447 1	507 1	520 1	659 1	688 1	713 1	735 1	
6 1	57 1	137 1	260 1	262 1	336 1	346 1	443 1	448 1	508 1	521 1	660 1	689 1	714 1	736 1	
9 1	60 1	140 1	263 1	265 1	339 1	349 1	446 1	451 1	511 1	524 1	663 1	692 1	717 1	739 1	
10 1	61 1	141 1	264 1	266 1	340 1	350 1	447 1	452 1	512 1	525 1	664 1	693 1	718 1	740 1	
12 1	63 1	143 1	266 1	268 1	342 1	352 1	449 1	454 1	514 1	527 1	666 1	695 1	720 1	742 1	
13 1	64 1	144 1	267 1	269 1	343 1	353 1	450 1	455 1	515 1	528 1	667 1	696 1	721 1	743 1	
16 1	67 1	147 1	270 1	272 1	346 1	356 1	453 1	458 1	518 1	531 1	670 1	699 1	724 1	746 1	
17 1	68 1	148 1	271 1	273 1	347 1	357 1	454 1	459 1	519 1	532 1	671 1	700 1	725 1	747 1	
20 1	71 1	151 1	274 1	276 1	350 1	360 1	457 1	462 1	522 1	535 1	674 1	703 1	728 1	750 1	
21 1	72 1	152 1	275 1	277 1	351 1	361 1	458 1	463 1	523 1	536 1	675 1	704 1	729 1	751 1	
24 1	75 1	155 1	278 1	280 1	354 1	364 1	461 1	466 1	526 1	539 1	678 1	707 1	732 1	754 1	
25 1	76 1	156 1	279 1	281 1	355 1	365 1	462 1	467 1	527 1	540 1	679 1	708 1	733 1	755 1	
28 1	79 1	159 1	282 1	284 1	358 1	368 1	465 1	470 1	530 1	543 1	682 1	711 1	736 1	758 1	
31 1	82 1	162 1	285 1	287 1	361 1	371 1	468 1	473 1	533 1	546 1	685 1	714 1	739 1	761 1	
32 1	83 1	163 1	286 1	288 1	362 1	372 1	469 1	474 1	534 1	547 1	686 1	715 1	740 1	762 1	
35 1	86 1	166 1	289 1	291 1	365 1	375 1	472 1	477 1	537 1	550 1	689 1	718 1	743 1	765 1	
36 1	87 1	167 1	290 1	292 1	366 1	376 1	473 1	478 1	538 1	551 1	690 1	719 1	744 1	766 1	
39 1	90 1	170 1	293 1	295 1	369 1	379 1	476 1	481 1	541 1	554 1	693 1	722 1	747 1	769 1	
40 1	91 1	171 1	294 1	296 1	370 1	380 1	477 1	482 1	542 1	555 1	694 1	723 1	748 1	770 1	
43 1	94 1	174 1	297 1	299 1	373 1	383 1	480 1	485 1	545 1	558 1	697 1	726 1	751 1	773 1	
44 1	95 1	175 1	298 1	300 1	374 1	384 1	481 1	486 1	546 1	559 1	698 1	727 1	752 1	774 1	
46 1	97 1	177 1	300 1	302 1	376 1	386 1	483 1	488 1	548 1	561 1	700 1	729 1	754 1	776 1	
47 1	98 1	178 1	301 1	303 1	377 1	387 1	484 1	489 1	549 1	562 1	701 1	730 1	755 1	777 1	
50 1	101 1	181 1	304 1	306 1	380 1	390 1	487 1	492 1	552 1	565 1	704 1	733 1	758 1	780 1	
51 1	102 1	182 1	305 1	307 1	381 1	391 1	488 1	493 1	553 1	566 1	705 1	734 1	759 1	781 1	
54 1	105 1	185 1	308 1	310 1	384 1	394 1	491 1	496 1	556 1	569 1	708 1	737 1	762 1	784 1	
55 1	106 1	186 1	309 1	311 1	385 1	395 1	492 1	497 1	557 1	570 1	709 1	738 1	763 1	785 1	
58 1	109 1	189 1	312 1	314 1	388 1	398 1	495 1	500 1	560 1	573 1	712 1	741 1	766 1	788 1	
59 1	110 1	190 1	313 1	315 1	389 1	399 1	496 1	501 1	561 1	574 1	713 1	742 1	767 1	789 1	
2 1	62 1	113 1	193 1	316 1	318 1	392 1	499 1	504 1	564 1	577 1	716 1	745 1	770 1	792 1	
5 1	65 1	116 1	196 1	319 1	321 1	395 1	502 1	507 1	567 1	580 1	719 1	748 1	773 1	795 1	
9 1	69 1	120 1	200 1	323 1	325 1	399 1	506 1	511 1	571 1	584 1	723 1	752 1	777 1	799 1	
10 1	70 1	121 1	201 1	324 1	326 1	400 1	507 1	512 1	572 1	585 1	724 1	753 1	778 1	800 1	
3 1	13 1	73 1	124 1	204 1	327 1	329 1	403 1	510 1	515 1	575 1	588 1	727 1	756 1	781 1	
4 1	14 1	74 1	125 1	205 1	328 1	330 1	404 1	511 1	516 1	576 1	589 1	728 1	757 1	782 1	
7 1	17 1	77 1	128 1	208 1	331 1	333 1	407 1	514 1	519 1	579 1	592 1	731 1	760 1	785 1	
8 1	18 1	78 1	129 1	209 1	332 1	334 1	408 1	515 1	520 1	580 1	593 1	732 1	761 1	786 1	
10 1	20 1	80 1	131 1	211 1	334 1	336 1	410 1	517 1	522 1	582 1	595 1	734 1	763 1	788 1	
11 1	21 1	81 1	132 1	212 1	335 1	337 1	411 1	518 1	523 1	583 1	596 1	735 1	764 1	789 1	
14 1	24 1	84 1	135 1	215 1	338 1	340 1	414 1	521 1	526 1	586 1	599 1	738 1	767 1	792 1	
15 1	25 1	85 1	136 1	216 1	339 1	341 1	415 1	522 1	527 1	587 1	600 1	739 1	768 1	793 1	
18 1	28 1	88 1	139 1	219 1	342 1	344 1	418 1	525 1	530 1	590 1	603 1	742 1	771 1	796 1	
19 1	29 1	89 1	140 1	220 1	343 1	345 1	419 1	526 1	531 1	591 1	604 1	743 1	772 1	797 1	
22 1	32 1	92 1	143 1	223 1	346 1	348 1	422 1	529 1	534 1	594 1	607 1	746 1	775 1	800 1	
23 1	33 1	93 1	144 1	224 1	347 1	349 1	401 1	423 1	530 1	535 1	595 1	608 1	747 1	776 1	
25 1	35 1	95 1	146 1	226 1	349 1	351 1	403 1	425 1	532 1	537 1	597 1	610 1	749 1	778 1	
26 1	36 1	96 1	147 1	227 1	350 1	352 1	404 1	426 1	533 1	538 1	598 1	611 1	750 1	779 1	
29 1	39 1	99 1	150 1	230 1	353 1	355 1	407 1	429 1	536 1	541 1	601 1	614 1	753 1	782 1	
30 1	40 1	100 1	151 1	231 1	354 1	356 1	408 1	430 1	537 1	542 1	602 1	615 1	754 1	783 1	
33 1	43 1	103 1	154 1	234 1	357 1	359 1	411 1	433 1	540 1	545 1	605 1	618 1	757 1	786 1	
34 1	44 1	104 1	155 1	235 1	358 1	360 1	412 1	434 1	541 1	546 1	606 1	619 1	758 1	787 1	
37 1	47 1	107 1	158 1	238 1	361 1	363 1	415 1	437 1	544 1	549 1	609 1	622 1	761 1	790 1	
38 1	48 1	108 1	159 1	239 1	362 1	364 1	416 1	438 1	545 1	550 1	610 1	623 1	762 1	791 1	
41 1	51 1	111 1	162 1	242 1	365 1	367 1	419 1	441 1	548 1	553 1	613 1	626 1	765 1	794 1	
44 1	54 1	114 1	165 1	245 1	368 1	370 1	422 1	444 1	551 1	556 1	616 1	629 1	768 1	797 1	
45 1	55 1	115 1	166 1	246 1	369 1	371 1	423 1	445 1	552 1	557 1	617 1	630 1	769 1	798 1	
48 1	58 1	118 1	169 1	249 1	372 1	374 1	401 1	426 1	448 1	555 1	560 1	620 1	633 1	772 1	
49 1	59 1	119 1	170 1	250 1	373 1	375 1	402 1	427 1	449 1	556 1	561 1	621 1	634 1	773 1	
52 1	62 1	122 1	173 1	253 1	376 1	378 1	405 1	430 1	452 1	559 1	564 1	624 1	637 1	776 1	
53 1	63 1	123 1	174 1	254 1	377 1	379 1	406 1	431 1	453 1	560 1	565 1	625 1	638 1	777 1	
56 1	66 1	126 1	177 1	257 1	380 1	382 1	409 1	434 1	456 1	563 1	568 1	628 1	641 1	780 1	
57 1	67 1	127 1	178 1	258 1	381 1	383 1	410 1	435 1	457 1	564 1	569 1	629 1	642 1	781 1	
59 1	69 1	129 1	180 1	260 1	383 1	385 1	412 1	437 1	459 1	566 1	571 1	631 1	644 1	783 1	
60 1	70 1	130 1	181 1	261 1	384 1	386 1	413 1	438 1	460 1	567 1	572 1	632 1	645 1	784 1	
63 1	73 1	133 1	184 1	264 1	387 1	389 1	416 1	441 1	463 1	570 1	575 1	635 1	648 1	787 1	
64 1	74 1	134 1	185 1	265 1	388 1	390 1	417 1	442 1	464 1	571 1	576 1	636 1	649 1	788 1	
67 1	77 1	137 1	188 1	268 1	391 1	393 1	420 1	445 1	467 1	574 1	579 1	639 1	652 1	791 1	
68 1	78 1	138 1	189 1	269 1	392 1	394 1	421 1	446 1	468 1	575 1	580 1	640 1	653 1	792 1	
71 1	81 1	141 1	192 1	272 1	395 1	397 1	424 1	449 1	471 1	578 1	583 1	643 1	656 1	795 1	
72 1	82 1	142 1	193 1	273 1	396 1	398 1	425 1	450 1	472 1	579 1	584 1	644 1	657 1	796 1	
1 1	75 1	85 1	145 1	196 1	276 1	399 1	428 1	453 1	475 1	582 1	587 1	647 1	660 1	799 1	
3 2	142 2	155 2	215 2	220 2	327 2	349 2	374 2	401 2	403 2	526 2	606 2	657 2	717 2	727 2	
4 2	143 2	156 2	216 2	221 2	328 2	350 2	375 2	402 2	404 2	527 2	607 2	658 2	718 2	728 2	
7 2	146 2	159 2	219 2	224 2	331 2	353 2	378 2	405 2	407 2	530 2	610 2	661 2	721 2	731 2	
11 2	150 2	163 2	223 2	228 2	335 2	357 2	382 2	409 2	411 2	534 2	614 2	665 2	725 2	735 2	
12 2	151 2	164 2	224 2	229 2	336 2	358 2	383 2	410 2	412 2	535 2	615 2	666 2	726 2	736 2	
14 2	153 2	166 2	226 2	231 2	338 2	360 2	385 2	412 2	414 2	537 2	617 2	668 2	728 2	738 2	
15 2	154 2	167 2	227 2	232 2	339 2	361 2	386 2	413 2	415 2	538 2	618 2	669 2	729 2	739 2	
19 2	158 2	171 2	231 2	236 2	343 2	365 2	390 2	417 2	419 2	542 2	622 2	673 2	733 2	743 2	
22 2	161 2	174 2	234 2	239 2	346 2	368 2	393 2	420 2	422 2	545 2	625 2	676 2	736 2	746 2	
23 2	162 2	175 2	235 2	240 2	347 2	369 2	394 2	421 2	423 2	546 2	626 2	677 2	737 2	747 2	
26 2	165 2	178 2	238 2	243 2	350 2	372 2	397 2	424 2	426 2	549 2	629 2	680 2	740 2	750 2	
27 2	166 2	179 2	239 2	244 2	351 2	373 2	398 2	425 2	427 2	550 2	630 2	681 2	741 2	751 2	
1 2	30 2	169 2	182 2	242 2	247 2	354 2	376 2	428 2	430 2	553 2	633 2	684 2	744 2	754 2	
2 2	31 2	170 2	183 2	243 2	248 2	355 2	377 2	429 2	431 2	554 2	634 2	685 2	745 2	755 2	
4 2	33 2	172 2	185 2	245 2	250 2	357 2	379 2	431 2	433 2	556 2	636 2	687 2	747 2	757 2	
5 2	34 2	173 2	186 2	246 2	251 2	358 2	380 2	432 2	434 2	557 2	637 2	688 2	748 2	758 2	
8 2	37 2	176 2	189 2	249 2	254 2	361 2	383 2	435 2	437 2	560 2	640 2	691 2	751 2	761 2	
9 2	38 2	177 2	190 2	250 2	255 2	362 2	384 2	436 2	438 2	561 2	641 2	692 2	752 2	762 2	
12 2	41 2	180 2	193 2	253 2	258 2	365 2	387 2	439 2	441 2	564 2	644 2	695 2	755 2	765 2	
13 2	42 2	181 2	194 2	254 2	259 2	366 2	388 2	440 2	442 2	565 2	645 2	696 2	756 2	766 2	
16 2	45 2	184 2	197 2	257 2	262 2	369 2	391 2	443 2	445 2	568 2	648 2	699 2	759 2	769 2	
17 2	46 2	185 2	198 2	258 2	263 2	370 2	392 2	444 2	446 2	569 2	649 2	700 2	760 2	770 2	
19 2	48 2	187 2	200 2	260 2	265 2	372 2	394 2	446 2	448 2	571 2	651 2	702 2	762 2	772 2	
23 2	52 2	191 2	204 2	264 2	269 2	376 2	398 2	450 2	452 2	575 2	655 2	706 2	766 2	776 2	
24 2	53 2	192 2	205 2	265 2	270 2	377 2	399 2	451 2	453 2	576 2	656 2	707 2	767 2	777 2	
2 2	27 2	56 2	195 2	208 2	268 2	273 2	380 2	454 2	456 2	579 2	659 2	710 2	770 2	780 2	
3 2	28 2	57 2	196 2	209 2	269 2	274 2	381 2	455 2	457 2	580 2	660 2	711 2	771 2	781 2	
6 2	31 2	60 2	199 2	212 2	272 2	277 2	384 2	458 2	460 2	583 2	663 2	714 2	774 2	784 2	
7 2	32 2	61 2	200 2	213 2	273 2	278 2	385 2	459 2	461 2	584 2	664 2	715 2	775 2	785 2	
10 2	35 2	64 2	203 2	216 2	276 2	281 2	388 2	462 2	464 2	587 2	667 2	718 2	778 2	788 2	
13 2	38 2	67 2	206 2	219 2	279 2	284 2	391 2	465 2	467 2	590 2	670 2	721 2	781 2	791 2	
14 2	39 2	68 2	207 2	220 2	280 2	285 2	392 2	466 2	468 2	591 2	671 2	722 2	782 2	792 2	
17 2	42 2	71 2	210 2	223 2	283 2	288 2	395 2	469 2	471 2	594 2	674 2	725 2	785 2	795 2	
18 2	43 2	72 2	211 2	224 2	284 2	289 2	396 2	470 2	472 2	595 2	675 2	726 2	786 2	796 2	
21 2	46 2	75 2	214 2	227 2	287 2	292 2	399 2	473 2	475 2	598 2	678 2	729 2	789 2	799 2	
3 2	25 2	50 2	79 2	218 2	231 2	291 2	296 2	403 2	477 2	479 2	602 2	682 2	733 2	793 2	
4 2	26 2	51 2	80 2	219 2	232 2	292 2	297 2	404 2	478 2	480 2	603 2	683 2	734 2	794 2	
6 2	28 2	53 2	82 2	221 2	234 2	294 2	299 2	406 2	480 2	482 2	605 2	685 2	736 2	796 2	
7 2	29 2	54 2	83 2	222 2	235 2	295 2	300 2	407 2	481 2	483 2	606 2	686 2	737 2	797 2	
10 2	32 2	57 2	86 2	225 2	238 2	298 2	303 2	410 2	484 2	486 2	609 2	689 2	740 2	800 2	
11 2	33 2	58 2	87 2	226 2	239 2	299 2	304 2	401 2	411 2	485 2	487 2	610 2	690 2	741 2	
15 2	37 2	62 2	91 2	230 2	243 2	303 2	308 2	405 2	415 2	489 2	491 2	614 2	694 2	745 2	
18 2	40 2	65 2	94 2	233 2	246 2	306 2	311 2	408 2	418 2	492 2	494 2	617 2	697 2	748 2	
19 2	41 2	66 2	95 2	234 2	247 2	307 2	312 2	409 2	419 2	493 2	495 2	618 2	698 2	749 2	
21 2	43 2	68 2	97 2	236 2	249 2	309 2	314 2	411 2	421 2	495 2	497 2	620 2	700 2	751 2	
22 2	44 2	69 2	98 2	237 2	250 2	310 2	315 2	412 2	422 2	496 2	498 2	621 2	701 2	752 2	
25 2	47 2	72 2	101 2	240 2	253 2	313 2	318 2	415 2	425 2	499 2	501 2	624 2	704 2	755 2	
26 2	48 2	73 2	102 2	241 2	254 2	314 2	319 2	416 2	426 2	500 2	502 2	625 2	705 2	756 2	
29 2	51 2	76 2	105 2	244 2	257 2	317 2	322 2	419 2	429 2	503 2	505 2	628 2	708 2	759 2	
30 2	52 2	77 2	106 2	245 2	258 2	318 2	323 2	420 2	430 2	504 2	506 2	629 2	709 2	760 2	
33 2	55 2	80 2	109 2	248 2	261 2	321 2	326 2	423 2	433 2	507 2	509 2	632 2	712 2	763 2	
37 2	59 2	84 2	113 2	252 2	265 2	325 2	330 2	427 2	437 2	511 2	513 2	636 2	716 2	767 2	
40 2	62 2	87 2	116 2	255 2	268 2	328 2	333 2	430 2	440 2	514 2	516 2	639 2	719 2	770 2	
41 2	63 2	88 2	117 2	256 2	269 2	329 2	334 2	431 2	441 2	515 2	517 2	640 2	720 2	771 2	
44 2	66 2	91 2	120 2	259 2	272 2	332 2	337 2	434 2	444 2	518 2	520 2	643 2	723 2	774 2	
45 2	67 2	92 2	121 2	260 2	273 2	333 2	338 2	435 2	445 2	519 2	521 2	644 2	724 2	775 2	
48 2	70 2	95 2	124 2	263 2	276 2	336 2	341 2	438 2	448 2	522 2	524 2	647 2	727 2	778 2	
49 2	71 2	96 2	125 2	264 2	277 2	337 2	342 2	439 2	449 2	523 2	525 2	648 2	728 2	779 2	
52 2	74 2	99 2	128 2	267 2	280 2	340 2	345 2	442 2	452 2	526 2	528 2	651 2	731 2	782 2	
53 2	75 2	100 2	129 2	268 2	281 2	341 2	346 2	443 2	453 2	527 2	529 2	652 2	732 2	783 2	
55 2	77 2	102 2	131 2	270 2	283 2	343 2	348 2	445 2	455 2	529 2	531 2	654 2	734 2	785 2	
56 2	78 2	103 2	132 2	271 2	284 2	344 2	349 2	446 2	456 2	530 2	532 2	655 2	735 2	786 2	
59 2	81 2	106 2	135 2	274 2	287 2	347 2	352 2	449 2	459 2	533 2	535 2	658 2	738 2	789 2	
60 2	82 2	107 2	136 2	275 2	288 2	348 2	353 2	450 2	460 2	534 2	536 2	659 2	739 2	790 2	
63 2	85 2	110 2	139 2	278 2	291 2	351 2	356 2	453 2	463 2	537 2	539 2	662 2	742 2	793 2	
64 2	86 2	111 2	140 2	279 2	292 2	352 2	357 2	454 2	464 2	538 2	540 2	663 2	743 2	794 2	
67 2	89 2	114 2	143 2	282 2	295 2	355 2	360 2	457 2	467 2	541 2	543 2	666 2	746 2	797 2	
68 2	90 2	115 2	144 2	283 2	296 2	356 2	361 2	458 2	468 2	542 2	544 2	667 2	747 2	798 2	
70 2	92 2	117 2	146 2	285 2	298 2	358 2	363 2	460 2	470 2	544 2	546 2	669 2	749 2	800 2	
71 2	93 2	118 2	147 2	286 2	299 2	359 2	364 2	401 2	461 2	471 2	545 2	547 2	670 2	750 2	
74 2	96 2	121 2	150 2	289 2	302 2	362 2	367 2	404 2	464 2	474 2	548 2	550 2	673 2	753 2	
75 2	97 2	122 2	151 2	290 2	303 2	363 2	368 2	405 2	465 2	475 2	549 2	551 2	674 2	754 2	
76 2	98 2	123 2	152 2	291 2	304 2	364 2	369 2	406 2	466 2	476 2	550 2	552 2	675 2	755 2	
78 2	100 2	125 2	154 2	293 2	306 2	366 2	371 2	408 2	468 2	478 2	552 2	554 2	677 2	757 2	
79 2	101 2	126 2	155 2	294 2	307 2	367 2	372 2	409 2	469 2	479 2	553 2	555 2	678 2	758 2	
82 2	104 2	129 2	158 2	297 2	310 2	370 2	375 2	412 2	472 2	482 2	556 2	558 2	681 2	761 2	
86 2	108 2	133 2	162 2	301 2	314 2	374 2	379 2	416 2	476 2	486 2	560 2	562 2	685 2	765 2	
87 2	109 2	134 2	163 2	302 2	315 2	375 2	380 2	417 2	477 2	487 2	561 2	563 2	686 2	766 2	
90 2	112 2	137 2	166 2	305 2	318 2	378 2	383 2	420 2	480 2	490 2	564 2	566 2	689 2	769 2	
93 2	115 2	140 2	169 2	308 2	321 2	381 2	386 2	423 2	483 2	493 2	567 2	569 2	692 2	772 2	
94 2	116 2	141 2	170 2	309 2	322 2	382 2	387 2	424 2	484 2	494 2	568 2	570 2	693 2	773 2	
97 2	119 2	144 2	173 2	312 2	325 2	385 2	390 2	427 2	487 2	497 2	571 2	573 2	696 2	776 2	
98 2	120 2	145 2	174 2	313 2	326 2	386 2	391 2	428 2	488 2	498 2	572 2	574 2	697 2	777 2	
101 2	123 2	148 2	177 2	316 2	329 2	389 2	394 2	431 2	491 2	501 2	575 2	577 2	700 2	780 2	
102 2	124 2	149 2	178 2	317 2	330 2	390 2	395 2	432 2	492 2	502 2	576 2	578 2	701 2	781 2	
104 2	126 2	151 2	180 2	319 2	332 2	392 2	397 2	434 2	494 2	504 2	578 2	580 2	703 2	783 2	
105 2	127 2	152 2	181 2	320 2	333 2	393 2	398 2	435 2	495 2	505 2	579 2	581 2	704 2	784 2	
1 2	108 2	130 2	155 2	184 2	323 2	336 2	396 2	438 2	498 2	508 2	582 2	584 2	707 2	787 2	
2 2	109 2	131 2	156 2	185 2	324 2	337 2	397 2	439 2	499 2	509 2	583 2	585 2	708 2	788 2	
5 2	112 2	134 2	159 2	188 2	327 2	340 2	400 2	442 2	502 2	512 2	586 2	588 2	711 2	791 2	
1 2	6 2	113 2	135 2	160 2	189 2	328 2	341 2	443 2	503 2	513 2	587 2	589 2	712 2	792 2	
4 2	9 2	116 2	138 2	163 2	192 2	331 2	344 2	446 2	506 2	516 2	590 2	592 2	715 2	795 2	
5 2	10 2	117 2	139 2	164 2	193 2	332 2	345 2	447 2	507 2	517 2	591 2	593 2	716 2	796 2	
8 2	13 2	120 2	142 2	167 2	196 2	335 2	348 2	450 2	510 2	520 2	594 2	596 2	719 2	799 2	
9 2	14 2	121 2	143 2	168 2	197 2	336 2	349 2	451 2	511 2	521 2	595 2	597 2	720 2	800 2	
11 2	16 2	123 2	145 2	170 2	199 2	338 2	351 2	402 2	453 2	513 2	523 2	597 2	599 2	722 2	
12 2	17 2	124 2	146 2	171 2	200 2	339 2	352 2	403 2	454 2	514 2	524 2	598 2	600 2	723 2	
15 2	20 2	127 2	149 2	174 2	203 2	342 2	355 2	406 2	457 2	517 2	527 2	601 2	603 2	726 2	
16 2	21 2	128 2	150 2	175 2	204 2	343 2	356 2	407 2	458 2	518 2	528 2	602 2	604 2	727 2	
19 2	24 2	131 2	153 2	178 2	207 2	346 2	359 2	410 2	461 2	521 2	531 2	605 2	607 2	730 2	
20 2	25 2	132 2	154 2	179 2	208 2	347 2	360 2	411 2	462 2	522 2	532 2	606 2	608 2	731 2	
23 2	28 2	135 2	157 2	182 2	211 2	350 2	363 2	414 2	465 2	525 2	535 2	609 2	611 2	734 2	
24 2	29 2	136 2	158 2	183 2	212 2	351 2	364 2	415 2	466 2	526 2	536 2	610 2	612 2	735 2	
27 2	32 2	139 2	161 2	186 2	215 2	354 2	367 2	418 2	469 2	529 2	539 2	613 2	615 2	738 2	
30 2	35 2	142 2	164 2	189 2	218 2	357 2	370 2	421 2	472 2	532 2	542 2	616 2	618 2	741 2	
31 2	36 2	143 2	165 2	190 2	219 2	358 2	371 2	422 2	473 2	533 2	543 2	617 2	619 2	742 2	
34 2	39 2	146 2	168 2	193 2	222 2	361 2	374 2	425 2	476 2	536 2	546 2	620 2	622 2	745 2	
35 2	40 2	147 2	169 2	194 2	223 2	362 2	375 2	426 2	477 2	537 2	547 2	621 2	623 2	746 2	
38 2	43 2	150 2	172 2	197 2	226 2	365 2	378 2	429 2	480 2	540 2	550 2	624 2	626 2	749 2	
39 2	44 2	151 2	173 2	198 2	227 2	366 2	379 2	430 2	481 2	541 2	551 2	625 2	627 2	750 2	
42 2	47 2	154 2	176 2	201 2	230 2	369 2	382 2	433 2	484 2	544 2	554 2	628 2	630 2	753 2	
45 2	50 2	157 2	179 2	204 2	233 2	372 2	385 2	436 2	487 2	547 2	557 2	631 2	633 2	756 2	
46 2	51 2	158 2	180 2	205 2	234 2	373 2	386 2	437 2	488 2	548 2	558 2	632 2	634 2	757 2	
47 2	52 2	159 2	181 2	206 2	235 2	374 2	387 2	438 2	489 2	549 2	559 2	633 2	635 2	758 2	
49 2	54 2	161 2	183 2	208 2	237 2	376 2	389 2	440 2	491 2	551 2	561 2	635 2	637 2	760 2	
50 2	55 2	162 2	184 2	209 2	238 2	377 2	390 2	441 2	492 2	552 2	562 2	636 2	638 2	761 2	
53 2	58 2	165 2	187 2	212 2	241 2	380 2	393 2	444 2	495 2	555 2	565 2	639 2	641 2	764 2	
54 2	59 2	166 2	188 2	213 2	242 2	381 2	394 2	445 2	496 2	556 2	566 2	640 2	642 2	765 2	
56 2	61 2	168 2	190 2	215 2	244 2	383 2	396 2	447 2	498 2	558 2	568 2	642 2	644 2	767 2	
57 2	62 2	169 2	191 2	216 2	245 2	384 2	397 2	448 2	499 2	559 2	569 2	643 2	645 2	768 2	
58 2	63 2	170 2	192 2	217 2	246 2	385 2	398 2	449 2	500 2	560 2	570 2	644 2	646 2	769 2	
60 2	65 2	172 2	194 2	219 2	248 2	387 2	400 2	451 2	502 2	562 2	572 2	646 2	648 2	771 2	
1 2	61 2	66 2	173 2	195 2	220 2	249 2	388 2	452 2	503 2	563 2	573 2	647 2	649 2	772 2	
4 2	64 2	69 2	176 2	198 2	223 2	252 2	391 2	455 2	506 2	566 2	576 2	650 2	652 2	775 2	
5 2	65 2	70 2	177 2	199 2	224 2	253 2	392 2	456 2	507 2	567 2	577 2	651 2	653 2	776 2	
8 2	68 2	73 2	180 2	202 2	227 2	256 2	395 2	459 2	510 2	570 2	580 2	654 2	656 2	779 2	
9 2	69 2	74 2	181 2	203 2	228 2	257 2	396 2	460 2	511 2	571 2	581 2	655 2	657 2	780 2	
12 2	72 2	77 2	184 2	206 2	231 2	260 2	399 2	463 2	514 2	574 2	584 2	658 2	660 2	783 2	
13 2	73 2	78 2	185 2	207 2	232 2	261 2	400 2	464 2	515 2	575 2	585 2	659 2	661 2	784 2	
3 2	16 2	76 2	81 2	188 2	210 2	235 2	264 2	467 2	518 2	578 2	588 2	662 2	664 2	787 2	
7 2	20 2	80 2	85 2	192 2	214 2	239 2	268 2	471 2	522 2	582 2	592 2	666 2	668 2	791 2	
10 2	23 2	83 2	88 2	195 2	217 2	242 2	271 2	474 2	525 2	585 2	595 2	669 2	671 2	794 2	
11 2	24 2	84 2	89 2	196 2	218 2	243 2	272 2	475 2	526 2	586 2	596 2	670 2	672 2	795 2	
14 2	27 2	87 2	92 2	199 2	221 2	246 2	275 2	478 2	529 2	589 2	599 2	673 2	675 2	798 2	
15 2	28 2	88 2	93 2	200 2	222 2	247 2	276 2	479 2	530 2	590 2	600 2	674 2	676 2	799 2	
18 2	31 2	91 2	96 2	203 2	225 2	250 2	279 2	402 2	482 2	533 2	593 2	603 2	677 2	679 2	
19 2	32 2	92 2	97 2	204 2	226 2	251 2	280 2	403 2	483 2	534 2	594 2	604 2	678 2	680 2	
21 2	34 2	94 2	99 2	206 2	228 2	253 2	282 2	405 2	485 2	536 2	596 2	606 2	680 2	682 2	
22 2	35 2	95 2	100 2	207 2	229 2	254 2	283 2	406 2	486 2	537 2	597 2	607 2	681 2	683 2	
25 2	38 2	98 2	103 2	210 2	232 2	257 2	286 2	409 2	489 2	540 2	600 2	610 2	684 2	686 2	
26 2	39 2	99 2	104 2	211 2	233 2	258 2	287 2	410 2	490 2	541 2	601 2	611 2	685 2	687 2	
29 2	42 2	102 2	107 2	214 2	236 2	261 2	290 2	413 2	493 2	544 2	604 2	614 2	688 2	690 2	
30 2	43 2	103 2	108 2	215 2	237 2	262 2	291 2	414 2	494 2	545 2	605 2	615 2	689 2	691 2	
32 2	45 2	105 2	110 2	217 2	239 2	264 2	293 2	416 2	496 2	547 2	607 2	617 2	691 2	693 2	
33 2	46 2	106 2	111 2	218 2	240 2	265 2	294 2	417 2	497 2	548 2	608 2	618 2	692 2	694 2	
34 2	47 2	107 2	112 2	219 2	241 2	266 2	295 2	418 2	498 2	549 2	609 2	619 2	693 2	695 2	
36 2	49 2	109 2	114 2	221 2	243 2	268 2	297 2	420 2	500 2	551 2	611 2	621 2	695 2	697 2	
37 2	50 2	110 2	115 2	222 2	244 2	269 2	298 2	421 2	501 2	552 2	612 2	622 2	696 2	698 2	
40 2	53 2	113 2	118 2	225 2	247 2	272 2	301 2	424 2	504 2	555 2	615 2	625 2	699 2	701 2	
41 2	54 2	114 2	119 2	226 2	248 2	273 2	302 2	425 2	505 2	556 2	616 2	626 2	700 2	702 2	
44 2	57 2	117 2	122 2	229 2	251 2	276 2	305 2	428 2	508 2	559 2	619 2	629 2	703 2	705 2	
48 2	61 2	121 2	126 2	233 2	255 2	280 2	309 2	432 2	512 2	563 2	623 2	633 2	707 2	709 2	
49 2	62 2	122 2	127 2	234 2	256 2	281 2	310 2	433 2	513 2	564 2	624 2	634 2	708 2	710 2	
52 2	65 2	125 2	130 2	237 2	259 2	284 2	313 2	436 2	516 2	567 2	627 2	637 2	711 2	713 2	
55 2	68 2	128 2	133 2	240 2	262 2	287 2	316 2	439 2	519 2	570 2	630 2	640 2	714 2	716 2	
56 2	69 2	129 2	134 2	241 2	263 2	288 2	317 2	440 2	520 2	571 2	631 2	641 2	715 2	717 2	
59 2	72 2	132 2	137 2	244 2	266 2	291 2	320 2	443 2	523 2	574 2	634 2	644 2	718 2	720 2	
60 2	73 2	133 2	138 2	245 2	267 2	292 2	321 2	444 2	524 2	575 2	635 2	645 2	719 2	721 2	
63 2	76 2	136 2	141 2	248 2	270 2	295 2	324 2	447 2	527 2	578 2	638 2	648 2	722 2	724 2	
64 2	77 2	137 2	142 2	249 2	271 2	296 2	325 2	448 2	528 2	579 2	639 2	649 2	723 2	725 2	
67 2	80 2	140 2	145 2	252 2	274 2	299 2	328 2	451 2	531 2	582 2	642 2	652 2	726 2	728 2	
68 2	81 2	141 2	146 2	253 2	275 2	300 2	329 2	452 2	532 2	583 2	643 2	653 2	727 2	729 2	
70 2	83 2	143 2	148 2	255 2	277 2	302 2	331 2	454 2	534 2	585 2	645 2	655 2	729 2	731 2	
71 2	84 2	144 2	149 2	256 2	278 2	303 2	332 2	455 2	535 2	586 2	646 2	656 2	730 2	732 2	
74 2	87 2	147 2	152 2	259 2	281 2	306 2	335 2	458 2	538 2	589 2	649 2	659 2	733 2	735 2	
75 2	88 2	148 2	153 2	260 2	282 2	307 2	336 2	459 2	539 2	590 2	650 2	660 2	734 2	736 2	
78 2	91 2	151 2	156 2	263 2	285 2	310 2	339 2	462 2	542 2	593 2	653 2	663 2	737 2	739 2	
79 2	92 2	152 2	157 2	264 2	286 2	311 2	340 2	463 2	543 2	594 2	654 2	664 2	738 2	740 2	
81 2	94 2	154 2	159 2	266 2	288 2	313 2	342 2	465 2	545 2	596 2	656 2	666 2	740 2	742 2	
82 2	95 2	155 2	160 2	267 2	289 2	314 2	343 2	466 2	546 2	597 2	657 2	667 2	741 2	743 2	
83 2	96 2	156 2	161 2	268 2	290 2	315 2	344 2	467 2	547 2	598 2	658 2	668 2	742 2	744 2	
86 2	99 2	159 2	164 2	271 2	293 2	318 2	347 2	470 2	550 2	601 2	661 2	671 2	745 2	747 2	
87 2	100 2	160 2	165 2	272 2	294 2	319 2	348 2	471 2	551 2	602 2	662 2	672 2	746 2	748 2	
89 2	102 2	162 2	167 2	274 2	296 2	321 2	350 2	473 2	553 2	604 2	664 2	674 2	748 2	750 2	
90 2	103 2	163 2	168 2	275 2	297 2	322 2	351 2	474 2	554 2	605 2	665 2	675 2	749 2	751 2	
93 2	106 2	166 2	171 2	278 2	300 2	325 2	354 2	477 2	557 2	608 2	668 2	678 2	752 2	754 2	
94 2	107 2	167 2	172 2	279 2	301 2	326 2	355 2	478 2	558 2	609 2	669 2	679 2	753 2	755 2	
97 2	110 2	170 2	175 2	282 2	304 2	329 2	358 2	481 2	561 2	612 2	672 2	682 2	756 2	758 2	
98 2	111 2	171 2	176 2	283 2	305 2	330 2	359 2	482 2	562 2	613 2	673 2	683 2	757 2	759 2	
101 2	114 2	174 2	179 2	286 2	308 2	333 2	362 2	485 2	565 2	616 2	676 2	686 2	760 2	762 2	
104 2	117 2	177 2	182 2	289 2	311 2	336 2	365 2	488 2	568 2	619 2	679 2	689 2	763 2	765 2	
105 2	118 2	178 2	183 2	290 2	312 2	337 2	366 2	489 2	569 2	620 2	680 2	690 2	764 2	766 2	
108 2	121 2	181 2	186 2	293 2	315 2	340 2	369 2	492 2	572 2	623 2	683 2	693 2	767 2	769 2	
109 2	122 2	182 2	187 2	294 2	316 2	341 2	370 2	493 2	573 2	624 2	684 2	694 2	768 2	770 2	
112 2	125 2	185 2	190 2	297 2	319 2	344 2	373 2	496 2	576 2	627 2	687 2	697 2	771 2	773 2	
113 2	126 2	186 2	191 2	298 2	320 2	345 2	374 2	497 2	577 2	628 2	688 2	698 2	772 2	774 2	
116 2	129 2	189 2	194 2	301 2	323 2	348 2	377 2	500 2	580 2	631 2	691 2	701 2	775 2	777 2	
117 2	130 2	190 2	195 2	302 2	324 2	349 2	378 2	501 2	581 2	632 2	692 2	702 2	776 2	778 2	
120 2	133 2	193 2	198 2	305 2	327 2	352 2	381 2	504 2	584 2	635 2	695 2	705 2	779 2	781 2	
121 2	134 2	194 2	199 2	306 2	328 2	353 2	382 2	505 2	585 2	636 2	696 2	706 2	780 2	782 2	
123 2	136 2	196 2	201 2	308 2	330 2	355 2	384 2	507 2	587 2	638 2	698 2	708 2	782 2	784 2	
124 2	137 2	197 2	202 2	309 2	331 2	356 2	385 2	508 2	588 2	639 2	699 2	709 2	783 2	785 2	
127 2	140 2	200 2	205 2	312 2	334 2	359 2	388 2	511 2	591 2	642 2	702 2	712 2	786 2	788 2	
128 2	141 2	201 2	206 2	313 2	335 2	360 2	389 2	512 2	592 2	643 2	703 2	713 2	787 2	789 2	
131 2	144 2	204 2	209 2	316 2	338 2	363 2	392 2	515 2	595 2	646 2	706 2	716 2	790 2	792 2	
132 2	145 2	205 2	210 2	317 2	339 2	364 2	393 2	516 2	596 2	647 2	707 2	717 2	791 2	793 2	
135 2	148 2	208 2	213 2	320 2	342 2	367 2	396 2	519 2	599 2	650 2	710 2	720 2	794 2	796 2	
136 2	149 2	209 2	214 2	321 2	343 2	368 2	397 2	520 2	600 2	651 2	711 2	721 2	795 2	797 2	
138 2	151 2	211 2	216 2	323 2	345 2	370 2	399 2	522 2	602 2	653 2	713 2	723 2	797 2	799 2	
139 2	152 2	212 2	217 2	324 2	346 2	371 2	400 2	523 2	603 2	654 2	714 2	724 2	798 2	800 2	
