392 344
36 16
34 30 22 12 14 9 12 29 24 19 13 11 10 10 28 24 17 13 12 10 10 13 13 11 6 6 5 4 14 12 7 6 5 5 5 9 10 7 5 5 3 4 11 8 7 3 4 4 4 36 26 30 10 13 12 11 26 23 24 13 12 10 7 30 24 20 13 11 10 9 12 13 13 6 6 4 5 15 13 13 6 4 5 4 12 10 10 3 4 3 4 12 8 10 5 4 4 3 32 25 30 15 15 12 10 22 24 24 13 13 8 9 27 24 24 13 11 10 8 15 13 13 5 6 4 5 11 13 13 6 6 5 3 11 8 10 3 5 4 3 9 10 9 5 5 4 3 29 28 26 15 15 10 12 26 23 23 11 13 6 10 21 21 23 13 13 9 7 14 11 12 4 6 5 5 9 12 13 6 6 3 5 9 8 10 5 5 3 4 9 9 8 5 4 3 4 35 29 26 13 12 8 12 29 20 24 7 12 7 10 23 24 24 12 13 6 10 15 11 13 6 6 4 5 14 12 13 4 6 3 4 12 10 8 4 5 3 4 11 9 10 4 3 2 4 36 26 30 12 13 12 11 30 18 24 11 13 10 10 30 21 24 8 13 7 10 15 13 13 5 6 5 5 14 9 13 4 6 5 5 12 9 8 4 4 4 4 10 7 10 4 5 4 3 29 22 30 15 15 12 9 29 20 23 13 13 10 10 29 17 24 8 13 10 10 14 12 11 6 6 5 5 15 7 13 6 6 4 5 12 7 10 5 4 4 3 9 7 10 5 5 3 4 26 27 24 14 13 7 10 28 22 17 12 11 8 9 27 16 20 12 11 7 8 13 11 12 5 4 3 4 15 13 8 5 6 5 4 8 9 8 5 4 3 3 12 10 7 4 5 3 3 
16 12 12 12 16 12 12 12 16 12 12 12 16 12 12 12 16 12 12 12 16 12 12 12 16 12 12 16 12 12 12 16 12 12 12 16 12 12 12 16 12 12 12 16 12 12 12 16 12 12 12 16 12 12 12 16 12 12 12 16 12 12 12 16 12 12 12 16 12 12 12 16 12 12 12 16 12 12 12 16 12 12 12 16 12 12 12 16 12 12 12 16 12 12 12 16 12 12 12 16 12 12 12 16 12 12 12 16 12 12 12 16 12 12 12 16 12 12 12 16 12 12 16 12 12 12 16 12 12 12 16 12 12 12 16 12 12 12 16 12 12 12 16 12 12 16 12 12 12 16 12 12 16 12 12 12 16 12 12 12 16 12 12 12 16 12 12 12 16 12 16 12 16 16 16 12 12 12 12 12 12 12 12 12 16 16 16 12 12 12 12 12 12 12 12 12 16 16 16 12 12 12 12 12 12 12 12 12 16 16 16 12 12 12 12 12 12 12 12 12 16 16 16 12 12 12 12 12 12 12 12 16 16 16 12 12 12 12 12 12 12 12 12 16 16 16 12 12 12 12 12 12 12 12 12 16 12 12 12 12 12 12 12 12 16 16 16 12 12 12 12 12 12 12 12 12 16 16 16 12 12 12 12 12 12 12 12 12 16 16 16 12 12 12 12 12 12 12 12 12 16 16 16 12 12 12 12 12 12 12 12 12 16 16 16 12 12 12 12 12 12 12 12 12 16 16 16 12 12 12 12 12 12 12 12 12 16 16 16 12 12 12 16 16 
48 1	50 1	51 1	52 1	54 1	55 1	56 1	58 1	59 1	143 1	145 1	146 1	148 1	149 1	150 1	152 1	173 2	174 2	175 2	179 2	180 2	181 2	182 2	183 2	184 2	265 2	266 2	267 2	271 2	272 2	273 2	274 2	275 2	276 2	0 0	0 0	
48 1	49 1	51 1	52 1	53 1	55 1	56 1	57 1	59 1	108 1	109 1	110 1	112 1	113 1	114 1	116 1	117 1	118 1	173 2	174 2	179 2	180 2	182 2	183 2	325 2	327 2	331 2	333 2	334 2	336 2	0 0	0 0	0 0	0 0	0 0	0 0	
48 1	49 1	50 1	52 1	53 1	54 1	56 1	57 1	58 1	171 1	173 2	175 2	179 2	181 2	182 2	184 2	301 2	302 2	307 2	308 2	310 2	311 2	0 0	0 0	0 0	0 0	0 0	0 0	0 0	0 0	0 0	0 0	0 0	0 0	0 0	0 0	
48 1	52 1	56 1	121 1	124 1	128 1	173 2	179 2	182 2	338 2	339 2	342 2	0 0	0 0	0 0	0 0	0 0	0 0	0 0	0 0	0 0	0 0	0 0	0 0	0 0	0 0	0 0	0 0	0 0	0 0	0 0	0 0	0 0	0 0	0 0	0 0	
49 1	53 1	57 1	165 1	169 1	174 2	175 2	180 2	181 2	183 2	184 2	289 2	295 2	298 2	0 0	0 0	0 0	0 0	0 0	0 0	0 0	0 0	0 0	0 0	0 0	0 0	0 0	0 0	0 0	0 0	0 0	0 0	0 0	0 0	0 0	0 0	
50 1	54 1	58 1	134 1	138 1	142 1	174 2	180 2	183 2	0 0	0 0	0 0	0 0	0 0	0 0	0 0	0 0	0 0	0 0	0 0	0 0	0 0	0 0	0 0	0 0	0 0	0 0	0 0	0 0	0 0	0 0	0 0	0 0	0 0	0 0	0 0	
51 1	55 1	59 1	155 1	159 1	163 1	175 2	181 2	184 2	278 2	284 2	287 2	0 0	0 0	0 0	0 0	0 0	0 0	0 0	0 0	0 0	0 0	0 0	0 0	0 0	0 0	0 0	0 0	0 0	0 0	0 0	0 0	0 0	0 0	0 0	0 0	
13 1	15 1	16 1	21 1	23 1	24 1	143 1	145 1	146 1	148 1	149 1	173 2	174 2	175 2	176 2	177 2	178 2	182 2	183 2	184 2	325 2	326 2	327 2	328 2	329 2	330 2	331 2	332 2	333 2	0 0	0 0	0 0	0 0	0 0	0 0	0 0	
13 1	14 1	16 1	21 1	22 1	24 1	108 1	109 1	110 1	112 1	113 1	114 1	173 2	174 2	176 2	177 2	182 2	183 2	289 2	291 2	292 2	294 2	295 2	297 2	0 0	0 0	0 0	0 0	0 0	0 0	0 0	0 0	0 0	0 0	0 0	0 0	
13 1	14 1	15 1	21 1	22 1	23 1	171 1	173 2	175 2	176 2	178 2	182 2	184 2	265 2	266 2	268 2	269 2	271 2	272 2	0 0	0 0	0 0	0 0	0 0	0 0	0 0	0 0	0 0	0 0	0 0	0 0	0 0	0 0	0 0	0 0	0 0	
13 1	21 1	121 1	124 1	173 2	176 2	182 2	302 2	303 2	305 2	306 2	308 2	309 2	0 0	0 0	0 0	0 0	0 0	0 0	0 0	0 0	0 0	0 0	0 0	0 0	0 0	0 0	0 0	0 0	0 0	0 0	0 0	0 0	0 0	0 0	0 0	
14 1	22 1	165 1	169 1	174 2	175 2	177 2	178 2	183 2	184 2	343 2	0 0	0 0	0 0	0 0	0 0	0 0	0 0	0 0	0 0	0 0	0 0	0 0	0 0	0 0	0 0	0 0	0 0	0 0	0 0	0 0	0 0	0 0	0 0	0 0	0 0	
15 1	23 1	134 1	138 1	174 2	177 2	183 2	315 2	318 2	321 2	0 0	0 0	0 0	0 0	0 0	0 0	0 0	0 0	0 0	0 0	0 0	0 0	0 0	0 0	0 0	0 0	0 0	0 0	0 0	0 0	0 0	0 0	0 0	0 0	0 0	0 0	
16 1	24 1	155 1	159 1	175 2	178 2	184 2	338 2	341 2	342 2	0 0	0 0	0 0	0 0	0 0	0 0	0 0	0 0	0 0	0 0	0 0	0 0	0 0	0 0	0 0	0 0	0 0	0 0	0 0	0 0	0 0	0 0	0 0	0 0	0 0	0 0	
84 1	86 1	87 1	88 1	90 1	91 1	143 1	145 1	150 1	152 1	173 2	174 2	175 2	176 2	177 2	178 2	179 2	180 2	181 2	301 2	302 2	303 2	304 2	305 2	306 2	310 2	311 2	312 2	0 0	0 0	0 0	0 0	0 0	0 0	0 0	0 0	
84 1	85 1	87 1	88 1	89 1	91 1	108 1	109 1	110 1	116 1	117 1	118 1	173 2	174 2	176 2	177 2	179 2	180 2	265 2	267 2	268 2	270 2	274 2	276 2	0 0	0 0	0 0	0 0	0 0	0 0	0 0	0 0	0 0	0 0	0 0	0 0	
84 1	85 1	86 1	88 1	89 1	90 1	171 1	173 2	175 2	176 2	178 2	179 2	181 2	337 2	338 2	340 2	341 2	0 0	0 0	0 0	0 0	0 0	0 0	0 0	0 0	0 0	0 0	0 0	0 0	0 0	0 0	0 0	0 0	0 0	0 0	0 0	
84 1	88 1	121 1	128 1	173 2	176 2	179 2	278 2	279 2	281 2	282 2	287 2	288 2	0 0	0 0	0 0	0 0	0 0	0 0	0 0	0 0	0 0	0 0	0 0	0 0	0 0	0 0	0 0	0 0	0 0	0 0	0 0	0 0	0 0	0 0	0 0	
85 1	89 1	165 1	174 2	175 2	177 2	178 2	180 2	181 2	325 2	328 2	334 2	0 0	0 0	0 0	0 0	0 0	0 0	0 0	0 0	0 0	0 0	0 0	0 0	0 0	0 0	0 0	0 0	0 0	0 0	0 0	0 0	0 0	0 0	0 0	0 0	
86 1	90 1	134 1	142 1	174 2	177 2	180 2	291 2	294 2	300 2	0 0	0 0	0 0	0 0	0 0	0 0	0 0	0 0	0 0	0 0	0 0	0 0	0 0	0 0	0 0	0 0	0 0	0 0	0 0	0 0	0 0	0 0	0 0	0 0	0 0	0 0	
87 1	91 1	155 1	163 1	175 2	178 2	181 2	314 2	317 2	323 2	0 0	0 0	0 0	0 0	0 0	0 0	0 0	0 0	0 0	0 0	0 0	0 0	0 0	0 0	0 0	0 0	0 0	0 0	0 0	0 0	0 0	0 0	0 0	0 0	0 0	0 0	
28 1	30 1	31 1	32 1	34 1	35 1	143 1	145 1	173 2	174 2	175 2	340 2	341 2	0 0	0 0	0 0	0 0	0 0	0 0	0 0	0 0	0 0	0 0	0 0	0 0	0 0	0 0	0 0	0 0	0 0	0 0	0 0	0 0	0 0	0 0	0 0	
28 1	29 1	31 1	32 1	33 1	35 1	108 1	109 1	110 1	173 2	174 2	304 2	306 2	0 0	0 0	0 0	0 0	0 0	0 0	0 0	0 0	0 0	0 0	0 0	0 0	0 0	0 0	0 0	0 0	0 0	0 0	0 0	0 0	0 0	0 0	0 0	
28 1	29 1	30 1	32 1	33 1	34 1	171 1	173 2	175 2	280 2	281 2	0 0	0 0	0 0	0 0	0 0	0 0	0 0	0 0	0 0	0 0	0 0	0 0	0 0	0 0	0 0	0 0	0 0	0 0	0 0	0 0	0 0	0 0	0 0	0 0	0 0	
28 1	32 1	121 1	173 2	317 2	318 2	0 0	0 0	0 0	0 0	0 0	0 0	0 0	0 0	0 0	0 0	0 0	0 0	0 0	0 0	0 0	0 0	0 0	0 0	0 0	0 0	0 0	0 0	0 0	0 0	0 0	0 0	0 0	0 0	0 0	0 0	
29 1	33 1	165 1	174 2	175 2	268 2	0 0	0 0	0 0	0 0	0 0	0 0	0 0	0 0	0 0	0 0	0 0	0 0	0 0	0 0	0 0	0 0	0 0	0 0	0 0	0 0	0 0	0 0	0 0	0 0	0 0	0 0	0 0	0 0	0 0	0 0	
30 1	34 1	134 1	174 2	330 2	0 0	0 0	0 0	0 0	0 0	0 0	0 0	0 0	0 0	0 0	0 0	0 0	0 0	0 0	0 0	0 0	0 0	0 0	0 0	0 0	0 0	0 0	0 0	0 0	0 0	0 0	0 0	0 0	0 0	0 0	0 0	
31 1	35 1	155 1	175 2	0 0	0 0	0 0	0 0	0 0	0 0	0 0	0 0	0 0	0 0	0 0	0 0	0 0	0 0	0 0	0 0	0 0	0 0	0 0	0 0	0 0	0 0	0 0	0 0	0 0	0 0	0 0	0 0	0 0	0 0	0 0	0 0	
72 1	74 1	75 1	146 1	148 1	149 1	150 1	152 1	176 2	177 2	178 2	289 2	290 2	291 2	0 0	0 0	0 0	0 0	0 0	0 0	0 0	0 0	0 0	0 0	0 0	0 0	0 0	0 0	0 0	0 0	0 0	0 0	0 0	0 0	0 0	0 0	
72 1	73 1	75 1	112 1	113 1	114 1	116 1	117 1	118 1	176 2	177 2	343 2	0 0	0 0	0 0	0 0	0 0	0 0	0 0	0 0	0 0	0 0	0 0	0 0	0 0	0 0	0 0	0 0	0 0	0 0	0 0	0 0	0 0	0 0	0 0	0 0	
72 1	73 1	74 1	176 2	178 2	325 2	326 2	0 0	0 0	0 0	0 0	0 0	0 0	0 0	0 0	0 0	0 0	0 0	0 0	0 0	0 0	0 0	0 0	0 0	0 0	0 0	0 0	0 0	0 0	0 0	0 0	0 0	0 0	0 0	0 0	0 0	
72 1	124 1	128 1	176 2	266 2	267 2	0 0	0 0	0 0	0 0	0 0	0 0	0 0	0 0	0 0	0 0	0 0	0 0	0 0	0 0	0 0	0 0	0 0	0 0	0 0	0 0	0 0	0 0	0 0	0 0	0 0	0 0	0 0	0 0	0 0	0 0	
73 1	169 1	177 2	178 2	313 2	0 0	0 0	0 0	0 0	0 0	0 0	0 0	0 0	0 0	0 0	0 0	0 0	0 0	0 0	0 0	0 0	0 0	0 0	0 0	0 0	0 0	0 0	0 0	0 0	0 0	0 0	0 0	0 0	0 0	0 0	0 0	
74 1	138 1	142 1	177 2	279 2	0 0	0 0	0 0	0 0	0 0	0 0	0 0	0 0	0 0	0 0	0 0	0 0	0 0	0 0	0 0	0 0	0 0	0 0	0 0	0 0	0 0	0 0	0 0	0 0	0 0	0 0	0 0	0 0	0 0	0 0	0 0	
75 1	159 1	163 1	178 2	302 2	0 0	0 0	0 0	0 0	0 0	0 0	0 0	0 0	0 0	0 0	0 0	0 0	0 0	0 0	0 0	0 0	0 0	0 0	0 0	0 0	0 0	0 0	0 0	0 0	0 0	0 0	0 0	0 0	0 0	0 0	0 0	
44 1	46 1	47 1	146 1	148 1	149 1	179 2	180 2	181 2	0 0	0 0	0 0	0 0	0 0	0 0	0 0	0 0	0 0	0 0	0 0	0 0	0 0	0 0	0 0	0 0	0 0	0 0	0 0	0 0	0 0	0 0	0 0	0 0	0 0	0 0	0 0	
44 1	45 1	47 1	112 1	113 1	114 1	179 2	180 2	322 2	324 2	0 0	0 0	0 0	0 0	0 0	0 0	0 0	0 0	0 0	0 0	0 0	0 0	0 0	0 0	0 0	0 0	0 0	0 0	0 0	0 0	0 0	0 0	0 0	0 0	0 0	0 0	
44 1	45 1	46 1	179 2	181 2	298 2	299 2	0 0	0 0	0 0	0 0	0 0	0 0	0 0	0 0	0 0	0 0	0 0	0 0	0 0	0 0	0 0	0 0	0 0	0 0	0 0	0 0	0 0	0 0	0 0	0 0	0 0	0 0	0 0	0 0	0 0	
44 1	124 1	179 2	335 2	336 2	0 0	0 0	0 0	0 0	0 0	0 0	0 0	0 0	0 0	0 0	0 0	0 0	0 0	0 0	0 0	0 0	0 0	0 0	0 0	0 0	0 0	0 0	0 0	0 0	0 0	0 0	0 0	0 0	0 0	0 0	0 0	
45 1	169 1	180 2	181 2	286 2	0 0	0 0	0 0	0 0	0 0	0 0	0 0	0 0	0 0	0 0	0 0	0 0	0 0	0 0	0 0	0 0	0 0	0 0	0 0	0 0	0 0	0 0	0 0	0 0	0 0	0 0	0 0	0 0	0 0	0 0	0 0	
46 1	138 1	180 2	0 0	0 0	0 0	0 0	0 0	0 0	0 0	0 0	0 0	0 0	0 0	0 0	0 0	0 0	0 0	0 0	0 0	0 0	0 0	0 0	0 0	0 0	0 0	0 0	0 0	0 0	0 0	0 0	0 0	0 0	0 0	0 0	0 0	
47 1	159 1	181 2	275 2	0 0	0 0	0 0	0 0	0 0	0 0	0 0	0 0	0 0	0 0	0 0	0 0	0 0	0 0	0 0	0 0	0 0	0 0	0 0	0 0	0 0	0 0	0 0	0 0	0 0	0 0	0 0	0 0	0 0	0 0	0 0	0 0	
64 1	66 1	67 1	150 1	152 1	182 2	183 2	184 2	283 2	284 2	285 2	0 0	0 0	0 0	0 0	0 0	0 0	0 0	0 0	0 0	0 0	0 0	0 0	0 0	0 0	0 0	0 0	0 0	0 0	0 0	0 0	0 0	0 0	0 0	0 0	0 0	
64 1	65 1	67 1	116 1	117 1	118 1	182 2	183 2	0 0	0 0	0 0	0 0	0 0	0 0	0 0	0 0	0 0	0 0	0 0	0 0	0 0	0 0	0 0	0 0	0 0	0 0	0 0	0 0	0 0	0 0	0 0	0 0	0 0	0 0	0 0	0 0	
64 1	65 1	66 1	182 2	184 2	319 2	320 2	0 0	0 0	0 0	0 0	0 0	0 0	0 0	0 0	0 0	0 0	0 0	0 0	0 0	0 0	0 0	0 0	0 0	0 0	0 0	0 0	0 0	0 0	0 0	0 0	0 0	0 0	0 0	0 0	0 0	
64 1	128 1	182 2	0 0	0 0	0 0	0 0	0 0	0 0	0 0	0 0	0 0	0 0	0 0	0 0	0 0	0 0	0 0	0 0	0 0	0 0	0 0	0 0	0 0	0 0	0 0	0 0	0 0	0 0	0 0	0 0	0 0	0 0	0 0	0 0	0 0	
65 1	183 2	184 2	307 2	0 0	0 0	0 0	0 0	0 0	0 0	0 0	0 0	0 0	0 0	0 0	0 0	0 0	0 0	0 0	0 0	0 0	0 0	0 0	0 0	0 0	0 0	0 0	0 0	0 0	0 0	0 0	0 0	0 0	0 0	0 0	0 0	
66 1	142 1	183 2	273 2	0 0	0 0	0 0	0 0	0 0	0 0	0 0	0 0	0 0	0 0	0 0	0 0	0 0	0 0	0 0	0 0	0 0	0 0	0 0	0 0	0 0	0 0	0 0	0 0	0 0	0 0	0 0	0 0	0 0	0 0	0 0	0 0	
67 1	163 1	184 2	296 2	0 0	0 0	0 0	0 0	0 0	0 0	0 0	0 0	0 0	0 0	0 0	0 0	0 0	0 0	0 0	0 0	0 0	0 0	0 0	0 0	0 0	0 0	0 0	0 0	0 0	0 0	0 0	0 0	0 0	0 0	0 0	0 0	
60 1	62 1	63 1	64 1	66 1	67 1	68 1	70 1	71 1	153 1	155 1	156 1	157 1	159 1	160 1	161 1	163 1	164 1	185 2	186 2	187 2	191 2	192 2	193 2	194 2	195 2	196 2	277 2	278 2	279 2	283 2	284 2	285 2	286 2	287 2	288 2	
60 1	61 1	63 1	64 1	65 1	67 1	68 1	69 1	71 1	120 1	121 1	122 1	123 1	124 1	125 1	127 1	128 1	129 1	185 2	186 2	191 2	192 2	194 2	195 2	337 2	339 2	0 0	0 0	0 0	0 0	0 0	0 0	0 0	0 0	0 0	0 0	
60 1	61 1	62 1	64 1	65 1	66 1	68 1	69 1	70 1	96 1	97 1	99 1	100 1	101 1	103 1	104 1	105 1	107 1	185 2	187 2	191 2	193 2	194 2	196 2	313 2	314 2	319 2	320 2	322 2	323 2	0 0	0 0	0 0	0 0	0 0	0 0	
60 1	64 1	68 1	132 1	136 1	140 1	185 2	191 2	194 2	344 2	0 0	0 0	0 0	0 0	0 0	0 0	0 0	0 0	0 0	0 0	0 0	0 0	0 0	0 0	0 0	0 0	0 0	0 0	0 0	0 0	0 0	0 0	0 0	0 0	0 0	0 0	
61 1	65 1	69 1	171 1	186 2	187 2	192 2	193 2	195 2	196 2	301 2	307 2	310 2	0 0	0 0	0 0	0 0	0 0	0 0	0 0	0 0	0 0	0 0	0 0	0 0	0 0	0 0	0 0	0 0	0 0	0 0	0 0	0 0	0 0	0 0	0 0	
62 1	66 1	70 1	145 1	149 1	152 1	186 2	192 2	195 2	267 2	273 2	276 2	0 0	0 0	0 0	0 0	0 0	0 0	0 0	0 0	0 0	0 0	0 0	0 0	0 0	0 0	0 0	0 0	0 0	0 0	0 0	0 0	0 0	0 0	0 0	0 0	
63 1	67 1	71 1	167 1	170 1	187 2	193 2	196 2	290 2	296 2	299 2	0 0	0 0	0 0	0 0	0 0	0 0	0 0	0 0	0 0	0 0	0 0	0 0	0 0	0 0	0 0	0 0	0 0	0 0	0 0	0 0	0 0	0 0	0 0	0 0	0 0	
25 1	27 1	32 1	34 1	35 1	153 1	155 1	156 1	157 1	159 1	160 1	185 2	186 2	187 2	188 2	189 2	190 2	194 2	195 2	196 2	337 2	338 2	339 2	340 2	341 2	342 2	0 0	0 0	0 0	0 0	0 0	0 0	0 0	0 0	0 0	0 0	
25 1	26 1	32 1	33 1	35 1	120 1	121 1	122 1	123 1	124 1	125 1	185 2	186 2	188 2	189 2	194 2	195 2	301 2	303 2	304 2	306 2	307 2	309 2	0 0	0 0	0 0	0 0	0 0	0 0	0 0	0 0	0 0	0 0	0 0	0 0	0 0	
25 1	26 1	27 1	32 1	33 1	34 1	96 1	97 1	99 1	100 1	101 1	103 1	185 2	187 2	188 2	190 2	194 2	196 2	277 2	278 2	280 2	281 2	283 2	284 2	0 0	0 0	0 0	0 0	0 0	0 0	0 0	0 0	0 0	0 0	0 0	0 0	
25 1	32 1	132 1	136 1	185 2	188 2	194 2	314 2	315 2	317 2	318 2	320 2	321 2	0 0	0 0	0 0	0 0	0 0	0 0	0 0	0 0	0 0	0 0	0 0	0 0	0 0	0 0	0 0	0 0	0 0	0 0	0 0	0 0	0 0	0 0	0 0	
26 1	33 1	171 1	186 2	187 2	189 2	190 2	195 2	196 2	265 2	268 2	271 2	0 0	0 0	0 0	0 0	0 0	0 0	0 0	0 0	0 0	0 0	0 0	0 0	0 0	0 0	0 0	0 0	0 0	0 0	0 0	0 0	0 0	0 0	0 0	0 0	
27 1	34 1	145 1	149 1	186 2	189 2	195 2	327 2	330 2	333 2	0 0	0 0	0 0	0 0	0 0	0 0	0 0	0 0	0 0	0 0	0 0	0 0	0 0	0 0	0 0	0 0	0 0	0 0	0 0	0 0	0 0	0 0	0 0	0 0	0 0	0 0	
35 1	167 1	170 1	187 2	190 2	196 2	344 2	0 0	0 0	0 0	0 0	0 0	0 0	0 0	0 0	0 0	0 0	0 0	0 0	0 0	0 0	0 0	0 0	0 0	0 0	0 0	0 0	0 0	0 0	0 0	0 0	0 0	0 0	0 0	0 0	0 0	
1 1	3 1	4 1	5 1	7 1	8 1	153 1	155 1	156 1	161 1	163 1	164 1	185 2	186 2	187 2	188 2	189 2	190 2	191 2	192 2	193 2	313 2	314 2	315 2	316 2	317 2	318 2	322 2	323 2	324 2	0 0	0 0	0 0	0 0	0 0	0 0	
1 1	2 1	4 1	5 1	6 1	8 1	120 1	121 1	122 1	127 1	128 1	129 1	185 2	186 2	188 2	189 2	191 2	192 2	277 2	279 2	280 2	282 2	286 2	288 2	0 0	0 0	0 0	0 0	0 0	0 0	0 0	0 0	0 0	0 0	0 0	0 0	
1 1	2 1	3 1	5 1	6 1	7 1	96 1	97 1	99 1	104 1	105 1	107 1	185 2	187 2	188 2	190 2	191 2	193 2	343 2	344 2	0 0	0 0	0 0	0 0	0 0	0 0	0 0	0 0	0 0	0 0	0 0	0 0	0 0	0 0	0 0	0 0	
1 1	5 1	132 1	140 1	185 2	188 2	191 2	290 2	291 2	293 2	294 2	299 2	300 2	0 0	0 0	0 0	0 0	0 0	0 0	0 0	0 0	0 0	0 0	0 0	0 0	0 0	0 0	0 0	0 0	0 0	0 0	0 0	0 0	0 0	0 0	0 0	
2 1	6 1	171 1	186 2	187 2	189 2	190 2	192 2	193 2	337 2	340 2	0 0	0 0	0 0	0 0	0 0	0 0	0 0	0 0	0 0	0 0	0 0	0 0	0 0	0 0	0 0	0 0	0 0	0 0	0 0	0 0	0 0	0 0	0 0	0 0	0 0	
3 1	7 1	145 1	152 1	186 2	189 2	192 2	303 2	306 2	312 2	0 0	0 0	0 0	0 0	0 0	0 0	0 0	0 0	0 0	0 0	0 0	0 0	0 0	0 0	0 0	0 0	0 0	0 0	0 0	0 0	0 0	0 0	0 0	0 0	0 0	0 0	
4 1	8 1	167 1	187 2	190 2	193 2	326 2	329 2	335 2	0 0	0 0	0 0	0 0	0 0	0 0	0 0	0 0	0 0	0 0	0 0	0 0	0 0	0 0	0 0	0 0	0 0	0 0	0 0	0 0	0 0	0 0	0 0	0 0	0 0	0 0	0 0	
40 1	42 1	43 1	44 1	46 1	47 1	153 1	155 1	156 1	185 2	186 2	187 2	0 0	0 0	0 0	0 0	0 0	0 0	0 0	0 0	0 0	0 0	0 0	0 0	0 0	0 0	0 0	0 0	0 0	0 0	0 0	0 0	0 0	0 0	0 0	0 0	
40 1	41 1	43 1	44 1	45 1	47 1	120 1	121 1	122 1	185 2	186 2	316 2	318 2	0 0	0 0	0 0	0 0	0 0	0 0	0 0	0 0	0 0	0 0	0 0	0 0	0 0	0 0	0 0	0 0	0 0	0 0	0 0	0 0	0 0	0 0	0 0	
40 1	41 1	42 1	44 1	45 1	46 1	96 1	97 1	99 1	185 2	187 2	292 2	293 2	0 0	0 0	0 0	0 0	0 0	0 0	0 0	0 0	0 0	0 0	0 0	0 0	0 0	0 0	0 0	0 0	0 0	0 0	0 0	0 0	0 0	0 0	0 0	
40 1	44 1	132 1	185 2	329 2	330 2	0 0	0 0	0 0	0 0	0 0	0 0	0 0	0 0	0 0	0 0	0 0	0 0	0 0	0 0	0 0	0 0	0 0	0 0	0 0	0 0	0 0	0 0	0 0	0 0	0 0	0 0	0 0	0 0	0 0	0 0	
41 1	45 1	171 1	186 2	187 2	280 2	0 0	0 0	0 0	0 0	0 0	0 0	0 0	0 0	0 0	0 0	0 0	0 0	0 0	0 0	0 0	0 0	0 0	0 0	0 0	0 0	0 0	0 0	0 0	0 0	0 0	0 0	0 0	0 0	0 0	0 0	
42 1	46 1	145 1	186 2	0 0	0 0	0 0	0 0	0 0	0 0	0 0	0 0	0 0	0 0	0 0	0 0	0 0	0 0	0 0	0 0	0 0	0 0	0 0	0 0	0 0	0 0	0 0	0 0	0 0	0 0	0 0	0 0	0 0	0 0	0 0	0 0	
43 1	47 1	167 1	187 2	269 2	0 0	0 0	0 0	0 0	0 0	0 0	0 0	0 0	0 0	0 0	0 0	0 0	0 0	0 0	0 0	0 0	0 0	0 0	0 0	0 0	0 0	0 0	0 0	0 0	0 0	0 0	0 0	0 0	0 0	0 0	0 0	
84 1	86 1	87 1	157 1	159 1	160 1	161 1	163 1	164 1	188 2	189 2	190 2	301 2	302 2	303 2	0 0	0 0	0 0	0 0	0 0	0 0	0 0	0 0	0 0	0 0	0 0	0 0	0 0	0 0	0 0	0 0	0 0	0 0	0 0	0 0	0 0	
84 1	85 1	87 1	123 1	124 1	125 1	127 1	128 1	129 1	188 2	189 2	265 2	267 2	0 0	0 0	0 0	0 0	0 0	0 0	0 0	0 0	0 0	0 0	0 0	0 0	0 0	0 0	0 0	0 0	0 0	0 0	0 0	0 0	0 0	0 0	0 0	
84 1	85 1	86 1	100 1	101 1	103 1	104 1	105 1	107 1	188 2	190 2	337 2	338 2	0 0	0 0	0 0	0 0	0 0	0 0	0 0	0 0	0 0	0 0	0 0	0 0	0 0	0 0	0 0	0 0	0 0	0 0	0 0	0 0	0 0	0 0	0 0	
84 1	136 1	140 1	188 2	278 2	279 2	0 0	0 0	0 0	0 0	0 0	0 0	0 0	0 0	0 0	0 0	0 0	0 0	0 0	0 0	0 0	0 0	0 0	0 0	0 0	0 0	0 0	0 0	0 0	0 0	0 0	0 0	0 0	0 0	0 0	0 0	
85 1	189 2	190 2	325 2	0 0	0 0	0 0	0 0	0 0	0 0	0 0	0 0	0 0	0 0	0 0	0 0	0 0	0 0	0 0	0 0	0 0	0 0	0 0	0 0	0 0	0 0	0 0	0 0	0 0	0 0	0 0	0 0	0 0	0 0	0 0	0 0	
86 1	149 1	152 1	189 2	291 2	0 0	0 0	0 0	0 0	0 0	0 0	0 0	0 0	0 0	0 0	0 0	0 0	0 0	0 0	0 0	0 0	0 0	0 0	0 0	0 0	0 0	0 0	0 0	0 0	0 0	0 0	0 0	0 0	0 0	0 0	0 0	
87 1	170 1	190 2	314 2	0 0	0 0	0 0	0 0	0 0	0 0	0 0	0 0	0 0	0 0	0 0	0 0	0 0	0 0	0 0	0 0	0 0	0 0	0 0	0 0	0 0	0 0	0 0	0 0	0 0	0 0	0 0	0 0	0 0	0 0	0 0	0 0	
56 1	58 1	59 1	157 1	159 1	160 1	191 2	192 2	193 2	274 2	275 2	276 2	0 0	0 0	0 0	0 0	0 0	0 0	0 0	0 0	0 0	0 0	0 0	0 0	0 0	0 0	0 0	0 0	0 0	0 0	0 0	0 0	0 0	0 0	0 0	0 0	
56 1	57 1	59 1	123 1	124 1	125 1	191 2	192 2	334 2	336 2	0 0	0 0	0 0	0 0	0 0	0 0	0 0	0 0	0 0	0 0	0 0	0 0	0 0	0 0	0 0	0 0	0 0	0 0	0 0	0 0	0 0	0 0	0 0	0 0	0 0	0 0	
56 1	57 1	58 1	100 1	101 1	103 1	191 2	193 2	310 2	311 2	0 0	0 0	0 0	0 0	0 0	0 0	0 0	0 0	0 0	0 0	0 0	0 0	0 0	0 0	0 0	0 0	0 0	0 0	0 0	0 0	0 0	0 0	0 0	0 0	0 0	0 0	
56 1	136 1	191 2	0 0	0 0	0 0	0 0	0 0	0 0	0 0	0 0	0 0	0 0	0 0	0 0	0 0	0 0	0 0	0 0	0 0	0 0	0 0	0 0	0 0	0 0	0 0	0 0	0 0	0 0	0 0	0 0	0 0	0 0	0 0	0 0	0 0	
57 1	192 2	193 2	298 2	0 0	0 0	0 0	0 0	0 0	0 0	0 0	0 0	0 0	0 0	0 0	0 0	0 0	0 0	0 0	0 0	0 0	0 0	0 0	0 0	0 0	0 0	0 0	0 0	0 0	0 0	0 0	0 0	0 0	0 0	0 0	0 0	
58 1	149 1	192 2	0 0	0 0	0 0	0 0	0 0	0 0	0 0	0 0	0 0	0 0	0 0	0 0	0 0	0 0	0 0	0 0	0 0	0 0	0 0	0 0	0 0	0 0	0 0	0 0	0 0	0 0	0 0	0 0	0 0	0 0	0 0	0 0	0 0	
59 1	170 1	193 2	287 2	0 0	0 0	0 0	0 0	0 0	0 0	0 0	0 0	0 0	0 0	0 0	0 0	0 0	0 0	0 0	0 0	0 0	0 0	0 0	0 0	0 0	0 0	0 0	0 0	0 0	0 0	0 0	0 0	0 0	0 0	0 0	0 0	
76 1	78 1	79 1	161 1	163 1	164 1	194 2	195 2	196 2	295 2	296 2	297 2	0 0	0 0	0 0	0 0	0 0	0 0	0 0	0 0	0 0	0 0	0 0	0 0	0 0	0 0	0 0	0 0	0 0	0 0	0 0	0 0	0 0	0 0	0 0	0 0	
76 1	77 1	79 1	127 1	128 1	129 1	194 2	195 2	0 0	0 0	0 0	0 0	0 0	0 0	0 0	0 0	0 0	0 0	0 0	0 0	0 0	0 0	0 0	0 0	0 0	0 0	0 0	0 0	0 0	0 0	0 0	0 0	0 0	0 0	0 0	0 0	
76 1	77 1	78 1	104 1	105 1	107 1	194 2	196 2	331 2	332 2	0 0	0 0	0 0	0 0	0 0	0 0	0 0	0 0	0 0	0 0	0 0	0 0	0 0	0 0	0 0	0 0	0 0	0 0	0 0	0 0	0 0	0 0	0 0	0 0	0 0	0 0	
76 1	140 1	194 2	272 2	273 2	0 0	0 0	0 0	0 0	0 0	0 0	0 0	0 0	0 0	0 0	0 0	0 0	0 0	0 0	0 0	0 0	0 0	0 0	0 0	0 0	0 0	0 0	0 0	0 0	0 0	0 0	0 0	0 0	0 0	0 0	0 0	
77 1	195 2	196 2	319 2	0 0	0 0	0 0	0 0	0 0	0 0	0 0	0 0	0 0	0 0	0 0	0 0	0 0	0 0	0 0	0 0	0 0	0 0	0 0	0 0	0 0	0 0	0 0	0 0	0 0	0 0	0 0	0 0	0 0	0 0	0 0	0 0	
78 1	152 1	195 2	285 2	0 0	0 0	0 0	0 0	0 0	0 0	0 0	0 0	0 0	0 0	0 0	0 0	0 0	0 0	0 0	0 0	0 0	0 0	0 0	0 0	0 0	0 0	0 0	0 0	0 0	0 0	0 0	0 0	0 0	0 0	0 0	0 0	
79 1	196 2	308 2	0 0	0 0	0 0	0 0	0 0	0 0	0 0	0 0	0 0	0 0	0 0	0 0	0 0	0 0	0 0	0 0	0 0	0 0	0 0	0 0	0 0	0 0	0 0	0 0	0 0	0 0	0 0	0 0	0 0	0 0	0 0	0 0	0 0	
72 1	74 1	75 1	76 1	78 1	79 1	80 1	82 1	83 1	165 1	167 1	168 1	169 1	170 1	197 2	198 2	199 2	203 2	204 2	205 2	206 2	207 2	208 2	289 2	290 2	291 2	295 2	296 2	297 2	298 2	299 2	300 2	0 0	0 0	0 0	0 0	
72 1	73 1	75 1	76 1	77 1	79 1	80 1	81 1	83 1	131 1	132 1	133 1	135 1	136 1	137 1	139 1	140 1	141 1	197 2	198 2	203 2	204 2	206 2	207 2	343 2	0 0	0 0	0 0	0 0	0 0	0 0	0 0	0 0	0 0	0 0	0 0	
72 1	73 1	74 1	76 1	77 1	78 1	80 1	81 1	82 1	108 1	109 1	111 1	112 1	113 1	115 1	116 1	117 1	119 1	197 2	199 2	203 2	205 2	206 2	208 2	325 2	326 2	331 2	332 2	334 2	335 2	0 0	0 0	0 0	0 0	0 0	0 0	
72 1	76 1	80 1	144 1	147 1	151 1	197 2	203 2	206 2	266 2	267 2	272 2	273 2	275 2	276 2	0 0	0 0	0 0	0 0	0 0	0 0	0 0	0 0	0 0	0 0	0 0	0 0	0 0	0 0	0 0	0 0	0 0	0 0	0 0	0 0	0 0	
73 1	77 1	81 1	96 1	100 1	104 1	198 2	199 2	204 2	205 2	207 2	208 2	313 2	319 2	322 2	0 0	0 0	0 0	0 0	0 0	0 0	0 0	0 0	0 0	0 0	0 0	0 0	0 0	0 0	0 0	0 0	0 0	0 0	0 0	0 0	0 0	
74 1	78 1	82 1	156 1	160 1	164 1	198 2	204 2	207 2	279 2	285 2	288 2	0 0	0 0	0 0	0 0	0 0	0 0	0 0	0 0	0 0	0 0	0 0	0 0	0 0	0 0	0 0	0 0	0 0	0 0	0 0	0 0	0 0	0 0	0 0	0 0	
75 1	79 1	83 1	172 1	199 2	205 2	208 2	302 2	308 2	311 2	0 0	0 0	0 0	0 0	0 0	0 0	0 0	0 0	0 0	0 0	0 0	0 0	0 0	0 0	0 0	0 0	0 0	0 0	0 0	0 0	0 0	0 0	0 0	0 0	0 0	0 0	
36 1	38 1	39 1	44 1	46 1	47 1	165 1	167 1	168 1	169 1	170 1	197 2	198 2	199 2	200 2	201 2	202 2	206 2	207 2	208 2	343 2	344 2	0 0	0 0	0 0	0 0	0 0	0 0	0 0	0 0	0 0	0 0	0 0	0 0	0 0	0 0	
36 1	37 1	39 1	44 1	45 1	47 1	131 1	132 1	133 1	135 1	136 1	137 1	197 2	198 2	200 2	201 2	206 2	207 2	313 2	315 2	316 2	318 2	319 2	321 2	0 0	0 0	0 0	0 0	0 0	0 0	0 0	0 0	0 0	0 0	0 0	0 0	
36 1	37 1	38 1	44 1	45 1	46 1	108 1	109 1	111 1	112 1	113 1	115 1	197 2	199 2	200 2	202 2	206 2	208 2	289 2	290 2	292 2	293 2	295 2	296 2	0 0	0 0	0 0	0 0	0 0	0 0	0 0	0 0	0 0	0 0	0 0	0 0	
36 1	44 1	144 1	147 1	197 2	200 2	206 2	326 2	327 2	329 2	330 2	332 2	333 2	0 0	0 0	0 0	0 0	0 0	0 0	0 0	0 0	0 0	0 0	0 0	0 0	0 0	0 0	0 0	0 0	0 0	0 0	0 0	0 0	0 0	0 0	0 0	
37 1	45 1	96 1	100 1	198 2	199 2	201 2	202 2	207 2	208 2	277 2	280 2	283 2	0 0	0 0	0 0	0 0	0 0	0 0	0 0	0 0	0 0	0 0	0 0	0 0	0 0	0 0	0 0	0 0	0 0	0 0	0 0	0 0	0 0	0 0	0 0	
38 1	46 1	156 1	160 1	198 2	201 2	207 2	339 2	0 0	0 0	0 0	0 0	0 0	0 0	0 0	0 0	0 0	0 0	0 0	0 0	0 0	0 0	0 0	0 0	0 0	0 0	0 0	0 0	0 0	0 0	0 0	0 0	0 0	0 0	0 0	0 0	
39 1	47 1	172 1	199 2	202 2	208 2	266 2	269 2	272 2	0 0	0 0	0 0	0 0	0 0	0 0	0 0	0 0	0 0	0 0	0 0	0 0	0 0	0 0	0 0	0 0	0 0	0 0	0 0	0 0	0 0	0 0	0 0	0 0	0 0	0 0	0 0	
13 1	15 1	16 1	17 1	19 1	20 1	165 1	167 1	168 1	197 2	198 2	199 2	200 2	201 2	202 2	203 2	204 2	205 2	325 2	326 2	327 2	328 2	329 2	330 2	334 2	335 2	336 2	0 0	0 0	0 0	0 0	0 0	0 0	0 0	0 0	0 0	
13 1	14 1	16 1	17 1	18 1	20 1	131 1	132 1	133 1	139 1	140 1	141 1	197 2	198 2	200 2	201 2	203 2	204 2	289 2	291 2	292 2	294 2	298 2	300 2	0 0	0 0	0 0	0 0	0 0	0 0	0 0	0 0	0 0	0 0	0 0	0 0	
13 1	14 1	15 1	17 1	18 1	19 1	108 1	109 1	111 1	116 1	117 1	119 1	197 2	199 2	200 2	202 2	203 2	205 2	265 2	266 2	268 2	269 2	274 2	275 2	0 0	0 0	0 0	0 0	0 0	0 0	0 0	0 0	0 0	0 0	0 0	0 0	
13 1	17 1	144 1	151 1	197 2	200 2	203 2	302 2	303 2	305 2	306 2	311 2	312 2	0 0	0 0	0 0	0 0	0 0	0 0	0 0	0 0	0 0	0 0	0 0	0 0	0 0	0 0	0 0	0 0	0 0	0 0	0 0	0 0	0 0	0 0	0 0	
14 1	18 1	96 1	104 1	198 2	199 2	201 2	202 2	204 2	205 2	343 2	0 0	0 0	0 0	0 0	0 0	0 0	0 0	0 0	0 0	0 0	0 0	0 0	0 0	0 0	0 0	0 0	0 0	0 0	0 0	0 0	0 0	0 0	0 0	0 0	0 0	
15 1	19 1	156 1	164 1	198 2	201 2	204 2	315 2	318 2	324 2	0 0	0 0	0 0	0 0	0 0	0 0	0 0	0 0	0 0	0 0	0 0	0 0	0 0	0 0	0 0	0 0	0 0	0 0	0 0	0 0	0 0	0 0	0 0	0 0	0 0	0 0	
16 1	20 1	172 1	199 2	202 2	205 2	338 2	341 2	0 0	0 0	0 0	0 0	0 0	0 0	0 0	0 0	0 0	0 0	0 0	0 0	0 0	0 0	0 0	0 0	0 0	0 0	0 0	0 0	0 0	0 0	0 0	0 0	0 0	0 0	0 0	0 0	
52 1	54 1	55 1	56 1	58 1	59 1	165 1	167 1	168 1	197 2	198 2	199 2	268 2	269 2	270 2	0 0	0 0	0 0	0 0	0 0	0 0	0 0	0 0	0 0	0 0	0 0	0 0	0 0	0 0	0 0	0 0	0 0	0 0	0 0	0 0	0 0	
52 1	53 1	55 1	56 1	57 1	59 1	131 1	132 1	133 1	197 2	198 2	328 2	330 2	0 0	0 0	0 0	0 0	0 0	0 0	0 0	0 0	0 0	0 0	0 0	0 0	0 0	0 0	0 0	0 0	0 0	0 0	0 0	0 0	0 0	0 0	0 0	
52 1	53 1	54 1	56 1	57 1	58 1	108 1	109 1	111 1	197 2	199 2	304 2	305 2	0 0	0 0	0 0	0 0	0 0	0 0	0 0	0 0	0 0	0 0	0 0	0 0	0 0	0 0	0 0	0 0	0 0	0 0	0 0	0 0	0 0	0 0	0 0	
52 1	56 1	144 1	197 2	341 2	0 0	0 0	0 0	0 0	0 0	0 0	0 0	0 0	0 0	0 0	0 0	0 0	0 0	0 0	0 0	0 0	0 0	0 0	0 0	0 0	0 0	0 0	0 0	0 0	0 0	0 0	0 0	0 0	0 0	0 0	0 0	
53 1	57 1	96 1	198 2	199 2	292 2	0 0	0 0	0 0	0 0	0 0	0 0	0 0	0 0	0 0	0 0	0 0	0 0	0 0	0 0	0 0	0 0	0 0	0 0	0 0	0 0	0 0	0 0	0 0	0 0	0 0	0 0	0 0	0 0	0 0	0 0	
54 1	58 1	156 1	198 2	0 0	0 0	0 0	0 0	0 0	0 0	0 0	0 0	0 0	0 0	0 0	0 0	0 0	0 0	0 0	0 0	0 0	0 0	0 0	0 0	0 0	0 0	0 0	0 0	0 0	0 0	0 0	0 0	0 0	0 0	0 0	0 0	
55 1	59 1	172 1	199 2	281 2	0 0	0 0	0 0	0 0	0 0	0 0	0 0	0 0	0 0	0 0	0 0	0 0	0 0	0 0	0 0	0 0	0 0	0 0	0 0	0 0	0 0	0 0	0 0	0 0	0 0	0 0	0 0	0 0	0 0	0 0	0 0	
1 1	3 1	4 1	169 1	170 1	200 2	201 2	202 2	313 2	314 2	315 2	0 0	0 0	0 0	0 0	0 0	0 0	0 0	0 0	0 0	0 0	0 0	0 0	0 0	0 0	0 0	0 0	0 0	0 0	0 0	0 0	0 0	0 0	0 0	0 0	0 0	
1 1	2 1	4 1	135 1	136 1	137 1	139 1	140 1	141 1	200 2	201 2	277 2	279 2	0 0	0 0	0 0	0 0	0 0	0 0	0 0	0 0	0 0	0 0	0 0	0 0	0 0	0 0	0 0	0 0	0 0	0 0	0 0	0 0	0 0	0 0	0 0	
1 1	2 1	3 1	112 1	113 1	115 1	116 1	117 1	119 1	200 2	202 2	343 2	344 2	0 0	0 0	0 0	0 0	0 0	0 0	0 0	0 0	0 0	0 0	0 0	0 0	0 0	0 0	0 0	0 0	0 0	0 0	0 0	0 0	0 0	0 0	0 0	
1 1	147 1	151 1	200 2	290 2	291 2	0 0	0 0	0 0	0 0	0 0	0 0	0 0	0 0	0 0	0 0	0 0	0 0	0 0	0 0	0 0	0 0	0 0	0 0	0 0	0 0	0 0	0 0	0 0	0 0	0 0	0 0	0 0	0 0	0 0	0 0	
2 1	100 1	104 1	201 2	202 2	337 2	0 0	0 0	0 0	0 0	0 0	0 0	0 0	0 0	0 0	0 0	0 0	0 0	0 0	0 0	0 0	0 0	0 0	0 0	0 0	0 0	0 0	0 0	0 0	0 0	0 0	0 0	0 0	0 0	0 0	0 0	
3 1	160 1	164 1	201 2	303 2	0 0	0 0	0 0	0 0	0 0	0 0	0 0	0 0	0 0	0 0	0 0	0 0	0 0	0 0	0 0	0 0	0 0	0 0	0 0	0 0	0 0	0 0	0 0	0 0	0 0	0 0	0 0	0 0	0 0	0 0	0 0	
4 1	202 2	326 2	0 0	0 0	0 0	0 0	0 0	0 0	0 0	0 0	0 0	0 0	0 0	0 0	0 0	0 0	0 0	0 0	0 0	0 0	0 0	0 0	0 0	0 0	0 0	0 0	0 0	0 0	0 0	0 0	0 0	0 0	0 0	0 0	0 0	
68 1	70 1	71 1	169 1	170 1	203 2	204 2	205 2	286 2	287 2	288 2	0 0	0 0	0 0	0 0	0 0	0 0	0 0	0 0	0 0	0 0	0 0	0 0	0 0	0 0	0 0	0 0	0 0	0 0	0 0	0 0	0 0	0 0	0 0	0 0	0 0	
68 1	69 1	71 1	135 1	136 1	137 1	203 2	204 2	0 0	0 0	0 0	0 0	0 0	0 0	0 0	0 0	0 0	0 0	0 0	0 0	0 0	0 0	0 0	0 0	0 0	0 0	0 0	0 0	0 0	0 0	0 0	0 0	0 0	0 0	0 0	0 0	
68 1	69 1	70 1	112 1	113 1	115 1	203 2	205 2	322 2	323 2	0 0	0 0	0 0	0 0	0 0	0 0	0 0	0 0	0 0	0 0	0 0	0 0	0 0	0 0	0 0	0 0	0 0	0 0	0 0	0 0	0 0	0 0	0 0	0 0	0 0	0 0	
68 1	147 1	203 2	0 0	0 0	0 0	0 0	0 0	0 0	0 0	0 0	0 0	0 0	0 0	0 0	0 0	0 0	0 0	0 0	0 0	0 0	0 0	0 0	0 0	0 0	0 0	0 0	0 0	0 0	0 0	0 0	0 0	0 0	0 0	0 0	0 0	
69 1	100 1	204 2	205 2	310 2	0 0	0 0	0 0	0 0	0 0	0 0	0 0	0 0	0 0	0 0	0 0	0 0	0 0	0 0	0 0	0 0	0 0	0 0	0 0	0 0	0 0	0 0	0 0	0 0	0 0	0 0	0 0	0 0	0 0	0 0	0 0	
70 1	160 1	204 2	276 2	0 0	0 0	0 0	0 0	0 0	0 0	0 0	0 0	0 0	0 0	0 0	0 0	0 0	0 0	0 0	0 0	0 0	0 0	0 0	0 0	0 0	0 0	0 0	0 0	0 0	0 0	0 0	0 0	0 0	0 0	0 0	0 0	
71 1	205 2	299 2	0 0	0 0	0 0	0 0	0 0	0 0	0 0	0 0	0 0	0 0	0 0	0 0	0 0	0 0	0 0	0 0	0 0	0 0	0 0	0 0	0 0	0 0	0 0	0 0	0 0	0 0	0 0	0 0	0 0	0 0	0 0	0 0	0 0	
88 1	90 1	91 1	206 2	207 2	208 2	307 2	308 2	309 2	0 0	0 0	0 0	0 0	0 0	0 0	0 0	0 0	0 0	0 0	0 0	0 0	0 0	0 0	0 0	0 0	0 0	0 0	0 0	0 0	0 0	0 0	0 0	0 0	0 0	0 0	0 0	
88 1	89 1	91 1	139 1	140 1	141 1	206 2	207 2	271 2	273 2	0 0	0 0	0 0	0 0	0 0	0 0	0 0	0 0	0 0	0 0	0 0	0 0	0 0	0 0	0 0	0 0	0 0	0 0	0 0	0 0	0 0	0 0	0 0	0 0	0 0	0 0	
88 1	89 1	90 1	116 1	117 1	119 1	206 2	208 2	342 2	0 0	0 0	0 0	0 0	0 0	0 0	0 0	0 0	0 0	0 0	0 0	0 0	0 0	0 0	0 0	0 0	0 0	0 0	0 0	0 0	0 0	0 0	0 0	0 0	0 0	0 0	0 0	
88 1	151 1	206 2	284 2	285 2	0 0	0 0	0 0	0 0	0 0	0 0	0 0	0 0	0 0	0 0	0 0	0 0	0 0	0 0	0 0	0 0	0 0	0 0	0 0	0 0	0 0	0 0	0 0	0 0	0 0	0 0	0 0	0 0	0 0	0 0	0 0	
89 1	104 1	207 2	208 2	331 2	0 0	0 0	0 0	0 0	0 0	0 0	0 0	0 0	0 0	0 0	0 0	0 0	0 0	0 0	0 0	0 0	0 0	0 0	0 0	0 0	0 0	0 0	0 0	0 0	0 0	0 0	0 0	0 0	0 0	0 0	0 0	
90 1	164 1	207 2	297 2	0 0	0 0	0 0	0 0	0 0	0 0	0 0	0 0	0 0	0 0	0 0	0 0	0 0	0 0	0 0	0 0	0 0	0 0	0 0	0 0	0 0	0 0	0 0	0 0	0 0	0 0	0 0	0 0	0 0	0 0	0 0	0 0	
91 1	208 2	320 2	0 0	0 0	0 0	0 0	0 0	0 0	0 0	0 0	0 0	0 0	0 0	0 0	0 0	0 0	0 0	0 0	0 0	0 0	0 0	0 0	0 0	0 0	0 0	0 0	0 0	0 0	0 0	0 0	0 0	0 0	0 0	0 0	0 0	
84 1	86 1	87 1	88 1	90 1	91 1	92 1	94 1	95 1	171 1	172 1	209 2	210 2	211 2	215 2	216 2	217 2	218 2	219 2	220 2	301 2	302 2	303 2	307 2	308 2	309 2	310 2	311 2	312 2	0 0	0 0	0 0	0 0	0 0	0 0	0 0	
84 1	85 1	87 1	88 1	89 1	91 1	92 1	93 1	95 1	143 1	144 1	146 1	147 1	148 1	150 1	151 1	209 2	210 2	215 2	216 2	218 2	219 2	265 2	267 2	271 2	273 2	274 2	276 2	0 0	0 0	0 0	0 0	0 0	0 0	0 0	0 0	
84 1	85 1	86 1	88 1	89 1	90 1	92 1	93 1	94 1	120 1	121 1	123 1	124 1	126 1	127 1	128 1	130 1	209 2	211 2	215 2	217 2	218 2	220 2	337 2	338 2	342 2	0 0	0 0	0 0	0 0	0 0	0 0	0 0	0 0	0 0	0 0	
84 1	88 1	92 1	154 1	158 1	162 1	209 2	215 2	218 2	278 2	279 2	284 2	285 2	287 2	288 2	0 0	0 0	0 0	0 0	0 0	0 0	0 0	0 0	0 0	0 0	0 0	0 0	0 0	0 0	0 0	0 0	0 0	0 0	0 0	0 0	0 0	
85 1	89 1	93 1	108 1	112 1	116 1	210 2	211 2	216 2	217 2	219 2	220 2	325 2	331 2	334 2	0 0	0 0	0 0	0 0	0 0	0 0	0 0	0 0	0 0	0 0	0 0	0 0	0 0	0 0	0 0	0 0	0 0	0 0	0 0	0 0	0 0	
86 1	90 1	94 1	168 1	210 2	216 2	219 2	291 2	297 2	300 2	0 0	0 0	0 0	0 0	0 0	0 0	0 0	0 0	0 0	0 0	0 0	0 0	0 0	0 0	0 0	0 0	0 0	0 0	0 0	0 0	0 0	0 0	0 0	0 0	0 0	0 0	
87 1	91 1	95 1	98 1	102 1	106 1	211 2	217 2	220 2	314 2	320 2	323 2	0 0	0 0	0 0	0 0	0 0	0 0	0 0	0 0	0 0	0 0	0 0	0 0	0 0	0 0	0 0	0 0	0 0	0 0	0 0	0 0	0 0	0 0	0 0	0 0	
48 1	50 1	51 1	56 1	58 1	59 1	171 1	172 1	209 2	210 2	211 2	212 2	213 2	214 2	218 2	219 2	220 2	265 2	266 2	267 2	268 2	269 2	270 2	271 2	272 2	273 2	0 0	0 0	0 0	0 0	0 0	0 0	0 0	0 0	0 0	0 0	
48 1	49 1	51 1	56 1	57 1	59 1	143 1	144 1	146 1	147 1	148 1	209 2	210 2	212 2	213 2	218 2	219 2	325 2	327 2	328 2	330 2	331 2	333 2	0 0	0 0	0 0	0 0	0 0	0 0	0 0	0 0	0 0	0 0	0 0	0 0	0 0	
48 1	49 1	50 1	56 1	57 1	58 1	120 1	121 1	123 1	124 1	126 1	209 2	211 2	212 2	214 2	218 2	220 2	301 2	302 2	304 2	305 2	307 2	308 2	0 0	0 0	0 0	0 0	0 0	0 0	0 0	0 0	0 0	0 0	0 0	0 0	0 0	
48 1	56 1	154 1	158 1	209 2	212 2	218 2	338 2	339 2	341 2	342 2	0 0	0 0	0 0	0 0	0 0	0 0	0 0	0 0	0 0	0 0	0 0	0 0	0 0	0 0	0 0	0 0	0 0	0 0	0 0	0 0	0 0	0 0	0 0	0 0	0 0	
49 1	57 1	108 1	112 1	210 2	211 2	213 2	214 2	219 2	220 2	289 2	292 2	295 2	0 0	0 0	0 0	0 0	0 0	0 0	0 0	0 0	0 0	0 0	0 0	0 0	0 0	0 0	0 0	0 0	0 0	0 0	0 0	0 0	0 0	0 0	0 0	
50 1	58 1	168 1	210 2	213 2	219 2	0 0	0 0	0 0	0 0	0 0	0 0	0 0	0 0	0 0	0 0	0 0	0 0	0 0	0 0	0 0	0 0	0 0	0 0	0 0	0 0	0 0	0 0	0 0	0 0	0 0	0 0	0 0	0 0	0 0	0 0	
51 1	59 1	98 1	102 1	211 2	214 2	220 2	278 2	281 2	284 2	0 0	0 0	0 0	0 0	0 0	0 0	0 0	0 0	0 0	0 0	0 0	0 0	0 0	0 0	0 0	0 0	0 0	0 0	0 0	0 0	0 0	0 0	0 0	0 0	0 0	0 0	
25 1	27 1	28 1	30 1	31 1	171 1	172 1	209 2	210 2	211 2	212 2	213 2	214 2	215 2	216 2	217 2	337 2	338 2	339 2	340 2	341 2	0 0	0 0	0 0	0 0	0 0	0 0	0 0	0 0	0 0	0 0	0 0	0 0	0 0	0 0	0 0	
25 1	26 1	28 1	29 1	31 1	143 1	144 1	150 1	151 1	209 2	210 2	212 2	213 2	215 2	216 2	301 2	303 2	304 2	306 2	310 2	312 2	0 0	0 0	0 0	0 0	0 0	0 0	0 0	0 0	0 0	0 0	0 0	0 0	0 0	0 0	0 0	
25 1	26 1	27 1	28 1	29 1	30 1	120 1	121 1	127 1	128 1	130 1	209 2	211 2	212 2	214 2	215 2	217 2	277 2	278 2	280 2	281 2	286 2	287 2	0 0	0 0	0 0	0 0	0 0	0 0	0 0	0 0	0 0	0 0	0 0	0 0	0 0	
25 1	28 1	154 1	162 1	209 2	212 2	215 2	314 2	315 2	317 2	318 2	323 2	324 2	0 0	0 0	0 0	0 0	0 0	0 0	0 0	0 0	0 0	0 0	0 0	0 0	0 0	0 0	0 0	0 0	0 0	0 0	0 0	0 0	0 0	0 0	0 0	
26 1	29 1	108 1	116 1	210 2	211 2	213 2	214 2	216 2	217 2	265 2	268 2	274 2	0 0	0 0	0 0	0 0	0 0	0 0	0 0	0 0	0 0	0 0	0 0	0 0	0 0	0 0	0 0	0 0	0 0	0 0	0 0	0 0	0 0	0 0	0 0	
27 1	30 1	168 1	210 2	213 2	216 2	327 2	330 2	336 2	0 0	0 0	0 0	0 0	0 0	0 0	0 0	0 0	0 0	0 0	0 0	0 0	0 0	0 0	0 0	0 0	0 0	0 0	0 0	0 0	0 0	0 0	0 0	0 0	0 0	0 0	0 0	
31 1	98 1	106 1	211 2	214 2	217 2	344 2	0 0	0 0	0 0	0 0	0 0	0 0	0 0	0 0	0 0	0 0	0 0	0 0	0 0	0 0	0 0	0 0	0 0	0 0	0 0	0 0	0 0	0 0	0 0	0 0	0 0	0 0	0 0	0 0	0 0	
64 1	66 1	67 1	68 1	70 1	71 1	171 1	172 1	209 2	210 2	211 2	280 2	281 2	282 2	0 0	0 0	0 0	0 0	0 0	0 0	0 0	0 0	0 0	0 0	0 0	0 0	0 0	0 0	0 0	0 0	0 0	0 0	0 0	0 0	0 0	0 0	
64 1	65 1	67 1	68 1	69 1	71 1	143 1	144 1	209 2	210 2	340 2	0 0	0 0	0 0	0 0	0 0	0 0	0 0	0 0	0 0	0 0	0 0	0 0	0 0	0 0	0 0	0 0	0 0	0 0	0 0	0 0	0 0	0 0	0 0	0 0	0 0	
64 1	65 1	66 1	68 1	69 1	70 1	120 1	121 1	209 2	211 2	316 2	317 2	0 0	0 0	0 0	0 0	0 0	0 0	0 0	0 0	0 0	0 0	0 0	0 0	0 0	0 0	0 0	0 0	0 0	0 0	0 0	0 0	0 0	0 0	0 0	0 0	
64 1	68 1	154 1	209 2	0 0	0 0	0 0	0 0	0 0	0 0	0 0	0 0	0 0	0 0	0 0	0 0	0 0	0 0	0 0	0 0	0 0	0 0	0 0	0 0	0 0	0 0	0 0	0 0	0 0	0 0	0 0	0 0	0 0	0 0	0 0	0 0	
65 1	69 1	108 1	210 2	211 2	304 2	0 0	0 0	0 0	0 0	0 0	0 0	0 0	0 0	0 0	0 0	0 0	0 0	0 0	0 0	0 0	0 0	0 0	0 0	0 0	0 0	0 0	0 0	0 0	0 0	0 0	0 0	0 0	0 0	0 0	0 0	
66 1	70 1	168 1	210 2	270 2	0 0	0 0	0 0	0 0	0 0	0 0	0 0	0 0	0 0	0 0	0 0	0 0	0 0	0 0	0 0	0 0	0 0	0 0	0 0	0 0	0 0	0 0	0 0	0 0	0 0	0 0	0 0	0 0	0 0	0 0	0 0	
67 1	71 1	98 1	211 2	293 2	0 0	0 0	0 0	0 0	0 0	0 0	0 0	0 0	0 0	0 0	0 0	0 0	0 0	0 0	0 0	0 0	0 0	0 0	0 0	0 0	0 0	0 0	0 0	0 0	0 0	0 0	0 0	0 0	0 0	0 0	0 0	
13 1	15 1	16 1	212 2	213 2	214 2	325 2	326 2	327 2	0 0	0 0	0 0	0 0	0 0	0 0	0 0	0 0	0 0	0 0	0 0	0 0	0 0	0 0	0 0	0 0	0 0	0 0	0 0	0 0	0 0	0 0	0 0	0 0	0 0	0 0	0 0	
13 1	14 1	16 1	146 1	147 1	148 1	150 1	151 1	212 2	213 2	289 2	291 2	0 0	0 0	0 0	0 0	0 0	0 0	0 0	0 0	0 0	0 0	0 0	0 0	0 0	0 0	0 0	0 0	0 0	0 0	0 0	0 0	0 0	0 0	0 0	0 0	
13 1	14 1	15 1	123 1	124 1	126 1	127 1	128 1	130 1	212 2	214 2	265 2	266 2	0 0	0 0	0 0	0 0	0 0	0 0	0 0	0 0	0 0	0 0	0 0	0 0	0 0	0 0	0 0	0 0	0 0	0 0	0 0	0 0	0 0	0 0	0 0	
13 1	158 1	162 1	212 2	302 2	303 2	0 0	0 0	0 0	0 0	0 0	0 0	0 0	0 0	0 0	0 0	0 0	0 0	0 0	0 0	0 0	0 0	0 0	0 0	0 0	0 0	0 0	0 0	0 0	0 0	0 0	0 0	0 0	0 0	0 0	0 0	
14 1	112 1	116 1	213 2	214 2	343 2	0 0	0 0	0 0	0 0	0 0	0 0	0 0	0 0	0 0	0 0	0 0	0 0	0 0	0 0	0 0	0 0	0 0	0 0	0 0	0 0	0 0	0 0	0 0	0 0	0 0	0 0	0 0	0 0	0 0	0 0	
15 1	213 2	315 2	0 0	0 0	0 0	0 0	0 0	0 0	0 0	0 0	0 0	0 0	0 0	0 0	0 0	0 0	0 0	0 0	0 0	0 0	0 0	0 0	0 0	0 0	0 0	0 0	0 0	0 0	0 0	0 0	0 0	0 0	0 0	0 0	0 0	
16 1	102 1	106 1	214 2	338 2	0 0	0 0	0 0	0 0	0 0	0 0	0 0	0 0	0 0	0 0	0 0	0 0	0 0	0 0	0 0	0 0	0 0	0 0	0 0	0 0	0 0	0 0	0 0	0 0	0 0	0 0	0 0	0 0	0 0	0 0	0 0	
80 1	82 1	83 1	215 2	216 2	217 2	298 2	299 2	300 2	0 0	0 0	0 0	0 0	0 0	0 0	0 0	0 0	0 0	0 0	0 0	0 0	0 0	0 0	0 0	0 0	0 0	0 0	0 0	0 0	0 0	0 0	0 0	0 0	0 0	0 0	0 0	
80 1	81 1	83 1	146 1	147 1	148 1	215 2	216 2	0 0	0 0	0 0	0 0	0 0	0 0	0 0	0 0	0 0	0 0	0 0	0 0	0 0	0 0	0 0	0 0	0 0	0 0	0 0	0 0	0 0	0 0	0 0	0 0	0 0	0 0	0 0	0 0	
80 1	81 1	82 1	123 1	124 1	126 1	215 2	217 2	334 2	335 2	0 0	0 0	0 0	0 0	0 0	0 0	0 0	0 0	0 0	0 0	0 0	0 0	0 0	0 0	0 0	0 0	0 0	0 0	0 0	0 0	0 0	0 0	0 0	0 0	0 0	0 0	
80 1	158 1	215 2	275 2	276 2	0 0	0 0	0 0	0 0	0 0	0 0	0 0	0 0	0 0	0 0	0 0	0 0	0 0	0 0	0 0	0 0	0 0	0 0	0 0	0 0	0 0	0 0	0 0	0 0	0 0	0 0	0 0	0 0	0 0	0 0	0 0	
81 1	112 1	216 2	217 2	322 2	0 0	0 0	0 0	0 0	0 0	0 0	0 0	0 0	0 0	0 0	0 0	0 0	0 0	0 0	0 0	0 0	0 0	0 0	0 0	0 0	0 0	0 0	0 0	0 0	0 0	0 0	0 0	0 0	0 0	0 0	0 0	
82 1	216 2	288 2	0 0	0 0	0 0	0 0	0 0	0 0	0 0	0 0	0 0	0 0	0 0	0 0	0 0	0 0	0 0	0 0	0 0	0 0	0 0	0 0	0 0	0 0	0 0	0 0	0 0	0 0	0 0	0 0	0 0	0 0	0 0	0 0	0 0	
83 1	102 1	217 2	311 2	0 0	0 0	0 0	0 0	0 0	0 0	0 0	0 0	0 0	0 0	0 0	0 0	0 0	0 0	0 0	0 0	0 0	0 0	0 0	0 0	0 0	0 0	0 0	0 0	0 0	0 0	0 0	0 0	0 0	0 0	0 0	0 0	
5 1	7 1	8 1	218 2	219 2	220 2	319 2	320 2	321 2	0 0	0 0	0 0	0 0	0 0	0 0	0 0	0 0	0 0	0 0	0 0	0 0	0 0	0 0	0 0	0 0	0 0	0 0	0 0	0 0	0 0	0 0	0 0	0 0	0 0	0 0	0 0	
5 1	6 1	8 1	150 1	151 1	218 2	219 2	283 2	285 2	0 0	0 0	0 0	0 0	0 0	0 0	0 0	0 0	0 0	0 0	0 0	0 0	0 0	0 0	0 0	0 0	0 0	0 0	0 0	0 0	0 0	0 0	0 0	0 0	0 0	0 0	0 0	
5 1	6 1	7 1	127 1	128 1	130 1	218 2	220 2	0 0	0 0	0 0	0 0	0 0	0 0	0 0	0 0	0 0	0 0	0 0	0 0	0 0	0 0	0 0	0 0	0 0	0 0	0 0	0 0	0 0	0 0	0 0	0 0	0 0	0 0	0 0	0 0	
5 1	162 1	218 2	296 2	297 2	0 0	0 0	0 0	0 0	0 0	0 0	0 0	0 0	0 0	0 0	0 0	0 0	0 0	0 0	0 0	0 0	0 0	0 0	0 0	0 0	0 0	0 0	0 0	0 0	0 0	0 0	0 0	0 0	0 0	0 0	0 0	
6 1	116 1	219 2	220 2	0 0	0 0	0 0	0 0	0 0	0 0	0 0	0 0	0 0	0 0	0 0	0 0	0 0	0 0	0 0	0 0	0 0	0 0	0 0	0 0	0 0	0 0	0 0	0 0	0 0	0 0	0 0	0 0	0 0	0 0	0 0	0 0	
7 1	219 2	309 2	0 0	0 0	0 0	0 0	0 0	0 0	0 0	0 0	0 0	0 0	0 0	0 0	0 0	0 0	0 0	0 0	0 0	0 0	0 0	0 0	0 0	0 0	0 0	0 0	0 0	0 0	0 0	0 0	0 0	0 0	0 0	0 0	0 0	
8 1	106 1	220 2	332 2	0 0	0 0	0 0	0 0	0 0	0 0	0 0	0 0	0 0	0 0	0 0	0 0	0 0	0 0	0 0	0 0	0 0	0 0	0 0	0 0	0 0	0 0	0 0	0 0	0 0	0 0	0 0	0 0	0 0	0 0	0 0	0 0	
1 1	3 1	4 1	5 1	7 1	8 1	9 1	11 1	12 1	96 1	98 1	99 1	100 1	102 1	103 1	104 1	106 1	107 1	221 2	222 2	223 2	227 2	228 2	229 2	230 2	231 2	313 2	314 2	315 2	319 2	320 2	321 2	322 2	323 2	324 2	0 0	
1 1	2 1	4 1	5 1	6 1	8 1	9 1	10 1	12 1	153 1	154 1	155 1	157 1	158 1	159 1	161 1	162 1	163 1	221 2	222 2	227 2	228 2	230 2	277 2	279 2	283 2	285 2	286 2	288 2	0 0	0 0	0 0	0 0	0 0	0 0	0 0	
1 1	2 1	3 1	5 1	6 1	7 1	9 1	10 1	11 1	131 1	132 1	134 1	135 1	136 1	138 1	139 1	140 1	142 1	221 2	223 2	227 2	229 2	230 2	231 2	343 2	344 2	0 0	0 0	0 0	0 0	0 0	0 0	0 0	0 0	0 0	0 0	
1 1	5 1	9 1	166 1	221 2	227 2	230 2	290 2	291 2	296 2	297 2	299 2	300 2	0 0	0 0	0 0	0 0	0 0	0 0	0 0	0 0	0 0	0 0	0 0	0 0	0 0	0 0	0 0	0 0	0 0	0 0	0 0	0 0	0 0	0 0	0 0	
2 1	6 1	10 1	120 1	123 1	127 1	222 2	223 2	228 2	229 2	231 2	337 2	0 0	0 0	0 0	0 0	0 0	0 0	0 0	0 0	0 0	0 0	0 0	0 0	0 0	0 0	0 0	0 0	0 0	0 0	0 0	0 0	0 0	0 0	0 0	0 0	
3 1	7 1	11 1	222 2	228 2	303 2	309 2	312 2	0 0	0 0	0 0	0 0	0 0	0 0	0 0	0 0	0 0	0 0	0 0	0 0	0 0	0 0	0 0	0 0	0 0	0 0	0 0	0 0	0 0	0 0	0 0	0 0	0 0	0 0	0 0	0 0	
4 1	8 1	12 1	110 1	114 1	118 1	223 2	229 2	231 2	326 2	332 2	335 2	0 0	0 0	0 0	0 0	0 0	0 0	0 0	0 0	0 0	0 0	0 0	0 0	0 0	0 0	0 0	0 0	0 0	0 0	0 0	0 0	0 0	0 0	0 0	0 0	
60 1	62 1	63 1	68 1	70 1	71 1	96 1	98 1	99 1	100 1	102 1	103 1	221 2	222 2	223 2	224 2	225 2	226 2	230 2	231 2	277 2	278 2	279 2	280 2	281 2	282 2	283 2	284 2	285 2	0 0	0 0	0 0	0 0	0 0	0 0	0 0	
60 1	61 1	63 1	68 1	69 1	71 1	153 1	154 1	155 1	157 1	158 1	159 1	221 2	222 2	224 2	225 2	230 2	337 2	339 2	340 2	0 0	0 0	0 0	0 0	0 0	0 0	0 0	0 0	0 0	0 0	0 0	0 0	0 0	0 0	0 0	0 0	
60 1	61 1	62 1	68 1	69 1	70 1	131 1	132 1	134 1	135 1	136 1	138 1	221 2	223 2	224 2	226 2	230 2	231 2	313 2	314 2	316 2	317 2	319 2	320 2	0 0	0 0	0 0	0 0	0 0	0 0	0 0	0 0	0 0	0 0	0 0	0 0	
60 1	68 1	166 1	221 2	224 2	230 2	344 2	0 0	0 0	0 0	0 0	0 0	0 0	0 0	0 0	0 0	0 0	0 0	0 0	0 0	0 0	0 0	0 0	0 0	0 0	0 0	0 0	0 0	0 0	0 0	0 0	0 0	0 0	0 0	0 0	0 0	
61 1	69 1	120 1	123 1	222 2	223 2	225 2	226 2	231 2	301 2	304 2	307 2	0 0	0 0	0 0	0 0	0 0	0 0	0 0	0 0	0 0	0 0	0 0	0 0	0 0	0 0	0 0	0 0	0 0	0 0	0 0	0 0	0 0	0 0	0 0	0 0	
62 1	70 1	222 2	225 2	267 2	270 2	273 2	0 0	0 0	0 0	0 0	0 0	0 0	0 0	0 0	0 0	0 0	0 0	0 0	0 0	0 0	0 0	0 0	0 0	0 0	0 0	0 0	0 0	0 0	0 0	0 0	0 0	0 0	0 0	0 0	0 0	
63 1	71 1	110 1	114 1	223 2	226 2	231 2	290 2	293 2	296 2	0 0	0 0	0 0	0 0	0 0	0 0	0 0	0 0	0 0	0 0	0 0	0 0	0 0	0 0	0 0	0 0	0 0	0 0	0 0	0 0	0 0	0 0	0 0	0 0	0 0	0 0	
36 1	38 1	39 1	40 1	42 1	43 1	96 1	98 1	99 1	104 1	106 1	107 1	221 2	222 2	223 2	224 2	225 2	226 2	227 2	228 2	229 2	343 2	344 2	0 0	0 0	0 0	0 0	0 0	0 0	0 0	0 0	0 0	0 0	0 0	0 0	0 0	
36 1	37 1	39 1	40 1	41 1	43 1	153 1	154 1	155 1	161 1	162 1	163 1	221 2	222 2	224 2	225 2	227 2	228 2	313 2	315 2	316 2	318 2	322 2	324 2	0 0	0 0	0 0	0 0	0 0	0 0	0 0	0 0	0 0	0 0	0 0	0 0	
36 1	37 1	38 1	40 1	41 1	42 1	131 1	132 1	134 1	139 1	140 1	142 1	221 2	223 2	224 2	226 2	227 2	229 2	289 2	290 2	292 2	293 2	298 2	299 2	0 0	0 0	0 0	0 0	0 0	0 0	0 0	0 0	0 0	0 0	0 0	0 0	
36 1	40 1	166 1	221 2	224 2	227 2	326 2	327 2	329 2	330 2	335 2	336 2	0 0	0 0	0 0	0 0	0 0	0 0	0 0	0 0	0 0	0 0	0 0	0 0	0 0	0 0	0 0	0 0	0 0	0 0	0 0	0 0	0 0	0 0	0 0	0 0	
37 1	41 1	120 1	127 1	222 2	223 2	225 2	226 2	228 2	229 2	277 2	280 2	286 2	0 0	0 0	0 0	0 0	0 0	0 0	0 0	0 0	0 0	0 0	0 0	0 0	0 0	0 0	0 0	0 0	0 0	0 0	0 0	0 0	0 0	0 0	0 0	
38 1	42 1	222 2	225 2	228 2	339 2	0 0	0 0	0 0	0 0	0 0	0 0	0 0	0 0	0 0	0 0	0 0	0 0	0 0	0 0	0 0	0 0	0 0	0 0	0 0	0 0	0 0	0 0	0 0	0 0	0 0	0 0	0 0	0 0	0 0	0 0	
39 1	43 1	110 1	118 1	223 2	226 2	229 2	266 2	269 2	275 2	0 0	0 0	0 0	0 0	0 0	0 0	0 0	0 0	0 0	0 0	0 0	0 0	0 0	0 0	0 0	0 0	0 0	0 0	0 0	0 0	0 0	0 0	0 0	0 0	0 0	0 0	
76 1	78 1	79 1	80 1	82 1	83 1	96 1	98 1	99 1	221 2	222 2	223 2	292 2	293 2	294 2	0 0	0 0	0 0	0 0	0 0	0 0	0 0	0 0	0 0	0 0	0 0	0 0	0 0	0 0	0 0	0 0	0 0	0 0	0 0	0 0	0 0	
76 1	77 1	79 1	80 1	81 1	83 1	153 1	154 1	155 1	221 2	222 2	0 0	0 0	0 0	0 0	0 0	0 0	0 0	0 0	0 0	0 0	0 0	0 0	0 0	0 0	0 0	0 0	0 0	0 0	0 0	0 0	0 0	0 0	0 0	0 0	0 0	
76 1	77 1	78 1	80 1	81 1	82 1	131 1	132 1	134 1	221 2	223 2	328 2	329 2	0 0	0 0	0 0	0 0	0 0	0 0	0 0	0 0	0 0	0 0	0 0	0 0	0 0	0 0	0 0	0 0	0 0	0 0	0 0	0 0	0 0	0 0	0 0	
76 1	80 1	166 1	221 2	269 2	270 2	0 0	0 0	0 0	0 0	0 0	0 0	0 0	0 0	0 0	0 0	0 0	0 0	0 0	0 0	0 0	0 0	0 0	0 0	0 0	0 0	0 0	0 0	0 0	0 0	0 0	0 0	0 0	0 0	0 0	0 0	
77 1	81 1	120 1	222 2	223 2	316 2	0 0	0 0	0 0	0 0	0 0	0 0	0 0	0 0	0 0	0 0	0 0	0 0	0 0	0 0	0 0	0 0	0 0	0 0	0 0	0 0	0 0	0 0	0 0	0 0	0 0	0 0	0 0	0 0	0 0	0 0	
78 1	82 1	222 2	282 2	0 0	0 0	0 0	0 0	0 0	0 0	0 0	0 0	0 0	0 0	0 0	0 0	0 0	0 0	0 0	0 0	0 0	0 0	0 0	0 0	0 0	0 0	0 0	0 0	0 0	0 0	0 0	0 0	0 0	0 0	0 0	0 0	
79 1	83 1	110 1	223 2	305 2	0 0	0 0	0 0	0 0	0 0	0 0	0 0	0 0	0 0	0 0	0 0	0 0	0 0	0 0	0 0	0 0	0 0	0 0	0 0	0 0	0 0	0 0	0 0	0 0	0 0	0 0	0 0	0 0	0 0	0 0	0 0	
25 1	27 1	100 1	102 1	103 1	104 1	106 1	107 1	224 2	225 2	226 2	337 2	338 2	339 2	0 0	0 0	0 0	0 0	0 0	0 0	0 0	0 0	0 0	0 0	0 0	0 0	0 0	0 0	0 0	0 0	0 0	0 0	0 0	0 0	0 0	0 0	
25 1	26 1	157 1	158 1	159 1	161 1	162 1	163 1	224 2	225 2	301 2	303 2	0 0	0 0	0 0	0 0	0 0	0 0	0 0	0 0	0 0	0 0	0 0	0 0	0 0	0 0	0 0	0 0	0 0	0 0	0 0	0 0	0 0	0 0	0 0	0 0	
25 1	26 1	27 1	135 1	136 1	138 1	139 1	140 1	142 1	224 2	226 2	277 2	278 2	0 0	0 0	0 0	0 0	0 0	0 0	0 0	0 0	0 0	0 0	0 0	0 0	0 0	0 0	0 0	0 0	0 0	0 0	0 0	0 0	0 0	0 0	0 0	
25 1	224 2	314 2	315 2	0 0	0 0	0 0	0 0	0 0	0 0	0 0	0 0	0 0	0 0	0 0	0 0	0 0	0 0	0 0	0 0	0 0	0 0	0 0	0 0	0 0	0 0	0 0	0 0	0 0	0 0	0 0	0 0	0 0	0 0	0 0	0 0	
26 1	123 1	127 1	225 2	226 2	265 2	0 0	0 0	0 0	0 0	0 0	0 0	0 0	0 0	0 0	0 0	0 0	0 0	0 0	0 0	0 0	0 0	0 0	0 0	0 0	0 0	0 0	0 0	0 0	0 0	0 0	0 0	0 0	0 0	0 0	0 0	
27 1	225 2	327 2	0 0	0 0	0 0	0 0	0 0	0 0	0 0	0 0	0 0	0 0	0 0	0 0	0 0	0 0	0 0	0 0	0 0	0 0	0 0	0 0	0 0	0 0	0 0	0 0	0 0	0 0	0 0	0 0	0 0	0 0	0 0	0 0	0 0	
114 1	118 1	226 2	344 2	0 0	0 0	0 0	0 0	0 0	0 0	0 0	0 0	0 0	0 0	0 0	0 0	0 0	0 0	0 0	0 0	0 0	0 0	0 0	0 0	0 0	0 0	0 0	0 0	0 0	0 0	0 0	0 0	0 0	0 0	0 0	0 0	
92 1	94 1	95 1	100 1	102 1	103 1	227 2	228 2	229 2	310 2	311 2	312 2	0 0	0 0	0 0	0 0	0 0	0 0	0 0	0 0	0 0	0 0	0 0	0 0	0 0	0 0	0 0	0 0	0 0	0 0	0 0	0 0	0 0	0 0	0 0	0 0	
92 1	93 1	95 1	157 1	158 1	159 1	227 2	228 2	274 2	276 2	0 0	0 0	0 0	0 0	0 0	0 0	0 0	0 0	0 0	0 0	0 0	0 0	0 0	0 0	0 0	0 0	0 0	0 0	0 0	0 0	0 0	0 0	0 0	0 0	0 0	0 0	
92 1	93 1	94 1	135 1	136 1	138 1	227 2	229 2	0 0	0 0	0 0	0 0	0 0	0 0	0 0	0 0	0 0	0 0	0 0	0 0	0 0	0 0	0 0	0 0	0 0	0 0	0 0	0 0	0 0	0 0	0 0	0 0	0 0	0 0	0 0	0 0	
92 1	227 2	287 2	288 2	0 0	0 0	0 0	0 0	0 0	0 0	0 0	0 0	0 0	0 0	0 0	0 0	0 0	0 0	0 0	0 0	0 0	0 0	0 0	0 0	0 0	0 0	0 0	0 0	0 0	0 0	0 0	0 0	0 0	0 0	0 0	0 0	
93 1	123 1	228 2	229 2	334 2	0 0	0 0	0 0	0 0	0 0	0 0	0 0	0 0	0 0	0 0	0 0	0 0	0 0	0 0	0 0	0 0	0 0	0 0	0 0	0 0	0 0	0 0	0 0	0 0	0 0	0 0	0 0	0 0	0 0	0 0	0 0	
94 1	228 2	300 2	0 0	0 0	0 0	0 0	0 0	0 0	0 0	0 0	0 0	0 0	0 0	0 0	0 0	0 0	0 0	0 0	0 0	0 0	0 0	0 0	0 0	0 0	0 0	0 0	0 0	0 0	0 0	0 0	0 0	0 0	0 0	0 0	0 0	
95 1	114 1	229 2	323 2	0 0	0 0	0 0	0 0	0 0	0 0	0 0	0 0	0 0	0 0	0 0	0 0	0 0	0 0	0 0	0 0	0 0	0 0	0 0	0 0	0 0	0 0	0 0	0 0	0 0	0 0	0 0	0 0	0 0	0 0	0 0	0 0	
17 1	19 1	20 1	104 1	106 1	107 1	230 2	231 2	331 2	332 2	333 2	0 0	0 0	0 0	0 0	0 0	0 0	0 0	0 0	0 0	0 0	0 0	0 0	0 0	0 0	0 0	0 0	0 0	0 0	0 0	0 0	0 0	0 0	0 0	0 0	0 0	
17 1	18 1	20 1	161 1	162 1	163 1	230 2	295 2	297 2	0 0	0 0	0 0	0 0	0 0	0 0	0 0	0 0	0 0	0 0	0 0	0 0	0 0	0 0	0 0	0 0	0 0	0 0	0 0	0 0	0 0	0 0	0 0	0 0	0 0	0 0	0 0	
17 1	18 1	19 1	139 1	140 1	142 1	230 2	231 2	271 2	272 2	0 0	0 0	0 0	0 0	0 0	0 0	0 0	0 0	0 0	0 0	0 0	0 0	0 0	0 0	0 0	0 0	0 0	0 0	0 0	0 0	0 0	0 0	0 0	0 0	0 0	0 0	
17 1	230 2	308 2	309 2	0 0	0 0	0 0	0 0	0 0	0 0	0 0	0 0	0 0	0 0	0 0	0 0	0 0	0 0	0 0	0 0	0 0	0 0	0 0	0 0	0 0	0 0	0 0	0 0	0 0	0 0	0 0	0 0	0 0	0 0	0 0	0 0	
18 1	127 1	231 2	0 0	0 0	0 0	0 0	0 0	0 0	0 0	0 0	0 0	0 0	0 0	0 0	0 0	0 0	0 0	0 0	0 0	0 0	0 0	0 0	0 0	0 0	0 0	0 0	0 0	0 0	0 0	0 0	0 0	0 0	0 0	0 0	0 0	
19 1	321 2	0 0	0 0	0 0	0 0	0 0	0 0	0 0	0 0	0 0	0 0	0 0	0 0	0 0	0 0	0 0	0 0	0 0	0 0	0 0	0 0	0 0	0 0	0 0	0 0	0 0	0 0	0 0	0 0	0 0	0 0	0 0	0 0	0 0	0 0	
20 1	118 1	231 2	342 2	0 0	0 0	0 0	0 0	0 0	0 0	0 0	0 0	0 0	0 0	0 0	0 0	0 0	0 0	0 0	0 0	0 0	0 0	0 0	0 0	0 0	0 0	0 0	0 0	0 0	0 0	0 0	0 0	0 0	0 0	0 0	0 0	
13 1	15 1	16 1	17 1	19 1	20 1	21 1	23 1	24 1	108 1	110 1	111 1	112 1	114 1	115 1	116 1	118 1	119 1	232 2	233 2	234 2	238 2	239 2	240 2	241 2	242 2	243 2	325 2	326 2	327 2	331 2	332 2	333 2	334 2	335 2	336 2	
13 1	14 1	16 1	17 1	18 1	20 1	21 1	22 1	24 1	165 1	166 1	167 1	169 1	170 1	232 2	233 2	238 2	239 2	241 2	242 2	289 2	291 2	295 2	297 2	298 2	300 2	0 0	0 0	0 0	0 0	0 0	0 0	0 0	0 0	0 0	0 0	
13 1	14 1	15 1	17 1	18 1	19 1	21 1	22 1	23 1	143 1	144 1	145 1	146 1	147 1	149 1	150 1	151 1	152 1	232 2	234 2	238 2	240 2	241 2	243 2	265 2	266 2	271 2	272 2	274 2	275 2	0 0	0 0	0 0	0 0	0 0	0 0	
13 1	17 1	21 1	232 2	238 2	241 2	302 2	303 2	308 2	309 2	311 2	312 2	0 0	0 0	0 0	0 0	0 0	0 0	0 0	0 0	0 0	0 0	0 0	0 0	0 0	0 0	0 0	0 0	0 0	0 0	0 0	0 0	0 0	0 0	0 0	0 0	
14 1	18 1	22 1	131 1	135 1	139 1	233 2	234 2	239 2	240 2	242 2	243 2	343 2	0 0	0 0	0 0	0 0	0 0	0 0	0 0	0 0	0 0	0 0	0 0	0 0	0 0	0 0	0 0	0 0	0 0	0 0	0 0	0 0	0 0	0 0	0 0	
15 1	19 1	23 1	99 1	103 1	107 1	233 2	239 2	242 2	315 2	321 2	324 2	0 0	0 0	0 0	0 0	0 0	0 0	0 0	0 0	0 0	0 0	0 0	0 0	0 0	0 0	0 0	0 0	0 0	0 0	0 0	0 0	0 0	0 0	0 0	0 0	
16 1	20 1	24 1	122 1	125 1	129 1	234 2	240 2	243 2	338 2	342 2	0 0	0 0	0 0	0 0	0 0	0 0	0 0	0 0	0 0	0 0	0 0	0 0	0 0	0 0	0 0	0 0	0 0	0 0	0 0	0 0	0 0	0 0	0 0	0 0	0 0	
72 1	74 1	75 1	80 1	82 1	83 1	108 1	110 1	111 1	112 1	114 1	115 1	232 2	233 2	234 2	235 2	236 2	237 2	241 2	242 2	243 2	289 2	290 2	291 2	292 2	293 2	294 2	295 2	296 2	297 2	0 0	0 0	0 0	0 0	0 0	0 0	
72 1	73 1	75 1	80 1	81 1	83 1	165 1	166 1	167 1	169 1	170 1	232 2	233 2	235 2	236 2	241 2	242 2	343 2	0 0	0 0	0 0	0 0	0 0	0 0	0 0	0 0	0 0	0 0	0 0	0 0	0 0	0 0	0 0	0 0	0 0	0 0	
72 1	73 1	74 1	80 1	81 1	82 1	143 1	144 1	145 1	146 1	147 1	149 1	232 2	234 2	235 2	237 2	241 2	243 2	325 2	326 2	328 2	329 2	331 2	332 2	0 0	0 0	0 0	0 0	0 0	0 0	0 0	0 0	0 0	0 0	0 0	0 0	
72 1	80 1	232 2	235 2	241 2	266 2	267 2	269 2	270 2	272 2	273 2	0 0	0 0	0 0	0 0	0 0	0 0	0 0	0 0	0 0	0 0	0 0	0 0	0 0	0 0	0 0	0 0	0 0	0 0	0 0	0 0	0 0	0 0	0 0	0 0	0 0	
73 1	81 1	131 1	135 1	233 2	234 2	236 2	237 2	242 2	243 2	313 2	316 2	319 2	0 0	0 0	0 0	0 0	0 0	0 0	0 0	0 0	0 0	0 0	0 0	0 0	0 0	0 0	0 0	0 0	0 0	0 0	0 0	0 0	0 0	0 0	0 0	
74 1	82 1	99 1	103 1	233 2	236 2	242 2	279 2	282 2	285 2	0 0	0 0	0 0	0 0	0 0	0 0	0 0	0 0	0 0	0 0	0 0	0 0	0 0	0 0	0 0	0 0	0 0	0 0	0 0	0 0	0 0	0 0	0 0	0 0	0 0	0 0	
75 1	83 1	122 1	125 1	234 2	237 2	243 2	302 2	305 2	308 2	0 0	0 0	0 0	0 0	0 0	0 0	0 0	0 0	0 0	0 0	0 0	0 0	0 0	0 0	0 0	0 0	0 0	0 0	0 0	0 0	0 0	0 0	0 0	0 0	0 0	0 0	
48 1	50 1	51 1	52 1	54 1	55 1	108 1	110 1	111 1	116 1	118 1	119 1	232 2	233 2	234 2	235 2	236 2	237 2	238 2	239 2	240 2	265 2	266 2	267 2	268 2	269 2	270 2	274 2	275 2	276 2	0 0	0 0	0 0	0 0	0 0	0 0	
48 1	49 1	51 1	52 1	53 1	55 1	165 1	166 1	167 1	232 2	233 2	235 2	236 2	238 2	239 2	325 2	327 2	328 2	330 2	334 2	336 2	0 0	0 0	0 0	0 0	0 0	0 0	0 0	0 0	0 0	0 0	0 0	0 0	0 0	0 0	0 0	
48 1	49 1	50 1	52 1	53 1	54 1	143 1	144 1	145 1	150 1	151 1	152 1	232 2	234 2	235 2	237 2	238 2	240 2	301 2	302 2	304 2	305 2	310 2	311 2	0 0	0 0	0 0	0 0	0 0	0 0	0 0	0 0	0 0	0 0	0 0	0 0	
48 1	52 1	232 2	235 2	238 2	338 2	339 2	341 2	0 0	0 0	0 0	0 0	0 0	0 0	0 0	0 0	0 0	0 0	0 0	0 0	0 0	0 0	0 0	0 0	0 0	0 0	0 0	0 0	0 0	0 0	0 0	0 0	0 0	0 0	0 0	0 0	
49 1	53 1	131 1	139 1	233 2	234 2	236 2	237 2	239 2	240 2	289 2	292 2	298 2	0 0	0 0	0 0	0 0	0 0	0 0	0 0	0 0	0 0	0 0	0 0	0 0	0 0	0 0	0 0	0 0	0 0	0 0	0 0	0 0	0 0	0 0	0 0	
50 1	54 1	99 1	107 1	233 2	236 2	239 2	0 0	0 0	0 0	0 0	0 0	0 0	0 0	0 0	0 0	0 0	0 0	0 0	0 0	0 0	0 0	0 0	0 0	0 0	0 0	0 0	0 0	0 0	0 0	0 0	0 0	0 0	0 0	0 0	0 0	
51 1	55 1	122 1	129 1	234 2	237 2	240 2	278 2	281 2	287 2	0 0	0 0	0 0	0 0	0 0	0 0	0 0	0 0	0 0	0 0	0 0	0 0	0 0	0 0	0 0	0 0	0 0	0 0	0 0	0 0	0 0	0 0	0 0	0 0	0 0	0 0	
88 1	90 1	91 1	92 1	94 1	95 1	108 1	110 1	111 1	232 2	233 2	234 2	304 2	305 2	306 2	0 0	0 0	0 0	0 0	0 0	0 0	0 0	0 0	0 0	0 0	0 0	0 0	0 0	0 0	0 0	0 0	0 0	0 0	0 0	0 0	0 0	
88 1	89 1	91 1	92 1	93 1	95 1	165 1	166 1	167 1	232 2	233 2	268 2	270 2	0 0	0 0	0 0	0 0	0 0	0 0	0 0	0 0	0 0	0 0	0 0	0 0	0 0	0 0	0 0	0 0	0 0	0 0	0 0	0 0	0 0	0 0	0 0	
88 1	89 1	90 1	92 1	93 1	94 1	143 1	144 1	145 1	232 2	234 2	340 2	341 2	0 0	0 0	0 0	0 0	0 0	0 0	0 0	0 0	0 0	0 0	0 0	0 0	0 0	0 0	0 0	0 0	0 0	0 0	0 0	0 0	0 0	0 0	0 0	
88 1	92 1	232 2	281 2	282 2	0 0	0 0	0 0	0 0	0 0	0 0	0 0	0 0	0 0	0 0	0 0	0 0	0 0	0 0	0 0	0 0	0 0	0 0	0 0	0 0	0 0	0 0	0 0	0 0	0 0	0 0	0 0	0 0	0 0	0 0	0 0	
89 1	93 1	131 1	233 2	234 2	328 2	0 0	0 0	0 0	0 0	0 0	0 0	0 0	0 0	0 0	0 0	0 0	0 0	0 0	0 0	0 0	0 0	0 0	0 0	0 0	0 0	0 0	0 0	0 0	0 0	0 0	0 0	0 0	0 0	0 0	0 0	
90 1	94 1	99 1	233 2	294 2	0 0	0 0	0 0	0 0	0 0	0 0	0 0	0 0	0 0	0 0	0 0	0 0	0 0	0 0	0 0	0 0	0 0	0 0	0 0	0 0	0 0	0 0	0 0	0 0	0 0	0 0	0 0	0 0	0 0	0 0	0 0	
91 1	95 1	122 1	234 2	317 2	0 0	0 0	0 0	0 0	0 0	0 0	0 0	0 0	0 0	0 0	0 0	0 0	0 0	0 0	0 0	0 0	0 0	0 0	0 0	0 0	0 0	0 0	0 0	0 0	0 0	0 0	0 0	0 0	0 0	0 0	0 0	
36 1	38 1	39 1	112 1	114 1	115 1	116 1	118 1	119 1	235 2	236 2	237 2	343 2	344 2	0 0	0 0	0 0	0 0	0 0	0 0	0 0	0 0	0 0	0 0	0 0	0 0	0 0	0 0	0 0	0 0	0 0	0 0	0 0	0 0	0 0	0 0	
36 1	37 1	39 1	169 1	170 1	235 2	236 2	313 2	315 2	0 0	0 0	0 0	0 0	0 0	0 0	0 0	0 0	0 0	0 0	0 0	0 0	0 0	0 0	0 0	0 0	0 0	0 0	0 0	0 0	0 0	0 0	0 0	0 0	0 0	0 0	0 0	
36 1	37 1	38 1	146 1	147 1	149 1	150 1	151 1	152 1	235 2	237 2	289 2	290 2	0 0	0 0	0 0	0 0	0 0	0 0	0 0	0 0	0 0	0 0	0 0	0 0	0 0	0 0	0 0	0 0	0 0	0 0	0 0	0 0	0 0	0 0	0 0	
36 1	235 2	326 2	327 2	0 0	0 0	0 0	0 0	0 0	0 0	0 0	0 0	0 0	0 0	0 0	0 0	0 0	0 0	0 0	0 0	0 0	0 0	0 0	0 0	0 0	0 0	0 0	0 0	0 0	0 0	0 0	0 0	0 0	0 0	0 0	0 0	
37 1	135 1	139 1	236 2	237 2	277 2	0 0	0 0	0 0	0 0	0 0	0 0	0 0	0 0	0 0	0 0	0 0	0 0	0 0	0 0	0 0	0 0	0 0	0 0	0 0	0 0	0 0	0 0	0 0	0 0	0 0	0 0	0 0	0 0	0 0	0 0	
38 1	103 1	107 1	236 2	339 2	0 0	0 0	0 0	0 0	0 0	0 0	0 0	0 0	0 0	0 0	0 0	0 0	0 0	0 0	0 0	0 0	0 0	0 0	0 0	0 0	0 0	0 0	0 0	0 0	0 0	0 0	0 0	0 0	0 0	0 0	0 0	
39 1	125 1	129 1	237 2	266 2	0 0	0 0	0 0	0 0	0 0	0 0	0 0	0 0	0 0	0 0	0 0	0 0	0 0	0 0	0 0	0 0	0 0	0 0	0 0	0 0	0 0	0 0	0 0	0 0	0 0	0 0	0 0	0 0	0 0	0 0	0 0	
9 1	11 1	12 1	112 1	114 1	115 1	238 2	239 2	240 2	322 2	323 2	324 2	0 0	0 0	0 0	0 0	0 0	0 0	0 0	0 0	0 0	0 0	0 0	0 0	0 0	0 0	0 0	0 0	0 0	0 0	0 0	0 0	0 0	0 0	0 0	0 0	
9 1	10 1	12 1	169 1	170 1	238 2	239 2	286 2	288 2	0 0	0 0	0 0	0 0	0 0	0 0	0 0	0 0	0 0	0 0	0 0	0 0	0 0	0 0	0 0	0 0	0 0	0 0	0 0	0 0	0 0	0 0	0 0	0 0	0 0	0 0	0 0	
9 1	10 1	11 1	146 1	147 1	149 1	238 2	240 2	0 0	0 0	0 0	0 0	0 0	0 0	0 0	0 0	0 0	0 0	0 0	0 0	0 0	0 0	0 0	0 0	0 0	0 0	0 0	0 0	0 0	0 0	0 0	0 0	0 0	0 0	0 0	0 0	
9 1	238 2	299 2	300 2	0 0	0 0	0 0	0 0	0 0	0 0	0 0	0 0	0 0	0 0	0 0	0 0	0 0	0 0	0 0	0 0	0 0	0 0	0 0	0 0	0 0	0 0	0 0	0 0	0 0	0 0	0 0	0 0	0 0	0 0	0 0	0 0	
10 1	135 1	239 2	240 2	0 0	0 0	0 0	0 0	0 0	0 0	0 0	0 0	0 0	0 0	0 0	0 0	0 0	0 0	0 0	0 0	0 0	0 0	0 0	0 0	0 0	0 0	0 0	0 0	0 0	0 0	0 0	0 0	0 0	0 0	0 0	0 0	
11 1	103 1	239 2	312 2	0 0	0 0	0 0	0 0	0 0	0 0	0 0	0 0	0 0	0 0	0 0	0 0	0 0	0 0	0 0	0 0	0 0	0 0	0 0	0 0	0 0	0 0	0 0	0 0	0 0	0 0	0 0	0 0	0 0	0 0	0 0	0 0	
12 1	125 1	240 2	335 2	0 0	0 0	0 0	0 0	0 0	0 0	0 0	0 0	0 0	0 0	0 0	0 0	0 0	0 0	0 0	0 0	0 0	0 0	0 0	0 0	0 0	0 0	0 0	0 0	0 0	0 0	0 0	0 0	0 0	0 0	0 0	0 0	
28 1	30 1	31 1	116 1	118 1	119 1	241 2	242 2	243 2	342 2	0 0	0 0	0 0	0 0	0 0	0 0	0 0	0 0	0 0	0 0	0 0	0 0	0 0	0 0	0 0	0 0	0 0	0 0	0 0	0 0	0 0	0 0	0 0	0 0	0 0	0 0	
28 1	29 1	31 1	241 2	242 2	307 2	309 2	0 0	0 0	0 0	0 0	0 0	0 0	0 0	0 0	0 0	0 0	0 0	0 0	0 0	0 0	0 0	0 0	0 0	0 0	0 0	0 0	0 0	0 0	0 0	0 0	0 0	0 0	0 0	0 0	0 0	
28 1	29 1	30 1	150 1	151 1	152 1	241 2	243 2	283 2	284 2	0 0	0 0	0 0	0 0	0 0	0 0	0 0	0 0	0 0	0 0	0 0	0 0	0 0	0 0	0 0	0 0	0 0	0 0	0 0	0 0	0 0	0 0	0 0	0 0	0 0	0 0	
28 1	241 2	320 2	321 2	0 0	0 0	0 0	0 0	0 0	0 0	0 0	0 0	0 0	0 0	0 0	0 0	0 0	0 0	0 0	0 0	0 0	0 0	0 0	0 0	0 0	0 0	0 0	0 0	0 0	0 0	0 0	0 0	0 0	0 0	0 0	0 0	
29 1	139 1	242 2	243 2	271 2	0 0	0 0	0 0	0 0	0 0	0 0	0 0	0 0	0 0	0 0	0 0	0 0	0 0	0 0	0 0	0 0	0 0	0 0	0 0	0 0	0 0	0 0	0 0	0 0	0 0	0 0	0 0	0 0	0 0	0 0	0 0	
30 1	107 1	242 2	333 2	0 0	0 0	0 0	0 0	0 0	0 0	0 0	0 0	0 0	0 0	0 0	0 0	0 0	0 0	0 0	0 0	0 0	0 0	0 0	0 0	0 0	0 0	0 0	0 0	0 0	0 0	0 0	0 0	0 0	0 0	0 0	0 0	
31 1	129 1	243 2	0 0	0 0	0 0	0 0	0 0	0 0	0 0	0 0	0 0	0 0	0 0	0 0	0 0	0 0	0 0	0 0	0 0	0 0	0 0	0 0	0 0	0 0	0 0	0 0	0 0	0 0	0 0	0 0	0 0	0 0	0 0	0 0	0 0	
25 1	27 1	28 1	30 1	31 1	32 1	34 1	35 1	120 1	122 1	123 1	125 1	126 1	127 1	129 1	130 1	244 2	245 2	246 2	250 2	251 2	252 2	253 2	254 2	255 2	337 2	338 2	339 2	342 2	0 0	0 0	0 0	0 0	0 0	0 0	0 0	
25 1	26 1	28 1	29 1	31 1	32 1	33 1	35 1	171 1	172 1	244 2	245 2	250 2	251 2	253 2	254 2	301 2	303 2	307 2	309 2	310 2	312 2	0 0	0 0	0 0	0 0	0 0	0 0	0 0	0 0	0 0	0 0	0 0	0 0	0 0	0 0	
25 1	26 1	27 1	28 1	29 1	30 1	32 1	33 1	34 1	153 1	154 1	156 1	157 1	158 1	160 1	161 1	162 1	164 1	244 2	246 2	250 2	252 2	253 2	255 2	277 2	278 2	283 2	284 2	286 2	287 2	0 0	0 0	0 0	0 0	0 0	0 0	
25 1	28 1	32 1	97 1	101 1	105 1	244 2	250 2	253 2	314 2	315 2	320 2	321 2	323 2	324 2	0 0	0 0	0 0	0 0	0 0	0 0	0 0	0 0	0 0	0 0	0 0	0 0	0 0	0 0	0 0	0 0	0 0	0 0	0 0	0 0	0 0	
26 1	29 1	33 1	143 1	146 1	150 1	245 2	246 2	251 2	252 2	254 2	255 2	265 2	271 2	274 2	0 0	0 0	0 0	0 0	0 0	0 0	0 0	0 0	0 0	0 0	0 0	0 0	0 0	0 0	0 0	0 0	0 0	0 0	0 0	0 0	0 0	
27 1	30 1	34 1	111 1	115 1	119 1	245 2	251 2	254 2	327 2	333 2	336 2	0 0	0 0	0 0	0 0	0 0	0 0	0 0	0 0	0 0	0 0	0 0	0 0	0 0	0 0	0 0	0 0	0 0	0 0	0 0	0 0	0 0	0 0	0 0	0 0	
31 1	35 1	133 1	137 1	141 1	246 2	252 2	255 2	344 2	0 0	0 0	0 0	0 0	0 0	0 0	0 0	0 0	0 0	0 0	0 0	0 0	0 0	0 0	0 0	0 0	0 0	0 0	0 0	0 0	0 0	0 0	0 0	0 0	0 0	0 0	0 0	
84 1	86 1	87 1	92 1	94 1	95 1	120 1	122 1	123 1	125 1	126 1	244 2	245 2	246 2	247 2	248 2	249 2	253 2	254 2	255 2	301 2	302 2	303 2	304 2	305 2	306 2	307 2	308 2	309 2	0 0	0 0	0 0	0 0	0 0	0 0	0 0	
84 1	85 1	87 1	92 1	93 1	95 1	171 1	172 1	244 2	245 2	247 2	248 2	253 2	254 2	265 2	267 2	268 2	270 2	271 2	273 2	0 0	0 0	0 0	0 0	0 0	0 0	0 0	0 0	0 0	0 0	0 0	0 0	0 0	0 0	0 0	0 0	
84 1	85 1	86 1	92 1	93 1	94 1	153 1	154 1	156 1	157 1	158 1	160 1	244 2	246 2	247 2	249 2	253 2	255 2	337 2	338 2	340 2	341 2	342 2	0 0	0 0	0 0	0 0	0 0	0 0	0 0	0 0	0 0	0 0	0 0	0 0	0 0	
84 1	92 1	97 1	101 1	244 2	247 2	253 2	278 2	279 2	281 2	282 2	284 2	285 2	0 0	0 0	0 0	0 0	0 0	0 0	0 0	0 0	0 0	0 0	0 0	0 0	0 0	0 0	0 0	0 0	0 0	0 0	0 0	0 0	0 0	0 0	0 0	
85 1	93 1	143 1	146 1	245 2	246 2	248 2	249 2	254 2	255 2	325 2	328 2	331 2	0 0	0 0	0 0	0 0	0 0	0 0	0 0	0 0	0 0	0 0	0 0	0 0	0 0	0 0	0 0	0 0	0 0	0 0	0 0	0 0	0 0	0 0	0 0	
86 1	94 1	111 1	115 1	245 2	248 2	254 2	291 2	294 2	297 2	0 0	0 0	0 0	0 0	0 0	0 0	0 0	0 0	0 0	0 0	0 0	0 0	0 0	0 0	0 0	0 0	0 0	0 0	0 0	0 0	0 0	0 0	0 0	0 0	0 0	0 0	
87 1	95 1	133 1	137 1	246 2	249 2	255 2	314 2	317 2	320 2	0 0	0 0	0 0	0 0	0 0	0 0	0 0	0 0	0 0	0 0	0 0	0 0	0 0	0 0	0 0	0 0	0 0	0 0	0 0	0 0	0 0	0 0	0 0	0 0	0 0	0 0	
60 1	62 1	63 1	64 1	66 1	67 1	120 1	122 1	127 1	129 1	130 1	244 2	245 2	246 2	247 2	248 2	249 2	250 2	251 2	252 2	277 2	278 2	279 2	280 2	281 2	282 2	286 2	287 2	288 2	0 0	0 0	0 0	0 0	0 0	0 0	0 0	
60 1	61 1	63 1	64 1	65 1	67 1	171 1	172 1	244 2	245 2	247 2	248 2	250 2	251 2	337 2	339 2	340 2	0 0	0 0	0 0	0 0	0 0	0 0	0 0	0 0	0 0	0 0	0 0	0 0	0 0	0 0	0 0	0 0	0 0	0 0	0 0	
60 1	61 1	62 1	64 1	65 1	66 1	153 1	154 1	156 1	161 1	162 1	164 1	244 2	246 2	247 2	249 2	250 2	252 2	313 2	314 2	316 2	317 2	322 2	323 2	0 0	0 0	0 0	0 0	0 0	0 0	0 0	0 0	0 0	0 0	0 0	0 0	
60 1	64 1	97 1	105 1	244 2	247 2	250 2	344 2	0 0	0 0	0 0	0 0	0 0	0 0	0 0	0 0	0 0	0 0	0 0	0 0	0 0	0 0	0 0	0 0	0 0	0 0	0 0	0 0	0 0	0 0	0 0	0 0	0 0	0 0	0 0	0 0	
61 1	65 1	143 1	150 1	245 2	246 2	248 2	249 2	251 2	252 2	301 2	304 2	310 2	0 0	0 0	0 0	0 0	0 0	0 0	0 0	0 0	0 0	0 0	0 0	0 0	0 0	0 0	0 0	0 0	0 0	0 0	0 0	0 0	0 0	0 0	0 0	
62 1	66 1	111 1	119 1	245 2	248 2	251 2	267 2	270 2	276 2	0 0	0 0	0 0	0 0	0 0	0 0	0 0	0 0	0 0	0 0	0 0	0 0	0 0	0 0	0 0	0 0	0 0	0 0	0 0	0 0	0 0	0 0	0 0	0 0	0 0	0 0	
63 1	67 1	133 1	141 1	246 2	249 2	252 2	290 2	293 2	299 2	0 0	0 0	0 0	0 0	0 0	0 0	0 0	0 0	0 0	0 0	0 0	0 0	0 0	0 0	0 0	0 0	0 0	0 0	0 0	0 0	0 0	0 0	0 0	0 0	0 0	0 0	
5 1	7 1	8 1	9 1	11 1	12 1	120 1	122 1	244 2	245 2	246 2	316 2	317 2	318 2	0 0	0 0	0 0	0 0	0 0	0 0	0 0	0 0	0 0	0 0	0 0	0 0	0 0	0 0	0 0	0 0	0 0	0 0	0 0	0 0	0 0	0 0	
5 1	6 1	8 1	9 1	10 1	12 1	171 1	172 1	244 2	245 2	280 2	282 2	0 0	0 0	0 0	0 0	0 0	0 0	0 0	0 0	0 0	0 0	0 0	0 0	0 0	0 0	0 0	0 0	0 0	0 0	0 0	0 0	0 0	0 0	0 0	0 0	
5 1	6 1	7 1	9 1	10 1	11 1	153 1	154 1	156 1	244 2	246 2	0 0	0 0	0 0	0 0	0 0	0 0	0 0	0 0	0 0	0 0	0 0	0 0	0 0	0 0	0 0	0 0	0 0	0 0	0 0	0 0	0 0	0 0	0 0	0 0	0 0	
5 1	9 1	97 1	244 2	293 2	294 2	0 0	0 0	0 0	0 0	0 0	0 0	0 0	0 0	0 0	0 0	0 0	0 0	0 0	0 0	0 0	0 0	0 0	0 0	0 0	0 0	0 0	0 0	0 0	0 0	0 0	0 0	0 0	0 0	0 0	0 0	
6 1	10 1	143 1	245 2	246 2	340 2	0 0	0 0	0 0	0 0	0 0	0 0	0 0	0 0	0 0	0 0	0 0	0 0	0 0	0 0	0 0	0 0	0 0	0 0	0 0	0 0	0 0	0 0	0 0	0 0	0 0	0 0	0 0	0 0	0 0	0 0	
7 1	11 1	111 1	245 2	306 2	0 0	0 0	0 0	0 0	0 0	0 0	0 0	0 0	0 0	0 0	0 0	0 0	0 0	0 0	0 0	0 0	0 0	0 0	0 0	0 0	0 0	0 0	0 0	0 0	0 0	0 0	0 0	0 0	0 0	0 0	0 0	
8 1	12 1	133 1	246 2	329 2	0 0	0 0	0 0	0 0	0 0	0 0	0 0	0 0	0 0	0 0	0 0	0 0	0 0	0 0	0 0	0 0	0 0	0 0	0 0	0 0	0 0	0 0	0 0	0 0	0 0	0 0	0 0	0 0	0 0	0 0	0 0	
48 1	50 1	51 1	123 1	125 1	126 1	127 1	129 1	130 1	247 2	248 2	249 2	265 2	266 2	267 2	0 0	0 0	0 0	0 0	0 0	0 0	0 0	0 0	0 0	0 0	0 0	0 0	0 0	0 0	0 0	0 0	0 0	0 0	0 0	0 0	0 0	
48 1	49 1	51 1	247 2	248 2	325 2	327 2	0 0	0 0	0 0	0 0	0 0	0 0	0 0	0 0	0 0	0 0	0 0	0 0	0 0	0 0	0 0	0 0	0 0	0 0	0 0	0 0	0 0	0 0	0 0	0 0	0 0	0 0	0 0	0 0	0 0	
48 1	49 1	50 1	157 1	158 1	160 1	161 1	162 1	164 1	247 2	249 2	301 2	302 2	0 0	0 0	0 0	0 0	0 0	0 0	0 0	0 0	0 0	0 0	0 0	0 0	0 0	0 0	0 0	0 0	0 0	0 0	0 0	0 0	0 0	0 0	0 0	
48 1	101 1	105 1	247 2	338 2	339 2	0 0	0 0	0 0	0 0	0 0	0 0	0 0	0 0	0 0	0 0	0 0	0 0	0 0	0 0	0 0	0 0	0 0	0 0	0 0	0 0	0 0	0 0	0 0	0 0	0 0	0 0	0 0	0 0	0 0	0 0	
49 1	146 1	150 1	248 2	249 2	289 2	0 0	0 0	0 0	0 0	0 0	0 0	0 0	0 0	0 0	0 0	0 0	0 0	0 0	0 0	0 0	0 0	0 0	0 0	0 0	0 0	0 0	0 0	0 0	0 0	0 0	0 0	0 0	0 0	0 0	0 0	
50 1	115 1	119 1	248 2	0 0	0 0	0 0	0 0	0 0	0 0	0 0	0 0	0 0	0 0	0 0	0 0	0 0	0 0	0 0	0 0	0 0	0 0	0 0	0 0	0 0	0 0	0 0	0 0	0 0	0 0	0 0	0 0	0 0	0 0	0 0	0 0	
51 1	137 1	141 1	249 2	278 2	0 0	0 0	0 0	0 0	0 0	0 0	0 0	0 0	0 0	0 0	0 0	0 0	0 0	0 0	0 0	0 0	0 0	0 0	0 0	0 0	0 0	0 0	0 0	0 0	0 0	0 0	0 0	0 0	0 0	0 0	0 0	
21 1	23 1	24 1	123 1	125 1	126 1	250 2	251 2	252 2	334 2	335 2	336 2	0 0	0 0	0 0	0 0	0 0	0 0	0 0	0 0	0 0	0 0	0 0	0 0	0 0	0 0	0 0	0 0	0 0	0 0	0 0	0 0	0 0	0 0	0 0	0 0	
21 1	22 1	24 1	250 2	251 2	298 2	300 2	0 0	0 0	0 0	0 0	0 0	0 0	0 0	0 0	0 0	0 0	0 0	0 0	0 0	0 0	0 0	0 0	0 0	0 0	0 0	0 0	0 0	0 0	0 0	0 0	0 0	0 0	0 0	0 0	0 0	
21 1	22 1	23 1	157 1	158 1	160 1	250 2	252 2	274 2	275 2	0 0	0 0	0 0	0 0	0 0	0 0	0 0	0 0	0 0	0 0	0 0	0 0	0 0	0 0	0 0	0 0	0 0	0 0	0 0	0 0	0 0	0 0	0 0	0 0	0 0	0 0	
21 1	101 1	250 2	311 2	312 2	0 0	0 0	0 0	0 0	0 0	0 0	0 0	0 0	0 0	0 0	0 0	0 0	0 0	0 0	0 0	0 0	0 0	0 0	0 0	0 0	0 0	0 0	0 0	0 0	0 0	0 0	0 0	0 0	0 0	0 0	0 0	
22 1	146 1	251 2	252 2	0 0	0 0	0 0	0 0	0 0	0 0	0 0	0 0	0 0	0 0	0 0	0 0	0 0	0 0	0 0	0 0	0 0	0 0	0 0	0 0	0 0	0 0	0 0	0 0	0 0	0 0	0 0	0 0	0 0	0 0	0 0	0 0	
23 1	115 1	251 2	324 2	0 0	0 0	0 0	0 0	0 0	0 0	0 0	0 0	0 0	0 0	0 0	0 0	0 0	0 0	0 0	0 0	0 0	0 0	0 0	0 0	0 0	0 0	0 0	0 0	0 0	0 0	0 0	0 0	0 0	0 0	0 0	0 0	
24 1	137 1	252 2	0 0	0 0	0 0	0 0	0 0	0 0	0 0	0 0	0 0	0 0	0 0	0 0	0 0	0 0	0 0	0 0	0 0	0 0	0 0	0 0	0 0	0 0	0 0	0 0	0 0	0 0	0 0	0 0	0 0	0 0	0 0	0 0	0 0	
40 1	42 1	43 1	127 1	129 1	130 1	253 2	254 2	255 2	0 0	0 0	0 0	0 0	0 0	0 0	0 0	0 0	0 0	0 0	0 0	0 0	0 0	0 0	0 0	0 0	0 0	0 0	0 0	0 0	0 0	0 0	0 0	0 0	0 0	0 0	0 0	
40 1	41 1	43 1	253 2	254 2	319 2	321 2	0 0	0 0	0 0	0 0	0 0	0 0	0 0	0 0	0 0	0 0	0 0	0 0	0 0	0 0	0 0	0 0	0 0	0 0	0 0	0 0	0 0	0 0	0 0	0 0	0 0	0 0	0 0	0 0	0 0	
40 1	41 1	42 1	161 1	162 1	164 1	253 2	255 2	295 2	296 2	0 0	0 0	0 0	0 0	0 0	0 0	0 0	0 0	0 0	0 0	0 0	0 0	0 0	0 0	0 0	0 0	0 0	0 0	0 0	0 0	0 0	0 0	0 0	0 0	0 0	0 0	
40 1	105 1	253 2	332 2	333 2	0 0	0 0	0 0	0 0	0 0	0 0	0 0	0 0	0 0	0 0	0 0	0 0	0 0	0 0	0 0	0 0	0 0	0 0	0 0	0 0	0 0	0 0	0 0	0 0	0 0	0 0	0 0	0 0	0 0	0 0	0 0	
41 1	150 1	254 2	255 2	283 2	0 0	0 0	0 0	0 0	0 0	0 0	0 0	0 0	0 0	0 0	0 0	0 0	0 0	0 0	0 0	0 0	0 0	0 0	0 0	0 0	0 0	0 0	0 0	0 0	0 0	0 0	0 0	0 0	0 0	0 0	0 0	
42 1	119 1	254 2	0 0	0 0	0 0	0 0	0 0	0 0	0 0	0 0	0 0	0 0	0 0	0 0	0 0	0 0	0 0	0 0	0 0	0 0	0 0	0 0	0 0	0 0	0 0	0 0	0 0	0 0	0 0	0 0	0 0	0 0	0 0	0 0	0 0	
43 1	141 1	255 2	272 2	0 0	0 0	0 0	0 0	0 0	0 0	0 0	0 0	0 0	0 0	0 0	0 0	0 0	0 0	0 0	0 0	0 0	0 0	0 0	0 0	0 0	0 0	0 0	0 0	0 0	0 0	0 0	0 0	0 0	0 0	0 0	0 0	
36 1	38 1	39 1	40 1	42 1	43 1	44 1	46 1	47 1	131 1	133 1	134 1	135 1	137 1	138 1	139 1	141 1	142 1	256 2	260 2	261 2	262 2	263 2	264 2	343 2	344 2	0 0	0 0	0 0	0 0	0 0	0 0	0 0	0 0	0 0	0 0	
36 1	37 1	39 1	40 1	41 1	43 1	44 1	45 1	47 1	96 1	97 1	98 1	100 1	101 1	102 1	104 1	105 1	106 1	260 2	262 2	263 2	313 2	315 2	319 2	321 2	322 2	324 2	0 0	0 0	0 0	0 0	0 0	0 0	0 0	0 0	0 0	
36 1	37 1	38 1	40 1	41 1	42 1	44 1	45 1	46 1	165 1	166 1	168 1	169 1	256 2	260 2	261 2	262 2	264 2	289 2	290 2	295 2	296 2	298 2	299 2	0 0	0 0	0 0	0 0	0 0	0 0	0 0	0 0	0 0	0 0	0 0	0 0	
36 1	40 1	44 1	109 1	113 1	117 1	260 2	262 2	326 2	327 2	332 2	333 2	335 2	336 2	0 0	0 0	0 0	0 0	0 0	0 0	0 0	0 0	0 0	0 0	0 0	0 0	0 0	0 0	0 0	0 0	0 0	0 0	0 0	0 0	0 0	0 0	
37 1	41 1	45 1	153 1	157 1	161 1	256 2	261 2	263 2	264 2	277 2	283 2	286 2	0 0	0 0	0 0	0 0	0 0	0 0	0 0	0 0	0 0	0 0	0 0	0 0	0 0	0 0	0 0	0 0	0 0	0 0	0 0	0 0	0 0	0 0	0 0	
38 1	42 1	46 1	126 1	130 1	263 2	339 2	0 0	0 0	0 0	0 0	0 0	0 0	0 0	0 0	0 0	0 0	0 0	0 0	0 0	0 0	0 0	0 0	0 0	0 0	0 0	0 0	0 0	0 0	0 0	0 0	0 0	0 0	0 0	0 0	0 0	
39 1	43 1	47 1	148 1	256 2	261 2	264 2	266 2	272 2	275 2	0 0	0 0	0 0	0 0	0 0	0 0	0 0	0 0	0 0	0 0	0 0	0 0	0 0	0 0	0 0	0 0	0 0	0 0	0 0	0 0	0 0	0 0	0 0	0 0	0 0	0 0	
1 1	3 1	4 1	9 1	11 1	12 1	131 1	133 1	134 1	135 1	137 1	138 1	256 2	257 2	258 2	259 2	262 2	263 2	264 2	313 2	314 2	315 2	316 2	317 2	318 2	319 2	320 2	321 2	0 0	0 0	0 0	0 0	0 0	0 0	0 0	0 0	
1 1	2 1	4 1	9 1	10 1	12 1	96 1	97 1	98 1	100 1	101 1	102 1	257 2	258 2	262 2	263 2	277 2	279 2	280 2	282 2	283 2	285 2	0 0	0 0	0 0	0 0	0 0	0 0	0 0	0 0	0 0	0 0	0 0	0 0	0 0	0 0	
1 1	2 1	3 1	9 1	10 1	11 1	165 1	166 1	168 1	169 1	256 2	257 2	259 2	262 2	264 2	343 2	344 2	0 0	0 0	0 0	0 0	0 0	0 0	0 0	0 0	0 0	0 0	0 0	0 0	0 0	0 0	0 0	0 0	0 0	0 0	0 0	
1 1	9 1	109 1	113 1	257 2	262 2	290 2	291 2	293 2	294 2	296 2	297 2	0 0	0 0	0 0	0 0	0 0	0 0	0 0	0 0	0 0	0 0	0 0	0 0	0 0	0 0	0 0	0 0	0 0	0 0	0 0	0 0	0 0	0 0	0 0	0 0	
2 1	10 1	153 1	157 1	256 2	258 2	259 2	263 2	264 2	337 2	340 2	0 0	0 0	0 0	0 0	0 0	0 0	0 0	0 0	0 0	0 0	0 0	0 0	0 0	0 0	0 0	0 0	0 0	0 0	0 0	0 0	0 0	0 0	0 0	0 0	0 0	
3 1	11 1	126 1	258 2	263 2	303 2	306 2	309 2	0 0	0 0	0 0	0 0	0 0	0 0	0 0	0 0	0 0	0 0	0 0	0 0	0 0	0 0	0 0	0 0	0 0	0 0	0 0	0 0	0 0	0 0	0 0	0 0	0 0	0 0	0 0	0 0	
4 1	12 1	148 1	256 2	259 2	264 2	326 2	329 2	332 2	0 0	0 0	0 0	0 0	0 0	0 0	0 0	0 0	0 0	0 0	0 0	0 0	0 0	0 0	0 0	0 0	0 0	0 0	0 0	0 0	0 0	0 0	0 0	0 0	0 0	0 0	0 0	
72 1	74 1	75 1	76 1	78 1	79 1	131 1	133 1	134 1	139 1	141 1	142 1	256 2	257 2	258 2	259 2	260 2	261 2	289 2	290 2	291 2	292 2	293 2	294 2	298 2	299 2	300 2	0 0	0 0	0 0	0 0	0 0	0 0	0 0	0 0	0 0	
72 1	73 1	75 1	76 1	77 1	79 1	96 1	97 1	98 1	104 1	105 1	106 1	257 2	258 2	260 2	343 2	0 0	0 0	0 0	0 0	0 0	0 0	0 0	0 0	0 0	0 0	0 0	0 0	0 0	0 0	0 0	0 0	0 0	0 0	0 0	0 0	
72 1	73 1	74 1	76 1	77 1	78 1	165 1	166 1	168 1	256 2	257 2	259 2	260 2	261 2	325 2	326 2	328 2	329 2	334 2	335 2	0 0	0 0	0 0	0 0	0 0	0 0	0 0	0 0	0 0	0 0	0 0	0 0	0 0	0 0	0 0	0 0	
72 1	76 1	109 1	117 1	257 2	260 2	266 2	267 2	269 2	270 2	275 2	276 2	0 0	0 0	0 0	0 0	0 0	0 0	0 0	0 0	0 0	0 0	0 0	0 0	0 0	0 0	0 0	0 0	0 0	0 0	0 0	0 0	0 0	0 0	0 0	0 0	
73 1	77 1	153 1	161 1	256 2	258 2	259 2	261 2	313 2	316 2	322 2	0 0	0 0	0 0	0 0	0 0	0 0	0 0	0 0	0 0	0 0	0 0	0 0	0 0	0 0	0 0	0 0	0 0	0 0	0 0	0 0	0 0	0 0	0 0	0 0	0 0	
74 1	78 1	130 1	258 2	279 2	282 2	288 2	0 0	0 0	0 0	0 0	0 0	0 0	0 0	0 0	0 0	0 0	0 0	0 0	0 0	0 0	0 0	0 0	0 0	0 0	0 0	0 0	0 0	0 0	0 0	0 0	0 0	0 0	0 0	0 0	0 0	
75 1	79 1	256 2	259 2	261 2	302 2	305 2	311 2	0 0	0 0	0 0	0 0	0 0	0 0	0 0	0 0	0 0	0 0	0 0	0 0	0 0	0 0	0 0	0 0	0 0	0 0	0 0	0 0	0 0	0 0	0 0	0 0	0 0	0 0	0 0	0 0	
17 1	19 1	20 1	21 1	23 1	24 1	131 1	133 1	134 1	256 2	328 2	329 2	330 2	0 0	0 0	0 0	0 0	0 0	0 0	0 0	0 0	0 0	0 0	0 0	0 0	0 0	0 0	0 0	0 0	0 0	0 0	0 0	0 0	0 0	0 0	0 0	
17 1	18 1	20 1	21 1	22 1	24 1	96 1	97 1	98 1	292 2	294 2	0 0	0 0	0 0	0 0	0 0	0 0	0 0	0 0	0 0	0 0	0 0	0 0	0 0	0 0	0 0	0 0	0 0	0 0	0 0	0 0	0 0	0 0	0 0	0 0	0 0	
17 1	18 1	19 1	21 1	22 1	23 1	165 1	166 1	168 1	256 2	268 2	269 2	0 0	0 0	0 0	0 0	0 0	0 0	0 0	0 0	0 0	0 0	0 0	0 0	0 0	0 0	0 0	0 0	0 0	0 0	0 0	0 0	0 0	0 0	0 0	0 0	
17 1	21 1	109 1	305 2	306 2	0 0	0 0	0 0	0 0	0 0	0 0	0 0	0 0	0 0	0 0	0 0	0 0	0 0	0 0	0 0	0 0	0 0	0 0	0 0	0 0	0 0	0 0	0 0	0 0	0 0	0 0	0 0	0 0	0 0	0 0	0 0	
18 1	22 1	153 1	256 2	0 0	0 0	0 0	0 0	0 0	0 0	0 0	0 0	0 0	0 0	0 0	0 0	0 0	0 0	0 0	0 0	0 0	0 0	0 0	0 0	0 0	0 0	0 0	0 0	0 0	0 0	0 0	0 0	0 0	0 0	0 0	0 0	
19 1	23 1	318 2	0 0	0 0	0 0	0 0	0 0	0 0	0 0	0 0	0 0	0 0	0 0	0 0	0 0	0 0	0 0	0 0	0 0	0 0	0 0	0 0	0 0	0 0	0 0	0 0	0 0	0 0	0 0	0 0	0 0	0 0	0 0	0 0	0 0	
20 1	24 1	256 2	341 2	0 0	0 0	0 0	0 0	0 0	0 0	0 0	0 0	0 0	0 0	0 0	0 0	0 0	0 0	0 0	0 0	0 0	0 0	0 0	0 0	0 0	0 0	0 0	0 0	0 0	0 0	0 0	0 0	0 0	0 0	0 0	0 0	
60 1	62 1	63 1	135 1	137 1	138 1	139 1	141 1	142 1	257 2	258 2	259 2	277 2	278 2	279 2	0 0	0 0	0 0	0 0	0 0	0 0	0 0	0 0	0 0	0 0	0 0	0 0	0 0	0 0	0 0	0 0	0 0	0 0	0 0	0 0	0 0	
60 1	61 1	63 1	100 1	101 1	102 1	104 1	105 1	106 1	257 2	258 2	337 2	339 2	0 0	0 0	0 0	0 0	0 0	0 0	0 0	0 0	0 0	0 0	0 0	0 0	0 0	0 0	0 0	0 0	0 0	0 0	0 0	0 0	0 0	0 0	0 0	
60 1	61 1	62 1	169 1	257 2	259 2	313 2	314 2	0 0	0 0	0 0	0 0	0 0	0 0	0 0	0 0	0 0	0 0	0 0	0 0	0 0	0 0	0 0	0 0	0 0	0 0	0 0	0 0	0 0	0 0	0 0	0 0	0 0	0 0	0 0	0 0	
60 1	113 1	117 1	257 2	344 2	0 0	0 0	0 0	0 0	0 0	0 0	0 0	0 0	0 0	0 0	0 0	0 0	0 0	0 0	0 0	0 0	0 0	0 0	0 0	0 0	0 0	0 0	0 0	0 0	0 0	0 0	0 0	0 0	0 0	0 0	0 0	
61 1	157 1	161 1	258 2	259 2	301 2	0 0	0 0	0 0	0 0	0 0	0 0	0 0	0 0	0 0	0 0	0 0	0 0	0 0	0 0	0 0	0 0	0 0	0 0	0 0	0 0	0 0	0 0	0 0	0 0	0 0	0 0	0 0	0 0	0 0	0 0	
62 1	126 1	130 1	258 2	267 2	0 0	0 0	0 0	0 0	0 0	0 0	0 0	0 0	0 0	0 0	0 0	0 0	0 0	0 0	0 0	0 0	0 0	0 0	0 0	0 0	0 0	0 0	0 0	0 0	0 0	0 0	0 0	0 0	0 0	0 0	0 0	
63 1	148 1	259 2	290 2	0 0	0 0	0 0	0 0	0 0	0 0	0 0	0 0	0 0	0 0	0 0	0 0	0 0	0 0	0 0	0 0	0 0	0 0	0 0	0 0	0 0	0 0	0 0	0 0	0 0	0 0	0 0	0 0	0 0	0 0	0 0	0 0	
32 1	34 1	35 1	135 1	137 1	138 1	260 2	261 2	0 0	0 0	0 0	0 0	0 0	0 0	0 0	0 0	0 0	0 0	0 0	0 0	0 0	0 0	0 0	0 0	0 0	0 0	0 0	0 0	0 0	0 0	0 0	0 0	0 0	0 0	0 0	0 0	
32 1	33 1	35 1	100 1	101 1	102 1	260 2	310 2	312 2	0 0	0 0	0 0	0 0	0 0	0 0	0 0	0 0	0 0	0 0	0 0	0 0	0 0	0 0	0 0	0 0	0 0	0 0	0 0	0 0	0 0	0 0	0 0	0 0	0 0	0 0	0 0	
32 1	33 1	34 1	169 1	260 2	261 2	286 2	287 2	0 0	0 0	0 0	0 0	0 0	0 0	0 0	0 0	0 0	0 0	0 0	0 0	0 0	0 0	0 0	0 0	0 0	0 0	0 0	0 0	0 0	0 0	0 0	0 0	0 0	0 0	0 0	0 0	
32 1	113 1	260 2	323 2	324 2	0 0	0 0	0 0	0 0	0 0	0 0	0 0	0 0	0 0	0 0	0 0	0 0	0 0	0 0	0 0	0 0	0 0	0 0	0 0	0 0	0 0	0 0	0 0	0 0	0 0	0 0	0 0	0 0	0 0	0 0	0 0	
33 1	157 1	261 2	274 2	0 0	0 0	0 0	0 0	0 0	0 0	0 0	0 0	0 0	0 0	0 0	0 0	0 0	0 0	0 0	0 0	0 0	0 0	0 0	0 0	0 0	0 0	0 0	0 0	0 0	0 0	0 0	0 0	0 0	0 0	0 0	0 0	
34 1	126 1	336 2	0 0	0 0	0 0	0 0	0 0	0 0	0 0	0 0	0 0	0 0	0 0	0 0	0 0	0 0	0 0	0 0	0 0	0 0	0 0	0 0	0 0	0 0	0 0	0 0	0 0	0 0	0 0	0 0	0 0	0 0	0 0	0 0	0 0	
35 1	148 1	261 2	0 0	0 0	0 0	0 0	0 0	0 0	0 0	0 0	0 0	0 0	0 0	0 0	0 0	0 0	0 0	0 0	0 0	0 0	0 0	0 0	0 0	0 0	0 0	0 0	0 0	0 0	0 0	0 0	0 0	0 0	0 0	0 0	0 0	
52 1	54 1	55 1	139 1	141 1	142 1	262 2	263 2	264 2	271 2	272 2	273 2	0 0	0 0	0 0	0 0	0 0	0 0	0 0	0 0	0 0	0 0	0 0	0 0	0 0	0 0	0 0	0 0	0 0	0 0	0 0	0 0	0 0	0 0	0 0	0 0	
52 1	53 1	55 1	104 1	105 1	106 1	262 2	263 2	331 2	333 2	0 0	0 0	0 0	0 0	0 0	0 0	0 0	0 0	0 0	0 0	0 0	0 0	0 0	0 0	0 0	0 0	0 0	0 0	0 0	0 0	0 0	0 0	0 0	0 0	0 0	0 0	
52 1	53 1	54 1	262 2	264 2	307 2	308 2	0 0	0 0	0 0	0 0	0 0	0 0	0 0	0 0	0 0	0 0	0 0	0 0	0 0	0 0	0 0	0 0	0 0	0 0	0 0	0 0	0 0	0 0	0 0	0 0	0 0	0 0	0 0	0 0	0 0	
52 1	117 1	262 2	342 2	0 0	0 0	0 0	0 0	0 0	0 0	0 0	0 0	0 0	0 0	0 0	0 0	0 0	0 0	0 0	0 0	0 0	0 0	0 0	0 0	0 0	0 0	0 0	0 0	0 0	0 0	0 0	0 0	0 0	0 0	0 0	0 0	
53 1	161 1	263 2	264 2	295 2	0 0	0 0	0 0	0 0	0 0	0 0	0 0	0 0	0 0	0 0	0 0	0 0	0 0	0 0	0 0	0 0	0 0	0 0	0 0	0 0	0 0	0 0	0 0	0 0	0 0	0 0	0 0	0 0	0 0	0 0	0 0	
54 1	130 1	263 2	0 0	0 0	0 0	0 0	0 0	0 0	0 0	0 0	0 0	0 0	0 0	0 0	0 0	0 0	0 0	0 0	0 0	0 0	0 0	0 0	0 0	0 0	0 0	0 0	0 0	0 0	0 0	0 0	0 0	0 0	0 0	0 0	0 0	
55 1	264 2	284 2	0 0	0 0	0 0	0 0	0 0	0 0	0 0	0 0	0 0	0 0	0 0	0 0	0 0	0 0	0 0	0 0	0 0	0 0	0 0	0 0	0 0	0 0	0 0	0 0	0 0	0 0	0 0	0 0	0 0	0 0	0 0	0 0	0 0	
64 1	65 1	66 1	67 1	127 1	128 1	129 1	130 1	197 1	198 1	199 1	200 1	351 1	352 1	353 1	354 1	
65 1	66 1	68 1	128 1	129 1	131 1	198 1	199 1	201 1	352 1	353 1	355 1	0 0	0 0	0 0	0 0	
64 1	66 1	69 1	127 1	129 1	132 1	197 1	199 1	202 1	351 1	353 1	356 1	0 0	0 0	0 0	0 0	
64 1	65 1	70 1	127 1	128 1	133 1	197 1	198 1	203 1	351 1	352 1	357 1	0 0	0 0	0 0	0 0	
64 1	65 1	66 1	67 1	190 1	191 1	192 1	193 1	197 1	198 1	199 1	200 1	316 1	317 1	318 1	319 1	
65 1	66 1	68 1	191 1	192 1	194 1	198 1	199 1	201 1	317 1	318 1	320 1	0 0	0 0	0 0	0 0	
64 1	66 1	69 1	190 1	192 1	195 1	197 1	199 1	202 1	316 1	318 1	321 1	0 0	0 0	0 0	0 0	
64 1	65 1	70 1	190 1	191 1	196 1	197 1	198 1	203 1	316 1	317 1	322 1	0 0	0 0	0 0	0 0	
197 1	198 1	199 1	200 1	281 1	282 1	283 1	284 1	316 1	317 1	318 1	319 1	351 1	352 1	353 1	354 1	
198 1	199 1	201 1	282 1	283 1	285 1	317 1	318 1	320 1	352 1	353 1	355 1	0 0	0 0	0 0	0 0	
197 1	199 1	202 1	281 1	283 1	286 1	316 1	318 1	321 1	351 1	353 1	356 1	0 0	0 0	0 0	0 0	
197 1	198 1	203 1	281 1	282 1	287 1	316 1	317 1	322 1	351 1	352 1	357 1	0 0	0 0	0 0	0 0	
8 1	9 1	10 1	11 1	113 1	114 1	115 1	116 1	176 1	177 1	178 1	179 1	246 1	247 1	248 1	249 1	
9 1	10 1	12 1	114 1	115 1	117 1	177 1	178 1	180 1	247 1	248 1	250 1	0 0	0 0	0 0	0 0	
8 1	10 1	13 1	113 1	115 1	118 1	176 1	178 1	181 1	246 1	248 1	251 1	0 0	0 0	0 0	0 0	
8 1	9 1	14 1	113 1	114 1	119 1	176 1	177 1	182 1	246 1	247 1	252 1	0 0	0 0	0 0	0 0	
113 1	114 1	115 1	116 1	239 1	240 1	241 1	242 1	246 1	247 1	248 1	249 1	365 1	366 1	367 1	368 1	
114 1	115 1	117 1	240 1	241 1	243 1	247 1	248 1	250 1	366 1	367 1	369 1	0 0	0 0	0 0	0 0	
113 1	115 1	118 1	239 1	241 1	244 1	246 1	248 1	251 1	365 1	367 1	370 1	0 0	0 0	0 0	0 0	
113 1	114 1	119 1	239 1	240 1	245 1	246 1	247 1	252 1	365 1	366 1	371 1	0 0	0 0	0 0	0 0	
8 1	9 1	10 1	11 1	246 1	247 1	248 1	249 1	330 1	331 1	332 1	333 1	365 1	366 1	367 1	368 1	
9 1	10 1	12 1	247 1	248 1	250 1	331 1	332 1	334 1	366 1	367 1	369 1	0 0	0 0	0 0	0 0	
8 1	10 1	13 1	246 1	248 1	251 1	330 1	332 1	335 1	365 1	367 1	370 1	0 0	0 0	0 0	0 0	
8 1	9 1	14 1	246 1	247 1	252 1	330 1	331 1	336 1	365 1	366 1	371 1	0 0	0 0	0 0	0 0	
57 1	58 1	59 1	60 1	162 1	163 1	164 1	165 1	225 1	226 1	227 1	228 1	295 1	296 1	297 1	298 1	
58 1	59 1	61 1	163 1	164 1	166 1	226 1	227 1	229 1	296 1	297 1	299 1	0 0	0 0	0 0	0 0	
57 1	59 1	62 1	162 1	164 1	167 1	225 1	227 1	230 1	295 1	297 1	300 1	0 0	0 0	0 0	0 0	
22 1	23 1	24 1	25 1	162 1	163 1	164 1	165 1	288 1	289 1	290 1	291 1	295 1	296 1	297 1	298 1	
23 1	24 1	26 1	163 1	164 1	166 1	289 1	290 1	292 1	296 1	297 1	299 1	0 0	0 0	0 0	0 0	
22 1	24 1	27 1	162 1	164 1	167 1	288 1	290 1	293 1	295 1	297 1	300 1	0 0	0 0	0 0	0 0	
22 1	23 1	28 1	162 1	163 1	168 1	288 1	289 1	294 1	295 1	296 1	301 1	0 0	0 0	0 0	0 0	
22 1	23 1	24 1	25 1	57 1	58 1	59 1	60 1	295 1	296 1	297 1	298 1	379 1	380 1	381 1	382 1	
23 1	24 1	26 1	58 1	59 1	61 1	296 1	297 1	299 1	380 1	381 1	383 1	0 0	0 0	0 0	0 0	
22 1	24 1	27 1	57 1	59 1	62 1	295 1	297 1	300 1	379 1	381 1	384 1	0 0	0 0	0 0	0 0	
22 1	23 1	28 1	57 1	58 1	63 1	295 1	296 1	301 1	379 1	380 1	385 1	0 0	0 0	0 0	0 0	
106 1	107 1	108 1	109 1	211 1	212 1	213 1	214 1	274 1	275 1	276 1	277 1	344 1	345 1	346 1	347 1	
107 1	108 1	110 1	212 1	213 1	215 1	275 1	276 1	278 1	345 1	346 1	348 1	0 0	0 0	0 0	0 0	
106 1	108 1	111 1	211 1	213 1	216 1	274 1	276 1	279 1	344 1	346 1	349 1	0 0	0 0	0 0	0 0	
106 1	107 1	112 1	211 1	212 1	217 1	274 1	275 1	280 1	344 1	345 1	350 1	0 0	0 0	0 0	0 0	
71 1	72 1	73 1	74 1	211 1	212 1	213 1	214 1	337 1	338 1	339 1	340 1	344 1	345 1	346 1	347 1	
72 1	73 1	75 1	212 1	213 1	215 1	338 1	339 1	341 1	345 1	346 1	348 1	0 0	0 0	0 0	0 0	
71 1	73 1	76 1	211 1	213 1	216 1	337 1	339 1	342 1	344 1	346 1	349 1	0 0	0 0	0 0	0 0	
71 1	72 1	77 1	211 1	212 1	217 1	337 1	338 1	343 1	344 1	345 1	350 1	0 0	0 0	0 0	0 0	
36 1	37 1	38 1	39 1	71 1	72 1	73 1	74 1	106 1	107 1	108 1	109 1	344 1	345 1	346 1	347 1	
37 1	38 1	40 1	72 1	73 1	75 1	107 1	108 1	110 1	345 1	346 1	348 1	0 0	0 0	0 0	0 0	
36 1	38 1	41 1	71 1	73 1	76 1	106 1	108 1	111 1	344 1	346 1	349 1	0 0	0 0	0 0	0 0	
36 1	37 1	42 1	71 1	72 1	77 1	106 1	107 1	112 1	344 1	345 1	350 1	0 0	0 0	0 0	0 0	
1 1	2 1	3 1	4 1	155 1	156 1	157 1	158 1	260 1	261 1	262 1	263 1	323 1	324 1	325 1	326 1	
2 1	3 1	5 1	156 1	157 1	159 1	261 1	262 1	264 1	324 1	325 1	327 1	0 0	0 0	0 0	0 0	
1 1	3 1	6 1	155 1	157 1	160 1	260 1	262 1	265 1	323 1	325 1	328 1	0 0	0 0	0 0	0 0	
1 1	2 1	7 1	155 1	156 1	161 1	260 1	261 1	266 1	323 1	324 1	329 1	0 0	0 0	0 0	0 0	
1 1	2 1	3 1	4 1	120 1	121 1	122 1	123 1	260 1	261 1	262 1	263 1	386 1	387 1	388 1	389 1	
2 1	3 1	5 1	121 1	122 1	124 1	261 1	262 1	264 1	387 1	388 1	390 1	0 0	0 0	0 0	0 0	
1 1	3 1	6 1	120 1	122 1	125 1	260 1	262 1	265 1	386 1	388 1	391 1	0 0	0 0	0 0	0 0	
1 1	2 1	7 1	120 1	121 1	126 1	260 1	261 1	266 1	386 1	387 1	392 1	0 0	0 0	0 0	0 0	
1 1	2 1	3 1	4 1	85 1	86 1	87 1	88 1	120 1	121 1	122 1	123 1	155 1	156 1	157 1	158 1	
2 1	3 1	5 1	86 1	87 1	89 1	121 1	122 1	124 1	156 1	157 1	159 1	0 0	0 0	0 0	0 0	
1 1	3 1	6 1	85 1	87 1	90 1	120 1	122 1	125 1	155 1	157 1	160 1	0 0	0 0	0 0	0 0	
1 1	2 1	7 1	85 1	86 1	91 1	120 1	121 1	126 1	155 1	156 1	161 1	0 0	0 0	0 0	0 0	
50 1	51 1	52 1	53 1	204 1	205 1	206 1	207 1	309 1	310 1	311 1	312 1	372 1	373 1	374 1	375 1	
51 1	52 1	54 1	205 1	206 1	208 1	310 1	311 1	313 1	373 1	374 1	376 1	0 0	0 0	0 0	0 0	
50 1	52 1	55 1	204 1	206 1	209 1	309 1	311 1	314 1	372 1	374 1	377 1	0 0	0 0	0 0	0 0	
50 1	51 1	56 1	204 1	205 1	210 1	309 1	310 1	315 1	372 1	373 1	378 1	0 0	0 0	0 0	0 0	
43 1	44 1	45 1	46 1	50 1	51 1	52 1	53 1	169 1	170 1	171 1	172 1	309 1	310 1	311 1	312 1	
44 1	45 1	47 1	51 1	52 1	54 1	170 1	171 1	173 1	310 1	311 1	313 1	0 0	0 0	0 0	0 0	
43 1	45 1	48 1	50 1	52 1	55 1	169 1	171 1	174 1	309 1	311 1	314 1	0 0	0 0	0 0	0 0	
43 1	44 1	49 1	50 1	51 1	56 1	169 1	170 1	175 1	309 1	310 1	315 1	0 0	0 0	0 0	0 0	
50 1	51 1	52 1	53 1	134 1	135 1	136 1	137 1	169 1	170 1	171 1	172 1	204 1	205 1	206 1	207 1	
51 1	52 1	54 1	135 1	136 1	138 1	170 1	171 1	173 1	205 1	206 1	208 1	0 0	0 0	0 0	0 0	
50 1	52 1	55 1	134 1	136 1	139 1	169 1	171 1	174 1	204 1	206 1	209 1	0 0	0 0	0 0	0 0	
50 1	51 1	56 1	134 1	135 1	140 1	169 1	170 1	175 1	204 1	205 1	210 1	0 0	0 0	0 0	0 0	
29 1	30 1	31 1	32 1	99 1	100 1	101 1	102 1	253 1	254 1	255 1	256 1	358 1	359 1	360 1	361 1	
30 1	31 1	33 1	100 1	101 1	103 1	254 1	255 1	257 1	359 1	360 1	362 1	0 0	0 0	0 0	0 0	
29 1	31 1	34 1	99 1	101 1	104 1	253 1	255 1	258 1	358 1	360 1	363 1	0 0	0 0	0 0	0 0	
29 1	30 1	35 1	99 1	100 1	105 1	253 1	254 1	259 1	358 1	359 1	364 1	0 0	0 0	0 0	0 0	
92 1	93 1	94 1	95 1	99 1	100 1	101 1	102 1	218 1	219 1	220 1	221 1	358 1	359 1	360 1	361 1	
93 1	94 1	96 1	100 1	101 1	103 1	219 1	220 1	222 1	359 1	360 1	362 1	0 0	0 0	0 0	0 0	
92 1	94 1	97 1	99 1	101 1	104 1	218 1	220 1	223 1	358 1	360 1	363 1	0 0	0 0	0 0	0 0	
92 1	93 1	98 1	99 1	100 1	105 1	218 1	219 1	224 1	358 1	359 1	364 1	0 0	0 0	0 0	0 0	
99 1	100 1	101 1	102 1	183 1	184 1	185 1	186 1	218 1	219 1	220 1	221 1	253 1	254 1	255 1	256 1	
100 1	101 1	103 1	184 1	185 1	187 1	219 1	220 1	222 1	254 1	255 1	257 1	0 0	0 0	0 0	0 0	
99 1	101 1	104 1	183 1	185 1	188 1	218 1	220 1	223 1	253 1	255 1	258 1	0 0	0 0	0 0	0 0	
99 1	100 1	105 1	183 1	184 1	189 1	218 1	219 1	224 1	253 1	254 1	259 1	0 0	0 0	0 0	0 0	
15 1	16 1	17 1	18 1	78 1	79 1	80 1	81 1	148 1	149 1	150 1	151 1	302 1	303 1	304 1	305 1	
16 1	17 1	19 1	79 1	80 1	82 1	149 1	150 1	152 1	303 1	304 1	306 1	0 0	0 0	0 0	0 0	
15 1	17 1	20 1	78 1	80 1	83 1	148 1	150 1	153 1	302 1	304 1	307 1	0 0	0 0	0 0	0 0	
15 1	16 1	21 1	78 1	79 1	84 1	148 1	149 1	154 1	302 1	303 1	308 1	0 0	0 0	0 0	0 0	
15 1	16 1	17 1	18 1	141 1	142 1	143 1	144 1	148 1	149 1	150 1	151 1	267 1	268 1	269 1	270 1	
16 1	17 1	19 1	142 1	143 1	145 1	149 1	150 1	152 1	268 1	269 1	271 1	0 0	0 0	0 0	0 0	
15 1	17 1	20 1	141 1	143 1	146 1	148 1	150 1	153 1	267 1	269 1	272 1	0 0	0 0	0 0	0 0	
15 1	16 1	21 1	141 1	142 1	147 1	148 1	149 1	154 1	267 1	268 1	273 1	0 0	0 0	0 0	0 0	
148 1	149 1	150 1	151 1	232 1	233 1	234 1	235 1	267 1	268 1	269 1	270 1	302 1	303 1	304 1	305 1	
149 1	150 1	152 1	233 1	234 1	236 1	268 1	269 1	271 1	303 1	304 1	306 1	0 0	0 0	0 0	0 0	
148 1	150 1	153 1	232 1	234 1	237 1	267 1	269 1	272 1	302 1	304 1	307 1	0 0	0 0	0 0	0 0	
148 1	149 1	154 1	232 1	233 1	238 1	267 1	268 1	273 1	302 1	303 1	308 1	0 0	0 0	0 0	0 0	
52 1	59 1	66 1	73 1	103 1	110 1	117 1	124 1	197 1	204 1	211 1	218 1	345 1	352 1	359 1	366 1	
52 1	59 1	66 1	73 1	298 1	305 1	312 1	319 1	345 1	352 1	359 1	366 1	0 0	0 0	0 0	0 0	
154 1	161 1	168 1	175 1	197 1	204 1	211 1	218 1	345 1	352 1	359 1	366 1	0 0	0 0	0 0	0 0	
52 1	59 1	66 1	73 1	197 1	204 1	211 1	218 1	251 1	258 1	265 1	272 1	0 0	0 0	0 0	0 0	
52 1	59 1	80 1	87 1	103 1	110 1	131 1	138 1	197 1	204 1	225 1	232 1	345 1	352 1	373 1	380 1	
52 1	59 1	80 1	87 1	298 1	305 1	326 1	333 1	345 1	352 1	373 1	380 1	0 0	0 0	0 0	0 0	
154 1	161 1	182 1	189 1	197 1	204 1	225 1	232 1	345 1	352 1	373 1	380 1	0 0	0 0	0 0	0 0	
52 1	59 1	80 1	87 1	197 1	204 1	225 1	232 1	251 1	258 1	279 1	286 1	0 0	0 0	0 0	0 0	
52 1	66 1	80 1	94 1	103 1	117 1	131 1	145 1	197 1	211 1	225 1	239 1	345 1	359 1	373 1	387 1	
52 1	66 1	80 1	94 1	298 1	312 1	326 1	340 1	345 1	359 1	373 1	387 1	0 0	0 0	0 0	0 0	
154 1	168 1	182 1	196 1	197 1	211 1	225 1	239 1	345 1	359 1	373 1	387 1	0 0	0 0	0 0	0 0	
52 1	66 1	80 1	94 1	197 1	211 1	225 1	239 1	251 1	265 1	279 1	293 1	0 0	0 0	0 0	0 0	
2 1	9 1	16 1	23 1	101 1	108 1	115 1	122 1	152 1	159 1	166 1	173 1	246 1	253 1	260 1	267 1	
2 1	9 1	16 1	23 1	101 1	108 1	115 1	122 1	347 1	354 1	361 1	368 1	0 0	0 0	0 0	0 0	
2 1	9 1	16 1	23 1	203 1	210 1	217 1	224 1	246 1	253 1	260 1	267 1	0 0	0 0	0 0	0 0	
101 1	108 1	115 1	122 1	246 1	253 1	260 1	267 1	300 1	307 1	314 1	321 1	0 0	0 0	0 0	0 0	
2 1	9 1	30 1	37 1	101 1	108 1	129 1	136 1	152 1	159 1	180 1	187 1	246 1	253 1	274 1	281 1	
2 1	9 1	30 1	37 1	101 1	108 1	129 1	136 1	347 1	354 1	375 1	382 1	0 0	0 0	0 0	0 0	
2 1	9 1	30 1	37 1	203 1	210 1	231 1	238 1	246 1	253 1	274 1	281 1	0 0	0 0	0 0	0 0	
101 1	108 1	129 1	136 1	246 1	253 1	274 1	281 1	300 1	307 1	328 1	335 1	0 0	0 0	0 0	0 0	
2 1	16 1	30 1	44 1	101 1	115 1	129 1	143 1	152 1	166 1	180 1	194 1	246 1	260 1	274 1	288 1	
2 1	16 1	30 1	44 1	101 1	115 1	129 1	143 1	347 1	361 1	375 1	389 1	0 0	0 0	0 0	0 0	
2 1	16 1	30 1	44 1	203 1	217 1	231 1	245 1	246 1	260 1	274 1	288 1	0 0	0 0	0 0	0 0	
101 1	115 1	129 1	143 1	246 1	260 1	274 1	288 1	300 1	314 1	328 1	342 1	0 0	0 0	0 0	0 0	
51 1	58 1	65 1	72 1	150 1	157 1	164 1	171 1	201 1	208 1	215 1	222 1	295 1	302 1	309 1	316 1	
4 1	11 1	18 1	25 1	51 1	58 1	65 1	72 1	150 1	157 1	164 1	171 1	0 0	0 0	0 0	0 0	
51 1	58 1	65 1	72 1	252 1	259 1	266 1	273 1	295 1	302 1	309 1	316 1	0 0	0 0	0 0	0 0	
51 1	58 1	79 1	86 1	150 1	157 1	178 1	185 1	201 1	208 1	229 1	236 1	295 1	302 1	323 1	330 1	
4 1	11 1	32 1	39 1	51 1	58 1	79 1	86 1	150 1	157 1	178 1	185 1	0 0	0 0	0 0	0 0	
51 1	58 1	79 1	86 1	252 1	259 1	280 1	287 1	295 1	302 1	323 1	330 1	0 0	0 0	0 0	0 0	
150 1	157 1	178 1	185 1	295 1	302 1	323 1	330 1	349 1	356 1	377 1	384 1	0 0	0 0	0 0	0 0	
51 1	65 1	79 1	93 1	150 1	164 1	178 1	192 1	201 1	215 1	229 1	243 1	295 1	309 1	323 1	337 1	
4 1	18 1	32 1	46 1	51 1	65 1	79 1	93 1	150 1	164 1	178 1	192 1	0 0	0 0	0 0	0 0	
51 1	65 1	79 1	93 1	252 1	266 1	280 1	294 1	295 1	309 1	323 1	337 1	0 0	0 0	0 0	0 0	
150 1	164 1	178 1	192 1	295 1	309 1	323 1	337 1	349 1	363 1	377 1	391 1	0 0	0 0	0 0	0 0	
100 1	107 1	114 1	121 1	199 1	206 1	213 1	220 1	250 1	257 1	264 1	271 1	344 1	351 1	358 1	365 1	
53 1	60 1	67 1	74 1	100 1	107 1	114 1	121 1	199 1	206 1	213 1	220 1	0 0	0 0	0 0	0 0	
100 1	107 1	114 1	121 1	301 1	308 1	315 1	322 1	344 1	351 1	358 1	365 1	0 0	0 0	0 0	0 0	
6 1	13 1	20 1	27 1	199 1	206 1	213 1	220 1	344 1	351 1	358 1	365 1	0 0	0 0	0 0	0 0	
100 1	107 1	128 1	135 1	199 1	206 1	227 1	234 1	250 1	257 1	278 1	285 1	344 1	351 1	372 1	379 1	
53 1	60 1	81 1	88 1	100 1	107 1	128 1	135 1	199 1	206 1	227 1	234 1	0 0	0 0	0 0	0 0	
100 1	107 1	128 1	135 1	301 1	308 1	329 1	336 1	344 1	351 1	372 1	379 1	0 0	0 0	0 0	0 0	
6 1	13 1	34 1	41 1	199 1	206 1	227 1	234 1	344 1	351 1	372 1	379 1	0 0	0 0	0 0	0 0	
100 1	114 1	128 1	142 1	199 1	213 1	227 1	241 1	250 1	264 1	278 1	292 1	344 1	358 1	372 1	386 1	
53 1	67 1	81 1	95 1	100 1	114 1	128 1	142 1	199 1	213 1	227 1	241 1	0 0	0 0	0 0	0 0	
100 1	114 1	128 1	142 1	301 1	315 1	329 1	343 1	344 1	358 1	372 1	386 1	0 0	0 0	0 0	0 0	
6 1	20 1	34 1	48 1	199 1	213 1	227 1	241 1	344 1	358 1	372 1	386 1	0 0	0 0	0 0	0 0	
1 1	8 1	15 1	22 1	149 1	156 1	163 1	170 1	248 1	255 1	262 1	269 1	299 1	306 1	313 1	320 1	
102 1	109 1	116 1	123 1	149 1	156 1	163 1	170 1	248 1	255 1	262 1	269 1	0 0	0 0	0 0	0 0	
1 1	8 1	15 1	22 1	55 1	62 1	69 1	76 1	248 1	255 1	262 1	269 1	0 0	0 0	0 0	0 0	
1 1	8 1	29 1	36 1	149 1	156 1	177 1	184 1	248 1	255 1	276 1	283 1	299 1	306 1	327 1	334 1	
102 1	109 1	130 1	137 1	149 1	156 1	177 1	184 1	248 1	255 1	276 1	283 1	0 0	0 0	0 0	0 0	
1 1	8 1	29 1	36 1	149 1	156 1	177 1	184 1	350 1	357 1	378 1	385 1	0 0	0 0	0 0	0 0	
1 1	8 1	29 1	36 1	55 1	62 1	83 1	90 1	248 1	255 1	276 1	283 1	0 0	0 0	0 0	0 0	
1 1	15 1	29 1	43 1	149 1	163 1	177 1	191 1	248 1	262 1	276 1	290 1	299 1	313 1	327 1	341 1	
102 1	116 1	130 1	144 1	149 1	163 1	177 1	191 1	248 1	262 1	276 1	290 1	0 0	0 0	0 0	0 0	
1 1	15 1	29 1	43 1	55 1	69 1	83 1	97 1	248 1	262 1	276 1	290 1	0 0	0 0	0 0	0 0	
50 1	57 1	64 1	71 1	198 1	205 1	212 1	219 1	297 1	304 1	311 1	318 1	348 1	355 1	362 1	369 1	
151 1	158 1	165 1	172 1	198 1	205 1	212 1	219 1	297 1	304 1	311 1	318 1	0 0	0 0	0 0	0 0	
7 1	14 1	21 1	28 1	50 1	57 1	64 1	71 1	198 1	205 1	212 1	219 1	0 0	0 0	0 0	0 0	
50 1	57 1	64 1	71 1	104 1	111 1	118 1	125 1	297 1	304 1	311 1	318 1	0 0	0 0	0 0	0 0	
50 1	57 1	78 1	85 1	198 1	205 1	226 1	233 1	297 1	304 1	325 1	332 1	348 1	355 1	376 1	383 1	
151 1	158 1	179 1	186 1	198 1	205 1	226 1	233 1	297 1	304 1	325 1	332 1	0 0	0 0	0 0	0 0	
7 1	14 1	35 1	42 1	50 1	57 1	78 1	85 1	198 1	205 1	226 1	233 1	0 0	0 0	0 0	0 0	
50 1	57 1	78 1	85 1	104 1	111 1	132 1	139 1	297 1	304 1	325 1	332 1	0 0	0 0	0 0	0 0	
50 1	64 1	78 1	92 1	198 1	212 1	226 1	240 1	297 1	311 1	325 1	339 1	348 1	362 1	376 1	390 1	
151 1	165 1	179 1	193 1	198 1	212 1	226 1	240 1	297 1	311 1	325 1	339 1	0 0	0 0	0 0	0 0	
7 1	21 1	35 1	49 1	50 1	64 1	78 1	92 1	198 1	212 1	226 1	240 1	0 0	0 0	0 0	0 0	
50 1	64 1	78 1	92 1	104 1	118 1	132 1	146 1	297 1	311 1	325 1	339 1	0 0	0 0	0 0	0 0	
5 1	12 1	19 1	26 1	99 1	106 1	113 1	120 1	247 1	254 1	261 1	268 1	346 1	353 1	360 1	367 1	
200 1	207 1	214 1	221 1	247 1	254 1	261 1	268 1	346 1	353 1	360 1	367 1	0 0	0 0	0 0	0 0	
56 1	63 1	70 1	77 1	99 1	106 1	113 1	120 1	247 1	254 1	261 1	268 1	0 0	0 0	0 0	0 0	
99 1	106 1	113 1	120 1	153 1	160 1	167 1	174 1	346 1	353 1	360 1	367 1	0 0	0 0	0 0	0 0	
5 1	12 1	33 1	40 1	99 1	106 1	127 1	134 1	247 1	254 1	275 1	282 1	346 1	353 1	374 1	381 1	
56 1	63 1	84 1	91 1	99 1	106 1	127 1	134 1	247 1	254 1	275 1	282 1	0 0	0 0	0 0	0 0	
3 1	10 1	17 1	24 1	54 1	61 1	68 1	75 1	148 1	155 1	162 1	169 1	296 1	303 1	310 1	317 1	
105 1	112 1	119 1	126 1	148 1	155 1	162 1	169 1	296 1	303 1	310 1	317 1	0 0	0 0	0 0	0 0	
1 2	2 2	3 2	4 2	8 2	9 2	10 2	11 2	15 2	16 2	17 2	18 2	22 2	23 2	24 2	25 2	
1 2	2 2	5 2	6 2	8 2	9 2	12 2	13 2	15 2	16 2	19 2	20 2	22 2	23 2	26 2	27 2	
1 2	3 2	5 2	7 2	8 2	10 2	12 2	14 2	15 2	17 2	19 2	21 2	22 2	24 2	26 2	28 2	
8 2	9 2	10 2	11 2	15 2	16 2	17 2	18 2	29 2	30 2	31 2	32 2	0 0	0 0	0 0	0 0	
8 2	9 2	12 2	13 2	15 2	16 2	19 2	20 2	29 2	30 2	33 2	34 2	0 0	0 0	0 0	0 0	
8 2	10 2	12 2	14 2	15 2	17 2	19 2	21 2	29 2	31 2	33 2	35 2	0 0	0 0	0 0	0 0	
1 2	2 2	3 2	4 2	15 2	16 2	17 2	18 2	36 2	37 2	38 2	39 2	0 0	0 0	0 0	0 0	
1 2	2 2	5 2	6 2	15 2	16 2	19 2	20 2	36 2	37 2	40 2	41 2	0 0	0 0	0 0	0 0	
1 2	3 2	5 2	7 2	15 2	17 2	19 2	21 2	36 2	38 2	40 2	42 2	0 0	0 0	0 0	0 0	
1 2	2 2	3 2	4 2	8 2	9 2	10 2	11 2	43 2	44 2	45 2	46 2	0 0	0 0	0 0	0 0	
1 2	2 2	5 2	6 2	8 2	9 2	12 2	13 2	43 2	44 2	47 2	48 2	0 0	0 0	0 0	0 0	
1 2	3 2	5 2	7 2	8 2	10 2	12 2	14 2	43 2	45 2	47 2	49 2	0 0	0 0	0 0	0 0	
50 2	51 2	52 2	53 2	57 2	58 2	59 2	60 2	64 2	65 2	66 2	67 2	71 2	72 2	73 2	74 2	
50 2	51 2	54 2	55 2	57 2	58 2	61 2	62 2	64 2	65 2	68 2	69 2	71 2	72 2	75 2	76 2	
50 2	52 2	54 2	56 2	57 2	59 2	61 2	63 2	64 2	66 2	68 2	70 2	71 2	73 2	75 2	77 2	
57 2	58 2	59 2	60 2	64 2	65 2	66 2	67 2	78 2	79 2	80 2	81 2	0 0	0 0	0 0	0 0	
57 2	58 2	61 2	62 2	64 2	65 2	68 2	69 2	78 2	79 2	82 2	83 2	0 0	0 0	0 0	0 0	
57 2	59 2	61 2	63 2	64 2	66 2	68 2	70 2	78 2	80 2	82 2	84 2	0 0	0 0	0 0	0 0	
50 2	51 2	52 2	53 2	64 2	65 2	66 2	67 2	85 2	86 2	87 2	88 2	0 0	0 0	0 0	0 0	
50 2	51 2	54 2	55 2	64 2	65 2	68 2	69 2	85 2	86 2	89 2	90 2	0 0	0 0	0 0	0 0	
50 2	52 2	54 2	56 2	64 2	66 2	68 2	70 2	85 2	87 2	89 2	91 2	0 0	0 0	0 0	0 0	
50 2	51 2	52 2	53 2	57 2	58 2	59 2	60 2	92 2	93 2	94 2	95 2	0 0	0 0	0 0	0 0	
50 2	51 2	54 2	55 2	57 2	58 2	61 2	62 2	92 2	93 2	96 2	97 2	0 0	0 0	0 0	0 0	
50 2	52 2	54 2	56 2	57 2	59 2	61 2	63 2	92 2	94 2	96 2	98 2	0 0	0 0	0 0	0 0	
99 2	100 2	101 2	102 2	106 2	107 2	108 2	109 2	113 2	114 2	115 2	116 2	120 2	121 2	122 2	123 2	
99 2	100 2	103 2	104 2	106 2	107 2	110 2	111 2	113 2	114 2	117 2	118 2	120 2	121 2	124 2	125 2	
99 2	101 2	103 2	105 2	106 2	108 2	110 2	112 2	113 2	115 2	117 2	119 2	120 2	122 2	124 2	126 2	
106 2	107 2	108 2	109 2	113 2	114 2	115 2	116 2	127 2	128 2	129 2	130 2	0 0	0 0	0 0	0 0	
106 2	107 2	110 2	111 2	113 2	114 2	117 2	118 2	127 2	128 2	131 2	132 2	0 0	0 0	0 0	0 0	
106 2	108 2	110 2	112 2	113 2	115 2	117 2	119 2	127 2	129 2	131 2	133 2	0 0	0 0	0 0	0 0	
99 2	100 2	101 2	102 2	113 2	114 2	115 2	116 2	134 2	135 2	136 2	137 2	0 0	0 0	0 0	0 0	
99 2	100 2	103 2	104 2	113 2	114 2	117 2	118 2	134 2	135 2	138 2	139 2	0 0	0 0	0 0	0 0	
99 2	101 2	103 2	105 2	113 2	115 2	117 2	119 2	134 2	136 2	138 2	140 2	0 0	0 0	0 0	0 0	
99 2	100 2	101 2	102 2	106 2	107 2	108 2	109 2	141 2	142 2	143 2	144 2	0 0	0 0	0 0	0 0	
99 2	100 2	103 2	104 2	106 2	107 2	110 2	111 2	141 2	142 2	145 2	146 2	0 0	0 0	0 0	0 0	
99 2	101 2	103 2	105 2	106 2	108 2	110 2	112 2	141 2	143 2	145 2	147 2	0 0	0 0	0 0	0 0	
148 2	149 2	150 2	151 2	155 2	156 2	157 2	158 2	162 2	163 2	164 2	165 2	169 2	170 2	171 2	172 2	
148 2	149 2	152 2	153 2	155 2	156 2	159 2	160 2	162 2	163 2	166 2	167 2	169 2	170 2	173 2	174 2	
148 2	150 2	152 2	154 2	155 2	157 2	159 2	161 2	162 2	164 2	166 2	168 2	169 2	171 2	173 2	175 2	
155 2	156 2	157 2	158 2	162 2	163 2	164 2	165 2	176 2	177 2	178 2	179 2	0 0	0 0	0 0	0 0	
155 2	156 2	159 2	160 2	162 2	163 2	166 2	167 2	176 2	177 2	180 2	181 2	0 0	0 0	0 0	0 0	
155 2	157 2	159 2	161 2	162 2	164 2	166 2	168 2	176 2	178 2	180 2	182 2	0 0	0 0	0 0	0 0	
148 2	149 2	150 2	151 2	162 2	163 2	164 2	165 2	183 2	184 2	185 2	186 2	0 0	0 0	0 0	0 0	
148 2	149 2	152 2	153 2	162 2	163 2	166 2	167 2	183 2	184 2	187 2	188 2	0 0	0 0	0 0	0 0	
148 2	150 2	152 2	154 2	162 2	164 2	166 2	168 2	183 2	185 2	187 2	189 2	0 0	0 0	0 0	0 0	
148 2	149 2	150 2	151 2	155 2	156 2	157 2	158 2	190 2	191 2	192 2	193 2	0 0	0 0	0 0	0 0	
148 2	149 2	152 2	153 2	155 2	156 2	159 2	160 2	190 2	191 2	194 2	195 2	0 0	0 0	0 0	0 0	
148 2	150 2	152 2	154 2	155 2	157 2	159 2	161 2	190 2	192 2	194 2	196 2	0 0	0 0	0 0	0 0	
197 2	198 2	199 2	200 2	204 2	205 2	206 2	207 2	211 2	212 2	213 2	214 2	218 2	219 2	220 2	221 2	
197 2	198 2	201 2	202 2	204 2	205 2	208 2	209 2	211 2	212 2	215 2	216 2	218 2	219 2	222 2	223 2	
197 2	199 2	201 2	203 2	204 2	206 2	208 2	210 2	211 2	213 2	215 2	217 2	218 2	220 2	222 2	224 2	
204 2	205 2	206 2	207 2	211 2	212 2	213 2	214 2	225 2	226 2	227 2	228 2	0 0	0 0	0 0	0 0	
204 2	205 2	208 2	209 2	211 2	212 2	215 2	216 2	225 2	226 2	229 2	230 2	0 0	0 0	0 0	0 0	
204 2	206 2	208 2	210 2	211 2	213 2	215 2	217 2	225 2	227 2	229 2	231 2	0 0	0 0	0 0	0 0	
197 2	198 2	199 2	200 2	211 2	212 2	213 2	214 2	232 2	233 2	234 2	235 2	0 0	0 0	0 0	0 0	
197 2	198 2	201 2	202 2	211 2	212 2	215 2	216 2	232 2	233 2	236 2	237 2	0 0	0 0	0 0	0 0	
197 2	199 2	201 2	203 2	211 2	213 2	215 2	217 2	232 2	234 2	236 2	238 2	0 0	0 0	0 0	0 0	
197 2	198 2	199 2	200 2	204 2	205 2	206 2	207 2	239 2	240 2	241 2	242 2	0 0	0 0	0 0	0 0	
197 2	199 2	201 2	203 2	204 2	206 2	208 2	210 2	239 2	241 2	243 2	245 2	0 0	0 0	0 0	0 0	
246 2	247 2	248 2	249 2	253 2	254 2	255 2	256 2	260 2	261 2	262 2	263 2	267 2	268 2	269 2	270 2	
246 2	247 2	250 2	251 2	253 2	254 2	257 2	258 2	260 2	261 2	264 2	265 2	267 2	268 2	271 2	272 2	
246 2	248 2	250 2	252 2	253 2	255 2	257 2	259 2	260 2	262 2	264 2	266 2	267 2	269 2	271 2	273 2	
253 2	254 2	255 2	256 2	260 2	261 2	262 2	263 2	274 2	275 2	276 2	277 2	0 0	0 0	0 0	0 0	
253 2	254 2	257 2	258 2	260 2	261 2	264 2	265 2	274 2	275 2	278 2	279 2	0 0	0 0	0 0	0 0	
253 2	255 2	257 2	259 2	260 2	262 2	264 2	266 2	274 2	276 2	278 2	280 2	0 0	0 0	0 0	0 0	
246 2	247 2	248 2	249 2	260 2	261 2	262 2	263 2	281 2	282 2	283 2	284 2	0 0	0 0	0 0	0 0	
246 2	247 2	250 2	251 2	260 2	261 2	264 2	265 2	281 2	282 2	285 2	286 2	0 0	0 0	0 0	0 0	
246 2	248 2	250 2	252 2	260 2	262 2	264 2	266 2	281 2	283 2	285 2	287 2	0 0	0 0	0 0	0 0	
246 2	247 2	248 2	249 2	253 2	254 2	255 2	256 2	288 2	289 2	290 2	291 2	0 0	0 0	0 0	0 0	
246 2	247 2	250 2	251 2	253 2	254 2	257 2	258 2	288 2	289 2	292 2	293 2	0 0	0 0	0 0	0 0	
246 2	248 2	250 2	252 2	253 2	255 2	257 2	259 2	288 2	290 2	292 2	294 2	0 0	0 0	0 0	0 0	
295 2	296 2	297 2	298 2	302 2	303 2	304 2	305 2	309 2	310 2	311 2	312 2	316 2	317 2	318 2	319 2	
295 2	296 2	299 2	300 2	302 2	303 2	306 2	307 2	309 2	310 2	313 2	314 2	316 2	317 2	320 2	321 2	
295 2	297 2	299 2	301 2	302 2	304 2	306 2	308 2	309 2	311 2	313 2	315 2	316 2	318 2	320 2	322 2	
302 2	303 2	304 2	305 2	309 2	310 2	311 2	312 2	323 2	324 2	325 2	326 2	0 0	0 0	0 0	0 0	
302 2	303 2	306 2	307 2	309 2	310 2	313 2	314 2	323 2	324 2	327 2	328 2	0 0	0 0	0 0	0 0	
302 2	304 2	306 2	308 2	309 2	311 2	313 2	315 2	323 2	325 2	327 2	329 2	0 0	0 0	0 0	0 0	
295 2	296 2	297 2	298 2	309 2	310 2	311 2	312 2	330 2	331 2	332 2	333 2	0 0	0 0	0 0	0 0	
295 2	296 2	299 2	300 2	309 2	310 2	313 2	314 2	330 2	331 2	334 2	335 2	0 0	0 0	0 0	0 0	
295 2	297 2	299 2	301 2	309 2	311 2	313 2	315 2	330 2	332 2	334 2	336 2	0 0	0 0	0 0	0 0	
295 2	296 2	297 2	298 2	302 2	303 2	304 2	305 2	337 2	338 2	339 2	340 2	0 0	0 0	0 0	0 0	
295 2	296 2	299 2	300 2	302 2	303 2	306 2	307 2	337 2	338 2	341 2	342 2	0 0	0 0	0 0	0 0	
295 2	297 2	299 2	301 2	302 2	304 2	306 2	308 2	337 2	339 2	341 2	343 2	0 0	0 0	0 0	0 0	
344 2	346 2	348 2	350 2	351 2	353 2	355 2	357 2	358 2	360 2	362 2	364 2	365 2	367 2	369 2	371 2	
351 2	352 2	353 2	354 2	358 2	359 2	360 2	361 2	372 2	373 2	374 2	375 2	0 0	0 0	0 0	0 0	
351 2	352 2	355 2	356 2	358 2	359 2	362 2	363 2	372 2	373 2	376 2	377 2	0 0	0 0	0 0	0 0	
351 2	353 2	355 2	357 2	358 2	360 2	362 2	364 2	372 2	374 2	376 2	378 2	0 0	0 0	0 0	0 0	
344 2	345 2	346 2	347 2	358 2	359 2	360 2	361 2	379 2	380 2	381 2	382 2	0 0	0 0	0 0	0 0	
344 2	346 2	348 2	350 2	358 2	360 2	362 2	364 2	379 2	381 2	383 2	385 2	0 0	0 0	0 0	0 0	
344 2	345 2	346 2	347 2	351 2	352 2	353 2	354 2	386 2	387 2	388 2	389 2	0 0	0 0	0 0	0 0	
344 2	345 2	348 2	349 2	351 2	352 2	355 2	356 2	386 2	387 2	390 2	391 2	0 0	0 0	0 0	0 0	
344 2	346 2	348 2	350 2	351 2	353 2	355 2	357 2	386 2	388 2	390 2	392 2	0 0	0 0	0 0	0 0	
1 2	10 2	16 2	61 2	79 2	115 2	149 2	155 2	166 2	178 2	229 2	248 2	260 2	299 2	303 2	323 2	
1 2	10 2	32 2	102 2	112 2	115 2	155 2	178 2	217 2	248 2	256 2	260 2	280 2	323 2	350 2	361 2	
1 2	16 2	32 2	55 2	79 2	102 2	149 2	155 2	209 2	256 2	260 2	303 2	314 2	323 2	361 2	377 2	
10 2	16 2	26 2	61 2	115 2	120 2	155 2	166 2	260 2	268 2	303 2	367 2	0 0	0 0	0 0	0 0	
10 2	77 2	112 2	115 2	120 2	155 2	217 2	221 2	256 2	260 2	361 2	367 2	0 0	0 0	0 0	0 0	
16 2	120 2	155 2	174 2	209 2	221 2	256 2	260 2	268 2	303 2	314 2	361 2	0 0	0 0	0 0	0 0	
1 2	10 2	61 2	142 2	149 2	155 2	241 2	248 2	292 2	299 2	303 2	386 2	0 0	0 0	0 0	0 0	
1 2	10 2	95 2	102 2	112 2	155 2	241 2	248 2	256 2	343 2	350 2	386 2	0 0	0 0	0 0	0 0	
1 2	48 2	55 2	95 2	102 2	142 2	149 2	155 2	209 2	256 2	303 2	386 2	0 0	0 0	0 0	0 0	
1 2	16 2	85 2	115 2	149 2	166 2	233 2	248 2	260 2	299 2	332 2	383 2	0 0	0 0	0 0	0 0	
1 2	42 2	85 2	102 2	115 2	186 2	217 2	248 2	260 2	332 2	350 2	361 2	0 0	0 0	0 0	0 0	
1 2	16 2	55 2	85 2	102 2	139 2	149 2	186 2	233 2	260 2	314 2	361 2	0 0	0 0	0 0	0 0	
50 2	59 2	65 2	110 2	128 2	164 2	198 2	204 2	215 2	227 2	278 2	297 2	309 2	348 2	352 2	372 2	
7 2	18 2	50 2	59 2	81 2	151 2	161 2	164 2	204 2	227 2	266 2	297 2	305 2	309 2	329 2	372 2	
18 2	34 2	50 2	65 2	81 2	104 2	128 2	151 2	198 2	204 2	258 2	305 2	309 2	352 2	363 2	372 2	
24 2	59 2	65 2	75 2	110 2	164 2	169 2	204 2	215 2	309 2	317 2	352 2	0 0	0 0	0 0	0 0	
18 2	24 2	59 2	126 2	161 2	164 2	169 2	204 2	266 2	270 2	305 2	309 2	0 0	0 0	0 0	0 0	
18 2	65 2	169 2	204 2	223 2	258 2	270 2	305 2	309 2	317 2	352 2	363 2	0 0	0 0	0 0	0 0	
43 2	50 2	59 2	110 2	191 2	198 2	204 2	290 2	297 2	341 2	348 2	352 2	0 0	0 0	0 0	0 0	
7 2	43 2	50 2	59 2	144 2	151 2	161 2	204 2	290 2	297 2	305 2	392 2	0 0	0 0	0 0	0 0	
43 2	50 2	97 2	104 2	144 2	151 2	191 2	198 2	204 2	258 2	305 2	352 2	0 0	0 0	0 0	0 0	
40 2	50 2	65 2	134 2	164 2	198 2	215 2	282 2	297 2	309 2	348 2	381 2	0 0	0 0	0 0	0 0	
7 2	18 2	50 2	91 2	134 2	151 2	164 2	235 2	266 2	297 2	309 2	381 2	0 0	0 0	0 0	0 0	
18 2	50 2	65 2	104 2	134 2	151 2	188 2	198 2	235 2	282 2	309 2	363 2	0 0	0 0	0 0	0 0	
5 2	9 2	29 2	99 2	108 2	114 2	159 2	177 2	213 2	247 2	253 2	264 2	276 2	327 2	346 2	358 2	
29 2	56 2	67 2	99 2	108 2	130 2	200 2	210 2	213 2	253 2	276 2	315 2	346 2	354 2	358 2	378 2	
9 2	20 2	29 2	67 2	83 2	99 2	114 2	130 2	153 2	177 2	200 2	247 2	253 2	307 2	354 2	358 2	
9 2	73 2	108 2	114 2	124 2	159 2	213 2	218 2	253 2	264 2	358 2	366 2	0 0	0 0	0 0	0 0	
67 2	73 2	108 2	175 2	210 2	213 2	218 2	253 2	315 2	319 2	354 2	358 2	0 0	0 0	0 0	0 0	
9 2	20 2	67 2	114 2	218 2	253 2	272 2	307 2	319 2	354 2	358 2	366 2	0 0	0 0	0 0	0 0	
5 2	9 2	92 2	99 2	108 2	159 2	240 2	247 2	253 2	339 2	346 2	390 2	0 0	0 0	0 0	0 0	
49 2	56 2	92 2	99 2	108 2	193 2	200 2	210 2	253 2	339 2	346 2	354 2	0 0	0 0	0 0	0 0	
9 2	92 2	99 2	146 2	153 2	193 2	200 2	240 2	247 2	253 2	307 2	354 2	0 0	0 0	0 0	0 0	
5 2	38 2	89 2	99 2	114 2	183 2	213 2	247 2	264 2	331 2	346 2	358 2	0 0	0 0	0 0	0 0	
38 2	56 2	67 2	99 2	140 2	183 2	200 2	213 2	284 2	315 2	346 2	358 2	0 0	0 0	0 0	0 0	
20 2	67 2	99 2	114 2	153 2	183 2	200 2	237 2	247 2	284 2	331 2	358 2	0 0	0 0	0 0	0 0	
3 2	15 2	54 2	58 2	78 2	148 2	157 2	163 2	208 2	226 2	262 2	296 2	302 2	313 2	325 2	376 2	
3 2	11 2	15 2	35 2	78 2	105 2	116 2	148 2	157 2	179 2	249 2	259 2	262 2	302 2	325 2	364 2	
11 2	15 2	58 2	69 2	78 2	116 2	132 2	148 2	163 2	179 2	202 2	226 2	249 2	296 2	302 2	356 2	
15 2	23 2	58 2	122 2	157 2	163 2	173 2	208 2	262 2	267 2	302 2	313 2	0 0	0 0	0 0	0 0	
11 2	15 2	116 2	122 2	157 2	224 2	259 2	262 2	267 2	302 2	364 2	368 2	0 0	0 0	0 0	0 0	
11 2	15 2	23 2	58 2	69 2	116 2	163 2	267 2	302 2	321 2	356 2	368 2	0 0	0 0	0 0	0 0	
3 2	47 2	54 2	58 2	141 2	148 2	157 2	208 2	289 2	296 2	302 2	388 2	0 0	0 0	0 0	0 0	
3 2	11 2	98 2	105 2	141 2	148 2	157 2	242 2	249 2	259 2	302 2	388 2	0 0	0 0	0 0	0 0	
11 2	58 2	141 2	148 2	195 2	202 2	242 2	249 2	289 2	296 2	302 2	356 2	0 0	0 0	0 0	0 0	
3 2	15 2	54 2	87 2	138 2	148 2	163 2	232 2	262 2	296 2	313 2	380 2	0 0	0 0	0 0	0 0	
3 2	15 2	87 2	105 2	116 2	148 2	189 2	232 2	249 2	262 2	333 2	364 2	0 0	0 0	0 0	0 0	
15 2	69 2	116 2	148 2	163 2	202 2	232 2	249 2	286 2	296 2	333 2	380 2	0 0	0 0	0 0	0 0	
33 2	52 2	64 2	103 2	107 2	127 2	197 2	206 2	212 2	257 2	275 2	311 2	345 2	351 2	362 2	374 2	
21 2	52 2	60 2	64 2	84 2	127 2	154 2	165 2	197 2	206 2	228 2	298 2	308 2	311 2	351 2	374 2	
13 2	60 2	64 2	107 2	118 2	127 2	165 2	181 2	197 2	212 2	228 2	251 2	275 2	298 2	345 2	351 2	
64 2	72 2	107 2	171 2	206 2	212 2	222 2	257 2	311 2	316 2	351 2	362 2	0 0	0 0	0 0	0 0	
21 2	25 2	60 2	64 2	165 2	171 2	206 2	273 2	308 2	311 2	316 2	351 2	0 0	0 0	0 0	0 0	
13 2	25 2	60 2	64 2	72 2	107 2	118 2	165 2	212 2	316 2	351 2	370 2	0 0	0 0	0 0	0 0	
45 2	52 2	96 2	103 2	107 2	190 2	197 2	206 2	257 2	338 2	345 2	351 2	0 0	0 0	0 0	0 0	
45 2	52 2	60 2	147 2	154 2	190 2	197 2	206 2	291 2	298 2	308 2	351 2	0 0	0 0	0 0	0 0	
13 2	60 2	107 2	190 2	197 2	244 2	251 2	291 2	298 2	338 2	345 2	351 2	0 0	0 0	0 0	0 0	
37 2	52 2	64 2	103 2	136 2	187 2	197 2	212 2	281 2	311 2	345 2	362 2	0 0	0 0	0 0	0 0	
21 2	52 2	64 2	136 2	154 2	165 2	197 2	238 2	281 2	298 2	311 2	382 2	0 0	0 0	0 0	0 0	
37 2	64 2	118 2	165 2	197 2	212 2	251 2	281 2	298 2	335 2	345 2	382 2	0 0	0 0	0 0	0 0	
2 2	8 2	19 2	31 2	82 2	101 2	113 2	152 2	156 2	176 2	246 2	255 2	261 2	306 2	324 2	360 2	
8 2	31 2	70 2	101 2	109 2	113 2	133 2	176 2	203 2	214 2	246 2	255 2	277 2	347 2	357 2	360 2	
2 2	8 2	62 2	109 2	113 2	156 2	167 2	176 2	214 2	230 2	246 2	261 2	277 2	300 2	324 2	347 2	
8 2	19 2	113 2	121 2	156 2	220 2	255 2	261 2	271 2	306 2	360 2	365 2	0 0	0 0	0 0	0 0	
8 2	70 2	74 2	109 2	113 2	214 2	220 2	255 2	322 2	357 2	360 2	365 2	0 0	0 0	0 0	0 0	
8 2	27 2	62 2	74 2	109 2	113 2	121 2	156 2	167 2	214 2	261 2	365 2	0 0	0 0	0 0	0 0	
2 2	8 2	94 2	101 2	145 2	152 2	156 2	239 2	246 2	255 2	306 2	387 2	0 0	0 0	0 0	0 0	
8 2	94 2	101 2	109 2	196 2	203 2	239 2	246 2	255 2	340 2	347 2	357 2	0 0	0 0	0 0	0 0	
2 2	8 2	62 2	109 2	156 2	239 2	246 2	293 2	300 2	340 2	347 2	387 2	0 0	0 0	0 0	0 0	
2 2	19 2	86 2	101 2	113 2	152 2	185 2	236 2	246 2	261 2	330 2	360 2	0 0	0 0	0 0	0 0	
39 2	70 2	101 2	113 2	185 2	203 2	214 2	246 2	287 2	330 2	347 2	360 2	0 0	0 0	0 0	0 0	
2 2	39 2	86 2	113 2	167 2	214 2	246 2	261 2	300 2	330 2	347 2	384 2	0 0	0 0	0 0	0 0	
17 2	51 2	57 2	68 2	80 2	131 2	150 2	162 2	201 2	205 2	225 2	295 2	304 2	310 2	355 2	373 2	
4 2	14 2	17 2	57 2	80 2	119 2	150 2	158 2	162 2	182 2	225 2	252 2	263 2	295 2	304 2	326 2	
4 2	51 2	57 2	111 2	158 2	162 2	205 2	216 2	225 2	263 2	279 2	295 2	310 2	326 2	349 2	373 2	
17 2	22 2	57 2	68 2	162 2	170 2	205 2	269 2	304 2	310 2	320 2	355 2	0 0	0 0	0 0	0 0	
14 2	17 2	22 2	57 2	119 2	123 2	158 2	162 2	263 2	269 2	304 2	371 2	0 0	0 0	0 0	0 0	
4 2	14 2	57 2	143 2	150 2	158 2	245 2	252 2	288 2	295 2	304 2	389 2	0 0	0 0	0 0	0 0	
12 2	30 2	66 2	100 2	106 2	117 2	129 2	180 2	199 2	211 2	250 2	254 2	274 2	344 2	353 2	359 2	
53 2	63 2	66 2	106 2	129 2	168 2	199 2	207 2	211 2	231 2	274 2	301 2	312 2	344 2	353 2	375 2	
