1100000000000000000000000
0011000000000000000000000
2200022000000000000000000
0110001100000000000000000
0022000220000000000000000
0001100011000000000000000
0000200002000000000000000
0000020000200000000000000
0000011000110000000000000
0000002200022000000000000
0000000110001100000000000
0000000022000220000000000
0000000000220002200000000
0000000000011000110000000
0000000000002200022000000
0000000000000110001100000
0000000000000020000200000
0000000000000002000020000
0000000000000001100011000
0000000000000000220002200
0000000000000000011000110
0000000000000000002200022
0000000000000000000001100
0000000000000000000000011
0000020000020000020000022
0000100001000010000100001
