882 882
6 6
6 6 6 6 6 6 6 6 6 6 6 6 6 6 6 6 6 6 6 6 6 6 6 6 6 6 6 6 6 6 6 6 6 6 6 6 6 6 6 6 6 6 6 6 6 6 6 6 6 6 6 6 6 6 6 6 6 6 6 6 6 6 6 6 6 6 6 6 6 6 6 6 6 6 6 6 6 6 6 6 6 6 6 6 6 6 6 6 6 6 6 6 6 6 6 6 6 6 6 6 6 6 6 6 6 6 6 6 6 6 6 6 6 6 6 6 6 6 6 6 6 6 6 6 6 6 6 6 6 6 6 6 6 6 6 6 6 6 6 6 6 6 6 6 6 6 6 6 6 6 6 6 6 6 6 6 6 6 6 6 6 6 6 6 6 6 6 6 6 6 6 6 6 6 6 6 6 6 6 6 6 6 6 6 6 6 6 6 6 6 6 6 6 6 6 6 6 6 6 6 6 6 6 6 6 6 6 6 6 6 6 6 6 6 6 6 6 6 6 6 6 6 6 6 6 6 6 6 6 6 6 6 6 6 6 6 6 6 6 6 6 6 6 6 6 6 6 6 6 6 6 6 6 6 6 6 6 6 6 6 6 6 6 6 6 6 6 6 6 6 6 6 6 6 6 6 6 6 6 6 6 6 6 6 6 6 6 6 6 6 6 6 6 6 6 6 6 6 6 6 6 6 6 6 6 6 6 6 6 6 6 6 6 6 6 6 6 6 6 6 6 6 6 6 6 6 6 6 6 6 6 6 6 6 6 6 6 6 6 6 6 6 6 6 6 6 6 6 6 6 6 6 6 6 6 6 6 6 6 6 6 6 6 6 6 6 6 6 6 6 6 6 6 6 6 6 6 6 6 6 6 6 6 6 6 6 6 6 6 6 6 6 6 6 6 6 6 6 6 6 6 6 6 6 6 6 6 6 6 6 6 6 6 6 6 6 6 6 6 6 6 6 6 6 6 6 6 6 6 6 6 6 6 6 6 6 6 6 6 6 6 6 6 6 6 6 6 6 6 6 6 6 6 6 6 6 6 6 6 6 6 6 6 6 6 6 6 6 6 6 6 6 6 6 6 6 6 6 6 6 6 6 6 6 6 6 6 6 6 6 6 6 6 6 6 6 6 6 6 6 6 6 6 6 6 6 6 6 6 6 6 6 6 6 6 6 6 6 6 6 6 6 6 6 6 6 6 6 6 6 6 6 6 6 6 6 6 6 6 6 6 6 6 6 6 6 6 6 6 6 6 6 6 6 6 6 6 6 6 6 6 6 6 6 6 6 6 6 6 6 6 6 6 6 6 6 6 6 6 6 6 6 6 6 6 6 6 6 6 6 6 6 6 6 6 6 6 6 6 6 6 6 6 6 6 6 6 6 6 6 6 6 6 6 6 6 6 6 6 6 6 6 6 6 6 6 6 6 6 6 6 6 6 6 6 6 6 6 6 6 6 6 6 6 6 6 6 6 6 6 6 6 6 6 6 6 6 6 6 6 6 6 6 6 6 6 6 6 6 6 6 6 6 6 6 6 6 6 6 6 6 6 6 6 6 6 6 6 6 6 6 6 6 6 6 6 6 6 6 6 6 6 6 6 6 6 6 6 6 6 6 6 6 6 6 6 6 6 6 6 6 6 6 6 6 6 6 6 6 6 6 6 6 6 6 6 6 6 6 6 6 6 6 6 6 6 6 6 6 6 6 6 6 6 6 6 6 6 6 6 6 6 6 6 6 6 6 6 6 6 6 6 6 6 6 6 6 6 6 6 6 6 6 6 6 6 6 6 6 6 6 6 6 6 6 6 6 6 6 6 6 6 6 6 6 6 6 6 6 6 6 6 6 6 6 6 6 6 6 6 6 6 6 6 6 6 6 6 6 6 6 6 6 6 6 6 6 6 6 6 6 6 6 6 6 6 6 6 6 6 6 6 6 6 6 6 6 6 6 6 6 6 6 6 6 6 6 6 6 6 6 6 6 6 6 6 6 6 6 6 6 6
6 6 6 6 6 6 6 6 6 6 6 6 6 6 6 6 6 6 6 6 6 6 6 6 6 6 6 6 6 6 6 6 6 6 6 6 6 6 6 6 6 6 6 6 6 6 6 6 6 6 6 6 6 6 6 6 6 6 6 6 6 6 6 6 6 6 6 6 6 6 6 6 6 6 6 6 6 6 6 6 6 6 6 6 6 6 6 6 6 6 6 6 6 6 6 6 6 6 6 6 6 6 6 6 6 6 6 6 6 6 6 6 6 6 6 6 6 6 6 6 6 6 6 6 6 6 6 6 6 6 6 6 6 6 6 6 6 6 6 6 6 6 6 6 6 6 6 6 6 6 6 6 6 6 6 6 6 6 6 6 6 6 6 6 6 6 6 6 6 6 6 6 6 6 6 6 6 6 6 6 6 6 6 6 6 6 6 6 6 6 6 6 6 6 6 6 6 6 6 6 6 6 6 6 6 6 6 6 6 6 6 6 6 6 6 6 6 6 6 6 6 6 6 6 6 6 6 6 6 6 6 6 6 6 6 6 6 6 6 6 6 6 6 6 6 6 6 6 6 6 6 6 6 6 6 6 6 6 6 6 6 6 6 6 6 6 6 6 6 6 6 6 6 6 6 6 6 6 6 6 6 6 6 6 6 6 6 6 6 6 6 6 6 6 6 6 6 6 6 6 6 6 6 6 6 6 6 6 6 6 6 6 6 6 6 6 6 6 6 6 6 6 6 6 6 6 6 6 6 6 6 6 6 6 6 6 6 6 6 6 6 6 6 6 6 6 6 6 6 6 6 6 6 6 6 6 6 6 6 6 6 6 6 6 6 6 6 6 6 6 6 6 6 6 6 6 6 6 6 6 6 6 6 6 6 6 6 6 6 6 6 6 6 6 6 6 6 6 6 6 6 6 6 6 6 6 6 6 6 6 6 6 6 6 6 6 6 6 6 6 6 6 6 6 6 6 6 6 6 6 6 6 6 6 6 6 6 6 6 6 6 6 6 6 6 6 6 6 6 6 6 6 6 6 6 6 6 6 6 6 6 6 6 6 6 6 6 6 6 6 6 6 6 6 6 6 6 6 6 6 6 6 6 6 6 6 6 6 6 6 6 6 6 6 6 6 6 6 6 6 6 6 6 6 6 6 6 6 6 6 6 6 6 6 6 6 6 6 6 6 6 6 6 6 6 6 6 6 6 6 6 6 6 6 6 6 6 6 6 6 6 6 6 6 6 6 6 6 6 6 6 6 6 6 6 6 6 6 6 6 6 6 6 6 6 6 6 6 6 6 6 6 6 6 6 6 6 6 6 6 6 6 6 6 6 6 6 6 6 6 6 6 6 6 6 6 6 6 6 6 6 6 6 6 6 6 6 6 6 6 6 6 6 6 6 6 6 6 6 6 6 6 6 6 6 6 6 6 6 6 6 6 6 6 6 6 6 6 6 6 6 6 6 6 6 6 6 6 6 6 6 6 6 6 6 6 6 6 6 6 6 6 6 6 6 6 6 6 6 6 6 6 6 6 6 6 6 6 6 6 6 6 6 6 6 6 6 6 6 6 6 6 6 6 6 6 6 6 6 6 6 6 6 6 6 6 6 6 6 6 6 6 6 6 6 6 6 6 6 6 6 6 6 6 6 6 6 6 6 6 6 6 6 6 6 6 6 6 6 6 6 6 6 6 6 6 6 6 6 6 6 6 6 6 6 6 6 6 6 6 6 6 6 6 6 6 6 6 6 6 6 6 6 6 6 6 6 6 6 6 6 6 6 6 6 6 6 6 6 6 6 6 6 6 6 6 6 6 6 6 6 6 6 6 6 6 6 6 6 6 6 6 6 6 6 6 6 6 6 6 6 6 6 6 6 6 6 6 6 6 6 6 6 6 6 6 6 6 6 6 6 6 6 6 6 6 6 6 6 6 6 6 6 6 6 6 6 6 6 6 6 6 6 6 6 6 6 6 6 6 6 6 6 6 6 6 6 6 6 6 6 6
181 1 186 1 187 1 592 2 682 2 754 2
300 2 372 2 399 2 867 1 868 1 873 1
221 1 226 1 227 1 632 2 722 2 794 2
295 2 367 2 394 2 862 1 863 1 868 1
65 1 70 1 71 1 539 2 629 2 638 2
33 1 38 1 39 1 444 2 534 2 606 2
37 2 64 2 406 2 532 1 533 1 538 1
280 2 352 2 379 2 847 1 848 1 853 1
379 1 380 1 437 1 497 2 506 2 848 2
11 2 83 2 173 2 578 1 579 1 584 1
71 1 76 1 77 1 545 2 572 2 644 2
35 2 107 2 134 2 602 1 603 1 608 1
156 1 161 1 162 1 630 2 657 2 729 2
203 1 208 1 209 1 677 2 704 2 776 2
74 1 79 1 80 1 548 2 575 2 647 2
180 2 252 2 279 2 747 1 748 1 753 1
284 2 356 2 383 2 851 1 852 1 857 1
127 2 199 2 289 2 694 1 695 1 700 1
15 1 20 1 21 1 489 2 516 2 588 2
258 2 330 2 420 2 825 1 826 1 831 1
427 1 432 1 433 1 487 2 559 2 838 2
85 2 157 2 247 2 652 1 653 1 658 1
26 2 116 2 395 2 521 1 522 1 527 1
346 1 351 1 352 1 478 2 757 2 847 2
52 2 124 2 151 2 619 1 620 1 625 1
299 1 304 1 305 1 710 2 800 2 872 2
119 2 128 2 218 2 686 1 687 1 692 1
158 2 230 2 257 2 725 1 726 1 731 1
24 2 96 2 186 2 591 1 592 1 597 1
26 1 31 1 32 1 500 2 527 2 599 2
32 1 37 1 38 1 443 2 533 2 605 2
301 2 373 2 400 2 868 1 869 1 874 1
57 2 84 2 426 2 552 1 553 1 558 1
279 2 351 2 441 2 846 1 847 1 852 1
230 1 235 1 236 1 641 2 731 2 803 2
396 1 401 1 402 1 456 2 528 2 870 2
23 1 28 1 29 1 497 2 524 2 596 2
401 1 406 1 407 1 461 2 533 2 875 2
73 1 78 1 79 1 547 2 574 2 646 2
176 1 181 1 182 1 587 2 677 2 749 2
102 2 174 2 201 2 669 1 670 1 675 1
16 2 358 2 430 2 484 1 485 1 490 1
292 2 364 2 391 2 859 1 860 1 865 1
80 2 152 2 242 2 647 1 648 1 653 1
184 2 193 2 283 2 694 1 751 1 752 1
199 1 204 1 205 1 673 2 700 2 772 2
194 2 266 2 356 2 761 1 762 1 767 1
39 2 66 2 408 2 534 1 535 1 540 1
171 2 243 2 270 2 738 1 739 1 744 1
193 2 265 2 355 2 760 1 761 1 766 1
82 2 154 2 244 2 649 1 650 1 655 1
224 1 229 1 230 1 635 2 725 2 797 2
255 1 256 1 313 1 724 2 814 2 823 2
266 2 338 2 428 2 833 1 834 1 839 1
130 2 202 2 292 2 697 1 698 1 703 1
207 1 212 1 213 1 681 2 708 2 780 2
177 1 182 1 183 1 588 2 678 2 750 2
318 1 319 1 376 1 445 2 787 2 877 2
311 2 320 2 410 2 821 1 878 1 879 1
178 1 183 1 184 1 589 2 679 2 751 2
243 2 315 2 342 2 810 1 811 1 816 1
21 2 93 2 183 2 588 1 589 1 594 1
146 1 151 1 152 1 620 2 647 2 719 2
306 1 311 1 312 1 717 2 807 2 879 2
22 2 364 2 436 2 490 1 491 1 496 1
181 2 190 2 280 2 748 1 749 1 754 1
323 1 328 1 329 1 455 2 797 2 824 2
14 2 356 2 428 2 482 1 483 1 488 1
35 1 40 1 41 1 446 2 536 2 608 2
25 2 115 2 394 2 520 1 521 1 526 1
326 1 331 1 332 1 458 2 800 2 827 2
190 1 191 1 248 1 659 2 749 2 758 2
13 1 18 1 19 1 487 2 514 2 586 2
113 1 118 1 119 1 524 2 614 2 686 2
350 1 355 1 356 1 482 2 761 2 851 2
174 1 179 1 180 1 585 2 675 2 747 2
223 2 295 2 322 2 790 1 791 1 796 1
61 2 70 2 160 2 571 1 628 1 629 1
41 2 320 2 392 2 446 1 447 1 452 1
279 1 284 1 285 1 753 2 780 2 852 2
175 1 180 1 181 1 586 2 676 2 748 2
345 1 350 1 351 1 477 2 819 2 846 2
24 2 366 2 438 2 492 1 493 1 498 1
344 1 349 1 350 1 476 2 818 2 845 2
2 1 3 1 60 1 471 2 561 2 570 2
124 2 133 2 223 2 634 1 691 1 692 1
144 2 216 2 306 2 711 1 712 1 717 1
136 2 208 2 298 2 703 1 704 1 709 1
116 1 121 1 122 1 527 2 617 2 689 2
10 2 352 2 424 2 478 1 479 1 484 1
226 2 298 2 325 2 793 1 794 1 799 1
144 1 149 1 150 1 618 2 645 2 717 2
136 1 141 1 142 1 610 2 637 2 709 2
316 1 321 1 322 1 448 2 790 2 880 2
63 2 342 2 414 2 468 1 469 1 474 1
75 2 147 2 237 2 642 1 643 1 648 1
172 2 244 2 271 2 739 1 740 1 745 1
51 2 330 2 402 2 456 1 457 1 462 1
161 2 233 2 260 2 728 1 729 1 734 1
155 1 160 1 161 1 629 2 656 2 728 2
267 1 272 1 273 1 741 2 768 2 840 2
165 2 237 2 264 2 732 1 733 1 738 1
238 1 243 1 244 1 649 2 739 2 811 2
426 1 431 1 432 1 486 2 558 2 837 2
227 2 299 2 326 2 794 1 795 1 800 1
94 2 166 2 193 2 661 1 662 1 667 1
125 2 134 2 224 2 635 1 692 1 693 1
68 1 73 1 74 1 542 2 569 2 641 2
379 1 384 1 385 1 502 2 511 2 853 2
251 2 260 2 350 2 761 1 818 1 819 1
43 1 48 1 49 1 454 2 544 2 616 2
168 2 240 2 267 2 735 1 736 1 741 1
151 1 156 1 157 1 625 2 652 2 724 2
113 2 185 2 212 2 680 1 681 1 686 1
390 1 395 1 396 1 450 2 522 2 864 2
271 2 343 2 433 2 838 1 839 1 844 1
98 2 170 2 197 2 665 1 666 1 671 1
117 2 189 2 216 2 684 1 685 1 690 1
238 2 310 2 337 2 805 1 806 1 811 1
32 2 374 2 383 2 443 1 500 1 501 1
256 1 257 1 314 1 725 2 815 2 824 2
314 2 323 2 413 2 824 1 881 1 882 1
185 2 194 2 284 2 695 1 752 1 753 1
261 1 266 1 267 1 735 2 762 2 834 2
225 2 297 2 324 2 792 1 793 1 798 1
308 2 317 2 407 2 875 1 876 1 881 1
4 1 9 1 10 1 478 2 505 2 577 2
160 2 232 2 259 2 727 1 728 1 733 1
222 1 227 1 228 1 633 2 723 2 795 2
29 1 34 1 35 1 503 2 530 2 602 2
82 1 87 1 88 1 556 2 583 2 655 2
179 2 251 2 278 2 746 1 747 1 752 1
64 2 136 2 226 2 631 1 632 1 637 1
210 1 215 1 216 1 684 2 711 2 783 2
1 1 6 1 7 1 475 2 565 2 574 2
173 2 245 2 272 2 740 1 741 1 746 1
212 2 284 2 374 2 779 1 780 1 785 1
89 2 161 2 251 2 656 1 657 1 662 1
154 1 159 1 160 1 628 2 655 2 727 2
167 1 172 1 173 1 578 2 668 2 740 2
114 2 186 2 213 2 681 1 682 1 687 1
195 1 200 1 201 1 669 2 696 2 768 2
21 2 363 2 435 2 489 1 490 1 495 1
45 2 72 2 414 2 540 1 541 1 546 1
48 2 120 2 147 2 615 1 616 1 621 1
228 1 233 1 234 1 639 2 729 2 801 2
200 2 272 2 362 2 767 1 768 1 773 1
194 1 195 1 252 1 663 2 753 2 762 2
299 2 371 2 398 2 866 1 867 1 872 1
268 2 340 2 430 2 835 1 836 1 841 1
57 1 62 1 63 1 468 2 558 2 630 2
68 1 69 1 126 1 537 2 627 2 636 2
245 1 250 1 251 1 656 2 746 2 818 2
32 2 122 2 401 2 527 1 528 1 533 1
42 1 47 1 48 1 453 2 543 2 615 2
290 1 295 1 296 1 701 2 791 2 863 2
257 2 329 2 419 2 824 1 825 1 830 1
149 2 221 2 311 2 716 1 717 1 722 1
116 2 188 2 215 2 683 1 684 1 689 1
332 1 337 1 338 1 464 2 806 2 833 2
242 1 247 1 248 1 653 2 743 2 815 2
321 1 326 1 327 1 453 2 795 2 822 2
23 2 365 2 437 2 491 1 492 1 497 1
177 2 249 2 276 2 744 1 745 1 750 1
20 1 25 1 26 1 494 2 521 2 593 2
26 2 368 2 440 2 494 1 495 1 500 1
164 2 236 2 263 2 731 1 732 1 737 1
30 1 35 1 36 1 504 2 531 2 603 2
123 2 132 2 222 2 633 1 690 1 691 1
30 2 102 2 129 2 597 1 598 1 603 1
34 2 124 2 403 2 529 1 530 1 535 1
276 2 348 2 438 2 843 1 844 1 849 1
418 1 423 1 424 1 478 2 550 2 829 2
42 2 321 2 393 2 447 1 448 1 453 1
106 1 111 1 112 1 517 2 607 2 679 2
217 1 222 1 223 1 691 2 718 2 790 2
191 1 192 1 249 1 660 2 750 2 759 2
413 1 418 1 419 1 473 2 545 2 824 2
40 2 67 2 409 2 535 1 536 1 541 1
5 1 6 1 63 1 474 2 564 2 573 2
379 1 436 1 441 1 496 2 505 2 847 2
56 2 65 2 155 2 623 1 624 1 629 1
47 2 74 2 416 2 542 1 543 1 548 1
111 1 116 1 117 1 522 2 612 2 684 2
365 1 370 1 371 1 497 2 776 2 866 2
168 1 173 1 174 1 579 2 669 2 741 2
241 1 246 1 247 1 652 2 742 2 814 2
36 2 126 2 405 2 531 1 532 1 537 1
65 2 137 2 227 2 632 1 633 1 638 1
262 1 267 1 268 1 736 2 763 2 835 2
313 2 322 2 412 2 823 1 880 1 881 1
22 1 27 1 28 1 496 2 523 2 595 2
295 1 300 1 301 1 706 2 796 2 868 2
137 1 142 1 143 1 611 2 638 2 710 2
54 2 126 2 153 2 621 1 622 1 627 1
46 2 325 2 397 2 451 1 452 1 457 1
8 2 98 2 440 2 509 1 566 1 567 1
273 2 345 2 435 2 840 1 841 1 846 1
174 2 246 2 273 2 741 1 742 1 747 1
129 1 130 1 187 1 598 2 688 2 697 2
348 1 353 1 354 1 480 2 759 2 849 2
50 2 329 2 401 2 455 1 456 1 461 1
383 1 384 1 441 1 501 2 510 2 852 2
127 1 128 1 185 1 596 2 686 2 695 2
72 1 77 1 78 1 546 2 573 2 645 2
120 2 129 2 219 2 687 1 688 1 693 1
38 2 317 2 389 2 443 1 444 1 449 1
195 2 267 2 357 2 762 1 763 1 768 1
277 2 349 2 439 2 844 1 845 1 850 1
10 2 82 2 172 2 577 1 578 1 583 1
336 1 341 1 342 1 468 2 810 2 837 2
129 2 201 2 291 2 696 1 697 1 702 1
44 2 323 2 395 2 449 1 450 1 455 1
149 1 154 1 155 1 623 2 650 2 722 2
288 2 360 2 387 2 855 1 856 1 861 1
265 1 270 1 271 1 739 2 766 2 838 2
256 2 328 2 418 2 823 1 824 1 829 1
211 1 216 1 217 1 685 2 712 2 784 2
232 1 237 1 238 1 643 2 733 2 805 2
298 2 370 2 397 2 865 1 866 1 871 1
409 1 414 1 415 1 469 2 541 2 820 2
63 2 90 2 432 2 558 1 559 1 564 1
293 2 365 2 392 2 860 1 861 1 866 1
183 1 188 1 189 1 594 2 684 2 756 2
77 2 149 2 239 2 644 1 645 1 650 1
220 2 292 2 319 2 787 1 788 1 793 1
1 1 2 1 59 1 470 2 560 2 569 2
34 2 376 2 385 2 445 1 502 1 503 1
91 2 163 2 190 2 658 1 659 1 664 1
307 1 312 1 313 1 718 2 808 2 880 2
64 1 69 1 70 1 538 2 628 2 637 2
407 1 412 1 413 1 467 2 539 2 881 2
74 2 146 2 236 2 641 1 642 1 647 1
53 2 332 2 404 2 458 1 459 1 464 1
395 1 400 1 401 1 455 2 527 2 869 2
58 2 337 2 409 2 463 1 464 1 469 1
121 2 130 2 220 2 631 1 688 1 689 1
212 1 217 1 218 1 686 2 713 2 785 2
28 1 33 1 34 1 502 2 529 2 601 2
105 1 110 1 111 1 516 2 606 2 678 2
17 2 359 2 431 2 485 1 486 1 491 1
298 1 303 1 304 1 709 2 799 2 871 2
190 1 195 1 196 1 664 2 754 2 763 2
157 2 229 2 256 2 724 1 725 1 730 1
260 2 332 2 422 2 827 1 828 1 833 1
205 2 277 2 367 2 772 1 773 1 778 1
43 2 70 2 412 2 538 1 539 1 544 1
91 1 96 1 97 1 565 2 592 2 664 2
253 2 325 2 415 2 820 1 821 1 826 1
176 2 248 2 275 2 743 1 744 1 749 1
41 2 68 2 410 2 536 1 537 1 542 1
58 2 67 2 157 2 568 1 625 1 626 1
142 1 147 1 148 1 616 2 643 2 715 2
56 2 83 2 425 2 551 1 552 1 557 1
206 1 211 1 212 1 680 2 707 2 779 2
300 1 305 1 306 1 711 2 801 2 873 2
24 1 29 1 30 1 498 2 525 2 597 2
110 1 115 1 116 1 521 2 611 2 683 2
49 2 121 2 148 2 616 1 617 1 622 1
232 2 304 2 331 2 799 1 800 1 805 1
21 2 111 2 390 2 516 1 517 1 522 1
266 1 271 1 272 1 740 2 767 2 839 2
23 2 113 2 392 2 518 1 519 1 524 1
287 2 359 2 386 2 854 1 855 1 860 1
1 1 58 1 63 1 469 2 559 2 568 2
419 1 424 1 425 1 479 2 551 2 830 2
99 2 171 2 198 2 666 1 667 1 672 1
231 2 303 2 330 2 798 1 799 1 804 1
269 2 341 2 431 2 836 1 837 1 842 1
192 1 193 1 250 1 661 2 751 2 760 2
53 2 125 2 152 2 620 1 621 1 626 1
62 2 89 2 431 2 557 1 558 1 563 1
430 1 435 1 436 1 490 2 562 2 841 2
352 1 357 1 358 1 484 2 763 2 853 2
57 2 66 2 156 2 624 1 625 1 630 1
368 1 373 1 374 1 500 2 779 2 869 2
46 2 118 2 145 2 613 1 614 1 619 1
135 2 207 2 297 2 702 1 703 1 708 1
324 1 329 1 330 1 456 2 798 2 825 2
94 1 99 1 100 1 505 2 595 2 667 2
27 2 117 2 396 2 522 1 523 1 528 1
112 1 117 1 118 1 523 2 613 2 685 2
27 2 369 2 441 2 495 1 496 1 501 1
194 1 199 1 200 1 668 2 695 2 767 2
19 2 91 2 181 2 586 1 587 1 592 1
192 2 264 2 354 2 759 1 760 1 765 1
148 1 153 1 154 1 622 2 649 2 721 2
16 2 88 2 178 2 583 1 584 1 589 1
134 2 206 2 296 2 701 1 702 1 707 1
36 1 41 1 42 1 447 2 537 2 609 2
23 2 95 2 185 2 590 1 591 1 596 1
50 2 122 2 149 2 617 1 618 1 623 1
6 1 11 1 12 1 480 2 507 2 579 2
422 1 427 1 428 1 482 2 554 2 833 2
83 2 155 2 245 2 650 1 651 1 656 1
50 2 77 2 419 2 545 1 546 1 551 1
278 2 350 2 440 2 845 1 846 1 851 1
31 1 36 1 37 1 442 2 532 2 604 2
414 1 419 1 420 1 474 2 546 2 825 2
417 1 422 1 423 1 477 2 549 2 828 2
294 1 299 1 300 1 705 2 795 2 867 2
166 2 238 2 265 2 733 1 734 1 739 1
310 2 319 2 409 2 820 1 877 1 878 1
236 2 308 2 335 2 803 1 804 1 809 1
249 2 258 2 348 2 759 1 816 1 817 1
259 1 264 1 265 1 733 2 760 2 832 2
227 1 232 1 233 1 638 2 728 2 800 2
127 1 184 1 189 1 595 2 685 2 694 2
265 2 337 2 427 2 832 1 833 1 838 1
155 2 227 2 254 2 722 1 723 1 728 1
380 1 385 1 386 1 503 2 512 2 854 2
37 1 42 1 43 1 448 2 538 2 610 2
93 1 98 1 99 1 567 2 594 2 666 2
38 2 110 2 137 2 605 1 606 1 611 1
17 1 22 1 23 1 491 2 518 2 590 2
4 2 346 2 418 2 472 1 473 1 478 1
115 1 120 1 121 1 526 2 616 2 688 2
147 1 152 1 153 1 621 2 648 2 720 2
41 1 46 1 47 1 452 2 542 2 614 2
25 2 97 2 187 2 592 1 593 1 598 1
89 1 94 1 95 1 563 2 590 2 662 2
356 1 361 1 362 1 488 2 767 2 857 2
264 2 336 2 426 2 831 1 832 1 837 1
62 2 71 2 161 2 572 1 629 1 630 1
257 1 258 1 315 1 726 2 816 2 825 2
343 1 348 1 349 1 475 2 817 2 844 2
95 2 167 2 194 2 662 1 663 1 668 1
363 1 368 1 369 1 495 2 774 2 864 2
296 1 301 1 302 1 707 2 797 2 869 2
384 1 389 1 390 1 444 2 516 2 858 2
146 2 218 2 308 2 713 1 714 1 719 1
18 2 108 2 387 2 513 1 514 1 519 1
334 1 339 1 340 1 466 2 808 2 835 2
9 1 14 1 15 1 483 2 510 2 582 2
46 2 73 2 415 2 541 1 542 1 547 1
118 2 127 2 217 2 685 1 686 1 691 1
204 1 209 1 210 1 678 2 705 2 777 2
66 1 67 1 124 1 535 2 625 2 634 2
289 1 294 1 295 1 700 2 790 2 862 2
11 2 353 2 425 2 479 1 480 1 485 1
296 2 368 2 395 2 863 1 864 1 869 1
281 2 353 2 380 2 848 1 849 1 854 1
325 1 330 1 331 1 457 2 799 2 826 2
58 2 85 2 427 2 553 1 554 1 559 1
81 2 153 2 243 2 648 1 649 1 654 1
25 1 30 1 31 1 499 2 526 2 598 2
105 2 177 2 204 2 672 1 673 1 678 1
163 1 168 1 169 1 574 2 664 2 736 2
153 1 158 1 159 1 627 2 654 2 726 2
387 1 392 1 393 1 447 2 519 2 861 2
411 1 416 1 417 1 471 2 543 2 822 2
11 2 101 2 380 2 506 1 507 1 512 1
8 2 350 2 422 2 476 1 477 1 482 1
47 2 326 2 398 2 452 1 453 1 458 1
28 2 118 2 397 2 523 1 524 1 529 1
92 1 97 1 98 1 566 2 593 2 665 2
235 1 240 1 241 1 646 2 736 2 808 2
317 1 318 1 375 1 444 2 786 2 876 2
104 1 109 1 110 1 515 2 605 2 677 2
15 2 357 2 429 2 483 1 484 1 489 1
271 1 276 1 277 1 745 2 772 2 844 2
18 2 360 2 432 2 486 1 487 1 492 1
301 1 306 1 307 1 712 2 802 2 874 2
164 1 169 1 170 1 575 2 665 2 737 2
106 2 178 2 205 2 673 1 674 1 679 1
162 2 234 2 261 2 729 1 730 1 735 1
90 1 95 1 96 1 564 2 591 2 663 2
12 2 102 2 381 2 507 1 508 1 513 1
191 2 263 2 353 2 758 1 759 1 764 1
39 2 318 2 390 2 444 1 445 1 450 1
226 1 231 1 232 1 637 2 727 2 799 2
8 1 13 1 14 1 482 2 509 2 581 2
213 2 285 2 375 2 780 1 781 1 786 1
306 2 378 2 405 2 873 1 874 1 879 1
28 2 370 2 379 2 496 1 497 1 502 1
50 1 55 1 56 1 461 2 551 2 623 2
198 1 203 1 204 1 672 2 699 2 771 2
130 1 131 1 188 1 599 2 689 2 698 2
239 1 244 1 245 1 650 2 740 2 812 2
202 2 274 2 364 2 769 1 770 1 775 1
244 1 249 1 250 1 655 2 745 2 817 2
371 1 376 1 377 1 503 2 782 2 872 2
402 1 407 1 408 1 462 2 534 2 876 2
160 1 165 1 166 1 571 2 661 2 733 2
110 2 182 2 209 2 677 1 678 1 683 1
101 2 173 2 200 2 668 1 669 1 674 1
268 1 273 1 274 1 742 2 769 2 841 2
145 1 150 1 151 1 619 2 646 2 718 2
389 1 394 1 395 1 449 2 521 2 863 2
364 1 369 1 370 1 496 2 775 2 865 2
190 2 262 2 352 2 757 1 758 1 763 1
274 1 279 1 280 1 748 2 775 2 847 2
191 1 196 1 197 1 665 2 755 2 764 2
20 2 110 2 389 2 515 1 516 1 521 1
256 1 261 1 262 1 730 2 757 2 829 2
117 1 122 1 123 1 528 2 618 2 690 2
285 1 290 1 291 1 696 2 786 2 858 2
289 2 361 2 388 2 856 1 857 1 862 1
109 1 114 1 115 1 520 2 610 2 682 2
22 2 112 2 391 2 517 1 518 1 523 1
40 2 319 2 391 2 445 1 446 1 451 1
307 2 316 2 406 2 874 1 875 1 880 1
152 2 224 2 314 2 719 1 720 1 725 1
131 2 203 2 293 2 698 1 699 1 704 1
69 2 141 2 231 2 636 1 637 1 642 1
39 1 44 1 45 1 450 2 540 2 612 2
327 1 332 1 333 1 459 2 801 2 828 2
7 2 349 2 421 2 475 1 476 1 481 1
36 2 378 2 387 2 442 1 447 1 504 1
52 2 331 2 403 2 457 1 458 1 463 1
114 1 119 1 120 1 525 2 615 2 687 2
61 2 88 2 430 2 556 1 557 1 562 1
394 1 399 1 400 1 454 2 526 2 868 2
56 2 335 2 407 2 461 1 462 1 467 1
400 1 405 1 406 1 460 2 532 2 874 2
100 1 105 1 106 1 511 2 601 2 673 2
297 2 369 2 396 2 864 1 865 1 870 1
275 1 280 1 281 1 749 2 776 2 848 2
258 1 263 1 264 1 732 2 759 2 831 2
64 1 65 1 122 1 533 2 623 2 632 2
391 1 396 1 397 1 451 2 523 2 865 2
351 1 356 1 357 1 483 2 762 2 852 2
133 1 138 1 139 1 607 2 634 2 706 2
141 1 146 1 147 1 615 2 642 2 714 2
338 1 343 1 344 1 470 2 812 2 839 2
107 2 179 2 206 2 674 1 675 1 680 1
47 1 52 1 53 1 458 2 548 2 620 2
291 2 363 2 390 2 858 1 859 1 864 1
204 2 276 2 366 2 771 1 772 1 777 1
367 1 372 1 373 1 499 2 778 2 868 2
182 2 191 2 281 2 749 1 750 1 755 1
158 1 163 1 164 1 569 2 659 2 731 2
16 2 106 2 385 2 511 1 512 1 517 1
183 2 192 2 282 2 750 1 751 1 756 1
288 1 293 1 294 1 699 2 789 2 861 2
98 1 103 1 104 1 509 2 599 2 671 2
75 1 80 1 81 1 549 2 576 2 648 2
341 1 346 1 347 1 473 2 815 2 842 2
286 2 358 2 385 2 853 1 854 1 859 1
246 2 255 2 345 2 813 1 814 1 819 1
170 1 175 1 176 1 581 2 671 2 743 2
242 2 314 2 341 2 809 1 810 1 815 1
49 2 328 2 400 2 454 1 455 1 460 1
320 1 325 1 326 1 452 2 794 2 821 2
416 1 421 1 422 1 476 2 548 2 827 2
260 1 265 1 266 1 734 2 761 2 833 2
60 2 69 2 159 2 570 1 627 1 628 1
214 2 286 2 376 2 781 1 782 1 787 1
97 1 102 1 103 1 508 2 598 2 670 2
36 2 108 2 135 2 603 1 604 1 609 1
54 1 59 1 60 1 465 2 555 2 627 2
70 2 142 2 232 2 637 1 638 1 643 1
383 1 388 1 389 1 443 2 515 2 857 2
119 1 124 1 125 1 530 2 620 2 692 2
425 1 430 1 431 1 485 2 557 2 836 2
153 2 225 2 315 2 720 1 721 1 726 1
281 1 286 1 287 1 755 2 782 2 854 2
9 2 81 2 171 2 576 1 577 1 582 1
264 1 269 1 270 1 738 2 765 2 837 2
201 2 273 2 363 2 768 1 769 1 774 1
201 1 206 1 207 1 675 2 702 2 774 2
27 2 99 2 189 2 594 1 595 1 600 1
234 2 306 2 333 2 801 1 802 1 807 1
253 1 258 1 259 1 727 2 817 2 826 2
68 2 140 2 230 2 635 1 636 1 641 1
304 2 376 2 403 2 871 1 872 1 877 1
270 2 342 2 432 2 837 1 838 1 843 1
235 2 307 2 334 2 802 1 803 1 808 1
406 1 411 1 412 1 466 2 538 2 880 2
257 1 262 1 263 1 731 2 758 2 830 2
42 2 69 2 411 2 537 1 538 1 543 1
180 1 185 1 186 1 591 2 681 2 753 2
67 1 68 1 125 1 536 2 626 2 635 2
186 2 195 2 285 2 696 1 753 1 754 1
283 2 355 2 382 2 850 1 851 1 856 1
73 2 145 2 235 2 640 1 641 1 646 1
319 1 324 1 325 1 451 2 793 2 820 2
359 1 364 1 365 1 491 2 770 2 860 2
250 2 259 2 349 2 760 1 817 1 818 1
399 1 404 1 405 1 459 2 531 2 873 2
2 1 7 1 8 1 476 2 566 2 575 2
13 2 103 2 382 2 508 1 509 1 514 1
360 1 365 1 366 1 492 2 771 2 861 2
215 1 220 1 221 1 689 2 716 2 788 2
157 1 162 1 163 1 568 2 658 2 730 2
108 1 113 1 114 1 519 2 609 2 681 2
196 2 268 2 358 2 763 1 764 1 769 1
329 1 334 1 335 1 461 2 803 2 830 2
421 1 426 1 427 1 481 2 553 2 832 2
347 1 352 1 353 1 479 2 758 2 848 2
102 1 107 1 108 1 513 2 603 2 675 2
42 2 114 2 141 2 609 1 610 1 615 1
76 1 81 1 82 1 550 2 577 2 649 2
88 2 160 2 250 2 655 1 656 1 661 1
107 1 112 1 113 1 518 2 608 2 680 2
2 2 74 2 164 2 569 1 570 1 575 1
303 2 375 2 402 2 870 1 871 1 876 1
225 1 230 1 231 1 636 2 726 2 798 2
51 2 123 2 150 2 618 1 619 1 624 1
55 2 64 2 154 2 622 1 623 1 628 1
134 1 139 1 140 1 608 2 635 2 707 2
294 2 366 2 393 2 861 1 862 1 867 1
137 2 209 2 299 2 704 1 705 1 710 1
317 1 322 1 323 1 449 2 791 2 881 2
169 1 174 1 175 1 580 2 670 2 742 2
245 2 254 2 344 2 812 1 813 1 818 1
31 2 373 2 382 2 442 1 499 1 500 1
305 1 310 1 311 1 716 2 806 2 878 2
19 1 24 1 25 1 493 2 520 2 592 2
287 1 292 1 293 1 698 2 788 2 860 2
38 2 65 2 407 2 533 1 534 1 539 1
15 2 87 2 177 2 582 1 583 1 588 1
435 1 440 1 441 1 495 2 567 2 846 2
39 2 111 2 138 2 606 1 607 1 612 1
6 2 348 2 420 2 474 1 475 1 480 1
90 2 162 2 252 2 657 1 658 1 663 1
362 1 367 1 368 1 494 2 773 2 863 2
312 2 321 2 411 2 822 1 879 1 880 1
231 1 236 1 237 1 642 2 732 2 804 2
214 1 219 1 220 1 688 2 715 2 787 2
171 1 176 1 177 1 582 2 672 2 744 2
233 2 305 2 332 2 800 1 801 1 806 1
216 1 221 1 222 1 690 2 717 2 789 2
14 2 104 2 383 2 509 1 510 1 515 1
291 1 296 1 297 1 702 2 792 2 864 2
255 1 260 1 261 1 729 2 819 2 828 2
221 2 293 2 320 2 788 1 789 1 794 1
159 2 231 2 258 2 726 1 727 1 732 1
248 2 257 2 347 2 758 1 815 1 816 1
302 2 374 2 401 2 869 1 870 1 875 1
156 2 228 2 255 2 723 1 724 1 729 1
33 2 375 2 384 2 444 1 501 1 502 1
20 2 362 2 434 2 488 1 489 1 494 1
152 1 157 1 158 1 626 2 653 2 725 2
236 1 241 1 242 1 647 2 737 2 809 2
200 1 205 1 206 1 674 2 701 2 773 2
272 2 344 2 434 2 839 1 840 1 845 1
393 1 398 1 399 1 453 2 525 2 867 2
79 2 151 2 241 2 646 1 647 1 652 1
84 2 156 2 246 2 651 1 652 1 657 1
410 1 415 1 416 1 470 2 542 2 821 2
172 1 177 1 178 1 583 2 673 2 745 2
278 1 283 1 284 1 752 2 779 2 851 2
97 2 169 2 196 2 664 1 665 1 670 1
196 1 201 1 202 1 670 2 697 2 769 2
12 1 17 1 18 1 486 2 513 2 585 2
71 2 143 2 233 2 638 1 639 1 644 1
80 1 85 1 86 1 554 2 581 2 653 2
60 2 87 2 429 2 555 1 556 1 561 1
293 1 298 1 299 1 704 2 794 2 866 2
4 1 5 1 62 1 473 2 563 2 572 2
99 1 104 1 105 1 510 2 600 2 672 2
108 2 180 2 207 2 675 1 676 1 681 1
254 2 326 2 416 2 821 1 822 1 827 1
178 2 250 2 277 2 745 1 746 1 751 1
17 2 89 2 179 2 584 1 585 1 590 1
148 2 220 2 310 2 715 1 716 1 721 1
309 1 314 1 315 1 720 2 810 2 882 2
67 1 72 1 73 1 541 2 568 2 640 2
150 2 222 2 312 2 717 1 718 1 723 1
337 1 342 1 343 1 469 2 811 2 838 2
128 1 129 1 186 1 597 2 687 2 696 2
213 1 218 1 219 1 687 2 714 2 786 2
328 1 333 1 334 1 460 2 802 2 829 2
167 2 239 2 266 2 734 1 735 1 740 1
92 2 164 2 191 2 659 1 660 1 665 1
246 1 251 1 252 1 657 2 747 2 819 2
244 2 253 2 343 2 811 1 812 1 817 1
5 2 95 2 437 2 506 1 563 1 564 1
54 2 333 2 405 2 459 1 460 1 465 1
303 1 308 1 309 1 714 2 804 2 876 2
206 2 278 2 368 2 773 1 774 1 779 1
25 2 367 2 439 2 493 1 494 1 499 1
44 2 116 2 143 2 611 1 612 1 617 1
28 2 100 2 127 2 595 1 596 1 601 1
14 1 19 1 20 1 488 2 515 2 587 2
361 1 366 1 367 1 493 2 772 2 862 2
5 1 10 1 11 1 479 2 506 2 578 2
13 2 355 2 427 2 481 1 482 1 487 1
79 1 84 1 85 1 553 2 580 2 652 2
51 1 56 1 57 1 462 2 552 2 624 2
3 2 93 2 435 2 561 1 562 1 567 1
408 1 413 1 414 1 468 2 540 2 882 2
372 1 377 1 378 1 504 2 783 2 873 2
284 1 289 1 290 1 695 2 785 2 857 2
132 2 204 2 294 2 699 1 700 1 705 1
370 1 375 1 376 1 502 2 781 2 871 2
30 2 372 2 381 2 498 1 499 1 504 1
234 1 239 1 240 1 645 2 735 2 807 2
49 1 54 1 55 1 460 2 550 2 622 2
170 2 242 2 269 2 737 1 738 1 743 1
218 1 223 1 224 1 692 2 719 2 791 2
4 2 94 2 436 2 505 1 562 1 563 1
48 2 327 2 399 2 453 1 454 1 459 1
253 1 254 1 311 1 722 2 812 2 821 2
240 1 245 1 246 1 651 2 741 2 813 2
37 2 316 2 388 2 442 1 443 1 448 1
38 1 43 1 44 1 449 2 539 2 611 2
241 2 313 2 340 2 808 1 809 1 814 1
52 2 79 2 421 2 547 1 548 1 553 1
272 1 277 1 278 1 746 2 773 2 845 2
187 2 196 2 286 2 697 1 754 1 755 1
138 1 143 1 144 1 612 2 639 2 711 2
217 2 289 2 316 2 784 1 785 1 790 1
131 1 132 1 189 1 600 2 690 2 699 2
285 2 357 2 384 2 852 1 853 1 858 1
46 1 51 1 52 1 457 2 547 2 619 2
202 1 207 1 208 1 676 2 703 2 775 2
140 1 145 1 146 1 614 2 641 2 713 2
29 2 101 2 128 2 596 1 597 1 602 1
239 2 311 2 338 2 806 1 807 1 812 1
59 2 338 2 410 2 464 1 465 1 470 1
132 1 137 1 138 1 606 2 633 2 705 2
259 2 331 2 421 2 826 1 827 1 832 1
11 1 16 1 17 1 485 2 512 2 584 2
49 2 76 2 418 2 544 1 545 1 550 1
267 2 339 2 429 2 834 1 835 1 840 1
45 2 117 2 144 2 612 1 613 1 618 1
262 2 334 2 424 2 829 1 830 1 835 1
128 2 200 2 290 2 695 1 696 1 701 1
322 1 327 1 328 1 454 2 796 2 823 2
59 2 68 2 158 2 569 1 626 1 627 1
55 2 82 2 424 2 550 1 551 1 556 1
22 2 94 2 184 2 589 1 590 1 595 1
17 2 107 2 386 2 512 1 513 1 518 1
163 2 235 2 262 2 730 1 731 1 736 1
77 1 82 1 83 1 551 2 578 2 650 2
55 2 334 2 406 2 460 1 461 1 466 1
85 1 90 1 91 1 559 2 586 2 658 2
197 2 269 2 359 2 764 1 765 1 770 1
62 2 341 2 413 2 467 1 468 1 473 1
100 2 172 2 199 2 667 1 668 1 673 1
233 1 238 1 239 1 644 2 734 2 806 2
66 2 138 2 228 2 633 1 634 1 639 1
40 2 112 2 139 2 607 1 608 1 613 1
128 1 133 1 134 1 602 2 692 2 701 2
316 1 317 1 374 1 443 2 785 2 875 2
15 2 105 2 384 2 510 1 511 1 516 1
224 2 296 2 323 2 791 1 792 1 797 1
118 1 123 1 124 1 529 2 619 2 691 2
1 2 343 2 415 2 469 1 470 1 475 1
179 1 184 1 185 1 590 2 680 2 752 2
381 1 386 1 387 1 504 2 513 2 855 2
65 1 66 1 123 1 534 2 624 2 633 2
67 2 139 2 229 2 634 1 635 1 640 1
139 1 144 1 145 1 613 2 640 2 712 2
151 2 223 2 313 2 718 1 719 1 724 1
14 2 86 2 176 2 581 1 582 1 587 1
223 1 228 1 229 1 634 2 724 2 796 2
109 2 181 2 208 2 676 1 677 1 682 1
64 1 121 1 126 1 532 2 622 2 631 2
219 2 291 2 318 2 786 1 787 1 792 1
331 1 336 1 337 1 463 2 805 2 832 2
32 2 104 2 131 2 599 1 600 1 605 1
78 2 150 2 240 2 645 1 646 1 651 1
30 2 120 2 399 2 525 1 526 1 531 1
420 1 425 1 426 1 480 2 552 2 831 2
366 1 371 1 372 1 498 2 777 2 867 2
355 1 360 1 361 1 487 2 766 2 856 2
203 2 275 2 365 2 770 1 771 1 776 1
55 1 60 1 61 1 466 2 556 2 628 2
193 1 194 1 251 1 662 2 752 2 761 2
63 2 72 2 162 2 568 1 573 1 630 1
428 1 433 1 434 1 488 2 560 2 839 2
207 2 279 2 369 2 774 1 775 1 780 1
69 1 74 1 75 1 543 2 570 2 642 2
45 1 50 1 51 1 456 2 546 2 618 2
2 2 92 2 434 2 560 1 561 1 566 1
27 1 32 1 33 1 501 2 528 2 600 2
357 1 362 1 363 1 489 2 768 2 858 2
96 1 101 1 102 1 507 2 597 2 669 2
283 1 288 1 289 1 694 2 784 2 856 2
182 1 187 1 188 1 593 2 683 2 755 2
175 2 247 2 274 2 742 1 743 1 748 1
2 2 344 2 416 2 470 1 471 1 476 1
9 2 351 2 423 2 477 1 478 1 483 1
270 1 275 1 276 1 744 2 771 2 843 2
7 2 97 2 439 2 508 1 565 1 566 1
240 2 312 2 339 2 807 1 808 1 813 1
297 1 302 1 303 1 708 2 798 2 870 2
96 2 168 2 195 2 663 1 664 1 669 1
18 2 90 2 180 2 585 1 586 1 591 1
261 2 333 2 423 2 828 1 829 1 834 1
21 1 26 1 27 1 495 2 522 2 594 2
388 1 393 1 394 1 448 2 520 2 862 2
253 1 310 1 315 1 721 2 811 2 820 2
166 1 171 1 172 1 577 2 667 2 739 2
104 2 176 2 203 2 671 1 672 1 677 1
84 1 89 1 90 1 558 2 585 2 657 2
276 1 281 1 282 1 750 2 777 2 849 2
434 1 439 1 440 1 494 2 566 2 845 2
349 1 354 1 355 1 481 2 760 2 850 2
165 1 170 1 171 1 576 2 666 2 738 2
218 2 290 2 317 2 785 1 786 1 791 1
13 2 85 2 175 2 580 1 581 1 586 1
173 1 178 1 179 1 584 2 674 2 746 2
263 1 268 1 269 1 737 2 764 2 836 2
83 1 88 1 89 1 557 2 584 2 656 2
87 1 92 1 93 1 561 2 588 2 660 2
188 2 197 2 287 2 698 1 755 1 756 1
335 1 340 1 341 1 467 2 809 2 836 2
54 2 81 2 423 2 549 1 550 1 555 1
60 2 339 2 411 2 465 1 466 1 471 1
44 2 71 2 413 2 539 1 540 1 545 1
382 1 383 1 440 1 500 2 509 2 851 2
87 2 159 2 249 2 654 1 655 1 660 1
254 1 259 1 260 1 728 2 818 2 827 2
1 2 73 2 163 2 568 1 569 1 574 1
141 2 213 2 303 2 708 1 709 1 714 1
35 2 125 2 404 2 530 1 531 1 536 1
122 2 131 2 221 2 632 1 689 1 690 1
220 1 225 1 226 1 631 2 721 2 793 2
19 2 109 2 388 2 514 1 515 1 520 1
43 2 115 2 142 2 610 1 611 1 616 1
405 1 410 1 411 1 465 2 537 2 879 2
208 2 280 2 370 2 775 1 776 1 781 1
48 2 75 2 417 2 543 1 544 1 549 1
19 2 361 2 433 2 487 1 488 1 493 1
286 1 291 1 292 1 697 2 787 2 859 2
131 1 136 1 137 1 605 2 632 2 704 2
95 1 100 1 101 1 506 2 596 2 668 2
31 2 103 2 130 2 598 1 599 1 604 1
432 1 437 1 438 1 492 2 564 2 843 2
342 1 347 1 348 1 474 2 816 2 843 2
127 1 132 1 133 1 601 2 691 2 700 2
219 1 224 1 225 1 693 2 720 2 792 2
381 1 382 1 439 1 499 2 508 2 850 2
274 2 346 2 436 2 841 1 842 1 847 1
230 2 302 2 329 2 797 1 798 1 803 1
130 1 135 1 136 1 604 2 631 2 703 2
397 1 402 1 403 1 457 2 529 2 871 2
140 2 212 2 302 2 707 1 708 1 713 1
7 1 12 1 13 1 481 2 508 2 580 2
81 1 86 1 87 1 555 2 582 2 654 2
33 2 105 2 132 2 600 1 601 1 606 1
72 2 144 2 234 2 639 1 640 1 645 1
3 1 8 1 9 1 477 2 567 2 576 2
9 2 99 2 441 2 505 1 510 1 567 1
78 1 83 1 84 1 552 2 579 2 651 2
282 2 354 2 381 2 849 1 850 1 855 1
205 1 210 1 211 1 679 2 706 2 778 2
237 1 242 1 243 1 648 2 738 2 810 2
424 1 429 1 430 1 484 2 556 2 835 2
190 1 247 1 252 1 658 2 748 2 757 2
282 1 287 1 288 1 756 2 783 2 855 2
52 1 57 1 58 1 463 2 553 2 625 2
133 2 205 2 295 2 700 1 701 1 706 1
57 2 336 2 408 2 462 1 463 1 468 1
51 2 78 2 420 2 546 1 547 1 552 1
353 1 358 1 359 1 485 2 764 2 854 2
385 1 390 1 391 1 445 2 517 2 859 2
315 2 324 2 414 2 820 1 825 1 882 1
31 2 121 2 400 2 526 1 527 1 532 1
26 2 98 2 188 2 593 1 594 1 599 1
386 1 391 1 392 1 446 2 518 2 860 2
358 1 363 1 364 1 490 2 769 2 859 2
382 1 387 1 388 1 442 2 514 2 856 2
150 1 155 1 156 1 624 2 651 2 723 2
252 2 261 2 351 2 757 1 762 1 819 1
154 2 226 2 253 2 721 1 722 1 727 1
40 1 45 1 46 1 451 2 541 2 613 2
112 2 184 2 211 2 679 1 680 1 685 1
59 2 86 2 428 2 554 1 555 1 560 1
33 2 123 2 402 2 528 1 529 1 534 1
330 1 335 1 336 1 462 2 804 2 831 2
18 1 23 1 24 1 492 2 519 2 591 2
229 1 234 1 235 1 640 2 730 2 802 2
380 1 381 1 438 1 498 2 507 2 849 2
3 1 4 1 61 1 472 2 562 2 571 2
86 2 158 2 248 2 653 1 654 1 659 1
53 2 80 2 422 2 548 1 549 1 554 1
403 1 408 1 409 1 463 2 535 2 877 2
145 2 217 2 307 2 712 1 713 1 718 1
189 2 198 2 288 2 694 1 699 1 756 1
139 2 211 2 301 2 706 1 707 1 712 1
4 2 76 2 166 2 571 1 572 1 577 1
404 1 409 1 410 1 464 2 536 2 878 2
111 2 183 2 210 2 678 1 679 1 684 1
88 1 93 1 94 1 562 2 589 2 661 2
273 1 278 1 279 1 747 2 774 2 846 2
309 2 318 2 408 2 876 1 877 1 882 1
86 1 91 1 92 1 560 2 587 2 659 2
215 2 287 2 377 2 782 1 783 1 788 1
339 1 344 1 345 1 471 2 813 2 840 2
292 1 297 1 298 1 703 2 793 2 865 2
44 1 49 1 50 1 455 2 545 2 617 2
5 2 347 2 419 2 473 1 474 1 479 1
1 2 91 2 433 2 559 1 560 1 565 1
24 2 114 2 393 2 519 1 520 1 525 1
43 2 322 2 394 2 448 1 449 1 454 1
143 1 148 1 149 1 617 2 644 2 716 2
126 2 135 2 225 2 631 1 636 1 693 1
16 1 21 1 22 1 490 2 517 2 589 2
53 1 58 1 59 1 464 2 554 2 626 2
35 2 377 2 386 2 446 1 503 1 504 1
277 1 282 1 283 1 751 2 778 2 850 2
147 2 219 2 309 2 714 1 715 1 720 1
29 2 119 2 398 2 524 1 525 1 530 1
302 1 307 1 308 1 713 2 803 2 875 2
340 1 345 1 346 1 472 2 814 2 841 2
135 1 140 1 141 1 609 2 636 2 708 2
6 2 96 2 438 2 507 1 564 1 565 1
369 1 374 1 375 1 501 2 780 2 870 2
433 1 438 1 439 1 493 2 565 2 844 2
197 1 202 1 203 1 671 2 698 2 770 2
243 1 248 1 249 1 654 2 744 2 816 2
304 1 309 1 310 1 715 2 805 2 877 2
320 1 321 1 378 1 447 2 789 2 879 2
101 1 106 1 107 1 512 2 602 2 674 2
10 1 15 1 16 1 484 2 511 2 583 2
120 1 125 1 126 1 531 2 621 2 693 2
305 2 377 2 404 2 872 1 873 1 878 1
228 2 300 2 327 2 795 1 796 1 801 1
333 1 338 1 339 1 465 2 807 2 834 2
209 2 281 2 371 2 776 1 777 1 782 1
275 2 347 2 437 2 842 1 843 1 848 1
290 2 362 2 389 2 857 1 858 1 863 1
103 1 108 1 109 1 514 2 604 2 676 2
34 1 39 1 40 1 445 2 535 2 607 2
143 2 215 2 305 2 710 1 711 1 716 1
263 2 335 2 425 2 830 1 831 1 836 1
5 2 77 2 167 2 572 1 573 1 578 1
12 2 354 2 426 2 480 1 481 1 486 1
199 2 271 2 361 2 766 1 767 1 772 1
198 2 270 2 360 2 765 1 766 1 771 1
308 1 313 1 314 1 719 2 809 2 881 2
8 2 80 2 170 2 575 1 576 1 581 1
3 2 345 2 417 2 471 1 472 1 477 1
415 1 420 1 421 1 475 2 547 2 826 2
398 1 403 1 404 1 458 2 530 2 872 2
192 1 197 1 198 1 666 2 756 2 765 2
6 2 78 2 168 2 573 1 574 1 579 1
138 2 210 2 300 2 705 1 706 1 711 1
431 1 436 1 437 1 491 2 563 2 842 2
142 2 214 2 304 2 709 1 710 1 715 1
10 2 100 2 379 2 505 1 506 1 511 1
159 1 164 1 165 1 570 2 660 2 732 2
76 2 148 2 238 2 643 1 644 1 649 1
269 1 274 1 275 1 743 2 770 2 842 2
34 2 106 2 133 2 601 1 602 1 607 1
45 2 324 2 396 2 450 1 451 1 456 1
247 2 256 2 346 2 757 1 814 1 815 1
318 1 323 1 324 1 450 2 792 2 882 2
66 1 71 1 72 1 540 2 630 2 639 2
93 2 165 2 192 2 660 1 661 1 666 1
216 2 288 2 378 2 783 1 784 1 789 1
70 1 75 1 76 1 544 2 571 2 643 2
115 2 187 2 214 2 682 1 683 1 688 1
56 1 61 1 62 1 467 2 557 2 629 2
20 2 92 2 182 2 587 1 588 1 593 1
162 1 167 1 168 1 573 2 663 2 735 2
280 1 285 1 286 1 754 2 781 2 853 2
229 2 301 2 328 2 796 1 797 1 802 1
37 2 109 2 136 2 604 1 605 1 610 1
211 2 283 2 373 2 778 1 779 1 784 1
354 1 359 1 360 1 486 2 765 2 855 2
423 1 428 1 429 1 483 2 555 2 834 2
392 1 397 1 398 1 452 2 524 2 866 2
429 1 434 1 435 1 489 2 561 2 840 2
169 2 241 2 268 2 736 1 737 1 742 1
316 1 373 1 378 1 442 2 784 2 874 2
210 2 282 2 372 2 777 1 778 1 783 1
222 2 294 2 321 2 789 1 790 1 795 1
319 1 320 1 377 1 446 2 788 2 878 2
193 1 198 1 199 1 667 2 694 2 766 2
237 2 309 2 336 2 804 1 805 1 810 1
412 1 417 1 418 1 472 2 544 2 823 2
7 2 79 2 169 2 574 1 575 1 580 1
103 2 175 2 202 2 670 1 671 1 676 1
47 2 119 2 146 2 614 1 615 1 620 1
161 1 166 1 167 1 572 2 662 2 734 2
29 2 371 2 380 2 497 1 498 1 503 1
129 1 134 1 135 1 603 2 693 2 702 2
209 1 214 1 215 1 683 2 710 2 782 2
254 1 255 1 312 1 723 2 813 2 822 2
255 2 327 2 417 2 822 1 823 1 828 1
41 2 113 2 140 2 608 1 609 1 614 1
12 2 84 2 174 2 579 1 580 1 585 1
3 2 75 2 165 2 570 1 571 1 576 1
48 1 53 1 54 1 459 2 549 2 621 2
208 1 213 1 214 1 682 2 709 2 781 2
61 2 340 2 412 2 466 1 467 1 472 1
135 1 227 1 265 1 641 2 708 2 788 2
85 1 227 1 481 1 496 2 668 2 675 2
85 1 582 2 737 1 769 1 828 2 879 2
127 1 316 2 551 1 593 2 769 1 776 2
180 1 551 1 569 2 578 1 787 2 822 2
135 1 180 1 293 1 515 2 802 2 832 2
135 1 408 2 481 1 678 2 733 1 868 2
197 2 353 2 372 1 481 1 737 1 827 2
127 1 334 1 458 2 676 2 737 1 738 2
90 2 127 1 210 2 578 1 810 1 836 2
10 2 293 1 340 2 352 2 578 1 615 1
293 1 368 2 546 1 733 1 823 2 878 2
73 1 372 1 482 2 579 2 695 2 733 1
68 2 334 1 372 1 524 2 576 1 648 2
19 1 334 1 360 2 512 2 638 2 810 1
42 2 288 2 433 2 615 1 793 1 810 1
241 2 315 1 546 1 556 2 615 1 625 2
73 1 332 2 362 2 546 1 682 2 766 1
73 1 285 2 509 1 576 1 713 2 718 2
19 1 165 1 394 2 533 2 576 1 850 2
19 1 62 2 143 2 261 2 684 1 793 1
65 2 192 1 315 1 400 2 624 2 793 1
37 1 163 2 263 2 291 2 315 1 766 1
29 2 83 2 257 1 509 1 766 1 789 2
70 2 165 1 320 2 346 1 509 1 573 2
23 2 30 1 165 1 166 2 684 1 754 2
192 1 281 2 283 2 462 2 669 1 684 1
37 1 192 1 239 1 355 2 375 2 575 2
37 1 130 1 257 1 610 2 798 2 872 2
168 1 170 2 257 1 346 1 588 2 656 2
30 1 298 1 346 1 507 2 722 2 753 2
30 1 31 1 120 2 154 2 654 2 669 1
6 1 239 1 532 2 669 1 735 2 764 2
130 1 171 2 228 2 239 1 819 1 840 2
12 2 69 1 130 1 168 1 710 2 795 2
168 1 188 2 290 1 298 1 409 2 450 2
7 2 31 1 298 1 312 1 597 2 854 2
6 1 31 1 207 2 314 2 511 2 598 1
6 1 48 2 370 2 406 1 514 2 819 1
69 1 179 2 401 2 635 2 761 1 819 1
69 1 79 2 251 2 290 1 319 1 877 2
155 1 174 2 290 1 312 1 471 2 492 2
111 1 247 2 312 1 598 1 714 2 790 2
213 2 406 1 574 2 598 1 704 2 786 1
144 2 406 1 618 2 667 1 761 1 841 2
196 2 277 2 319 1 335 2 607 1 761 1
155 1 183 2 319 1 354 2 427 1 870 2
111 1 145 2 155 1 594 2 717 2 880 1
111 1 259 2 443 2 590 1 616 2 786 1
202 2 292 2 296 2 376 1 667 1 786 1
98 2 499 2 581 1 607 1 667 1 749 2
25 2 410 2 427 1 600 2 607 1 746 1
234 2 271 2 427 1 771 2 794 1 880 1
195 2 451 1 570 2 590 1 702 2 880 1
376 1 500 2 590 1 623 2 628 2 661 1
182 2 254 2 376 1 414 2 581 1 849 1
33 2 151 1 275 2 581 1 746 1 748 2
236 2 252 2 265 1 344 2 746 1 794 1
227 1 451 1 612 2 622 2 763 2 794 1
85 1 447 2 451 1 549 2 661 1 703 2
78 2 412 2 661 1 769 1 849 1 882 2
151 1 272 2 324 2 551 1 631 2 849 1
95 2 151 1 180 1 222 2 265 1 663 2
7 2 133 2 231 1 420 1 500 2 651 1
5 1 182 2 189 2 420 1 511 2 644 1
48 2 275 2 338 1 634 2 644 1 844 1
179 2 252 2 338 1 473 1 559 1 645 2
108 1 152 1 251 2 465 2 473 1 622 2
152 1 231 1 405 2 447 2 471 2 666 1
5 1 78 2 231 1 247 2 452 2 847 1
5 1 11 1 324 2 547 2 704 2 844 1
144 2 205 1 559 1 663 2 736 2 844 1
39 1 108 1 335 2 476 2 559 1 708 2
15 1 108 1 183 2 233 2 496 2 666 1
96 2 437 1 666 1 717 2 847 1 879 2
11 1 493 1 616 2 776 2 838 2 847 1
11 1 205 1 225 2 296 2 627 1 822 2
39 1 205 1 655 2 739 1 749 2 832 2
15 1 39 1 539 2 580 1 600 2 868 2
15 1 44 2 437 1 548 1 771 2 827 2
345 2 437 1 458 2 493 1 702 2 734 1
51 2 131 1 210 2 493 1 623 2 627 1
10 2 254 2 295 2 627 1 698 1 739 1
33 2 540 2 580 1 689 1 739 1 878 2
22 2 344 2 548 1 580 1 629 1 695 2
548 1 648 2 734 1 763 2 770 2 782 1
131 1 512 2 549 2 699 1 706 2 734 1
131 1 288 2 412 2 494 2 698 1 779 1
138 2 272 2 321 1 556 2 689 1 698 1
222 2 367 1 516 2 629 1 682 2 689 1
229 2 248 1 285 2 629 1 782 1 788 2
356 1 566 2 668 2 699 1 782 1 850 2
62 2 313 1 582 2 699 1 779 1 845 2
106 2 280 1 321 1 593 2 624 2 779 1
291 2 321 1 327 2 367 1 569 2 721 1
29 2 248 1 367 1 671 1 681 2 802 2
248 1 320 2 356 1 449 1 544 2 678 2
117 2 197 2 313 1 356 1 436 1 754 2
267 2 280 1 313 1 462 2 552 1 738 2
280 1 416 1 575 2 632 2 721 1 836 2
352 2 386 2 610 2 671 1 721 1 809 1
41 2 170 2 368 2 449 1 491 1 671 1
436 1 449 1 482 2 722 2 818 1 869 2
359 1 436 1 524 2 552 1 654 2 688 2
240 1 347 2 416 1 552 1 638 2 735 2
175 1 365 2 416 1 433 2 809 1 840 2
12 2 426 2 491 1 495 1 625 2 809 1
332 2 450 2 486 1 491 1 553 2 818 1
359 1 399 1 650 2 713 2 818 1 854 2
240 1 258 1 314 2 359 1 385 2 394 2
175 1 184 1 240 1 261 2 514 2 778 2
175 1 282 1 400 2 495 1 635 2 762 2
74 1 114 2 263 2 486 1 495 1 877 2
141 2 399 1 411 1 486 1 492 2 789 2
70 2 258 1 317 1 399 1 714 2 848 2
23 2 89 1 159 2 184 1 258 1 574 2
118 2 184 1 281 2 282 1 396 1 618 2
74 1 277 2 282 1 336 2 355 2 640 1
27 2 74 1 411 1 454 1 798 2 870 2
145 2 206 2 317 1 411 1 656 2 811 1
89 1 237 2 259 2 317 1 651 1 753 2
89 1 154 2 292 2 396 1 420 1 711 2
169 2 396 1 499 2 640 1 644 1 764 2
25 2 86 2 171 2 338 1 454 1 640 1
107 2 271 2 454 1 473 1 710 2 811 1
152 1 188 2 195 2 651 1 792 2 811 1
18 2 204 1 308 1 336 2 575 2 725 1
27 2 204 1 562 1 610 2 620 2 636 1
170 2 200 1 206 2 212 2 562 1 873 1
55 2 200 1 237 2 378 1 722 2 730 1
378 1 404 2 605 1 654 2 711 2 720 1
169 2 586 2 605 1 613 1 725 1 735 2
86 2 423 1 636 1 725 1 747 2 840 2
12 2 107 2 289 2 501 1 636 1 873 1
278 2 450 2 730 1 792 2 801 1 873 1
88 2 93 1 133 2 720 1 730 1 854 2
189 2 194 1 314 2 503 2 613 1 720 1
423 1 514 2 603 1 613 1 634 2 833 2
423 1 501 1 635 2 645 2 646 1 775 2
465 2 501 1 609 1 732 2 801 1 877 2
93 1 405 2 424 1 492 2 709 2 801 1
93 1 194 1 253 1 452 2 714 2 835 2
194 1 547 2 574 2 603 1 791 1 820 2
87 2 92 1 603 1 618 2 646 1 736 2
277 2 388 1 476 2 609 1 646 1 773 2
63 1 233 2 331 2 424 1 609 1 870 2
96 2 145 2 253 1 318 1 424 1 797 2
253 1 259 2 287 1 557 2 791 1 838 2
92 1 158 2 214 1 225 2 292 2 791 1
92 1 388 1 499 2 560 2 655 2 758 1
25 2 63 1 113 1 388 1 539 2 647 2
44 2 63 1 271 2 318 1 403 2 534 1
195 2 287 1 318 1 345 2 349 1 456 2
51 2 139 1 214 1 287 1 500 2 760 2
100 1 182 2 214 1 295 2 310 2 758 1
13 1 113 1 275 2 531 2 540 2 758 1
22 2 113 1 244 2 252 2 485 1 534 1
28 2 349 1 432 1 534 1 622 2 770 2
139 1 349 1 447 2 528 2 706 2 837 1
78 2 100 1 128 2 139 1 384 1 494 2
13 1 99 2 100 1 138 2 324 2 871 1
13 1 366 2 485 1 516 2 663 2 851 1
229 2 348 1 432 1 485 1 626 2 708 2
167 2 364 1 432 1 496 2 566 2 837 1
102 2 384 1 693 1 837 1 845 2 879 2
106 2 302 2 384 1 687 1 776 2 871 1
140 1 327 2 565 2 822 2 851 1 871 1
112 2 186 1 348 1 681 2 832 2 851 1
348 1 364 1 505 1 544 2 860 2 868 2
117 2 364 1 441 1 591 2 693 1 827 2
49 2 267 2 458 2 521 1 687 1 693 1
97 2 140 1 210 2 542 1 632 2 687 1
10 2 136 2 140 1 186 1 386 2 696 1
41 2 76 1 186 1 199 2 505 1 878 2
81 1 441 1 505 1 674 2 695 2 869 2
40 1 250 2 441 1 521 1 648 2 688 2
57 1 164 2 347 2 512 2 521 1 542 1
60 1 288 2 365 2 542 1 555 2 696 1
76 1 132 2 426 2 556 2 642 1 696 1
16 2 76 1 81 1 472 1 553 2 682 2
1 1 40 1 66 2 81 1 285 2 650 2
40 1 57 1 385 2 431 2 673 1 850 2
57 1 60 1 62 2 224 1 434 2 778 2
45 2 60 1 308 1 624 2 642 1 762 2
114 2 123 2 204 1 291 2 472 1 642 1
1 1 29 2 141 2 472 1 474 2 562 1
1 1 200 1 320 2 602 2 673 1 848 2
159 2 224 1 378 1 673 1 700 2 754 2
118 2 224 1 308 1 462 2 605 1 774 2
66 2 72 1 229 2 243 1 391 2 744 1
72 1 177 1 369 2 393 1 431 2 566 2
177 1 270 1 286 2 434 2 831 1 845 2
45 2 50 2 106 2 270 1 662 1 865 1
47 2 123 2 148 1 284 1 327 2 662 1
142 1 148 1 208 2 243 1 474 2 681 2
243 1 393 1 487 2 544 2 545 1 602 2
117 2 393 1 630 2 700 2 805 1 831 1
267 2 377 1 774 2 825 2 831 1 865 1
18 2 46 1 284 1 632 2 824 2 865 1
142 1 147 2 284 1 386 2 536 1 620 2
41 2 142 1 212 2 460 2 461 1 545 1
55 2 380 2 545 1 608 1 805 1 869 2
14 1 377 1 404 2 660 2 688 2 805 1
46 1 337 1 347 2 377 1 429 2 586 2
46 1 246 2 365 2 536 1 741 1 747 2
255 1 289 2 426 2 461 1 536 1 572 2
56 1 278 2 461 1 553 2 608 1 665 2
14 1 88 2 608 1 650 2 716 2 881 1
14 1 337 1 385 2 503 2 815 2 874 1
134 1 337 1 741 1 778 2 833 2 862 2
218 1 255 1 741 1 762 2 775 2 855 2
56 1 114 2 137 2 238 1 255 1 732 2
56 1 141 2 373 2 563 1 709 2 881 1
448 2 520 1 835 2 848 2 874 1 881 1
134 1 159 2 484 1 783 2 820 2 874 1
87 2 118 2 134 1 218 1 523 1 846 2
176 1 218 1 238 1 336 2 604 2 773 2
27 2 238 1 331 2 563 1 592 1 694 2
206 2 520 1 563 1 652 2 726 1 797 2
226 2 237 2 484 1 520 1 557 2 712 1
3 1 158 2 484 1 523 1 527 2 711 2
129 1 169 2 176 1 523 1 560 2 863 2
77 2 86 2 176 1 592 1 647 2 649 1
52 1 107 2 403 2 592 1 639 2 726 1
125 2 456 2 498 1 712 1 726 1 792 2
3 1 91 2 133 2 371 1 712 1 760 2
3 1 105 2 129 1 189 2 307 1 310 2
129 1 146 1 531 2 634 2 649 1 813 2
52 1 244 2 645 2 649 1 767 1 853 2
28 2 35 1 52 1 465 2 498 1 729 2
268 2 371 1 405 2 498 1 519 1 528 2
128 2 219 1 260 2 307 1 371 1 452 2
99 2 146 1 307 1 522 2 547 2 633 1
146 1 366 2 463 2 589 1 736 2 767 1
35 1 357 1 468 2 476 2 626 2 767 1
35 1 167 2 233 2 304 2 519 1 535 1
96 2 102 2 219 1 519 1 742 1 866 2
103 1 119 2 219 1 302 2 633 1 838 2
225 2 379 1 565 2 589 1 611 2 633 1
112 2 357 1 589 1 596 1 655 2 679 2
187 1 357 1 535 1 539 2 599 2 860 2
44 2 161 1 442 2 535 1 591 2 742 1
49 2 61 2 103 1 345 2 742 1 806 1
51 2 97 2 103 1 379 1 381 1 568 2
136 2 153 1 295 2 379 1 506 2 596 1
187 1 199 2 440 2 540 2 567 1 596 1
22 2 161 1 187 1 674 2 744 1 842 2
72 1 161 1 250 2 529 2 770 2 806 1
164 2 177 1 305 2 381 1 706 2 806 1
153 1 270 1 381 1 479 2 494 2 555 2
110 2 132 2 138 2 153 1 567 1 662 1
16 2 148 1 516 2 567 1 744 1 759 2
249 2 464 1 568 2 595 1 686 1 760 2
310 2 506 2 554 2 595 1 707 1 875 1
53 1 440 2 526 1 531 2 875 1 876 2
53 1 121 1 217 2 244 2 395 1 842 2
28 2 121 1 157 2 325 1 470 1 529 2
20 2 305 2 325 1 419 1 464 1 528 2
128 2 306 1 464 1 479 2 614 2 707 1
99 2 110 2 245 2 446 1 526 1 707 1
124 1 366 2 395 1 526 1 683 2 759 2
190 1 391 2 395 1 470 1 619 2 626 2
167 2 369 2 419 1 470 1 697 1 821 2
102 2 286 2 306 1 323 2 419 1 459 1
50 2 216 1 302 2 306 1 309 2 446 1
47 2 54 2 124 1 262 1 446 1 565 2
101 1 112 2 124 1 190 1 208 2 617 2
150 2 190 1 387 1 487 2 697 1 860 2
269 2 459 1 591 2 630 2 697 1 839 1
49 2 216 1 459 1 467 2 677 1 825 2
97 2 116 2 216 1 262 1 361 1 824 2
101 1 136 2 147 2 262 1 537 2 601 1
101 1 198 2 199 2 387 1 460 2 780 1
380 2 387 1 392 1 674 2 728 2 839 1
250 2 418 1 660 2 677 1 816 2 839 1
164 2 172 2 361 1 429 2 677 1 690 1
209 2 246 2 361 1 555 2 601 1 796 1
132 2 297 2 543 1 572 2 601 1 780 1
16 2 34 2 80 1 392 1 665 2 780 1
8 2 66 2 392 1 418 1 716 2 852 1
342 2 418 1 431 2 457 1 690 1 815 2
434 2 690 1 740 2 745 1 796 1 862 2
45 2 475 2 543 1 672 1 796 1 855 2
17 2 80 1 123 2 137 2 543 1 585 1
80 1 373 2 397 1 474 2 606 2 852 1
439 2 448 2 457 1 602 2 719 1 852 1
264 2 457 1 510 1 700 2 745 1 783 2
215 2 435 1 672 1 745 1 774 2 846 2
18 2 339 1 398 2 585 1 604 2 672 1
156 1 397 1 585 1 620 2 694 2 817 2
212 2 397 1 428 2 525 1 652 2 719 1
43 2 55 2 226 2 510 1 719 1 785 1
223 2 404 2 435 1 510 1 527 2 550 1
301 1 339 1 435 1 502 2 586 2 863 2
4 2 77 2 156 1 193 1 339 1 747 2
156 1 289 2 329 1 341 2 525 1 639 2
125 2 278 2 417 2 525 1 680 1 785 1
88 2 91 2 220 2 242 1 550 1 785 1
26 1 105 2 149 2 301 1 503 2 550 1
2 2 193 1 256 1 301 1 813 2 833 2
32 2 193 1 329 1 363 1 775 2 853 2
329 1 530 2 680 1 729 2 732 2 799 1
242 1 268 2 497 2 571 1 680 1 709 2
26 1 242 1 260 2 466 2 807 1 835 2
26 1 256 1 508 1 522 2 812 2 820 2
64 1 87 2 256 1 363 1 374 2 463 2
230 1 363 1 402 2 468 2 773 2 799 1
126 2 304 2 331 2 571 1 799 1 826 1
558 1 571 1 781 2 797 2 807 1 866 2
119 2 303 2 508 1 557 2 686 1 807 1
59 2 64 1 158 2 508 1 595 1 611 2
64 1 230 1 518 2 560 2 679 2 875 1
53 1 191 2 230 1 599 2 647 2 826 1
121 1 122 2 403 2 442 2 558 1 826 1
61 2 325 1 456 2 558 1 686 1 752 2
94 1 402 2 597 2 604 2 637 1 861 1
126 2 207 2 358 1 504 1 637 1 694 2
58 1 358 1 370 2 652 2 781 2 843 1
58 1 226 2 303 2 401 2 477 1 864 1
59 2 79 2 444 1 527 2 808 1 864 1
94 1 162 1 174 2 518 2 808 1 863 2
77 2 94 1 191 2 504 1 621 1 790 2
67 1 122 2 213 2 504 1 639 2 843 1
125 2 279 1 477 1 752 2 841 2 843 1
91 2 196 2 249 2 343 1 444 1 477 1
71 1 105 2 162 1 354 2 444 1 554 2
162 1 407 1 594 2 621 1 813 2 876 2
67 1 217 2 443 2 564 1 621 1 853 2
67 1 157 2 202 2 279 1 488 1 729 2
20 2 98 2 268 2 279 1 343 1 765 1
71 1 260 2 343 1 410 2 614 2 653 1
71 1 160 1 234 2 245 2 407 1 522 2
407 1 463 2 564 1 570 2 683 2 814 1
333 1 468 2 488 1 564 1 619 2 628 2
304 2 414 2 488 1 701 1 765 1 821 2
211 1 323 2 653 1 748 2 765 1 866 2
119 2 160 1 236 2 309 2 561 1 653 1
54 2 160 1 425 1 611 2 612 2 814 1
333 1 617 2 679 2 703 2 784 1 814 1
150 2 333 1 599 2 701 1 800 1 882 2
211 1 269 2 438 1 442 2 631 2 701 1
61 2 95 2 211 1 467 2 561 1 724 1
116 2 326 1 425 1 561 1 568 2 641 2
84 1 425 1 506 2 537 2 675 2 784 1
82 1 198 2 440 2 784 1 800 1 828 2
24 1 316 2 438 1 728 2 800 1 842 2
438 1 490 1 529 2 724 1 787 2 816 2
172 2 201 1 305 2 326 1 515 2 724 1
84 1 209 2 326 1 408 2 479 2 692 1
75 1 82 1 84 1 110 2 297 2 353 2
24 1 34 2 82 1 422 1 676 2 759 2
8 2 24 1 90 2 274 1 391 2 490 1
201 1 340 2 342 2 369 2 490 1 750 1
201 1 286 2 692 1 740 2 823 2 856 1
50 2 75 1 475 2 579 2 659 1 692 1
17 2 47 2 68 2 75 1 322 1 422 1
208 2 274 1 360 2 422 1 606 2 670 1
42 2 274 1 439 2 487 2 750 1 756 1
241 2 264 2 478 1 630 2 750 1 856 1
215 2 362 2 483 1 659 1 825 2 856 1
322 1 398 2 577 1 659 1 718 2 824 2
147 2 322 1 517 1 533 2 670 1 817 2
143 2 328 1 428 2 460 2 670 1 756 1
43 2 65 2 380 2 390 1 478 1 756 1
163 2 185 1 223 2 478 1 483 1 660 2
83 2 429 2 483 1 502 2 577 1 658 1
4 2 246 2 430 1 517 1 573 2 577 1
166 2 276 1 328 1 341 2 517 1 572 2
283 2 328 1 390 1 417 2 665 2 803 1
185 1 220 2 375 2 390 1 587 1 716 2
149 2 185 1 382 1 658 1 815 2 872 2
2 2 430 1 584 1 588 2 658 1 862 2
32 2 276 1 430 1 507 2 855 2 861 1
120 2 137 2 276 1 530 2 637 1 803 1
358 1 373 2 497 2 532 2 587 1 803 1
58 1 228 2 382 1 448 2 466 2 587 1
382 1 584 1 783 2 795 2 812 2 864 1
374 2 409 2 584 1 808 1 846 2 861 1
8 2 9 1 109 1 181 1 375 2 836 2
9 1 311 1 342 2 352 2 768 1 872 2
368 2 588 2 643 1 727 1 740 2 768 1
475 2 482 2 507 2 705 1 727 1 757 1
17 2 120 2 203 1 453 1 524 2 705 1
109 1 203 1 330 1 532 2 606 2 638 2
109 1 228 2 311 1 433 2 439 2 751 1
264 2 311 1 625 2 643 1 755 1 795 2
215 2 332 2 350 1 409 2 643 1 757 1
398 2 453 1 597 2 685 1 713 2 757 1
207 2 330 1 389 1 394 2 453 1 817 2
115 1 261 2 330 1 370 2 428 2 751 1
43 2 400 2 401 2 421 1 751 1 755 1
79 2 223 2 263 2 350 1 755 1 858 1
174 2 350 1 502 2 538 1 685 1 789 2
4 2 70 2 389 1 413 1 685 1 790 2
23 2 115 1 213 2 235 1 341 2 389 1
36 1 115 1 281 2 417 2 421 1 841 2
196 2 220 2 355 2 421 1 731 1 858 1
149 2 354 2 538 1 798 2 830 1 858 1
2 2 413 1 480 1 538 1 594 2 656 2
32 2 235 1 413 1 415 1 443 2 753 2
36 1 38 1 154 2 202 2 235 1 530 2
36 1 98 2 383 1 497 2 731 1 764 2
171 2 410 2 466 2 731 1 772 1 830 1
234 2 480 1 710 2 777 1 812 2 830 1
188 2 374 2 415 1 480 1 570 2 715 1
7 2 38 1 402 2 415 1 469 1 628 2
38 1 126 2 232 1 383 1 414 2 511 2
48 2 383 1 583 1 748 2 772 1 781 2
179 2 221 1 236 2 303 2 772 1 777 1
59 2 251 2 541 1 612 2 715 1 777 1
351 1 469 1 471 2 518 2 703 2 715 1
191 2 232 1 247 2 469 1 867 1 882 2
122 2 178 1 232 1 583 1 631 2 704 2
95 2 144 2 221 1 299 1 583 1 752 2
221 1 249 2 335 2 541 1 641 2 829 1
183 2 351 1 445 1 541 1 554 2 675 2
300 1 351 1 717 2 828 2 867 1 876 2
173 1 178 1 217 2 316 2 616 2 867 1
157 2 178 1 266 1 296 2 299 1 787 2
20 2 299 1 515 2 657 1 749 2 829 1
408 2 445 1 489 1 600 2 614 2 829 1
245 2 294 1 300 1 353 2 445 1 771 2
173 1 300 1 676 2 683 2 702 2 857 1
90 2 173 1 266 1 619 2 623 2 743 1
254 2 266 1 340 2 455 1 657 1 821 2
33 2 104 1 323 2 489 1 657 1 823 2
21 1 294 1 309 2 344 2 489 1 579 2
54 2 68 2 294 1 664 1 763 2 857 1
360 2 549 2 617 2 743 1 857 1 859 1
42 2 150 2 273 1 412 2 455 1 743 1
104 1 241 2 269 2 272 2 455 1 834 1
21 1 104 1 222 2 362 2 467 2 723 1
21 1 116 2 664 1 718 2 788 2 804 1
533 2 537 2 664 1 668 2 691 1 859 1
143 2 198 2 273 1 513 1 582 2 859 1
65 2 181 1 273 1 593 2 728 2 834 1
9 1 163 2 569 2 723 1 816 2 834 1
83 2 172 2 723 1 768 1 802 2 804 1
209 2 573 2 678 2 691 1 727 1 804 1
166 2 197 2 297 2 513 1 691 1 705 1
34 2 181 1 203 1 283 2 513 1 738 2
298 2 409 1 507 1 597 1 757 2 861 2
31 2 120 1 207 1 453 2 597 1 637 2
6 2 207 1 330 2 358 2 370 1 532 1
58 2 228 1 370 1 401 1 751 2 819 2
69 2 79 1 401 1 755 2 795 1 864 2
79 1 174 1 290 2 350 2 409 1 808 2
94 2 174 1 312 2 597 1 685 2 790 1
207 1 213 1 389 2 504 2 598 2 790 1
115 2 213 1 370 1 406 2 841 1 843 2
196 1 401 1 421 2 477 2 761 2 841 1
79 1 196 1 319 2 354 1 444 2 858 2
155 2 162 2 174 1 354 1 538 2 594 1
111 2 413 2 443 1 594 1 621 2 790 1
67 2 202 1 213 1 235 2 443 1 786 2
36 2 98 1 202 1 279 2 667 2 841 1
98 1 196 1 343 2 410 1 607 2 731 2
71 2 234 1 354 1 410 1 427 2 830 2
234 1 407 2 480 2 570 1 594 1 880 2
415 2 443 1 564 2 570 1 590 2 628 1
38 2 202 1 376 2 414 1 488 2 628 1
98 1 383 2 414 1 581 2 748 1 765 2
236 1 410 1 653 2 746 2 748 1 772 2
160 2 234 1 236 1 612 1 777 2 794 2
451 2 570 1 612 1 703 1 715 2 814 2
333 2 469 2 628 1 661 2 703 1 882 1
232 2 414 1 631 1 701 2 849 2 882 1
95 1 151 2 211 2 583 2 631 1 748 1
95 1 221 2 236 1 265 2 561 2 641 1
227 2 425 2 541 2 612 1 641 1 675 1
85 2 351 2 675 1 703 1 784 2 828 1
316 1 769 2 800 2 828 1 867 2 882 1
178 2 316 1 438 2 551 2 631 1 787 1
95 1 180 2 299 2 515 1 724 2 787 1
135 2 326 2 408 1 515 1 641 1 829 2
84 2 353 1 408 1 445 2 481 2 675 1
82 2 300 2 353 1 676 1 737 2 828 1
24 2 90 1 127 2 173 2 316 1 676 1
90 1 266 2 340 1 490 2 578 2 787 1
201 2 293 2 340 1 515 1 657 2 823 1
408 1 489 2 579 1 692 2 733 2 823 1
68 1 75 2 294 2 353 1 372 2 579 1
68 1 334 2 360 1 422 2 676 1 857 2
42 1 90 1 274 2 360 1 743 2 810 2
42 1 241 1 340 1 455 2 615 2 750 2
104 2 241 1 362 1 546 2 823 1 856 2
21 2 73 2 362 1 579 1 659 2 718 1
68 1 322 2 533 1 576 2 664 2 718 1
19 2 143 1 360 1 533 1 670 2 859 2
42 1 65 1 143 1 273 2 756 2 793 2
65 1 163 1 241 1 315 2 478 2 834 2
83 1 163 1 362 1 483 2 723 2 766 2
83 1 509 2 573 1 577 2 718 1 804 2
165 2 166 1 517 2 533 1 573 1 691 2
143 1 166 1 283 1 328 2 513 2 684 2
65 1 181 2 192 2 283 1 375 1 390 2
9 2 37 2 163 1 185 2 375 1 872 1
83 1 257 2 588 1 658 2 768 2 872 1
346 2 430 2 507 1 573 1 588 1 727 2
30 2 120 1 166 1 276 2 507 1 705 2
120 1 203 2 283 1 532 1 669 2 803 2
109 2 228 1 239 2 375 1 532 1 587 2
130 2 228 1 311 2 382 2 795 1 872 1
168 2 409 1 584 2 588 1 643 2 795 1
127 2 181 2 280 2 593 1 738 1 836 1
9 2 352 1 569 1 578 2 721 2 836 1
293 2 352 1 368 1 671 2 768 2 802 1
368 1 449 2 482 1 678 1 727 2 733 2
197 1 372 2 436 2 482 1 524 1 705 2
203 2 334 2 524 1 552 2 638 1 738 1
109 2 416 2 433 1 638 1 810 2 836 1
311 2 352 1 433 1 615 2 625 1 809 2
332 1 368 1 491 2 546 2 625 1 643 2
73 2 332 1 482 1 713 1 757 2 818 2
359 2 394 1 453 2 524 1 576 2 713 1
19 2 240 2 261 1 330 2 394 1 638 1
175 2 261 1 400 1 433 1 751 2 793 2
263 1 315 2 400 1 495 2 625 1 755 2
263 1 332 1 350 2 486 2 766 2 789 1
70 1 399 2 509 2 685 2 713 1 789 1
23 1 70 1 165 2 258 2 389 2 394 1
23 1 115 2 184 2 261 1 281 1 684 2
192 2 281 1 282 2 355 1 400 1 421 2
37 2 74 2 263 1 355 1 798 1 858 2
257 2 411 2 538 2 656 1 789 1 798 1
70 1 317 2 346 2 413 2 656 1 753 1
23 1 30 2 89 2 154 1 235 2 753 1
36 2 154 1 281 1 396 2 669 2 764 1
171 1 239 2 355 1 640 2 731 2 764 1
130 2 171 1 454 2 710 1 798 1 830 2
168 2 188 1 480 2 656 1 710 1 811 2
7 1 188 1 298 2 415 2 651 2 753 1
7 1 31 2 38 2 154 1 420 2 511 1
6 2 48 1 383 2 511 1 644 2 764 1
48 1 171 1 179 1 338 2 772 2 819 2
69 2 179 1 251 1 473 2 710 1 777 2
152 2 188 1 251 1 290 2 471 1 715 2
7 1 231 2 247 1 312 2 469 2 471 1
5 2 232 2 247 1 511 1 598 2 704 1
48 1 144 1 406 2 583 2 704 1 844 2
144 1 179 1 221 2 335 1 559 2 761 2
108 2 183 1 251 1 319 2 335 1 541 2
155 2 183 1 351 2 471 1 666 2 717 1
111 2 247 1 616 1 717 1 847 2 867 2
11 2 178 2 296 1 616 1 704 1 786 2
144 1 205 2 296 1 299 2 667 2 749 1
39 2 335 1 600 1 607 2 749 1 829 2
15 2 183 1 427 2 445 2 600 1 771 1
300 2 437 2 702 1 717 1 771 1 880 2
173 2 493 2 590 2 616 1 623 1 702 1
254 1 266 2 296 1 376 2 623 1 627 2
33 1 254 1 581 2 657 2 739 2 749 1
33 1 344 1 489 2 580 2 600 1 746 2
294 2 344 1 548 2 763 1 771 1 794 2
451 2 549 1 702 1 734 2 763 1 857 2
131 2 412 1 549 1 623 1 661 2 743 2
254 1 272 1 412 1 455 2 698 2 849 2
33 1 104 2 151 2 222 1 272 1 689 2
21 2 222 1 265 2 344 1 629 2 788 1
227 2 664 2 668 1 763 1 782 2 788 1
85 2 549 1 582 1 668 1 699 2 859 2
273 2 412 1 582 1 593 1 769 2 779 2
272 1 321 2 551 2 569 1 593 1 834 2
180 2 222 1 367 2 569 1 723 2 802 1
135 2 248 2 678 1 788 1 802 1 804 2
197 1 356 2 481 2 668 1 678 1 691 2
197 1 313 2 513 2 582 1 737 2 738 1
252 1 265 2 485 2 559 2 663 1 708 1
108 2 227 2 432 2 496 1 622 1 708 1
85 2 447 1 496 1 666 2 837 2 879 1
78 1 384 2 769 2 776 1 847 2 879 1
11 2 324 1 551 2 776 1 822 1 871 2
180 2 205 2 663 1 822 1 832 1 851 2
39 2 135 2 348 2 708 1 832 1 868 1
15 2 364 2 481 2 496 1 827 1 868 1
437 2 458 1 693 2 737 2 827 1 879 1
127 2 210 1 458 1 493 2 687 2 776 1
10 1 140 2 210 1 578 2 627 2 822 1
10 1 186 2 293 2 739 2 832 1 878 1
505 2 580 2 695 1 733 2 868 1 878 1
372 2 441 2 548 2 648 1 695 1 827 1
334 2 458 1 512 1 521 2 648 1 734 2
131 2 210 1 288 1 512 1 542 2 810 2
10 1 288 1 556 1 615 2 696 2 698 2
76 2 546 2 556 1 682 1 689 2 878 1
73 2 81 2 285 1 629 2 682 1 695 1
40 2 285 1 576 2 648 1 782 2 850 1
19 2 57 2 62 1 512 1 699 2 850 1
60 2 62 1 288 1 624 1 779 2 793 2
291 1 315 2 321 2 556 1 624 1 642 2
29 1 291 1 367 2 472 2 682 1 766 2
1 2 29 1 248 2 285 1 320 1 509 2
165 2 320 1 356 2 673 2 754 1 850 1
62 1 224 2 313 2 462 1 684 2 754 1
192 2 280 2 308 2 462 1 575 1 624 1
37 2 204 2 291 1 575 1 610 1 721 2
29 1 170 1 257 2 562 2 610 1 671 2
170 1 200 2 320 1 346 2 449 2 722 1
30 2 378 2 436 2 654 1 722 1 754 1
462 1 552 2 605 2 654 1 669 2 735 1
239 2 416 2 575 1 725 2 735 1 840 1
12 1 130 2 610 1 636 2 809 2 840 1
12 1 168 2 170 1 450 1 491 2 873 2
298 2 450 1 722 1 730 2 818 2 854 1
31 2 314 1 359 2 654 1 720 2 854 1
6 2 240 2 314 1 514 1 613 2 735 1
175 2 423 2 514 1 635 1 819 2 840 1
12 1 69 2 495 2 501 2 635 1 877 1
290 2 450 1 486 2 492 1 801 2 877 1
93 2 312 2 399 2 492 1 714 1 854 1
194 2 258 2 314 1 574 1 598 2 714 1
184 2 406 2 514 1 574 1 603 2 618 1
277 1 282 2 618 1 635 1 646 2 761 2
74 2 277 1 319 2 609 2 870 1 877 1
145 1 155 2 411 2 424 2 492 1 870 1
111 2 145 1 253 2 259 1 317 2 714 1
89 2 259 1 292 1 574 1 786 2 791 2
92 2 292 1 396 2 499 1 618 1 667 2
25 1 277 1 388 2 499 1 607 2 640 2
25 1 63 2 271 1 427 2 454 2 870 1
145 1 195 1 271 1 318 2 811 2 880 2
195 1 259 1 287 2 500 1 590 2 651 2
182 1 214 2 292 1 376 2 420 2 500 1
182 1 275 1 499 1 581 2 644 2 758 2
25 1 113 2 252 1 275 1 338 2 746 2
252 1 271 1 473 2 534 2 622 1 794 2
152 2 195 1 349 2 447 1 451 2 622 1
78 1 139 2 231 2 447 1 500 1 661 2
5 2 78 1 100 2 182 1 324 1 849 2
13 2 151 2 275 1 324 1 663 1 844 2
133 1 237 1 651 2 712 2 730 2 792 1
3 2 133 1 189 1 420 2 711 1 720 2
129 2 169 1 189 1 613 2 634 1 644 2
86 1 338 2 423 2 634 1 645 1 649 2
52 2 107 1 465 1 473 2 501 2 645 1
152 2 405 1 465 1 498 2 792 1 801 2
93 2 133 1 231 2 371 2 405 1 452 1
5 2 189 1 194 2 307 2 452 1 547 1
146 2 547 1 603 2 634 1 736 1 844 2
476 1 559 2 645 1 646 2 736 1 767 2
35 2 108 2 233 1 465 1 476 1 609 2
96 1 233 1 405 1 424 2 519 2 666 2
96 1 219 2 253 2 452 1 838 1 847 2
11 2 225 1 547 1 633 2 791 2 838 1
92 2 205 2 225 1 589 2 655 1 736 1
39 2 357 2 388 2 476 1 539 1 655 1
15 2 44 1 63 2 233 1 535 2 539 1
44 1 96 1 318 2 345 1 437 2 742 2
51 1 103 2 287 2 345 1 493 2 838 1
51 1 214 2 225 1 295 1 379 2 627 2
295 1 540 1 596 2 655 1 739 2 758 2
22 1 113 2 187 2 539 1 540 1 580 2
22 1 44 1 161 2 534 2 548 2 770 1
345 1 349 2 706 1 734 2 770 1 806 2
51 1 131 2 139 2 381 2 494 1 706 1
100 2 138 1 153 2 295 1 494 1 698 2
13 2 138 1 516 1 540 1 567 2 689 2
22 1 229 1 485 2 516 1 629 2 744 2
72 2 229 1 432 2 566 1 770 1 782 2
177 2 566 1 699 2 706 1 837 2 845 1
106 1 270 2 384 2 494 1 779 2 845 1
106 1 138 1 321 2 327 1 662 2 871 2
148 2 327 1 367 2 516 1 681 1 851 2
229 1 243 2 248 2 348 2 544 1 681 1
117 1 356 2 364 2 393 2 544 1 566 1
117 1 267 1 313 2 693 2 831 2 845 1
106 1 267 1 280 2 632 1 687 2 865 2
140 2 284 2 327 1 386 1 632 1 721 2
41 1 142 2 186 2 386 1 671 2 681 1
41 1 449 2 505 2 544 1 545 2 869 1
117 1 436 2 441 2 688 1 805 2 869 1
267 1 347 1 377 2 521 2 552 2 688 1
46 2 347 1 365 1 416 2 542 2 632 1
365 1 386 1 426 1 536 2 696 2 809 2
41 1 76 2 426 1 461 2 491 2 553 1
81 2 553 1 608 2 650 1 818 2 869 1
14 2 40 2 359 2 385 1 650 1 688 1
57 2 240 2 337 2 347 1 385 1 778 1
60 2 175 2 365 1 741 2 762 1 778 1
114 1 255 2 426 1 495 2 642 2 762 1
56 2 114 1 141 1 472 2 486 2 553 1
1 2 141 1 399 2 650 1 848 1 881 2
159 1 258 2 385 1 673 2 848 1 874 2
118 1 134 2 159 1 184 2 224 2 778 1
118 1 218 2 282 2 308 2 336 1 762 1
27 1 74 2 114 1 204 2 238 2 336 1
27 1 141 1 206 1 411 2 562 2 563 2
200 2 206 1 237 1 317 2 520 2 848 1
89 2 159 1 237 1 378 2 484 2 711 1
118 1 169 1 396 2 523 2 605 2 711 1
86 1 169 1 176 2 336 1 640 2 725 2
27 1 86 1 107 1 454 2 592 2 636 2
107 1 206 1 726 2 792 1 811 2 873 2
18 1 45 1 308 2 672 2 774 1 865 2
18 1 123 1 204 2 284 2 585 2 620 1
142 2 212 1 397 2 474 1 562 2 620 1
55 1 200 2 212 1 545 2 602 1 719 2
55 1 378 2 404 1 510 2 700 1 805 2
377 2 404 1 435 2 586 1 605 2 774 1
18 1 46 2 339 2 586 1 725 2 747 1
156 2 289 1 536 2 620 1 636 2 747 1
212 1 278 1 289 1 461 2 525 2 873 2
55 1 88 1 278 1 608 2 730 2 785 2
14 2 88 1 404 1 503 1 550 2 720 2
301 2 337 2 503 1 586 1 613 2 833 1
193 2 423 2 741 2 747 1 775 1 833 1
255 2 289 1 329 2 501 2 732 1 775 1
56 2 278 1 680 2 709 1 732 1 801 2
88 1 93 2 242 2 709 1 835 1 881 2
26 2 194 2 503 1 820 1 835 1 874 2
87 1 134 2 256 2 603 2 820 1 833 1
87 1 218 2 363 2 646 2 773 1 775 1
238 2 331 1 609 2 732 1 773 1 799 2
331 1 424 2 563 2 571 2 709 1 797 1
253 2 520 2 557 1 797 1 807 2 835 1
158 1 484 2 508 2 557 1 791 2 820 1
64 2 87 1 92 2 158 1 523 2 560 1
176 2 230 2 388 2 560 1 647 1 773 1
63 2 331 1 403 1 592 2 647 1 826 2
318 2 403 1 456 1 558 2 726 2 797 1
287 2 456 1 557 1 686 2 712 2 760 1
3 2 158 1 214 2 310 1 595 2 760 1
129 2 310 1 531 1 560 1 758 2 875 2
53 2 113 2 244 1 531 1 647 1 649 2
28 1 52 2 121 2 244 1 403 1 534 2
28 1 325 2 349 2 456 1 498 2 528 1
128 1 139 2 371 2 464 2 528 1 760 1
99 1 100 2 128 1 307 2 310 1 707 2
13 2 99 1 146 2 366 1 526 2 531 1
244 1 366 1 395 2 485 2 626 1 767 2
28 1 35 2 167 1 432 2 470 2 626 1
102 1 167 1 419 2 519 2 528 1 837 2
102 1 128 1 219 2 302 1 306 2 384 2
99 1 302 1 446 2 565 1 633 2 871 2
112 1 124 2 366 1 565 1 589 2 851 2
112 1 190 2 348 2 357 2 626 1 860 1
167 1 364 2 535 2 591 1 697 2 860 1
49 1 102 1 459 2 591 1 693 2 742 2
49 1 97 1 103 2 216 2 302 1 687 2
97 1 136 1 140 2 262 2 379 2 565 1
101 2 112 1 136 1 186 2 199 1 596 2
187 2 199 1 387 2 505 2 674 1 860 1
161 2 250 1 441 2 591 1 674 1 839 2
49 1 164 1 250 1 521 2 677 2 806 2
97 1 164 1 361 2 381 2 542 2 555 1
132 1 136 1 153 2 555 1 601 2 696 2
16 1 76 2 132 1 199 1 567 2 780 2
16 1 66 1 81 2 392 2 674 1 744 2
40 2 66 1 72 2 250 1 418 2 431 1
57 2 164 1 177 2 431 1 434 1 690 2
45 1 60 2 270 2 434 1 555 1 796 2
45 1 123 1 132 1 543 2 642 2 662 2
16 1 80 2 123 1 148 2 472 2 474 1
1 2 66 1 243 2 474 1 602 1 852 2
393 2 431 1 457 2 602 1 673 2 700 1
224 2 434 1 700 1 745 2 774 1 831 2
24 2 391 1 395 2 744 2 759 1 842 1
72 2 369 1 391 1 470 2 490 2 529 1
177 2 201 2 286 1 305 1 369 1 419 2
50 1 270 2 286 1 306 2 479 1 692 2
47 1 50 1 75 2 110 1 446 2 662 2
47 1 124 2 148 2 208 1 422 2 759 1
190 2 208 1 243 2 274 2 391 1 487 1
369 1 393 2 487 1 630 1 697 2 750 2
286 1 459 2 630 1 825 1 831 2 856 2
50 1 216 2 659 2 824 1 825 1 865 2
47 1 147 1 262 2 284 2 322 2 824 1
101 2 142 2 147 1 208 1 460 1 670 2
380 1 387 2 460 1 487 1 545 2 756 2
380 1 478 2 630 1 660 1 805 2 839 2
377 2 429 1 483 2 660 1 677 2 825 1
46 2 246 1 361 2 429 1 577 2 824 1
147 1 246 1 517 2 536 2 572 1 601 2
328 2 460 1 461 2 572 1 665 1 780 2
380 1 390 2 392 2 608 2 665 1 716 1
14 2 185 2 418 2 660 1 716 1 815 1
337 2 429 1 658 2 690 2 815 1 862 1
246 1 430 2 741 2 796 2 855 1 862 1
137 1 255 2 276 2 543 2 572 1 855 1
56 2 80 2 137 1 373 1 665 1 803 2
373 1 448 1 587 2 716 1 852 2 881 2
382 2 448 1 457 2 783 1 815 1 874 2
134 2 584 2 745 2 783 1 846 1 862 1
218 2 604 1 672 2 846 1 855 1 861 2
137 1 238 2 585 2 604 1 637 2 694 1
358 2 373 1 397 2 563 2 652 1 694 1
58 2 226 1 448 1 520 2 652 1 719 2
226 1 484 2 510 2 527 1 783 1 864 2
435 2 523 2 527 1 808 2 846 1 863 1
77 1 94 2 176 2 339 2 604 1 863 1
77 1 156 2 504 2 592 2 639 1 694 1
125 1 525 2 639 1 652 1 726 2 843 2
91 1 125 1 226 1 477 2 712 2 785 2
3 2 91 1 105 1 444 2 527 1 550 2
105 1 129 2 162 2 301 2 813 1 863 1
77 1 193 2 621 2 649 2 813 1 853 1
52 2 67 2 329 2 639 1 729 1 853 1
125 1 268 1 279 2 498 2 680 2 729 1
91 1 242 2 260 1 268 1 343 2 371 2
26 2 71 2 105 1 260 1 307 2 522 1
146 2 256 2 407 2 463 1 522 1 813 1
363 2 463 1 468 1 564 2 767 2 853 1
35 2 304 1 468 1 488 2 729 1 799 2
268 1 304 1 519 2 571 2 765 2 866 1
119 1 219 2 260 1 653 2 807 2 866 1
119 1 160 2 508 2 522 1 611 1 633 2
64 2 463 1 589 2 611 1 679 1 814 2
230 2 333 2 357 2 468 1 599 1 679 1
304 1 442 1 535 2 599 1 701 2 826 2
61 1 211 2 442 1 558 2 742 2 866 1
61 1 103 2 119 1 561 2 568 1 686 2
379 2 425 2 506 1 568 1 595 2 611 1
440 1 506 1 596 2 679 1 784 2 875 2
53 2 187 2 440 1 599 1 800 2 842 1
121 2 161 2 438 2 442 1 529 1 842 1
61 1 305 1 325 2 529 1 724 2 806 2
305 1 326 2 381 2 464 2 479 1 568 1
84 2 110 1 153 2 479 1 506 1 707 2
82 2 110 1 440 1 526 2 567 2 759 1
221 2 249 1 303 1 477 2 686 2 752 1
59 1 249 1 444 2 541 2 554 1 595 2
162 2 351 2 518 1 554 1 875 2 876 1
53 2 191 1 217 1 621 2 867 2 876 1
67 2 121 2 122 1 157 1 178 2 217 1
20 1 157 1 279 2 299 2 325 2 752 1
20 1 249 1 343 2 464 2 614 1 829 2
71 2 245 1 445 2 554 1 614 1 707 2
245 1 300 2 407 2 526 2 683 1 876 1
173 2 217 1 395 2 564 2 619 1 683 1
157 1 266 2 470 2 488 2 619 1 821 1
20 1 323 1 419 2 657 2 765 2 821 1
306 2 309 1 323 1 489 2 614 1 653 2
54 1 160 2 245 1 294 2 309 1 446 2
54 1 124 2 617 1 683 1 814 2 857 2
150 1 190 2 333 2 617 1 619 1 743 2
150 1 269 1 455 2 697 2 701 2 821 1
104 2 211 2 269 1 323 1 459 2 467 1
21 2 116 1 216 2 309 1 467 1 561 2
54 1 116 1 262 2 425 2 537 1 664 2
101 2 198 1 537 1 617 1 784 2 859 2
150 1 198 1 273 2 387 2 728 1 800 2
269 1 438 2 728 1 816 1 834 2 839 2
172 1 467 1 677 2 723 2 724 2 816 1
116 1 172 1 209 1 326 2 361 2 804 2
84 2 209 1 297 1 537 1 601 2 691 2
34 1 82 2 198 1 297 1 513 2 780 2
8 1 24 2 34 1 181 2 392 2 728 1
8 1 9 2 342 1 418 2 490 2 816 1
172 1 201 2 342 1 690 2 740 1 768 2
209 1 475 1 692 2 727 2 740 1 796 2
17 1 75 2 297 1 475 1 543 2 705 2
17 1 34 1 80 2 203 2 422 2 606 1
8 1 109 2 274 2 439 1 606 1 852 2
264 1 311 2 342 1 439 1 457 2 750 2
215 1 264 1 643 2 740 1 745 2 856 2
215 1 398 1 475 1 659 2 672 2 757 2
17 1 322 2 398 1 453 2 585 2 817 1
330 2 397 2 428 1 606 1 670 2 817 1
43 1 428 1 439 1 719 2 751 2 756 2
43 1 223 1 264 1 478 2 510 2 755 2
215 1 223 1 350 2 435 2 483 2 502 1
4 1 339 2 398 1 502 1 577 2 685 2
4 1 156 2 341 1 389 2 517 2 817 1
115 2 328 2 341 1 417 1 428 1 525 2
43 1 220 1 390 2 417 1 421 2 785 2
149 1 185 2 220 1 223 1 550 2 858 2
2 1 149 1 301 2 502 1 538 2 658 2
2 1 4 1 32 1 193 2 413 2 430 2
32 1 235 2 276 2 329 2 341 1 530 1
36 2 417 1 497 1 530 1 680 2 803 2
220 1 242 2 466 1 497 1 587 2 731 2
26 2 149 1 382 2 466 1 812 1 830 2
2 1 256 2 374 1 480 2 584 2 812 1
32 1 363 2 374 1 402 1 415 2 861 2
38 2 126 1 402 1 530 1 637 2 799 2
126 1 358 2 383 2 497 1 571 2 781 1
58 2 303 1 466 1 772 2 781 1 807 2
59 1 303 1 508 2 777 2 812 1 864 2
59 1 64 2 374 1 518 1 715 2 808 2
94 2 191 1 230 2 402 1 469 2 518 1
122 1 126 1 191 1 232 2 504 2 826 2
122 1 558 2 583 2 752 1 781 1 843 2
