0.9185648702615512 0.0025448478043265232 0.076345434129795692 0.0025448478043265232
0.93144996955208414 0.0021421884514973696 0.064265653544921086 0.0021421884514973696
0.91919091382640106 0.0025252839429249674 0.075758518287749016 0.0025252839429249674
0.92963174809871318 0.0021990078719152143 0.065970236157456424 0.0021990078719152143
0.91613915808090729 0.0026206513099716463 0.078619539299149388 0.0026206513099716463
0.91979660972765376 0.0025063559460108183 0.075190678380324547 0.0025063559460108183
0.93132618398291755 0.0021460567505338251 0.064381702516014758 0.0021460567505338251
0.92001590654636312 0.0024995029204261544 0.074985087612784634 0.0024995029204261544
0.93158062295249677 0.0021381055327344763 0.064143165982034289 0.0021381055327344763
0.92287489742180651 0.002410159455568548 0.072304783667056435 0.002410159455568548
0.91963491527257979 0.0025114088977318798 0.075342266931956392 0.0025114088977318798
0.92340880739618902 0.0023934747688690921 0.071804243066072762 0.0023934747688690921
0.93233988381915944 0.0021143786306512661 0.063431358919537981 0.0021143786306512661
0.9316316265064819 0.0021365116716724392 0.064095350150173175 0.0021365116716724392
0.92054746408507615 0.0024828917473413686 0.074486752420241054 0.0024828917473413686
0.92337233142528197 0.0023946146429599381 0.071838439288798142 0.0023946146429599381
0.91812924680279484 0.002558461037412663 0.076753831122379892 0.002558461037412663
0.92163428563813676 0.0024489285738082248 0.073467857214246743 0.0024489285738082248
0.92231285173870325 0.0024277233831655224 0.072831701494965678 0.0024277233831655224
0.932060944921976 0.0021230954711882501 0.063692864135647509 0.0021230954711882501
0.93153406857921994 0.0021395603568993764 0.06418681070698129 0.0021395603568993764
0.91760612152163012 0.0025748087024490573 0.077244261073471723 0.0025748087024490573
0.91764742455854098 0.0025735179825455948 0.077205539476367838 0.0025735179825455948
0.92442624990472066 0.0023616796904774788 0.070850390714324363 0.0023616796904774788
0.92792748969387284 0.0022522659470664737 0.067567978411994217 0.0022522659470664737
0.93348202621542875 0.0020786866807678528 0.062360600423035588 0.0020786866807678528
0.92676769177467055 0.0022885096320415465 0.068655288961246397 0.0022885096320415465
0.9312610362343845 0.0021480926176754853 0.064442778530264561 0.0021480926176754853
0.9335788358842827 0.0020756613786161652 0.062269841358484956 0.0020756613786161652
0.92040883107287552 0.0024872240289726417 0.074616720869179254 0.0024872240289726417
0.933572305132223 0.0020758654646180299 0.062275963938540894 0.0020758654646180299
0.92913922706388552 0.0022143991542535775 0.066431974627607332 0.0022143991542535775
0.91605595759629954 0.0026232513251156393 0.078697539753469187 0.0026232513251156393
0.92055346058530452 0.0024827043567092356 0.074481130701277071 0.0024827043567092356
0.92849535370406122 0.0022345201967480886 0.06703560590244266 0.0022345201967480886
0.9282969417018504 0.0022407205718171755 0.067221617154515259 0.0022407205718171755
0.93299856135487635 0.0020937949576601135 0.062813848729803404 0.0020937949576601135
0.93073083573801207 0.0021646613831871222 0.064939841495613673 0.0021646613831871222
0.9260345820989393 0.0023114193094081479 0.069342579282244438 0.0023114193094081479
0.92367761827953454 0.0023850744287645448 0.071552232862936341 0.0023850744287645448
0.93122074988740922 0.0021493515660184629 0.064480546980553888 0.0021493515660184629
0.92143338260461372 0.0024552067936058201 0.0736562038081746 0.0024552067936058201
0.92324122680423304 0.0023987116623677171 0.071961349871031519 0.0023987116623677171
0.93190249387513469 0.0021280470664020424 0.063841411992061267 0.0021280470664020424
0.91993414579347377 0.0025020579439539439 0.075061738318618315 0.0025020579439539439
0.92889902572791305 0.0022219054460027167 0.066657163380081499 0.0022219054460027167
0.92645592465441173 0.002298252354549632 0.068947570636488958 0.002298252354549632
0.93075364607073707 0.0021639485602894647 0.064918456808683939 0.0021639485602894647
0.92153678601738542 0.002451975436956706 0.073559263108701173 0.002451975436956706
0.93025487170193411 0.0021795352593145605 0.065386057779436818 0.0021795352593145605
0.9304037060256185 0.0021748841866994204 0.065246525600982611 0.0021748841866994204
0.91756271429959901 0.0025761651781375313 0.077284955344125938 0.0025761651781375313
0.91604579360343075 0.0026235689498927892 0.078707068496783675 0.0026235689498927892
0.92010771053160334 0.0024966340458873939 0.074899021376621813 0.0024966340458873939
0.92177897531024855 0.0024444070215547333 0.073332210646641999 0.0024444070215547333
0.92657057132495424 0.0022946696460951791 0.068840089382855379 0.0022946696460951791
0.92780752232650721 0.0022560149272966516 0.06768044781889955 0.0022560149272966516
0.92673110542674275 0.0022896529554142903 0.068689588662428705 0.0022896529554142903
0.92343134511136105 0.0023927704652699677 0.071783113958099026 0.0023927704652699677
0.92027586574493336 0.0024913791954708337 0.074741375864125006 0.0024913791954708337
0.92838430013618056 0.0022379906207443566 0.067139718622330702 0.0022379906207443566
0.93250519356830863 0.0021092127009903561 0.063276381029710685 0.0021092127009903561
0.92468463539939905 0.0023536051437687811 0.070608154313063429 0.0023536051437687811
0.92805760560203121 0.0022481998249365242 0.067445994748095733 0.0022481998249365242
0.93104609444040176 0.0021548095487374445 0.064644286462123335 0.0021548095487374445
0.93281048269241706 0.0020996724158619659 0.062990172475858974 0.0020996724158619659
0.92767087962468764 0.00226028501172851 0.067808550351855304 0.00226028501172851
0.93100753958077931 0.0021560143881006475 0.064680431643019426 0.0021560143881006475
0.92951059792292501 0.0022027938149085922 0.066083814447257763 0.0022027938149085922
0.92134249877573371 0.0024580469132583212 0.073741407397749634 0.0024580469132583212
0.92819916041865047 0.0022437762369171741 0.067313287107515218 0.0022437762369171741
0.91850528471881543 0.0025467098525370183 0.076401295576110542 0.0025467098525370183
0.92287112304528685 0.0024102774048347844 0.072308322145043527 0.0024102774048347844
0.9172677723014131 0.0025853821155808424 0.077561463467425276 0.0025853821155808424
0.91988708633533744 0.0025035285520207061 0.075105856560621187 0.0025035285520207061
0.91761198950295708 0.0025746253280325908 0.077238759840977722 0.0025746253280325908
0.91771769617526222 0.0025713219945230565 0.077139659835691696 0.0025713219945230565
0.92093894266979448 0.0024706580415689212 0.074119741247067633 0.0024706580415689212
0.91822425008461039 0.0025554921848559265 0.07666476554567779 0.0025554921848559265
0.92391429975360784 0.0023776781326997542 0.071330343980992625 0.0023776781326997542
0.91690603826599026 0.0025966863041878042 0.077900589125634134 0.0025966863041878042
0.92945001605141597 0.0022046869983932504 0.066140609951797519 0.0022046869983932504
0.9198154220216207 0.0025057680618243545 0.075173041854730629 0.0025057680618243545
0.93314701800121036 0.0020891556874621767 0.062674670623865295 0.0020891556874621767
0.92390391632529489 0.002378002614834535 0.071340078445036051 0.002378002614834535
0.92028214059090763 0.002491183106534138 0.074735493196024141 0.002491183106534138
0.9231837559721281 0.0024005076258709983 0.072015228776129953 0.0024005076258709983
0.92418393478756711 0.0023692520378885296 0.071077561136655892 0.0023692520378885296
0.9209037480415988 0.0024717578737000361 0.074152736211001088 0.0024717578737000361
0.91798603134094703 0.0025629365205954049 0.076888095617862154 0.0025629365205954049
0.9164166214054521 0.0026119805810796213 0.078359417432388639 0.0026119805810796213
0.93373068852484253 0.0020709159835986695 0.062127479507960083 0.0020709159835986695
0.92317518612063776 0.0024007754337300705 0.072023263011902108 0.0024007754337300705
0.92523220741479983 0.0023364935182875065 0.070094805548625197 0.0023364935182875065
0.91970796746149397 0.0025091260168283135 0.075273780504849397 0.0025091260168283135
0.92451729300104535 0.0023588345937173333 0.070765037811519993 0.0023588345937173333
0.92199467632438381 0.0024376663648630064 0.073129990945890191 0.0024376663648630064
0.92873769765800862 0.0022269469481872297 0.06680840844561689 0.0022269469481872297
0.93354712123110284 0.0020766524615280359 0.062299573845841075 0.0020766524615280359
0.93328294934109302 0.0020849078330908415 0.062547234992725242 0.0020849078330908415
0.93091463314346246 0.0021589177142667974 0.064767531428003927 0.0021589177142667974
0.92417301431716681 0.0023695933025885381 0.071087799077656139 0.0023695933025885381
0.92460070056943833 0.002356228107205051 0.070686843216151526 0.002356228107205051
0.93395386029458483 0.0020639418657942255 0.061918255973826768 0.0020639418657942255
0.92195148764872825 0.0024390160109772408 0.073170480329317222 0.0024390160109772408
0.924380344270465 0.0023631142415479669 0.070893427246439003 0.0023631142415479669
0.92134705369911829 0.0024579045719025521 0.073737137157076568 0.0024579045719025521
0.92090046956299632 0.0024718603261563669 0.07415580978469101 0.0024718603261563669
0.92179526145651647 0.0024438980794838595 0.07331694238451579 0.0024438980794838595
0.91972172526079177 0.0025086960856002573 0.075260882568007725 0.0025086960856002573
0.92871088810782254 0.0022277847466305473 0.066833542398916423 0.0022277847466305473
0.92094610771052432 0.0024704341340461137 0.074113024021383409 0.0024704341340461137
0.92535822847537952 0.0023325553601443914 0.069976660804331736 0.0023325553601443914
0.93137786600606109 0.0021444416873105921 0.064333250619317758 0.0021444416873105921
0.91893870127017341 0.0025331655853070797 0.075994967559212395 0.0025331655853070797
0.93379304334353963 0.0020689673955143852 0.062069021865431555 0.0020689673955143852
0.93396543239987728 0.0020635802375038349 0.061907407125115048 0.0020635802375038349
0.91773137146632033 0.0025708946416774883 0.077126839250324652 0.0025708946416774883
0.93393854511455587 0.0020644204651701285 0.061932613955103855 0.0020644204651701285
0.92214237370180707 0.0024330508218185281 0.072991524654555842 0.0024330508218185281
0.9245848282716399 0.0023567241165112543 0.070701723495337626 0.0023567241165112543
0.92342564452524756 0.0023929486085860134 0.071788458257580401 0.0023929486085860134
0.9176715169277887 0.0025727650960066014 0.077182952880198039 0.0025727650960066014
0.9259934569063516 0.0023127044716765113 0.069381134150295343 0.0023127044716765113
0.92503734964233053 0.0023425828236771705 0.070277484710315113 0.0023425828236771705
0.91615099360724206 0.0026202814497736852 0.078608443493210556 0.0026202814497736852
0.93116233492671707 0.0021511770335400911 0.064535311006202731 0.0021511770335400911
0.91805322389591104 0.0025608367532527791 0.076825102597583378 0.0025608367532527791
0.93380077198930955 0.0020687258753340773 0.062061776260022322 0.0020687258753340773
0.92788088995066376 0.0022537221890417572 0.067611665671252721 0.0022537221890417572
0.92399497879550163 0.0023751569126405736 0.071254707379217214 0.0023751569126405736
0.93274786326572623 0.0021016292729460549 0.063048878188381646 0.0021016292729460549
0.92928798653824851 0.0022097504206797349 0.066292512620392041 0.0022097504206797349
0.93022430223368446 0.0021804905551973592 0.065414716655920774 0.0021804905551973592
0.92741657085003359 0.0022682321609364489 0.06804696482809347 0.0022682321609364489
0.92973602460903604 0.0021957492309676255 0.06587247692902877 0.0021957492309676255
0.92261028725112582 0.002418428523402317 0.072552855702069513 0.002418428523402317
0.93055585511552297 0.0021701295276399073 0.065103885829197211 0.0021701295276399073
0.9252088614393621 0.0023372230800199341 0.070116692400598021 0.0023372230800199341
0.91914576637371903 0.002526694800821279 0.075800844024638367 0.002526694800821279
0.91937669422722756 0.0025194783053991399 0.075584349161974193 0.0025194783053991399
0.9232028945872921 0.0023999095441471214 0.071997286324413642 0.0023999095441471214
0.92231529998200534 0.0024276468755623335 0.072829406266869998 0.0024276468755623335
0.92668968479073 0.0022909473502896864 0.068728420508690588 0.0022909473502896864
0.93193488014137416 0.0021270349955820568 0.063811049867461708 0.0021270349955820568
0.92991309289323265 0.0021902158470864814 0.065706475412594445 0.0021902158470864814
0.93083555171287402 0.0021613890089726877 0.064841670269180626 0.0021613890089726877
0.93024291680434723 0.0021799088498641477 0.065397265495924436 0.0021799088498641477
0.92600141363146626 0.002312455824016681 0.069373674720500433 0.002312455824016681
0.93134056759820205 0.0021456072625561868 0.064368217876685604 0.0021456072625561868
0.92580806906582369 0.0023184978416930092 0.069554935250790276 0.0023184978416930092
0.92338409065014881 0.0023942471671828487 0.071827415015485466 0.0023942471671828487
0.92307393365714452 0.0024039395732142355 0.072118187196427069 0.0024039395732142355
0.91707548488306601 0.0025913910974041873 0.07774173292212562 0.0025913910974041873
0.92379563967229883 0.0023813862602406624 0.071441587807219875 0.0023813862602406624
0.92562399804433249 0.0023242500611146098 0.069727501833438288 0.0023242500611146098
0.92298519198843176 0.0024067127503615091 0.072201382510845277 0.0024067127503615091
0.93246498485419083 0.0021104692233065367 0.063314076699196101 0.0021104692233065367
0.9326003150116885 0.002106240155884734 0.063187204676542028 0.002106240155884734
0.91648385792979992 0.002609879439693753 0.078296383190812585 0.002609879439693753
0.93283605472468789 0.0020988732898535034 0.062966198695605102 0.0020988732898535034
0.93022873342526424 0.002180352080460492 0.065410562413814766 0.002180352080460492
0.92492491606249394 0.0023460963730470635 0.070382891191411903 0.0023460963730470635
0.92497623035735121 0.0023444928013327728 0.070334784039983181 0.0023444928013327728
0.91937972368152809 0.0025193836349522484 0.075581509048567447 0.0025193836349522484
0.93256499140473914 0.0021073440186019023 0.063220320558057069 0.0021073440186019023
0.93328886785259801 0.0020847228796063121 0.062541686388189355 0.0020847228796063121
0.91745244713288476 0.0025796110270973512 0.077388330812920542 0.0025796110270973512
0.92495229158480763 0.0023452408879747603 0.070357226639242806 0.0023452408879747603
0.93256736654370798 0.002107269795509124 0.063218093865273717 0.002107269795509124
0.92022476198626824 0.0024929761879291176 0.074789285637873529 0.0024929761879291176
0.92349949316704039 0.0023906408385299879 0.071719225155899638 0.0023906408385299879
0.92176550848014682 0.0024448278599954131 0.073344835799862396 0.0024448278599954131
0.93201282585111678 0.0021245991921525998 0.063737975764578 0.0021245991921525998
0.93373510924345959 0.002070777836141886 0.062123335084256576 0.002070777836141886
0.92986252730587404 0.0021917960216914366 0.065753880650743099 0.0021917960216914366
0.92929975921075025 0.0022093825246640533 0.066281475739921603 0.0022093825246640533
0.91906103282636509 0.0025293427241760893 0.075880281725282675 0.0025293427241760893
0.93134507810858014 0.0021454663091068716 0.064363989273206149 0.0021454663091068716
0.9239877708549098 0.0023753821607840672 0.071261464823522011 0.0023753821607840672
0.92913241804871582 0.0022146119359776305 0.066438358079328907 0.0022146119359776305
0.92636353256952431 0.002301139607202365 0.069034188216070949 0.002301139607202365
0.92484411566414348 0.0023486213854955157 0.070458641564865476 0.0023486213854955157
0.92045192011336607 0.0024858774964573098 0.074576324893719292 0.0024858774964573098
0.92602991096911214 0.0023115652822152453 0.069346958466457359 0.0023115652822152453
0.92799091975269776 0.002250283757728194 0.067508512731845827 0.002250283757728194
0.9331822958870517 0.0020880532535296347 0.062641597605889041 0.0020880532535296347
0.92675931364336384 0.0022887714486448788 0.068663143459346362 0.0022887714486448788
0.91914576634814749 0.0025266948016203915 0.075800844048611746 0.0025266948016203915
0.9280986132285437 0.0022469183366080089 0.067407550098240274 0.0022469183366080089
0.92451604645399044 0.0023588735483127984 0.070766206449383959 0.0023588735483127984
0.92480401382332489 0.0023498745680210959 0.070496237040632875 0.0023498745680210959
0.92887702275296147 0.002222593038969955 0.066677791169098652 0.002222593038969955
0.92515657019104613 0.0023388571815298079 0.070165715445894242 0.0023388571815298079
0.91653174880605548 0.0026083828498107658 0.078251485494322981 0.0026083828498107658
0.91635890983054347 0.0026137840677955154 0.078413522033865465 0.0026137840677955154
0.9179742039536225 0.0025633061264492981 0.076899183793478945 0.0025633061264492981
0.91796936427813003 0.0025634573663084362 0.076903720989253091 0.0025634573663084362
0.92211494632568725 0.0024339079273222731 0.073017237819668193 0.0024339079273222731
0.92438000470792481 0.0023631248528773493 0.070893745586320486 0.0023631248528773493
0.9218565794241238 0.0024419818929961325 0.073259456789883978 0.0024419818929961325
0.91769851798820878 0.0025719213128684759 0.077157639386054272 0.0025719213128684759
0.92100819021612967 0.0024684940557459473 0.074054821672378424 0.0024684940557459473
0.91738408138672134 0.0025817474566649594 0.077452423699948786 0.0025817474566649594
0.91872485522812097 0.00253984827412122 0.076195448223636594 0.00253984827412122
0.92191423777139603 0.0024401800696438728 0.073205402089316182 0.0024401800696438728
0.91993632674502313 0.002501989789218026 0.075059693676540779 0.002501989789218026
0.92067870672353469 0.0024787904148895422 0.07436371244668627 0.0024787904148895422
0.91843285534438279 0.0025489732704880373 0.076469198114641118 0.0025489732704880373
0.92918046850218261 0.0022131103593067934 0.066393310779203796 0.0022131103593067934
0.91980978434885918 0.0025059442390981518 0.075178327172944551 0.0025059442390981518
0.92225450475927406 0.002429546726272686 0.07288640178818058 0.002429546726272686
0.93290150318136378 0.0020968280255823819 0.062904840767471465 0.0020968280255823819
0.91651020318350862 0.0026090561505153556 0.078271684515460668 0.0026090561505153556
0.92196029317057582 0.0024387408384195061 0.073162225152585178 0.0024387408384195061
0.92219278902241353 0.0024314753430495755 0.072944260291487262 0.0024314753430495755
0.91631875859382372 0.0026150387939430104 0.078451163818290315 0.0026150387939430104
0.9292556756133743 0.0022107601370820536 0.066322804112461609 0.0022107601370820536
0.92185544429671584 0.0024420173657276286 0.073260520971828863 0.0024420173657276286
0.91620184777664071 0.0026186922569799769 0.078560767709399307 0.0026186922569799769
0.91927314856189102 0.0025227141074409061 0.075681423223227184 0.0025227141074409061
0.92175457467492761 0.0024451695414085114 0.073355086242255341 0.0024451695414085114
0.93115545163204039 0.0021513921364987366 0.064541764094962095 0.0021513921364987366
0.91883199781165847 0.002536500068385674 0.076095002051570215 0.002536500068385674
0.92631214446570498 0.002302745485446719 0.069082364563401569 0.002302745485446719
0.92702165934806047 0.0022805731453731108 0.068417194361193326 0.0022805731453731108
0.92153876622114561 0.0024519135555891988 0.073557406667675962 0.0024519135555891988
0.92378076661190967 0.0023818510433778243 0.071455531301334724 0.0023818510433778243
0.93171985791771261 0.0021337544400714791 0.06401263320214437 0.0021337544400714791
0.92278549996138959 0.0024129531262065741 0.07238859378619722 0.0024129531262065741
0.92590034651230679 0.0023156141714904136 0.069468425144712409 0.0023156141714904136
0.92001207847532862 0.0024996225476459797 0.074988676429379397 0.0024996225476459797
0.93050943406683428 0.0021715801854114269 0.065147405562342803 0.0021715801854114269
0.92789697855276854 0.0022532194202259828 0.06759658260677949 0.0022532194202259828
0.93301871874500308 0.0020931650392186528 0.062794951176559588 0.0020931650392186528
0.91940259533449042 0.0025186688957971742 0.075560066873915227 0.0025186688957971742
0.92324298256494841 0.002398656794845363 0.071959703845360892 0.002398656794845363
0.92389182899974542 0.0023783803437579542 0.071351410312738631 0.0023783803437579542
0.93143896429773598 0.002142532365695751 0.064275970970872523 0.002142532365695751
0.93279517613094454 0.0021001507459079837 0.063004522377239511 0.0021001507459079837
0.92002279955625765 0.0024992875138669496 0.074978625416008485 0.0024992875138669496
0.9243220701190682 0.0023649353087791176 0.070948059263373525 0.0023649353087791176
0.91848224185927319 0.0025474299418977134 0.076422898256931396 0.0025474299418977134
0.9202137923701873 0.0024933189884316464 0.074799569652949399 0.0024933189884316464
0.92998156822943345 0.0021880759928302046 0.065642279784906138 0.0021880759928302046
0.92463649185687569 0.0023551096294726361 0.070653288884179086 0.0023551096294726361
0.93341232380262096 0.0020808648811680946 0.062425946435042838 0.0020808648811680946
0.93193124086056223 0.0021271487231074322 0.063814461693222968 0.0021271487231074322
0.9306002773605816 0.0021687413324818251 0.065062239974454761 0.0021687413324818251
0.93107022342038093 0.0021540555181130965 0.064621665543392895 0.0021540555181130965
0.92796341049353936 0.0022511434220768944 0.067534302662306839 0.0022511434220768944
0.92136448611524913 0.0024573598088984652 0.073720794266953951 0.0024573598088984652
0.92929717202232698 0.0022094633743022819 0.066283901229068465 0.0022094633743022819
0.92007906291302421 0.0024975292839679924 0.074925878519039771 0.0024975292839679924
0.93361754747578085 0.0020744516413818497 0.062233549241455494 0.0020744516413818497
0.91743661075262706 0.0025801059139804049 0.077403177419412147 0.0025801059139804049
0.93157186579125151 0.0021383791940233904 0.064151375820701712 0.0021383791940233904
0.91615654311235917 0.0026201080277387747 0.078603240832163246 0.0026201080277387747
0.92425650371217971 0.0023669842589943827 0.071009527769831479 0.0023669842589943827
0.92832881778973053 0.0022397244440709205 0.06719173332212762 0.0022397244440709205
0.92763877772709147 0.0022612881960283912 0.067838645880851742 0.0022612881960283912
0.92502854392944189 0.0023428580022049421 0.070285740066148267 0.0023428580022049421
0.93128224800044401 0.0021474297499861237 0.064422892499583717 0.0021474297499861237
0.92435771143668433 0.0023638215176036152 0.070914645528108458 0.0023638215176036152
0.92166134598429417 0.0024480829379908055 0.073442488139724163 0.0024480829379908055
0.91704456225600839 0.0025923574294997379 0.077770722884992136 0.0025923574294997379
0.92284792455519593 0.0024110023576501267 0.072330070729503801 0.0024110023576501267
0.92894909432866957 0.0022203408022290752 0.066610224066872253 0.0022203408022290752
0.91710535923054559 0.002590457524045452 0.077713725721363563 0.002590457524045452
0.91998294442928685 0.0025005329865847863 0.075015989597543589 0.0025005329865847863
0.91807475543027717 0.0025601638928038381 0.076804916784115149 0.0025601638928038381
0.92917143790483714 0.0022133925654738407 0.066401776964215217 0.0022133925654738407
0.92273187885711461 0.0024146287857151694 0.072438863571455084 0.0024146287857151694
0.91866474250308849 0.0025417267967784859 0.076251803903354579 0.0025417267967784859
0.93262954178923474 0.002105326819086414 0.063159804572592418 0.002105326819086414
0.92781977185501696 0.0022556321295307204 0.067668963885921612 0.0022556321295307204
0.92030543176430157 0.0024904552573655767 0.074713657720967303 0.0024904552573655767
0.92072905956702022 0.0024772168885306171 0.074316506655918518 0.0024772168885306171
0.92479979566435921 0.0023500063854887759 0.070500191564663278 0.0023500063854887759
0.92801471700075888 0.0022495400937262845 0.067486202811788534 0.0022495400937262845
0.92392477648065507 0.0023773507349795302 0.071320522049385909 0.0023773507349795302
0.91604670225872697 0.0026235405544147807 0.078706216632443426 0.0026235405544147807
0.92379405150361749 0.0023814358905119531 0.0714430767153586 0.0023814358905119531
0.92238218284518492 0.0024255567860879705 0.07276670358263912 0.0024255567860879705
0.93107967573691786 0.0021537601332213183 0.064612803996639545 0.0021537601332213183
0.92713616512442742 0.0022769948398616412 0.068309845195849234 0.0022769948398616412
0.92827358408680583 0.0022414504972873184 0.067243514918619546 0.0022414504972873184
0.92107260468914465 0.0024664811034642293 0.073994433103926879 0.0024664811034642293
0.92383560513699459 0.0023801373394689183 0.071404120184067554 0.0023801373394689183
0.9292471275623827 0.002211027263675541 0.066330817910266224 0.002211027263675541
0.93119580301894689 0.0021501311556579115 0.064503934669737348 0.0021501311556579115
0.91690433202731425 0.0025967396241464292 0.077902188724392876 0.0025967396241464292
0.93037774368541826 0.0021756955098306795 0.065270865294920377 0.0021756955098306795
0.93214667459898248 0.0021204164187817987 0.063612492563453957 0.0021204164187817987
0.91734192332267517 0.002583064896166401 0.07749194688499203 0.002583064896166401
0.92236253974122273 0.0024261706330867879 0.072785118992603634 0.0024261706330867879
0.9308348589101848 0.002161410659056724 0.064842319771701726 0.002161410659056724
0.91820927304712441 0.0025559602172773614 0.076678806518320847 0.0025559602172773614
0.93020699889746195 0.0021810312844543125 0.065430938533629371 0.0021810312844543125
0.91899680520743243 0.0025313498372677365 0.075940495118032095 0.0025313498372677365
0.92956679782062146 0.0022010375681055789 0.066031127043167367 0.0022010375681055789
0.92272786355179348 0.0024147542640064541 0.072442627920193625 0.0024147542640064541
0.91883300646341448 0.0025364685480182988 0.076094056440548966 0.0025364685480182988
0.93056071665728368 0.0021699776044598845 0.065099328133796541 0.0021699776044598845
0.91941506354105462 0.0025182792643420444 0.075548377930261326 0.0025182792643420444
0.93186013025794345 0.0021293709294392662 0.063881127883177985 0.0021293709294392662
0.92535726572131327 0.0023325854462089598 0.069977563386268801 0.0023325854462089598
0.91693539276046776 0.0025957689762353838 0.077873069287061517 0.0025957689762353838
0.91695166064035272 0.0025952606049889759 0.077857818149669272 0.0025952606049889759
0.92319634403114048 0.0024001142490268608 0.07200342747080582 0.0024001142490268608
0.92699012153720017 0.0022815587019624937 0.068446761058874817 0.0022815587019624937
0.92098340701656456 0.0024692685307323593 0.074078055921970781 0.0024692685307323593
0.9316986728392419 0.0021344164737736909 0.064032494213210722 0.0021344164737736909
0.9314822030938219 0.0021411811533180638 0.06423543459954191 0.0021411811533180638
0.92214328744734364 0.0024330222672705117 0.072990668018115351 0.0024330222672705117
0.92373814932056431 0.0023831828337323663 0.071495485011970991 0.0023831828337323663
0.91840831673925361 0.0025497401018983235 0.076492203056949704 0.0025497401018983235
0.9232144203220598 0.0023995493649356298 0.071986480948068893 0.0023995493649356298
0.92565007040907921 0.0023234352997162739 0.069703058991488223 0.0023234352997162739
0.92865483171582119 0.0022295365088805877 0.066886095266417631 0.0022295365088805877
0.93031084465990466 0.0021777861043779782 0.065333583131339343 0.0021777861043779782
0.91974149063206379 0.0025080784177480063 0.075242352532440188 0.0025080784177480063
0.93146739819603264 0.002141643806373981 0.064249314191219431 0.002141643806373981
0.91790534493464593 0.002565457970792316 0.076963739123769484 0.002565457970792316
0.93155484981650849 0.0021389109432341097 0.064167328297023291 0.0021389109432341097
0.92186210594242579 0.0024418091892991953 0.073254275678975855 0.0024418091892991953
0.93068467696925283 0.0021661038447108494 0.064983115341325476 0.0021661038447108494
0.92202486735006917 0.0024367228953103377 0.073101686859310136 0.0024367228953103377
0.92243439244273473 0.002423925236164538 0.072717757084936135 0.002423925236164538
0.91618339744003041 0.0026192688299990479 0.078578064899971434 0.0026192688299990479
0.92108255611050049 0.0024661701215468609 0.073985103646405828 0.0024661701215468609
0.91894527171158236 0.0025329602590130501 0.075988807770391506 0.0025329602590130501
0.9208322956130004 0.0024739907620937385 0.074219722862812157 0.0024739907620937385
0.9187684294255829 0.0025384865804505357 0.076154597413516073 0.0025384865804505357
0.92865596593687372 0.0022295010644726972 0.066885031934180911 0.0022295010644726972
0.9338757059553453 0.0020663841888954606 0.06199152566686382 0.0020663841888954606
0.9193390843521001 0.0025206536139968701 0.075619608419906101 0.0025206536139968701
0.91631159401636797 0.0026152626869885023 0.07845788060965507 0.0026152626869885023
0.91878310929911022 0.0025380278344028051 0.076140835032084159 0.0025380278344028051
0.92128390133251203 0.0024598780833589976 0.073796342500769926 0.0024598780833589976
0.91765083966893213 0.0025734112603458697 0.077202337810376095 0.0025734112603458697
0.91936079523548553 0.0025199751488910781 0.075599254466732338 0.0025199751488910781
0.9220319414169732 0.0024365018307195888 0.07309505492158766 0.0024365018307195888
0.92887460660289178 0.0022226685436596305 0.066680056309788918 0.0022226685436596305
0.91681559213940789 0.0025995127456435044 0.077985382369305134 0.0025995127456435044
0.93041502450976377 0.0021745304840698827 0.065235914522096483 0.0021745304840698827
0.91956008627681607 0.002513747303849497 0.075412419115484908 0.002513747303849497
0.93258097003300433 0.0021068446864686164 0.063205340594058496 0.0021068446864686164
0.9177125115254865 0.0025714840148285461 0.077144520444856382 0.0025714840148285461
0.92751958672342438 0.0022650129148929872 0.06795038744678962 0.0022650129148929872
0.9233019915244135 0.0023968127648620794 0.071904382945862377 0.0023968127648620794
0.92800754007020592 0.0022497643728060651 0.067492931184181953 0.0022497643728060651
0.91766495080489729 0.0025729702873469582 0.077189108620408745 0.0025729702873469582
0.93073296562623253 0.0021645948241802338 0.064937844725407007 0.0021645948241802338
0.93245828192941216 0.0021106786897058705 0.063320360691176109 0.0021106786897058705
0.92380896672063206 0.0023809697899802476 0.071429093699407434 0.0023809697899802476
0.92873802593352728 0.0022269366895772721 0.06680810068731817 0.0022269366895772721
0.93358909851226468 0.0020753406714917287 0.062260220144751861 0.0020753406714917287
0.93028324308348287 0.0021786486536411616 0.065359459609234852 0.0021786486536411616
0.92622466361112932 0.0023054792621522106 0.06916437786456632 0.0023054792621522106
0.92089692391610944 0.0024719711276215786 0.074159133828647361 0.0024719711276215786
0.92286958214026238 0.0024103255581168002 0.072309766743504006 0.0024103255581168002
0.9174997634709845 0.0025781323915317336 0.077343971745952006 0.0025781323915317336
0.92969038361776501 0.0021971755119448442 0.065915265358345326 0.0021971755119448442
0.93363745608191373 0.0020738294974401972 0.06221488492320592 0.0020738294974401972
0.92202640496848143 0.0024366748447349536 0.073100245342048606 0.0024366748447349536
0.92564178832648736 0.0023236941147972701 0.069710823443918102 0.0023236941147972701
0.92176726275770315 0.0024447730388217764 0.073343191164653293 0.0024447730388217764
0.93363272017810839 0.0020739774944341124 0.062219324833023372 0.0020739774944341124
0.9307305669626561 0.0021646697824169964 0.064940093472509897 0.0021646697824169964
0.92806835942591781 0.0022478637679400693 0.06743591303820208 0.0022478637679400693
0.92428943772352834 0.0023659550711397385 0.070978652134192161 0.0023659550711397385
0.91633054587468332 0.0026146704414161453 0.078440113242484358 0.0026146704414161453
0.92859645232886434 0.0022313608647229906 0.066940825941689722 0.0022313608647229906
0.92961062031454567 0.0021996681151704475 0.065990043455113431 0.0021996681151704475
0.92770419133466098 0.0022592440207918432 0.067777320623755299 0.0022592440207918432
0.93317098068020832 0.0020884068537434892 0.062652205612304682 0.0020884068537434892
0.93216932670795383 0.0021197085403764438 0.063591256211293315 0.0021197085403764438
0.93243179786715569 0.0021115063166513839 0.063345189499541515 0.0021115063166513839
0.92916122780618982 0.00221371163105657 0.066411348931697103 0.00221371163105657
0.92514233299465842 0.0023393020939169256 0.07017906281750777 0.0023393020939169256
0.93317012537068311 0.0020884335821661532 0.062653007464984589 0.0020884335821661532
0.9165434217625652 0.0026080180699198366 0.078240542097595095 0.0026080180699198366
0.92605649051047934 0.0023107346715475216 0.069322040146425651 0.0023107346715475216
0.92717762825643291 0.0022756991169864717 0.068270973509594157 0.0022756991169864717
0.92125660132682063 0.002460731208536856 0.073821936256105683 0.002460731208536856
0.93286429735201026 0.0020979907077496793 0.062939721232490378 0.0020979907077496793
0.9208362090159844 0.0024738684682504889 0.074216054047514662 0.0024738684682504889
0.92163385172148449 0.0024489421337036102 0.0734682640111083 0.0024489421337036102
0.9203603874781503 0.0024887378913078032 0.074662136739234095 0.0024887378913078032
0.91933900451847728 0.0025206561087975838 0.075619683263927512 0.0025206561087975838
0.93315634972499517 0.0020888640710939022 0.062665922132817062 0.0020888640710939022
0.92740049484264087 0.0022687345361674729 0.068062036085024188 0.0022687345361674729
0.92250423091138378 0.0024217427840192564 0.07265228352057769 0.0024217427840192564
0.91782733930274407 0.0025678956467892473 0.077036869403677419 0.0025678956467892473
0.93255420103140407 0.0021076812177686223 0.063230436533058668 0.0021076812177686223
0.93071387597315425 0.0021651913758389289 0.064955741275167872 0.0021651913758389289
0.92123598634996795 0.002461375426563502 0.073841262796905061 0.002461375426563502
0.92036788882279685 0.0024885034742875988 0.074655104228627964 0.0024885034742875988
0.92277691215078417 0.0024132214952879961 0.072396644858639878 0.0024132214952879961
0.92677329580281687 0.0022883345061619717 0.068650035184859154 0.0022883345061619717
0.92456784841512962 0.002357254737027201 0.070717642110816034 0.002357254737027201
0.92654977848767905 0.0022953194222600309 0.068859582667800928 0.0022953194222600309
0.92665648503766995 0.0022919848425728153 0.068759545277184461 0.0022919848425728153
0.91887211959348547 0.0025352462627035791 0.076057387881107372 0.0025352462627035791
0.91969229210383718 0.0025096158717550876 0.075288476152652634 0.0025096158717550876
0.93162893168154914 0.0021365958849515888 0.064097876548547664 0.0021365958849515888
0.91619570985529442 0.0026188840670220482 0.078566522010661444 0.0026188840670220482
0.92503523581975711 0.0023426488806325891 0.070279466418977671 0.0023426488806325891
0.92038354037957826 0.0024880143631381781 0.074640430894145349 0.0024880143631381781
0.91861498862073865 0.0025432816056019155 0.076298448168057462 0.0025432816056019155
0.92479901572345402 0.0023500307586420601 0.0705009227592618 0.0023500307586420601
0.93061083061706218 0.0021684115432168078 0.065052346296504235 0.0021684115432168078
0.92409132161777685 0.0023721461994444743 0.07116438598333423 0.0023721461994444743
0.92125685427093895 0.0024607233040331595 0.073821699120994788 0.0024607233040331595
0.92129437831267869 0.0024595506777287924 0.073786520331863767 0.0024595506777287924
0.91990425713310053 0.0025029919645906092 0.075089758937718271 0.0025029919645906092
0.93253689282793939 0.0021082220991268941 0.063246662973806822 0.0021082220991268941
0.92371685290072825 0.002383848346852241 0.071515450405567227 0.002383848346852241
0.91605154029616664 0.0026233893657447915 0.078701680972343743 0.0026233893657447915
0.92724063634084031 0.0022737301143487391 0.06821190343046217 0.0022737301143487391
0.91677430695857864 0.0026008029075444161 0.078024087226332486 0.0026008029075444161
0.91753489004417554 0.0025770346861195129 0.077311040583585386 0.0025770346861195129
0.91754086986423344 0.0025768478167427062 0.077305434502281181 0.0025768478167427062
0.92132065556857745 0.0024587295134819533 0.073761885404458605 0.0024587295134819533
0.93178510542735471 0.002131715455395164 0.063951463661854918 0.002131715455395164
0.92711712160716808 0.0022775899497759957 0.068327698493279868 0.0022775899497759957
0.92034145601315964 0.0024893294995887607 0.074679884987662828 0.0024893294995887607
0.92776947478843363 0.0022572039128614498 0.067716117385843488 0.0022572039128614498
0.91736431141815644 0.0025823652681826099 0.077470958045478294 0.0025823652681826099
0.92945838578856876 0.002204425444107227 0.066132763323216812 0.002204425444107227
0.9253526972235433 0.0023327282117642737 0.069981846352928215 0.0023327282117642737
0.93275550025918341 0.0021013906169005188 0.063041718507015565 0.0021013906169005188
0.93001964376398738 0.0021868861323753939 0.065606583971261817 0.0021868861323753939
0.92279800699061076 0.0024125622815434123 0.072376868446302367 0.0024125622815434123
0.91972892202913703 0.0025084711865894674 0.075254135597684027 0.0025084711865894674
0.91922548208721599 0.0025242036847744993 0.075726110543234984 0.0025242036847744993
0.91819344517529422 0.0025564548382720569 0.07669364514816171 0.0025564548382720569
0.93155223130095866 0.0021389927718450407 0.064169783155351226 0.0021389927718450407
0.91683989620323858 0.0025987532436487944 0.077962597309463838 0.0025987532436487944
0.91807309082088584 0.0025602159118473192 0.076806477355419581 0.0025602159118473192
0.93394424658403319 0.0020642422942489642 0.061927268827468927 0.0020642422942489642
0.92482955242249776 0.0023490764867969455 0.070472294603908359 0.0023490764867969455
0.93167526713058124 0.0021351479021693379 0.064054437065080141 0.0021351479021693379
0.92872650838970838 0.002227296612821613 0.066818898384648384 0.002227296612821613
0.93064252108734347 0.0021674212160205176 0.065022636480615528 0.0021674212160205176
0.92646967477565279 0.0022978226632608492 0.068934679897825479 0.0022978226632608492
0.9331464632956068 0.0020891730220122889 0.062675190660368668 0.0020891730220122889
0.92285299173914392 0.0024108440081517524 0.072325320244552571 0.0024108440081517524
0.93168133378950724 0.0021349583190778975 0.06404874957233693 0.0021349583190778975
0.91794185405614259 0.0025643170607455453 0.076929511822366362 0.0025643170607455453
0.92841273969625715 0.0022371018844919654 0.067113056534758964 0.0022371018844919654
0.92951484984738664 0.0022026609422691672 0.066079828268075014 0.0022026609422691672
0.93206631978817933 0.0021229275066193959 0.063687825198581877 0.0021229275066193959
0.92684304982500443 0.0022861546929686116 0.068584640789058349 0.0022861546929686116
0.91648062717227097 0.0026099804008665331 0.078299412025995996 0.0026099804008665331
0.91899327057443159 0.0025314602945490116 0.075943808836470353 0.0025314602945490116
0.92950375198852464 0.0022030077503586059 0.066090232510758171 0.0022030077503586059
0.91865709620347702 0.0025419657436413431 0.076258972309240294 0.0025419657436413431
0.93070597803528909 0.0021654381863972149 0.064963145591916446 0.0021654381863972149
0.93372144674280222 0.0020712047892874298 0.062136143678622892 0.0020712047892874298
0.92993224730897217 0.0021896172715946205 0.065688518147838618 0.0021896172715946205
0.92894925449405674 0.0022203357970607272 0.066610073911821818 0.0022203357970607272
0.93063623107374083 0.0021676177789455991 0.065028533368367974 0.0021676177789455991
0.91750950910168427 0.0025778278405723656 0.077334835217170966 0.0025778278405723656
0.93344408186880146 0.0020798724415999545 0.062396173247998635 0.0020798724415999545
0.91768429055116363 0.0025723659202761379 0.077170977608284133 0.0025723659202761379
0.92427130437197336 0.0023665217383758339 0.070995652151275013 0.0023665217383758339
0.92443732402105916 0.0023613336243419017 0.070840008730257045 0.0023613336243419017
0.92878266725799608 0.0022255416481876231 0.066766249445628686 0.0022255416481876231
0.92843628721994564 0.0022363660243766991 0.067090980731300973 0.0022363660243766991
0.92383112556982661 0.0023802773259429194 0.071408319778287585 0.0023802773259429194
0.92999522620572272 0.0021876491810711666 0.065629475432135001 0.0021876491810711666
0.91947086942549361 0.0025165353304533247 0.075496059913599742 0.0025165353304533247
0.92209245526492933 0.0024346107729709592 0.07303832318912877 0.0024346107729709592
0.91766703080652634 0.0025729052872960506 0.077187158618881521 0.0025729052872960506
0.92295573622668159 0.0024076332429162016 0.072228997287486052 0.0024076332429162016
0.92668328652706622 0.002291147296029182 0.068734418880875461 0.002291147296029182
0.92651623818206241 0.0022963675568105492 0.068891026704316474 0.0022963675568105492
0.92108687725180904 0.0024660350858809665 0.073981052576428993 0.0024660350858809665
0.92858192619292246 0.0022318148064711728 0.066954444194135182 0.0022318148064711728
0.92268756796544193 0.0024160135010799387 0.072480405032398165 0.0024160135010799387
0.92481021137344477 0.0023496808945798497 0.070490426837395495 0.0023496808945798497
0.93241236616783407 0.0021121135572551839 0.063363406717655515 0.0021121135572551839
0.93294346212273982 0.0020955168086643819 0.062865504259931454 0.0020955168086643819
0.9303832850536754 0.0021755223420726428 0.06526567026217929 0.0021755223420726428
0.91981605047403114 0.0025057484226865259 0.075172452680595775 0.0025057484226865259
0.92997289748949163 0.0021883469534533847 0.065650408603601537 0.0021883469534533847
0.92674237897473688 0.0022893006570394716 0.068679019711184147 0.0022893006570394716
0.92618189631811787 0.0023068157400588166 0.069204472201764497 0.0023068157400588166
0.92400555038477961 0.002374826550475636 0.071244796514269085 0.002374826550475636
0.93124148242200522 0.0021487036743123382 0.06446111022937015 0.0021487036743123382
0.92659273757189109 0.0022939769508784039 0.06881930852635211 0.0022939769508784039
0.92660630090248386 0.0022935530967973807 0.068806592903921424 0.0022935530967973807
0.93247576289616552 0.0021101324094948289 0.06330397228484487 0.0021101324094948289
0.92650505909931935 0.0022967169031462716 0.068901507094388151 0.0022967169031462716
0.91959120229879332 0.002512774928162707 0.075383247844881207 0.002512774928162707
0.92745371926354381 0.002267071273014256 0.068012138190427673 0.002267071273014256
0.93138861813922003 0.0021441056831493738 0.064323170494481219 0.0021441056831493738
0.93138046399098617 0.0021443605002816808 0.06433081500845042 0.0021443605002816808
0.91952463871037382 0.0025148550403008185 0.07544565120902455 0.0025148550403008185
0.93227943068988961 0.0021162677909409501 0.063488033728228505 0.0021162677909409501
0.92234923069316666 0.0024265865408385429 0.072797596225156289 0.0024265865408385429
0.93090186692988475 0.0021593166584411017 0.06477949975323305 0.0021593166584411017
0.92906225841691703 0.0022168044244713419 0.066504132734140256 0.0022168044244713419
0.93010746475521566 0.0021841417263995118 0.065524251791985358 0.0021841417263995118
0.92320423799388129 0.0023998675626912109 0.071996026880736322 0.0023998675626912109
0.92966813309429552 0.0021978708408032653 0.065936125224097961 0.0021978708408032653
0.92767928183461057 0.0022600224426684193 0.067800673280052584 0.0022600224426684193
0.92694552280208276 0.0022829524124349143 0.068488572373047424 0.0022829524124349143
0.91918004545788601 0.0025256235794410614 0.07576870738323184 0.0025256235794410614
0.92949585596201756 0.0022032545011869526 0.066097635035608573 0.0022032545011869526
0.93321551272432446 0.0020870152273648594 0.062610456820945778 0.0020870152273648594
0.9190909103207523 0.0025284090524764912 0.075852271574294736 0.0025284090524764912
0.92957642320535938 0.0022007367748325176 0.066022103244975525 0.0022007367748325176
0.9312776892483674 0.0021475722109885196 0.064427166329655589 0.0021475722109885196
0.91778730671598296 0.0025691466651255341 0.077074399953766026 0.0025691466651255341
0.92874820820596216 0.0022266184935636813 0.066798554806910437 0.0022266184935636813
0.92884724754479853 0.0022235235142250469 0.066705705426751402 0.0022235235142250469
0.92361479517119593 0.0023870376509001279 0.071611129527003839 0.0023870376509001279
0.91857211340805922 0.0025446214559981493 0.076338643679944473 0.0025446214559981493
0.93226932924486472 0.0021165834610979766 0.063497503832939298 0.0021165834610979766
0.93173191919807996 0.0021333775250600008 0.064001325751800023 0.0021333775250600008
0.92960245310641998 0.0021999233404243761 0.065997700212731283 0.0021999233404243761
0.92149770290090682 0.0024531967843466631 0.073595903530399895 0.0024531967843466631
0.92009253858376361 0.0024971081692573881 0.074913245077721638 0.0024971081692573881
0.91762725443347748 0.0025741482989538288 0.077224448968614856 0.0025741482989538288
0.91822992638712642 0.0025553148004022991 0.076659444012068978 0.0025553148004022991
0.93289149378891245 0.0020971408190964855 0.06291422457289457 0.0020971408190964855
0.91759983308608106 0.0025750052160599664 0.07725015648179899 0.0025750052160599664
0.92686099221677087 0.0022855939932259089 0.068567819796777271 0.0022855939932259089
0.92888710302612632 0.0022222780304335518 0.066668340913006552 0.0022222780304335518
0.91895457749346476 0.0025326694533292274 0.075980083599876819 0.0025326694533292274
0.93341620859088958 0.0020807434815347014 0.062422304446041042 0.0020807434815347014
0.92187363542316203 0.002441448893026187 0.073243466790785611 0.002441448893026187
0.92853025618990204 0.0022334294940655596 0.067002884821966785 0.0022334294940655596
0.93256953913096208 0.0021072019021574342 0.063216057064723025 0.0021072019021574342
0.92717783200380999 0.0022756927498809388 0.068270782496428165 0.0022756927498809388
0.91961647872315055 0.0025119850399015465 0.07535955119704639 0.0025119850399015465
0.91657063725673227 0.0026071675857271166 0.078215027571813506 0.0026071675857271166
0.91687291375757174 0.0025977214450758832 0.077931643352276495 0.0025977214450758832
0.92870221689854349 0.0022280557219205178 0.066841671657615537 0.0022280557219205178
0.92410798979155373 0.0023716253190139472 0.071148759570418413 0.0023716253190139472
0.9327227596418195 0.0021024137611931411 0.063072412835794234 0.0021024137611931411
0.92963905009516734 0.0021987796845260219 0.065963390535780653 0.0021987796845260219
0.93035023502758063 0.0021765551553881066 0.065296654661643194 0.0021765551553881066
0.92206072503362746 0.0024356023426991428 0.073068070280974284 0.0024356023426991428
0.92725504295484329 0.0022732799076611468 0.068198397229834409 0.0022732799076611468
0.93076052249746588 0.0021637336719541899 0.064912010158625702 0.0021637336719541899
0.92708184930461512 0.0022786922092307791 0.068360766276923376 0.0022786922092307791
0.92283183976644745 0.002411505007298519 0.072345150218955573 0.002411505007298519
0.91890851471572221 0.0025341089151336821 0.07602326745401046 0.0025341089151336821
0.92365773434544174 0.0023856958017049457 0.07157087405114837 0.0023856958017049457
0.91762886468536276 0.002574097978582413 0.077222939357472389 0.002574097978582413
0.9190907730178397 0.0025284133431925076 0.075852400295775224 0.0025284133431925076
0.92187056271379353 0.002441544915193954 0.073246347455818622 0.002441544915193954
0.91981819320196656 0.0025056814624385463 0.075170443873156384 0.0025056814624385463
0.92485044978367392 0.0023484234442601899 0.070452703327805705 0.0023484234442601899
0.91995757540809198 0.0025013257684971253 0.075039773054913758 0.0025013257684971253
0.91985456515439923 0.0025045448389250237 0.075136345167750709 0.0025045448389250237
0.92670339673759905 0.0022905188519500314 0.068715565558500946 0.0022905188519500314
0.92899074892421885 0.0022190390961181628 0.066571172883544888 0.0022190390961181628
0.91862897935314469 0.0025428443952142279 0.076285331856426844 0.0025428443952142279
0.92421590394227171 0.0023682530018040108 0.071047590054120327 0.0023682530018040108
0.91860361307256078 0.002543637091482474 0.076309112744474217 0.002543637091482474
0.92901409441688509 0.0022183095494723408 0.066549286484170217 0.0022183095494723408
0.92324303123137541 0.002398655274019518 0.071959658220585546 0.002398655274019518
0.92216958686443085 0.0024322004104865361 0.072966012314596082 0.0024322004104865361
0.91656333863341777 0.0026073956677056961 0.078221870031170884 0.0026073956677056961
0.93356907385523269 0.002075966442023978 0.06227899326071934 0.002075966442023978
0.9281292889776821 0.002245959719447434 0.067378791583423026 0.002245959719447434
0.92387630604253135 0.0023788654361708949 0.071365963085126854 0.0023788654361708949
0.91719246001185584 0.0025877356246295064 0.077632068738885188 0.0025877356246295064
0.93389141964254363 0.0020658931361705124 0.061976794085115375 0.0020658931361705124
0.92987732537448531 0.0021913335820473354 0.065740007461420058 0.0021913335820473354
0.92146222117787757 0.0024543055881913246 0.073629167645739735 0.0024543055881913246
0.91930193642365088 0.0025218144867609088 0.075654434602827267 0.0025218144867609088
0.92054582921939654 0.0024829428368938586 0.074488285106815752 0.0024829428368938586
0.91664683096847666 0.0026047865322351054 0.078143595967053156 0.0026047865322351054
0.92505910101433653 0.0023419030933019831 0.070257092799059492 0.0023419030933019831
0.92891948382791367 0.0022212661303776973 0.066637983911330925 0.0022212661303776973
0.92909288157929426 0.0022158474506470552 0.066475423519411658 0.0022158474506470552
0.92049363251137384 0.0024845739840195671 0.07453721952058702 0.0024845739840195671
0.91631431007732778 0.0026151778100835074 0.078455334302505217 0.0026151778100835074
0.92884231092326841 0.0022236777836478635 0.066710333509435907 0.0022236777836478635
0.92672103788807136 0.0022899675659977686 0.068699026979933062 0.0022899675659977686
0.92057125808961504 0.0024821481846995308 0.074464445540985927 0.0024821481846995308
0.91808575736988818 0.0025598200821909927 0.076794602465729778 0.0025598200821909927
0.91682174646226 0.0025993204230543763 0.077979612691631284 0.0025993204230543763
0.9300294348118131 0.0021865801621308396 0.065597404863925193 0.0021865801621308396
0.91660610479849147 0.0026060592250471411 0.078181776751414231 0.0026060592250471411
0.92374341318058673 0.0023830183381066653 0.071490550143199952 0.0023830183381066653
0.93098551018871301 0.0021567028066027173 0.064701084198081515 0.0021567028066027173
0.92650477233557904 0.002296725864513155 0.068901775935394649 0.002296725864513155
0.92510128404138858 0.0023405848737066059 0.070217546211198176 0.0023405848737066059
0.92242654702097826 0.0024241704055944281 0.072725112167832839 0.0024241704055944281
0.93251649642350798 0.0021088594867653744 0.063265784602961228 0.0021088594867653744
0.93141403103018972 0.0021433115303065701 0.0642993459091971 0.0021433115303065701
0.93153130994570843 0.002139646564196612 0.064189396925898354 0.002139646564196612
0.92966265693662709 0.002198041970730404 0.065941259121912121 0.002198041970730404
0.93016641632233288 0.0021822994899270975 0.065468984697812926 0.0021822994899270975
0.92194072462767185 0.002439352355385253 0.073180570661557587 0.002439352355385253
0.9277916170324243 0.0022565119677367411 0.067695359032102234 0.0022565119677367411
0.92263439932296332 0.0024176750211573964 0.072530250634721891 0.0024176750211573964
0.9325123284973541 0.002108989734457683 0.063269692033730493 0.002108989734457683
0.9183570647348076 0.0025513417270372632 0.076540251811117899 0.0025513417270372632
0.93045899001660748 0.0021731565619810176 0.065194696859430523 0.0021731565619810176
0.9198805761679516 0.0025037319947515129 0.075111959842545387 0.0025037319947515129
0.93028080704648419 0.0021787247797973698 0.06536174339392109 0.0021787247797973698
0.93294059386312078 0.0020956064417774751 0.062868193253324253 0.0020956064417774751
0.933513002137208 0.0020777186832122495 0.062331560496367483 0.0020777186832122495
0.92637225432516157 0.0023008670523387018 0.069026011570161055 0.0023008670523387018
0.93039423612060035 0.0021751801212312395 0.065255403636937187 0.0021751801212312395
0.92777794721059315 0.0022569391496689638 0.067708174490068912 0.0022569391496689638
0.91641208512638361 0.0026121223398005117 0.078363670194015356 0.0026121223398005117
0.93354334799954608 0.0020767703750141863 0.062303111250425591 0.0020767703750141863
0.92278733393177259 0.002412895814632107 0.072386874438963203 0.002412895814632107
0.92166557409622962 0.0024479508094928256 0.07343852428478477 0.0024479508094928256
0.92171269175045156 0.0024464783827983895 0.073394351483951681 0.0024464783827983895
0.91742295861975209 0.0025805325431327466 0.077415976293982405 0.0025805325431327466
0.91673574073316022 0.0026020081020887435 0.078060243062662307 0.0026020081020887435
0.92401979855763849 0.0023743812950737975 0.071231438852213919 0.0023743812950737975
0.9235113171729662 0.0023902713383448068 0.071708140150344199 0.0023902713383448068
0.9309948214312852 0.0021564118302723387 0.064692354908170158 0.0021564118302723387
0.92148660628937551 0.0024535435534570166 0.073606306603710495 0.0024535435534570166
0.9317154629344091 0.0021338917832997152 0.064016753498991455 0.0021338917832997152
0.93051950581179099 0.0021712654433815332 0.065137963301446 0.0021712654433815332
0.9314788466782572 0.0021412860413044629 0.064238581239133882 0.0021412860413044629
0.9332533327407011 0.0020858333518530901 0.062575000555592702 0.0020858333518530901
0.92726536226691014 0.0022729574291590593 0.068188722874771776 0.0022729574291590593
0.91931108011520746 0.0025215287463997674 0.075645862391993016 0.0025215287463997674
0.92906436154296945 0.0022167387017822037 0.066502161053466111 0.0022167387017822037
0.9320071450672045 0.0021247767166498589 0.063743301499495766 0.0021247767166498589
0.91897866306906573 0.0025319167790916956 0.075957503372750867 0.0025319167790916956
0.92594754659878631 0.0023141391687879261 0.06942417506363778 0.0023141391687879261
0.92729681054981805 0.0022719746703181872 0.068159240109545619 0.0022719746703181872
0.92397747690121401 0.0023757038468370621 0.071271115405111857 0.0023757038468370621
0.93014036696614411 0.0021831135323079954 0.06549340596923986 0.0021831135323079954
0.92715047968954734 0.0022765475097016462 0.068296425291049387 0.0022765475097016462
0.93040353061580305 0.0021748896682561541 0.06524669004768463 0.0021748896682561541
0.92716261135825007 0.0022761683950546867 0.068285051851640605 0.0022761683950546867
0.92948258282047747 0.0022036692868600805 0.066110078605802411 0.0022036692868600805
0.92663325269039498 0.0022927108534251564 0.068781325602754698 0.0022927108534251564
0.92865962288590997 0.0022293867848153142 0.06688160354445942 0.0022293867848153142
0.92239228276526652 0.0024252411635854207 0.072757234907562626 0.0024252411635854207
0.93124930621687851 0.0021484591807225456 0.064453775421676365 0.0021484591807225456
0.91959116085856907 0.0025127762231697166 0.075383286695091506 0.0025127762231697166
0.92175095704417076 0.002445282592369665 0.073358477771089947 0.002445282592369665
0.9263826196757925 0.0023005431351314854 0.069016294053944563 0.0023005431351314854
0.92001268224402455 0.0024996036798742333 0.074988110396226992 0.0024996036798742333
0.92152522622366306 0.0024523366805105275 0.073570100415315823 0.0024523366805105275
0.92878179513954096 0.0022255689018893434 0.066767067056680299 0.0022255689018893434
0.9311159297511673 0.0021526271952760226 0.06457881585828068 0.0021526271952760226
0.92249133182953114 0.0024221458803271516 0.072664376409814546 0.0024221458803271516
0.91759024729488448 0.0025753047720348601 0.077259143161045804 0.0025753047720348601
0.92701552845865542 0.0022807647356670176 0.068422942070010526 0.0022807647356670176
0.92666550880924259 0.0022917028497111704 0.068751085491335115 0.0022917028497111704
0.92415909680855857 0.0023700282247325435 0.071100846741976309 0.0023700282247325435
0.93223489621249422 0.0021176594933595572 0.063529784800786721 0.0021176594933595572
0.93082064498988903 0.0021618548440659681 0.064855645321979044 0.0021618548440659681
0.93289938272368045 0.002096894289884986 0.06290682869654958 0.002096894289884986
0.9214061166366988 0.002456058855103162 0.073681765653094866 0.002456058855103162
0.91678948864685827 0.0026003284797856785 0.07800985439357036 0.0026003284797856785
0.93082942264672075 0.0021615805422899766 0.064847416268699304 0.0021615805422899766
0.92489836074812892 0.0023469262266209712 0.070407786798629135 0.0023469262266209712
0.923889786051727 0.0023784441858835325 0.071353325576505977 0.0023784441858835325
0.91744136669157095 0.0025799572908884083 0.077398718726652244 0.0025799572908884083
0.92488657736350555 0.002347294457390453 0.070418833721713592 0.002347294457390453
0.91779934790237894 0.0025687703780506578 0.077063111341519733 0.0025687703780506578
0.9212280648093456 0.0024616229747079516 0.073848689241238552 0.0024616229747079516
0.928069141485799 0.0022478393285687813 0.067435179857063432 0.0022478393285687813
0.93052300896548534 0.0021711559698285826 0.065134679094857484 0.0021711559698285826
0.92950630595409733 0.0022029279389344579 0.066087838168033736 0.0022029279389344579
0.92183943882133068 0.0024425175368334171 0.073275526105002514 0.0024425175368334171
0.9226484581059291 0.0024172356841897155 0.072517070525691465 0.0024172356841897155
0.92814012241715504 0.0022456211744639036 0.067368635233917104 0.0022456211744639036
0.93043831649869801 0.0021738026094156862 0.065214078282470583 0.0021738026094156862
0.93019285651799499 0.0021814732338126552 0.06544419701437966 0.0021814732338126552
0.921003530191006 0.0024686396815310615 0.074059190445931844 0.0024686396815310615
0.93034982280145129 0.002176568037454649 0.065297041123639474 0.002176568037454649
0.92855785457212447 0.002232567044621111 0.066977011338633333 0.002232567044621111
0.93090709597246046 0.0021591532508606101 0.064774597525818309 0.0021591532508606101
0.91619532892333455 0.0026188959711457957 0.078566879134373865 0.0026188959711457957
0.9238506235681011 0.0023796680134968392 0.071390040404905181 0.0023796680134968392
0.93265149249278734 0.002104640859600394 0.063139225788011816 0.002104640859600394
0.9316545749867543 0.0021357945316639289 0.064073835949917862 0.0021357945316639289
0.92001164147142311 0.002499636204018029 0.074989086120540865 0.002499636204018029
0.92942120748938362 0.0022055872659567633 0.066167617978702895 0.0022055872659567633
0.93057198267054397 0.0021696255415455004 0.065088766246365018 0.0021696255415455004
0.93035730353403367 0.0021763342645614477 0.065290027936843437 0.0021763342645614477
0.92934140758308614 0.0022080810130285576 0.066242430390856727 0.0022080810130285576
0.93211234480331284 0.0021214892248964737 0.06364467674689421 0.0021214892248964737
0.92786842272357384 0.0022541117898883193 0.067623353696649582 0.0022541117898883193
0.91839527988898539 0.0025501475034692056 0.076504425104076165 0.0025501475034692056
0.91949404403007962 0.0025158111240600116 0.075474333721800346 0.0025158111240600116
0.9192886526146572 0.0025222296057919621 0.07566688817375887 0.0025222296057919621
0.92998213388267459 0.0021880583161664187 0.065641749484992559 0.0021880583161664187
0.91786235561280016 0.0025668013870999936 0.077004041612999813 0.0025668013870999936
0.92092828607032817 0.0024709910603022442 0.074129731809067331 0.0024709910603022442
0.91753926924892948 0.0025768978359709555 0.077306935079128669 0.0025768978359709555
0.92778726583968962 0.0022566479425096988 0.067699438275290971 0.0022566479425096988
0.92987103322713949 0.0021915302116518906 0.065745906349556724 0.0021915302116518906
0.9165771965382371 0.0026069626081800892 0.07820887824540268 0.0026069626081800892
0.91973531115873253 0.0025082715262896068 0.0752481457886882 0.0025082715262896068
0.92971116344605087 0.0021965261423109103 0.065895784269327309 0.0021965261423109103
0.92405721939001573 0.0023732118940620081 0.071196356821860249 0.0023732118940620081
0.92112870415775272 0.0024647279950702288 0.073941839852106866 0.0024647279950702288
0.92190445154155165 0.0024404858893265114 0.073214576679795335 0.0024404858893265114
0.93020633237415806 0.0021810521133075614 0.065431563399226844 0.0021810521133075614
0.91904509244465249 0.0025298408611046106 0.075895225833138319 0.0025298408611046106
0.92804363903657217 0.0022486362801071211 0.06745908840321363 0.0022486362801071211
0.9271977011729674 0.0022750718383447678 0.068252155150343038 0.0022750718383447678
0.9278179227572545 0.0022556899138357969 0.067670697415073908 0.0022556899138357969
0.92805045345977288 0.0022484233293820965 0.067452699881462894 0.0022484233293820965
0.92407119175146446 0.0023727752577667369 0.071183257733002103 0.0023727752577667369
0.93032222159309674 0.0021774305752157259 0.065322917256471782 0.0021774305752157259
0.91694660198614808 0.0025954186879328738 0.077862560637986217 0.0025954186879328738
0.92419685121504358 0.0023688483995298877 0.07106545198589663 0.0023688483995298877
0.92475695910088274 0.0023513450280974136 0.070540350842922414 0.0023513450280974136
0.92212461127662781 0.0024336058976053795 0.073008176928161389 0.0024336058976053795
0.91673846011250171 0.0026019231214843229 0.078057693644529691 0.0026019231214843229
0.91615096491549386 0.0026202823463908173 0.078608470391724514 0.0026202823463908173
0.92430086357813235 0.0023655980131833641 0.070967940395500917 0.0023655980131833641
0.91948153420322976 0.0025162020561490714 0.075486061684472139 0.0025162020561490714
0.91782804475682955 0.0025678736013490765 0.077036208040472287 0.0025678736013490765
0.92150172827411936 0.0024530709914337688 0.07359212974301306 0.0024530709914337688
0.93252229701845613 0.0021086782181732452 0.063260346545197355 0.0021086782181732452
0.92301703392488732 0.0024057176898472699 0.072171530695418096 0.0024057176898472699
0.92195239079887481 0.0024389877875351617 0.073169633626054859 0.0024389877875351617
0.93133385311199834 0.002145817090250053 0.064374512707501594 0.002145817090250053
0.9327579266178897 0.0021013147931909482 0.063039443795728442 0.0021013147931909482
0.91949797674574218 0.0025156882266955563 0.075470646800866695 0.0025156882266955563
0.92234865808773325 0.0024266044347583354 0.072798133042750068 0.0024266044347583354
0.91829827216031634 0.0025531789949901147 0.076595369849703443 0.0025531789949901147
0.92047956730250791 0.0024850135217966275 0.074550405653898824 0.0024850135217966275
0.92804739281808191 0.00224851897443494 0.067455569233048199 0.00224851897443494
0.91916937133370946 0.0025259571458215798 0.075778714374647393 0.0025259571458215798
0.91694140882470276 0.0025955809742280399 0.0778674292268412 0.0025955809742280399
0.91689920065184383 0.0025968999796298817 0.077906999388896447 0.0025968999796298817
0.92201478923156088 0.0024370378365137237 0.073111135095411714 0.0024370378365137237
0.91813012622485979 0.002558433555473132 0.076753006664193962 0.002558433555473132
0.91737045762647096 0.0025821731991727821 0.077465195975183462 0.0025821731991727821
0.92016688510244182 0.0024947848405486922 0.074843545216460763 0.0024947848405486922
0.92215809874563537 0.0024325594141988943 0.072976782425966835 0.0024325594141988943
0.91748149724179717 0.0025787032111938397 0.077361096335815185 0.0025787032111938397
0.93308007013948513 0.0020912478081410906 0.062737434244232712 0.0020912478081410906
0.92026461887770694 0.0024917306600716568 0.074751919802149708 0.0024917306600716568
0.92248683229489425 0.0024222864907845554 0.072668594723536664 0.0024222864907845554
0.92321493236810825 0.0023995333634966188 0.071986000904898567 0.0023995333634966188
0.91830615677670302 0.0025529326007280302 0.076587978021840905 0.0025529326007280302
0.92509842985803581 0.0023406740669363805 0.070220222008091415 0.0023406740669363805
0.93324654815008456 0.0020860453703098569 0.062581361109295713 0.0020860453703098569
0.9237152340661493 0.0023838989354328329 0.071516968062984992 0.0023838989354328329
0.93344352277579556 0.002079889913256389 0.062396697397691672 0.002079889913256389
0.92948796623982666 0.0022035010550054178 0.06610503165016253 0.0022035010550054178
0.92423326444754939 0.0023677104860140804 0.071031314580422417 0.0023677104860140804
0.92248410145910664 0.0024223718294029166 0.072671154882087502 0.0024223718294029166
0.92124319961733836 0.0024611500119581776 0.073834500358745322 0.0024611500119581776
0.93220170989850115 0.0021186965656718377 0.063560896970155129 0.0021186965656718377
0.93314370148986803 0.0020892593284416224 0.062677779853248669 0.0020892593284416224
0.93193662077726558 0.0021269806007104511 0.063809418021313527 0.0021269806007104511
0.92854508731017094 0.002232966021557157 0.066988980646714713 0.002232966021557157
0.92969539907397281 0.0021970187789383507 0.065910563368150515 0.0021970187789383507
0.92158262608814168 0.0024505429347455713 0.073516288042367137 0.0024505429347455713
0.91700059802309086 0.002593731311778411 0.07781193935335233 0.002593731311778411
0.92233546777000641 0.0024270166321872983 0.072810498965618947 0.0024270166321872983
0.92469420113368128 0.0023533062145724608 0.070599186437173819 0.0023533062145724608
0.91630616840181556 0.0026154322374432638 0.078462967123297922 0.0026154322374432638
0.9221901952624374 0.0024315563980488327 0.072946691941464983 0.0024315563980488327
0.91851736519122951 0.0025463323377740783 0.076389970133222351 0.0025463323377740783
0.92045100927352896 0.0024859059602022186 0.074577178806066555 0.0024859059602022186
0.92590027048928425 0.0023156165472098681 0.069468496416296044 0.0023156165472098681
0.92835517946327584 0.0022389006417726305 0.067167019253178917 0.0022389006417726305
0.92628813236509699 0.0023034958635907194 0.069104875907721575 0.0023034958635907194
0.91955287000051433 0.0025139728124839267 0.075419184374517806 0.0025139728124839267
0.93125892046628811 0.002148158735428497 0.064444762062854904 0.002148158735428497
0.92567314219182151 0.0023227143065055783 0.069681429195167344 0.0023227143065055783
0.92488578422497147 0.0023473192429696423 0.070419577289089264 0.0023473192429696423
0.92952249905674189 0.0022024219044768155 0.066072657134304463 0.0022024219044768155
0.91706615263428737 0.002591682730178521 0.077750481905355634 0.002591682730178521
0.9285546040605358 0.0022326686231082553 0.066980058693247663 0.0022326686231082553
0.92664832138750219 0.002292239956640556 0.068767198699216686 0.002292239956640556
0.92585008062283058 0.0023171849805365442 0.069515549416096334 0.0023171849805365442
0.9267779497387636 0.0022881890706636363 0.068645672119909087 0.0022881890706636363
0.92416043868301678 0.0023699862911557268 0.071099588734671801 0.0023699862911557268
0.93144198756166785 0.0021424378886978806 0.064273136660936411 0.0021424378886978806
0.93263697445026084 0.0021050945484293484 0.063152836452880459 0.0021050945484293484
0.92109438123957255 0.0024658005862633592 0.073974017587900773 0.0024658005862633592
0.92808611804568231 0.0022473088110724275 0.067419264332172824 0.0022473088110724275
0.92836308815859692 0.0022386534950438472 0.067159604851315419 0.0022386534950438472
0.92203758969472527 0.0024363253220398345 0.073089759661195033 0.0024363253220398345
0.93358532099178848 0.0020754587190066108 0.062263761570198327 0.0020754587190066108
0.9267228715997311 0.0022899102625084031 0.068697307875252092 0.0022899102625084031
0.92083817815828339 0.0024738069325536431 0.074214207976609298 0.0024738069325536431
0.92447928418803682 0.0023600223691238481 0.070800671073715446 0.0023600223691238481
0.92549460137740569 0.0023282937069560704 0.06984881120868211 0.0023282937069560704
0.92795216152391968 0.0022514949523775095 0.067544848571325283 0.0022514949523775095
0.9315855337366391 0.0021379520707300293 0.064138562121900874 0.0021379520707300293
0.93382434600442843 0.0020679891873616103 0.062039675620848306 0.0020679891873616103
0.92836158310130512 0.0022387005280842141 0.067161015842526428 0.0022387005280842141
0.92258104910661176 0.0024193422154183838 0.072580266462551515 0.0024193422154183838
0.92871059491892538 0.0022277939087835832 0.066833817263507497 0.0022277939087835832
0.92195023240271945 0.0024390552374150185 0.073171657122450551 0.0024390552374150185
0.91992764100243296 0.0025022612186739713 0.075067836560219134 0.0025022612186739713
0.9330873203892136 0.0020910212378370749 0.062730637135112247 0.0020910212378370749
0.93060867445470308 0.0021684789232905306 0.06505436769871592 0.0021684789232905306
0.92885135158567345 0.0022233952629477061 0.066701857888431179 0.0022233952629477061
0.91738155513313391 0.0025818264020895649 0.077454792062686947 0.0025818264020895649
0.93277064483341754 0.0021009173489557006 0.063027520468671022 0.0021009173489557006
0.92115515308847251 0.0024639014659852336 0.073917043979557007 0.0024639014659852336
0.92221848133259765 0.002430672458356323 0.072920173750689696 0.002430672458356323
0.93352195959656581 0.0020774387626073185 0.062323162878219554 0.0020774387626073185
0.91892585886514588 0.002533566910464192 0.076007007313925762 0.002533566910464192
0.9320113301456816 0.0021246459329474507 0.063739377988423523 0.0021246459329474507
0.91907947070843377 0.0025287665403614444 0.075862996210843331 0.0025287665403614444
0.9305269539752743 0.0021710326882726787 0.065130980648180362 0.0021710326882726787
0.91757828365037786 0.0025756786359256907 0.077270359077770717 0.0025756786359256907
0.92557179883264318 0.0023258812864799016 0.069776438594397042 0.0023258812864799016
0.92202581853098409 0.0024366931709067473 0.073100795127202411 0.0024366931709067473
0.92492494715831453 0.0023460954013026693 0.070382862039080077 0.0023460954013026693
0.92644602460804448 0.0022985617309986095 0.06895685192995829 0.0022985617309986095
0.9224840978055312 0.0024223719435771504 0.072671158307314507 0.0024223719435771504
0.91819992382704319 0.0025562523804049009 0.076687571412147021 0.0025562523804049009
0.93392149344846387 0.0020649533297355045 0.061948599892065137 0.0020649533297355045
0.93324828206660071 0.0020859911854187291 0.06257973556256187 0.0020859911854187291
0.92209872097664825 0.0024344149694797419 0.073032449084392256 0.0024344149694797419
0.92702938401447021 0.0022803317495478071 0.068409952486434208 0.0022803317495478071
0.92048659208513972 0.0024847939973393837 0.074543819920181512 0.0024847939973393837
0.91898594232797259 0.0025316893022508556 0.075950679067525673 0.0025316893022508556
0.9263109711881985 0.0023027821503687962 0.069083464511063883 0.0023027821503687962
0.92920110537832323 0.0022124654569273981 0.066373963707821948 0.0022124654569273981
0.92196140926846326 0.0024387059603605231 0.073161178810815686 0.0024387059603605231
0.91642546751310683 0.002611704140215412 0.078351124206462355 0.002611704140215412
0.92967974927966002 0.002197507835010624 0.06592523505031872 0.002197507835010624
0.92045318350074257 0.0024858380156017952 0.074575140468053858 0.0024858380156017952
0.93326559667960163 0.0020854501037624487 0.062563503112873467 0.0020854501037624487
0.92500966403563423 0.0023434479988864317 0.070303439966592954 0.0023434479988864317
0.92579069124473756 0.002319040898601952 0.069571226958058563 0.002319040898601952
0.92289910744672266 0.0024094028922899179 0.072282086768697532 0.0024094028922899179
0.93154034453594281 0.0021393642332517885 0.06418092699755365 0.0021393642332517885
0.92566639006693219 0.0023229253104083687 0.06968775931225106 0.0023229253104083687
0.92752933273803029 0.0022647083519365518 0.06794125055809655 0.0022647083519365518
0.91819635734432348 0.0025563638329898926 0.076690914989696782 0.0025563638329898926
0.91849509176161526 0.0025470283824495228 0.076410851473485683 0.0025470283824495228
0.92276374313250198 0.002413633027109314 0.072408990813279422 0.002413633027109314
0.93149794505047478 0.0021406892171726612 0.064220676515179834 0.0021406892171726612
0.92513976214001614 0.002339382433124496 0.070181472993734881 0.002339382433124496
0.91800367088603174 0.0025623852848115076 0.076871558544345228 0.0025623852848115076
0.91691387423274617 0.0025964414302266821 0.077893242906800469 0.0025964414302266821
0.93167129180821462 0.0021352721309932932 0.064058163929798795 0.0021352721309932932
0.92172433530042619 0.0024461145218616811 0.07338343565585044 0.0024461145218616811
0.91893543063343985 0.002533267792705005 0.075998033781150151 0.002533267792705005
0.92398461982155788 0.002375480630576317 0.071264418917289504 0.002375480630576317
0.93043491311369009 0.0021739089651971835 0.065217268955915508 0.0021739089651971835
0.92559291691929158 0.0023252213462721378 0.069756640388164134 0.0023252213462721378
0.92115893544250571 0.002463783267421697 0.073913498022650903 0.002463783267421697
0.92660701726410122 0.0022935307104968361 0.06880592131490508 0.0022935307104968361
0.92819513011462573 0.0022439021839179454 0.067317065517538369 0.0022439021839179454
0.92161137893373402 0.0024496444083208124 0.073489332249624367 0.0024496444083208124
0.92001711960544208 0.0024994650123299346 0.074983950369898036 0.0024994650123299346
0.9181797287317417 0.0025568834771330716 0.076706504313992147 0.0025568834771330716
0.92642066871136652 0.0022993541027697944 0.068980623083093828 0.0022993541027697944
0.93069661026106298 0.0021657309293417809 0.064971927880253424 0.0021657309293417809
0.92227515777960001 0.0024289013193875015 0.072867039581625048 0.0024289013193875015
0.93055608338943896 0.0021701223940800317 0.065103671822400955 0.0021701223940800317
0.93353239766320961 0.0020771125730246992 0.062313377190740975 0.0020771125730246992
0.92343658971584308 0.002392606571379905 0.071778197141397146 0.002392606571379905
0.91756141374491029 0.0025762058204715534 0.077286174614146608 0.0025762058204715534
0.91602562560134193 0.0026241991999580642 0.078725975998741926 0.0026241991999580642
0.91997502558833999 0.0025007804503643766 0.075023413510931294 0.0025007804503643766
0.92812108805459315 0.0022462159982939629 0.067386479948818884 0.0022462159982939629
0.93150713969886256 0.0021404018844105436 0.064212056532316306 0.0021404018844105436
0.9199842754420503 0.0025004913924359276 0.075014741773077834 0.0025004913924359276
0.92561991714295355 0.0023243775892827024 0.069731327678481073 0.0023243775892827024
0.93145280338998548 0.0021420998940629528 0.064262996821888588 0.0021420998940629528
0.93057682631117555 0.0021694741777757631 0.065084225333272891 0.0021694741777757631
0.92451507444690462 0.002358903923534232 0.070767117706026963 0.002358903923534232
0.92430323498004985 0.0023655239068734422 0.07096571720620326 0.0023655239068734422
0.92818389567130288 0.0022442532602717858 0.067327597808153575 0.0022442532602717858
0.92128030636733771 0.0024599904260206953 0.073799712780620863 0.0024599904260206953
0.93013026719405933 0.0021834291501856458 0.065502874505569381 0.0021834291501856458
0.9204344585081895 0.0024864231716190776 0.074592695148572336 0.0024864231716190776
