-0.0035712208068984174 0.84279590002265947 -2.3034540211682737 9.9480687837739423e-16 4.8294701571194306e-16 0.45838911576704544
-0.0035184408184468787 0.84004404628836493 -2.3100205434117287 8.1895880978215095e-16 4.8849813083506892e-16 0.45823445638020832
-0.0035157077431311598 0.84415218560969463 -2.3102258263232498 6.525376147522946e-16 4.9960036108132044e-16 0.4583740234375
-0.0033909742296212965 0.84209387208239728 -2.3086151155877608 5.5935139104802829e-16 4.9960036108132044e-16 0.45831787109375
-0.0034792582141535433 0.84170226630047773 -2.3135525816494189 5.3483466162434764e-16 4.8849813083506892e-16 0.45832128906250003
-0.0034063416767218793 0.84273770275933857 -2.3076139554487085 7.4212082596332496e-16 4.9960036108132044e-16 0.45828399658203123
-0.0032310462307667321 0.83762014967033793 -2.3090345668520511 7.0001840342161483e-16 4.6629367034256577e-16 0.45811322380514707
-0.0034955007173557533 0.84012035597157464 -2.3167838487713137 4.5824729144187256e-16 4.8294701571194306e-16 0.4580422634548611
-0.0033591660787323776 0.84002591354312217 -2.3088126849108779 5.978920532684627e-16 4.7739590058881729e-16 0.45806357935855263
-0.0033793942235916265 0.83553530986933866 -2.3069622709226456 5.1754837409019163e-16 4.8849813083506892e-16 0.45790185546875001
-0.003235791907171502 0.83523597216399936 -2.3098537789635749 6.8966139910033056e-16 4.7739590058881729e-16 0.45783714657738095
-0.0034987569035032336 0.83161525982647078 -2.3010345752874977 5.727337415167514e-16 4.6629367034256577e-16 0.45773237748579543
-0.0034004911207384291 0.83925102267202367 -2.3092250008606849 5.4411950553803917e-16 4.7184478546569153e-16 0.45779296874999997
-0.0034635429966006189 0.83982472872442249 -2.3088327188194091 5.0703750944114442e-16 4.9960036108132044e-16 0.45776957194010415
-0.0033555322223425784 0.84120840693513566 -2.3097094068307644 3.8687941683118143e-16 4.9404924595819468e-16 0.45773144531249998
-0.003290743497530794 0.83825107834753754 -2.3043293987121833 5.0878423762910831e-16 4.7739590058881729e-16 0.45770676832932694
-0.0034554543273080988 0.83708086528238612 -2.3040176674921709 5.7237618554615181e-16 5.2180482157382359e-16 0.4577443214699074
-0.0035318858019230915 0.84156716590119363 -2.3087638297796205 4.7337995851549159e-16 4.8294701571194306e-16 0.45778372628348213
-0.0034032970320188156 0.83961839700720931 -2.3051624008542593 6.3784506256132418e-16 4.8294701571194306e-16 0.45777815193965515
-0.003563524659713377 0.8368490963210421 -2.303188312376991 7.92533762577079e-16 4.9404924595819468e-16 0.45779720052083334
