144
0 2132134 21021028 2311311c
1 2102102 11011011 13113113
2 2102102 11311318 1321321a
3 1101100 11311318 10210218
4 1131132 21321320 20210212
5 1131132 21021028 2011011a
6 2132134 21511510 23423424
7 2151150 42572571 40423421
8 2151150 42342340 40213210
9 4257250 42342340 46115110
10 4234230 21321320 25115110
11 4234230 21511510 25725720
12 84ad7a4 846b46b0 8c219114
13 846b460 42572571 4a119111
14 846b460 42911910 4ad7ad70
15 4257250 42911910 46b46b40
16 4291190 84ad7ad0 80846b40
17 4291190 846b46b0 80425720
18 84ad7a4 84384380 8c729424
19 8438430 11011011 19429421
20 8438430 11942940 19d7ad70
21 1101100 11942940 10843840
22 1194290 84ad7ad0 85b43840
23 1194290 84384380 85210110
0 13213213e 21021028 113113116
1 102102107 11011011 113113116
2 202102108 11311318 213213210
3 20110110a 11311318 210210212
4 231131132 21321320 210210212
5 131131138 21021028 110110110
6 402132134 21511510 423423424
7 461151155 42572571 423423424
8 251151150 42342340 213213210
9 257257250 42342340 215115110
10 234234230 21321320 215115110
11 404234230 21511510 425725720
12 4ad7ad7a4 846b46b0 429119114
13 46b46b465 42572571 429119114
14 80846b460 42911910 84ad7ad70
15 804257250 42911910 846b46b40
16 8c2191190 84ad7ad0 846b46b40
17 4a1191190 846b46b0 425725720
18 19d7ad7a4 84384380 119429424
19 108438435 11011011 119429424
20 85b438430 11942940 84ad7ad70
21 852101100 11942940 843843840
22 8c7294290 84ad7ad0 843843840
23 194294290 84384380 110110110
0 2132132131 2021021027 113113116
1 2102102108 201101101e 113113116
2 2102102108 2311311318 213213210
3 1101101100 1311311312 210210212
4 1131131138 132132132a 210210212
5 1131131138 1021021028 110110110
6 2132132131 2511511515 423423424
7 2151151150 2572572574 423423424
8 2151151150 2342342340 213213210
9 4257257250 4042342340 215115110
10 4234234230 4021321320 215115110
11 4234234230 4611511510 425725720
12 84ad7ad7a1 80846b46b5 429119114
13 846b46b460 8042572574 429119114
14 846b46b460 8c21911910 84ad7ad70
15 4257257250 4a11911910 846b46b40
16 4291191190 4ad7ad7ad0 846b46b40
17 4291191190 46b46b46b0 425725720
18 84ad7ad7a1 85b4384385 119429424
19 8438438430 8521011014 119429424
20 8438438430 8c72942940 84ad7ad70
21 1101101100 1942942940 843843840
22 1194294290 19d7ad7ad0 843843840
23 1194294290 1084384380 110110110
0 2132132131 21021021022 23113113113
1 2102102108 11011011014 1311311311c
2 2102102108 11311311312 1321321321a
3 1101101100 11311311312 10210210212
4 1131131138 21321321320 20210210218
5 1131131138 21021021022 2011011011a
6 2132132131 21511511510 23423423421
7 2151151150 42572572574 40423423424
8 2151151150 42342342340 40213213210
9 4257257250 42342342340 46115115110
10 4234234230 21321321320 25115115110
11 4234234230 21511511510 25725725720
12 84ad7ad7a1 846b46b46b0 8c219119111
13 846b46b460 42572572574 4a119119114
14 846b46b460 42911911910 4ad7ad7ad70
15 4257257250 42911911910 46b46b46b40
16 4291191190 84ad7ad7ad0 80846b46b40
17 4291191190 846b46b46b0 80425725720
18 84ad7ad7a1 84384384380 8c729429421
19 8438438430 11011011014 19429429424
20 8438438430 11942942940 19d7ad7ad70
21 1101101100 11942942940 10843843840
22 1194294290 84ad7ad7ad0 85b43843840
23 1194294290 84384384380 85210110110
0 13213213213b 21021021022 113113113119
1 10210210210d 11011011014 113113113119
2 202102102102 11311311312 213213213210
3 20110110110a 11311311312 210210210218
4 231131131138 21321321320 210210210218
5 131131131132 21021021022 110110110110
6 402132132131 21511511510 423423423421
7 461151151155 42572572574 423423423421
8 251151151150 42342342340 213213213210
9 257257257250 42342342340 215115115110
10 234234234230 21321321320 215115115110
11 404234234230 21511511510 425725725720
12 4ad7ad7ad7a1 846b46b46b0 429119119111
13 46b46b46b465 42572572574 429119119111
14 80846b46b460 42911911910 84ad7ad7ad70
15 804257257250 42911911910 846b46b46b40
16 8c2191191190 84ad7ad7ad0 846b46b46b40
17 4a1191191190 846b46b46b0 425725725720
18 19d7ad7ad7a1 84384384380 119429429421
19 108438438435 11011011014 119429429421
20 85b438438430 11942942940 84ad7ad7ad70
21 852101101100 11942942940 843843843840
22 8c7294294290 84ad7ad7ad0 843843843840
23 194294294290 84384384380 110110110110
0 2132132132134 202102102102d 113113113119
1 2102102102102 201101101101b 113113113119
2 2102102102102 2311311311312 213213213210
3 1101101101100 1311311311318 210210210218
4 1131131131132 132132132132a 210210210218
5 1131131131132 1021021021022 110110110110
6 2132132132134 2511511511515 423423423421
7 2151151151150 2572572572571 423423423421
8 2151151151150 2342342342340 213213213210
9 4257257257250 4042342342340 215115115110
10 4234234234230 4021321321320 215115115110
11 4234234234230 4611511511510 425725725720
12 84ad7ad7ad7a4 80846b46b46b5 429119119111
13 846b46b46b460 8042572572571 429119119111
14 846b46b46b460 8c21911911910 84ad7ad7ad70
15 4257257257250 4a11911911910 846b46b46b40
16 4291191191190 4ad7ad7ad7ad0 846b46b46b40
17 4291191191190 46b46b46b46b0 425725725720
18 84ad7ad7ad7a4 85b4384384385 119429429421
19 8438438438430 8521011011011 119429429421
20 8438438438430 8c72942942940 84ad7ad7ad70
21 1101101101100 1942942942940 843843843840
22 1194294294290 19d7ad7ad7ad0 843843843840
23 1194294294290 1084384384380 110110110110
