576
0 40001000900070002000a4 80002000000080002000000088 8000600010001000500020002c
1 4000100000004000100002 10001000300020002000000011 10005000200020006000100013
2 4000100000004000100002 10001000600020002000500018 1000500070002000600040001a
3 1000200030002000100000 10001000600020002000500018 10000000400010000000400018
4 1000200060002000100052 40001000600070002000500040 40000000400010000000400012
5 1000200060002000100052 40001000000040001000000048 4000000020002000300010001a
0 800020006000b000100050 40001000000040001000000048 4000900020002000a000100018
1 8000200000008000200002 20002000300010001000000020 2000a000100010009000200022
2 8000200000008000200002 20002000900010001000a00028 2000a000b0001000900080002a
3 2000100030001000200000 20002000900010001000a00028 20000000800020000000800028
4 20001000900010002000a2 800020009000b0001000a00080 80000000800020000000800022
5 20001000900010002000a2 80002000000080002000000088 8000000010001000300020002a
6 40001000900070002000a4 80002002100010001002200020 80006002000080006002000084
7 4000100110001000200120 1000040021001900070022001a1 100000002000080006002000081
8 4000100110001000200120 100004000500100004000500100 100000000400010005000700020
9 10000400110015000700120 100004000500100004000500100 100014000100010011000200020
10 10000400050010000400050 40001000600070002000500040 40011000200020012000100010
11 10000400050010000400050 40001001200020002001100010 40011001600070012001500040
6 800020006000b000100050 40001001200020002001100010 40009001000040009001000040
7 8000200220002000100210 20000800120026000b001100250 200000001000040009001000040
8 8000200220002000100210 200008000a00200008000a00200 20000000080002000a000b00010
9 2000080022002a000b00210 200008000a00200008000a00200 200028000200020022000100010
10 200008000a00200008000a0 800020009000b0001000a00080 80022000100010021000200020
11 200008000a00200008000a0 80002002100010001002200020 800220029000b0021002a00080
12 400020008800620029008b4 8000200028008a00200028008a0 800060000800020042000100014
13 40002000180046002000180 1000040021001900070022001a1 100044000100010041000200021
14 40002000180046002000180 100004004100010001004200020 1000440061001900470062001a0
15 10000400110015000700120 100004004100010001004200020 100014004500100014004500100
16 10000400410001000200420 400010004400510015004700520 400000004000100014004500100
17 10000400410001000200420 400010001400450010001400450 400000001000040011001600070
12 80001000440091001600470 400010001400450010001400450 400090000400010081000200020
13 80001000240089001000240 20000800120026000b001100250 200088000200020082000100010
14 80001000240089001000240 200008008200020002008100010 20008800920026008b009100250
15 2000080022002a000b00210 200008008200020002008100010 200028008a00200028008a00200
16 20000800820002000100810 800020008800a2002a008b00a10 800000008000200028008a00200
17 20000800820002000100810 8000200028008a00200028008a0 8000000020000800220029000b0
18 400020008800620029008b4 800020020800020002020100010 8000600228008a00600228008a4
19 40002001080002000101010 10000400220018800620229018b1 10000000200008000600228008a1
20 40002001080002000101010 1000040006001180046006001180 1000000004000100044006100190
21 100004001100144006101190 1000040006001180046006001180 1000140002000080102000100010
22 100004000500114004500500 400010004400510015004700520 400110000400010101000200020
23 100004000500114004500500 400010010400010001010200020 400110014400510115014700520
18 80001000440091001600470 400010010400010001010200020 400090011400450090011400450
19 80001002040001000202020 2000080011002440091011602470 2000000010000400090011400450
20 80001002040001000202020 2000080009002240089009002240 2000000008000200088009200260
21 200008002200288009202260 2000080009002240089009002240 2000280001000040201000200020
22 200008000a00228008a00a00 800020008800a2002a008b00a10 800220000800020202000100010
23 200008000a00228008a00a00 800020020800020002020100010 800220028800a2022a028b00a10
0 400020008800620028808a24 8000200028008a00228028a08a00 8000600008000200408000200024
1 4000200018004600228018a0 10000400220018800620229018b1 1000440002000080402000100011
2 4000200018004600228018a0 1000040042000080002040100010 10004400620018804620629018b0
3 100004001100144006101190 1000040042000080002040100010 1000140046001180146046001180
4 100004004100004000104010 4000100044005100144046105190 4000000040001000140046001180
5 100004004100004000104010 4000100014004500114014504500 4000000010000400110014400510
0 800010004400910014404510 4000100014004500114014504500 4000900004000100804000100010
1 800010002400890011402450 2000080011002440091011602470 2000880001000040801000200020
2 800010002400890011402450 2000080081000040001080200020 2000880091002440891091602470
3 200008002200288009202260 2000080081000040001080200020 2000280089002240289089002240
4 200008008200008000208020 800020008800a20028808920a260 8000000080002000280089002240
5 200008008200008000208020 8000200028008a00228028a08a00 8000000020000800220028800a20
6 400020008800620028808a24 8000200208000200008200200020 8000600228008a00628228a08a04
7 400020010800020000810020 10000400220018800620228818a21 10000000200008000600228008a01
8 400020010800020000810020 100004000600118004600628118a0 10000000040001000440062001880
9 1000040011001440062011880 100004000600118004600628118a0 10001400020000801020000800020
10 1000040005001140046005180 4000100044005100144046105190 4001100004000101004000100010
11 1000040005001140046005180 4000100104000100004100100010 4001100144005101144146105190
6 800010004400910014404510 4000100104000100004100100010 4000900114004500914114504500
7 800010020400010000420010 20000800110024400910114424510 20000000100004000900114004500
8 800010020400010000420010 20000800090022400890091422450 20000000080002000880091002440
9 2000080022002880091022440 20000800090022400890091422450 20002800010000402010000400010
10 200008000a00228008900a240 800020008800a20028808920a260 8002200008000202008000200020
11 200008000a00228008900a240 8000200208000200008200200020 800220028800a20228828920a260
12 400020008800620028808a204 8000200028008a00228028908a240 80006000080002004080001000044
13 4000200018004600228018a00 10000400220018800620228818a21 10004400020000804020000800021
14 4000200018004600228018a00 10000400420000800020400800020 10004400620018804620628818a20
15 1000040011001440062011880 10000400420000800020400800020 100014004600118014604628118a0
16 1000040041000040002040080 40001000440051001440462051880 40000000400010001400460011800
17 1000040041000040002040080 40001000140045001140146045180 40000000100004001100144005100
12 8000100044009100144045100 40001000140045001140146045180 40009000040001008040002000080
13 8000100024008900114024500 20000800110024400910114424510 20008800010000408010000400010
14 8000100024008900114024500 20000800810000400010800400010 20008800910024408910914424510
15 2000080022002880091022440 20000800810000400010800400010 20002800890022402890891422450
16 2000080082000080001080040 800020008800a20028808910a2440 80000000800020002800890022400
17 2000080082000080001080040 8000200028008a00228028908a240 8000000020000800220028800a200
18 400020008800620028808a204 80002000080182012081081382070 8000600028010a014281209308274
19 4000200008014201208208230 10001000300020002000000011 14001200308034203208208221
20 4000200008014201208208230 10001400210030403420310820 14001600218024602628118a10
21 1000200030002000100000 10001400210030403420310820 10000400010000401420210820
22 1000240021003040341030 40001000440051001440462051880 400010014402110204434223108b0
23 1000240021003040341030 400010000402410210420423410b0 40001001040001000041002000080
18 8000100044009100144045100 400010000402410210420423410b0 400090001402050281421063041b0
19 8000100004028102104104130 20002000300010001000000020 28002100304038103104104110
20 8000100004028102104104130 20002800120030803810320410 28002900124018901914224520
21 2000100030001000200000 20002800120030803810320410 20000800020000802810120410
22 2000180012003080382030 800020008800a20028808910a2440 80002002880122010883811320470
23 2000180012003080382030 80002000080182012081081382070 80002002080002000082001000040
0 1000900070002000a000400010009e 80002000000080002000000088 100010005000200020006000100016
1 100000004000100000004000100007 10001000300020002000000011 100010005000200020006000100016
2 400000004000100000004000100008 10001000600020002000500018 400010005000700020006000400010
3 40000000100020003000200010000a 10001000600020002000500018 400010000000400010000000400012
4 400050001000200060002000100052 40001000600070002000500040 400010000000400010000000400012
5 200060002000100050001000200068 40001000000040001000000048 200020003000100010000000200020
0 20006000b00010005000800020006a 40001000000040001000000048 20002000a000100010009000200022
1 200000008000200000008000200002 20002000300010001000000020 20002000a000100010009000200022
2 800000008000200000008000200008 20002000900010001000a00028 80002000a000b00010009000800020
3 80000000200010003000100020000a 20002000900010001000a00028 800020000000800020000000800022
4 8000a00020001000900010002000a2 800020009000b0001000a00080 800020000000800020000000800022
5 1000900010002000a0002000100098 80002000000080002000000088 100010003000200020000000100010
6 20000000040001000900070002000a4 80002002100010001002200020 2000080006002000080006002000084
7 2000180002000100110001000200125 1000040021001900070022001a1 2000080006002000080006002000084
8 400110001000200120002000100110 100004000500100004000500100 400010005000700020006000400010
9 400110015000700120016000400110 100004000500100004000500100 400010011000200020012000100010
10 400050010000400050010000400050 40001000600070002000500040 400010011000200020012000100010
11 1000000010000400050010000400050 40001001200020002001100010 1000040011001600070012001500040
6 100000000800020006000b000100050 40001001200020002001100010 1000040009001000040009001000040
7 1000240001000200220002000100210 20000800120026000b001100250 1000040009001000040009001000040
8 800220002000100210001000200220 200008000a00200008000a00200 80002000a000b00010009000800020
9 80022002a000b00210029000800220 200008000a00200008000a00200 800020022000100010021000200020
10 8000a00200008000a00200008000a0 800020009000b0001000a00080 800020022000100010021000200020
11 20000000200008000a00200008000a0 80002002100010001002200020 20000800220029000b0021002a00080
12 20008800620029008b0061002a00884 8000200028008a00200028008a0 2000080042000100010041000200024
13 2000180046002000180046002000185 1000040021001900070022001a1 2000080042000100010041000200024
14 4000000040002000180046002000180 100004004100010001004200020 40001000440061001900470062001a0
15 4000000010000400110015000700120 100004004100010001004200020 4000100014004500100014004500100
16 4000500004000100410001000200420 400010004400510015004700520 4000100014004500100014004500100
17 1000440001000200420002000100410 400010001400450010001400450 1000040011001600070012001500040
12 1000440091001600470092001500440 400010001400450010001400450 1000040081000200020082000100010
13 1000240089001000240089001000240 20000800120026000b001100250 1000040081000200020082000100010
14 8000000080001000240089001000240 200008008200020002008100010 800020008800920026008b009100250
15 800000002000080022002a000b00210 200008008200020002008100010 8000200028008a00200028008a00200
16 8000a00008000200820002000100810 800020008800a2002a008b00a10 8000200028008a00200028008a00200
17 2000880002000100810001000200820 8000200028008a00200028008a0 20000800220029000b0021002a00080
18 200000000400020008800620029008b4 800020020800020002020100010 200008000600228008a00600228008a4
19 20001800020000801020002000101015 10000400220018800620229018b1 200008000600228008a00600228008a4
20 4001100004000101010001000201020 1000040006001180046006001180 40001000440061001900470062001a0
21 40011001440061011901470062011a0 1000040006001180046006001180 4000100104000100010101000200020
22 4000500114004500500114004500500 400010004400510015004700520 4000100104000100010101000200020
23 10000000100004000500114004500500 400010010400010001010200020 10000400110014400510115014700520
18 10000000080001000440091001600470 400010010400010001010200020 10000400090011400450090011400450
19 10002400010000402010001000202020 2000080011002440091011602470 10000400090011400450090011400450
20 8002200008000202020002000102010 2000080009002240089009002240 800020008800920026008b009100250
21 800220028800920226028b009102250 2000080009002240089009002240 8000200208000200020202000100010
22 8000a00228008a00a00228008a00a00 800020008800a2002a008b00a10 8000200208000200020202000100010
23 20000000200008000a00228008a00a00 800020020800020002020100010 20000800220028800a2022a028b00a10
0 20008800620028808a2062a028b08a14 8000200028008a00228028a08a00 20000800420000800020402000100014
1 200018004600228018a04600228018a5 10000400220018800620229018b1 20000800420000800020402000100014
2 400000004000200018004600228018a0 1000040042000080002040100010 400010004400620018804620629018b0
3 40000000100004001100144006101190 1000040042000080002040100010 40001000140046001180146046001180
4 40005000040002004080002000104010 4000100044005100144046105190 40001000140046001180146046001180
5 10004400010000404010001000204020 4000100014004500114014504500 10000400110014400510115014700520
0 10004400910014404510915014704520 4000100014004500114014504500 10000400810000400010801000200020
1 10002400890011402450890011402450 2000080011002440091011602470 10000400810000400010801000200020
2 80000000800010002400890011402450 2000080081000040001080200020 80002000880091002440891091602470
3 80000000200008002200288009202260 2000080081000040001080200020 80002000280089002240289089002240
4 8000a000080001008040001000208020 800020008800a20028808920a260 80002000280089002240289089002240
5 20008800020000808020002000108010 8000200028008a00228028a08a00 20000800220028800a2022a028b00a10
6 200000000400020008800620028808a24 8000200208000200008200200020 200008000600228008a00628228a08a04
7 200018000200008010200008000210025 10000400220018800620228818a21 200008000600228008a00628228a08a04
8 40011000040002010080002000110010 100004000600118004600628118a0 400010004400620018804620629018b0
9 400110014400620118814620629118b0 100004000600118004600628118a0 40001001040002000081002000100010
10 40005001140046005181146046005180 4000100044005100144046105190 40001001040002000081002000100010
11 100000001000040005001140046005180 4000100104000100004100100010 100004001100144005101144146105190
6 100000000800010004400910014404510 4000100104000100004100100010 100004000900114004500914114504500
7 100024000100004020100004000120010 20000800110024400910114424510 100004000900114004500914114504500
8 80022000080001020040001000220020 20000800090022400890091422450 80002000880091002440891091602470
9 80022002880091022442891091622470 20000800090022400890091422450 80002002080001000042001000200020
10 8000a00228008900a24228908900a240 800020008800a20028808920a260 80002002080001000042001000200020
11 20000000200008000a00228008900a240 8000200208000200008200200020 20000800220028800a20228828920a260
12 20008800620028808a20628828928a264 8000200028008a00228028908a240 200008004200008000204008000200024
13 200018004600228018a04628228a18a05 10000400220018800620228818a21 200008004200008000204008000200024
14 400000004000200018004600228018a00 10000400420000800020400800020 400010004400620018804620628818a20
15 400000001000040011001440062011880 10000400420000800020400800020 4000100014004600118014604628118a0
16 400050000400020040800020000840020 40001000440051001440462051880 4000100014004600118014604628118a0
17 100044000100004040100004000140010 40001000140045001140146045180 100004001100144005101144146105190
12 100044009100144045109144146145190 40001000140045001140146045180 100004008100004000108004000100010
13 100024008900114024508914114524500 20000800110024400910114424510 100004008100004000108004000100010
14 800000008000100024008900114024500 20000800810000400010800400010 800020008800910024408910914424510
15 800000002000080022002880091022440 20000800810000400010800400010 800020002800890022402890891422450
16 8000a0000800010080400010000480010 800020008800a20028808910a2440 800020002800890022402890891422450
17 200088000200008080200008000280020 8000200028008a00228028908a240 20000800220028800a20228828920a260
18 18001600128028a02628228918a254 80002000080182012081081382070 100014001200308034203208208224
19 100004000200008014201208208235 10001000300020002000000011 100014001200308034203208208224
20 400010014401220208834223208b08200 10001400210030403420310820 400010004400620018804620628818a20
21 400010010400020000810020000800030 10001400210030403420310820 400010000401420210820423420b10810
22 400050001401060241821063042b41090 40001000440051001440462051880 400010000401420210820423420b10810
23 240021003040341031042042141090 400010000402410210420423410b0 200020003000100010000000200020
18 2400290021401450191411462451a0 400010000402410210420423410b0 200028002100304038103104104110
19 200008000100004028102104104130 20002000300010001000000020 200028002100304038103104104110
20 800020028802110104438113104704100 20002800120030803810320410 800020008800910024408910914424510
21 800020020800010000420010000400030 20002800120030803810320410 800020000802810120410813810720420
22 8000a0002802090182412093081782060 800020008800a20028808910a2440 800020000802810120410813810720420
23 180012003080382032081081282060 80002000080182012081081382070 100010003000200020000000100010
0 40001000900070002000a0004000100091 4000000080002000000080002000000087 100010005000200020006000100016
1 4000100000004000100000004000100008 400000001000100030002000200000001e 100010005000200020006000100016
2 4000100000004000100000004000100008 4000500010001000600020002000500018 400010005000700020006000400010
3 1000200030002000100000001000200030 1000600020002000500010001000600022 400010000000400010000000400012
4 1000200060002000100050001000200068 100060007000200050004000100060007a 400010000000400010000000400012
5 1000200060002000100050001000200068 1000000040001000000040001000000048 200020003000100010000000200020
0 800020006000b000100050008000200060 8000000040001000000040001000000042 20002000a000100010009000200022
1 8000200000008000200000008000200008 800000002000200030001000100000002a 20002000a000100010009000200022
2 8000200000008000200000008000200008 8000a00020002000900010001000a00028 80002000a000b00010009000800020
3 2000100030001000200000002000100030 2000900010001000a00020002000900012 800020000000800020000000800022
4 20001000900010002000a0002000100098 20009000b0001000a000800020009000ba 800020000000800020000000800022
5 20001000900010002000a0002000100098 2000000080002000000080002000000088 100010003000200020000000100010
6 40001000900070002000a0004000100091 4002100010001002200020002002100015 2000080006002000080006002000084
7 4000100110001000200120002000100110 40021001900070022001a0004002100194 2000080006002000080006002000084
8 4000100110001000200120002000100110 4000500100004000500100004000500100 400010005000700020006000400010
9 10000400110015000700120016000400110 10000000100004000500100004000500100 400010011000200020012000100010
10 10000400050010000400050010000400050 10000000040001000600070002000500040 400010011000200020012000100010
11 10000400050010000400050010000400050 10001400010001001200020002001100010 1000040011001600070012001500040
6 800020006000b000100050008000200060 8001200020002001100010001001200020 1000040009001000040009001000040
7 8000200220002000100210001000200220 800120026000b001100250008001200260 1000040009001000040009001000040
8 8000200220002000100210001000200220 8000a00200008000a00200008000a00200 80002000a000b00010009000800020
9 2000080022002a000b00210029000800220 20000000200008000a00200008000a00200 800020022000100010021000200020
10 200008000a00200008000a00200008000a0 200000000800020009000b0001000a00080 800020022000100010021000200020
11 200008000a00200008000a00200008000a0 20002800020002002100010001002200020 20000800220029000b0021002a00080
12 400020008800620029008b0061002a00881 400000008000200028008a00200028008a5 2000080042000100010041000200024
13 40002000180046002000180046002000180 400000001000040021001900070022001a4 2000080042000100010041000200024
14 40002000180046002000180046002000180 40006000080002004100010001004200020 40001000440061001900470062001a0
15 10000400110015000700120016000400110 10004400010001004200020002004100010 4000100014004500100014004500100
16 10000400410001000200420002000100410 10004400510015004700520016004400510 4000100014004500100014004500100
17 10000400410001000200420002000100410 10001400450010001400450010001400450 1000040011001600070012001500040
12 80001000440091001600470092001500440 80000000400010001400450010001400450 1000040081000200020082000100010
13 80001000240089001000240089001000240 8000000020000800120026000b001100250 1000040081000200020082000100010
14 80001000240089001000240089001000240 80009000040001008200020002008100010 800020008800920026008b009100250
15 2000080022002a000b00210029000800220 20008800020002008100010001008200020 8000200028008a00200028008a00200
16 20000800820002000100810001000200820 20008800a2002a008b00a10029008800a20 8000200028008a00200028008a00200
17 20000800820002000100810001000200820 200028008a00200028008a00200028008a0 20000800220029000b0021002a00080
18 400020008800620029008b0061002a00881 40022000080002020100010001020200025 200008000600228008a00600228008a4
19 40002001080002000101010001000201020 400220018800620229018b0061022a01884 200008000600228008a00600228008a4
20 40002001080002000101010001000201020 40006001180046006001180046006001180 40001000440061001900470062001a0
21 1000040011001440061011901470062011a0 100000001000040006001180046006001180 4000100104000100010101000200020
22 100004000500114004500500114004500500 100000000400010004400510015004700520 4000100104000100010101000200020
23 100004000500114004500500114004500500 100014000100004010100010001010200020 10000400110014400510115014700520
18 80001000440091001600470092001500440 80011000040001010200020002010100010 10000400090011400450090011400450
19 80001002040001000202020002000102010 80011002440091011602470092011502440 10000400090011400450090011400450
20 80001002040001000202020002000102010 80009002240089009002240089009002240 800020008800920026008b009100250
21 20000800220028800920226028b009102250 200000002000080009002240089009002240 8000200208000200020202000100010
22 200008000a00228008a00a00228008a00a00 200000000800020008800a2002a008b00a10 8000200208000200020202000100010
23 200008000a00228008a00a00228008a00a00 200028000200008020200020002020100010 20000800220028800a2022a028b00a10
0 400020008800620028808a2062a028b08a11 400000008000200028008a00228028a08a05 20000800420000800020402000100014
1 4000200018004600228018a04600228018a0 4000000010000400220018800620229018b4 20000800420000800020402000100014
2 4000200018004600228018a04600228018a0 400060000800020040800020002040100010 400010004400620018804620629018b0
3 1000040011001440061011901470062011a0 100044000100004040100010001040200020 40001000140046001180146046001180
4 100004004100004000104010001000204020 1000440051001440461051901470462051a0 40001000140046001180146046001180
5 100004004100004000104010001000204020 100014004500114014504500114014504500 10000400110014400510115014700520
0 800010004400910014404510915014704520 800000004000100014004500114014504500 10000400810000400010801000200020
1 800010002400890011402450890011402450 800000002000080011002440091011602470 10000400810000400010801000200020
2 800010002400890011402450890011402450 800090000400010080400010001080200020 80002000880091002440891091602470
3 20000800220028800920226028b009102250 200088000200008080200020002080100010 80002000280089002240289089002240
4 200008008200008000208020002000108010 20008800a20028808920a26028b08910a250 80002000280089002240289089002240
5 200008008200008000208020002000108010 200028008a00228028a08a00228028a08a00 20000800220028800a2022a028b00a10
6 400020008800620028808a2062a028b08a11 400220000800020200800020002200100015 200008000600228008a00628228a08a04
7 400020010800020000810020002000110010 400220018800620228818a2062a228b18a14 200008000600228008a00628228a08a04
8 400020010800020000810020002000110010 4000600118004600628118a04600628118a0 400010004400620018804620629018b0
9 10000400110014400620118814620629118b0 10000000100004000600118004600628118a0 40001001040002000081002000100010
10 1000040005001140046005181146046005180 1000000004000100044005100144046105190 40001001040002000081002000100010
11 1000040005001140046005181146046005180 1000140001000040102000080002100100010 100004001100144005101144146105190
6 800010004400910014404510915014704520 800110000400010100400010001100200020 100004000900114004500914114504500
7 800010020400010000420010001000220020 800110024400910114424510915114724520 100004000900114004500914114504500
8 800010020400010000420010001000220020 800090022400890091422450890091422450 80002000880091002440891091602470
9 2000080022002880091022442891091622470 2000000020000800090022400890091422450 80002002080001000042001000200020
10 200008000a00228008900a24228908900a240 200000000800020008800a20028808920a260 80002002080001000042001000200020
11 200008000a00228008900a24228908900a240 2000280002000080201000040001200200020 20000800220028800a20228828920a260
12 400020008800620028808a20628828928a261 400000008000200028008a00228028908a245 200008004200008000204008000200024
13 4000200018004600228018a04628228a18a00 4000000010000400220018800620228818a24 200008004200008000204008000200024
14 4000200018004600228018a04628228a18a00 4000600008000200408000200008400200020 400010004400620018804620628818a20
15 10000400110014400620118814620629118b0 1000440001000040402000080002400100010 4000100014004600118014604628118a0
16 1000040041000040002040080002000140010 10004400510014404620518814624629518b0 4000100014004600118014604628118a0
17 1000040041000040002040080002000140010 1000140045001140146045181146146045180 100004001100144005101144146105190
12 8000100044009100144045109144146145190 8000000040001000140045001140146045180 100004008100004000108004000100010
13 8000100024008900114024508914114524500 8000000020000800110024400910114424510 100004008100004000108004000100010
14 8000100024008900114024508914114524500 8000900004000100804000100004800100010 800020008800910024408910914424510
15 2000080022002880091022442891091622470 2000880002000080801000040001800200020 800020002800890022402890891422450
16 2000080082000080001080040001000280020 20008800a20028808910a24428918916a2470 800020002800890022402890891422450
17 2000080082000080001080040001000280020 200028008a00228028908a24228928908a240 20000800220028800a20228828920a260
18 400020008800620028808a20628828928a261 400020018801220108838223208b081082045 100014001200308034203208208224
19 400020000801420120820823420b208108200 4000200108000200008100200008000300024 100014001200308034203208208224
20 400020000801420120820823420b208108200 4000600018010601428210a3042b420910820 400010004400620018804620628818a20
21 1000200030002000100000001000200030 1400210030403420310820422420910820 400010000401420210820423420b10810
22 1000240021003040341031042042141090 1400250021402460151811461462a51880 400010000401420210820423420b10810
23 1000240021003040341031042042141090 10000400010000402410210420423410b0 200020003000100010000000200020
18 8000100044009100144045109144146145190 8000100244021102044341131047042041080 200028002100304038103104104110
19 8000100004028102104104138107104204100 8000100204000100004200100004000300010 200028002100304038103104104110
20 8000100004028102104104138107104204100 8000900024020902814120530817810620410 800020008800910024408910914424510
21 2000100030001000200000002000100030 2800120030803810320410811810620410 800020000802810120410813810720420
22 2000180012003080382032081081282060 28001a00128018902a24228928915a2440 800020000802810120410813810720420
23 2000180012003080382032081081282060 2000080002000080182012081081382070 100010003000200020000000100010
0 40001000900070002000a0004000100091 80002000000080002000000080002000000082 80006000100010005000200020006000100013
1 4000100000004000100000004000100008 10001000300020002000000010001000300024 1000500020002000600010001000500020002c
2 4000100000004000100000004000100008 10001000600020002000500010001000600022 1000500070002000600040001000500070002a
3 1000200030002000100000001000200030 10001000600020002000500010001000600022 10000000400010000000400010000000400012
4 1000200060002000100050001000200068 40001000600070002000500040001000600070 40000000400010000000400010000000400018
5 1000200060002000100050001000200068 40001000000040001000000040001000000042 4000000020002000300010001000000020002a
0 800020006000b000100050008000200060 40001000000040001000000040001000000042 4000900020002000a000100010009000200022
1 8000200000008000200000008000200008 20002000300010001000000020002000300010 2000a00010001000900020002000a000100018
2 8000200000008000200000008000200008 20002000900010001000a00020002000900012 2000a000b0001000900080002000a000b0001a
3 2000100030001000200000002000100030 20002000900010001000a00020002000900012 20000000800020000000800020000000800022
4 20001000900010002000a0002000100098 800020009000b0001000a000800020009000b0 80000000800020000000800020000000800028
5 20001000900010002000a0002000100098 80002000000080002000000080002000000082 8000000010001000300020002000000010001a
6 40001000900070002000a0004000100091 80002002100010001002200020002002100010 80006002000080006002000080006002000081
7 4000100110001000200120002000100110 1000040021001900070022001a0004002100194 100000002000080006002000080006002000084
8 4000100110001000200120002000100110 100004000500100004000500100004000500100 100000000400010005000700020006000400010
9 10000400110015000700120016000400110 100004000500100004000500100004000500100 100014000100010011000200020012000100010
10 10000400050010000400050010000400050 40001000600070002000500040001000600070 40011000200020012000100010011000200020
11 10000400050010000400050010000400050 40001001200020002001100010001001200020 40011001600070012001500040011001600070
6 800020006000b000100050008000200060 40001001200020002001100010001001200020 40009001000040009001000040009001000040
7 8000200220002000100210001000200220 20000800120026000b001100250008001200260 200000001000040009001000040009001000040
8 8000200220002000100210001000200220 200008000a00200008000a00200008000a00200 20000000080002000a000b00010009000800020
9 2000080022002a000b00210029000800220 200008000a00200008000a00200008000a00200 200028000200020022000100010021000200020
10 200008000a00200008000a00200008000a0 800020009000b0001000a000800020009000b0 80022000100010021000200020022000100010
11 200008000a00200008000a00200008000a0 80002002100010001002200020002002100010 800220029000b0021002a000800220029000b0
12 400020008800620029008b0061002a00881 8000200028008a00200028008a00200028008a0 800060000800020042000100010041000200021
13 40002000180046002000180046002000180 1000040021001900070022001a0004002100194 100044000100010041000200020042000100014
14 40002000180046002000180046002000180 100004004100010001004200020002004100010 1000440061001900470062001a0044006100190
15 10000400110015000700120016000400110 100004004100010001004200020002004100010 100014004500100014004500100014004500100
16 10000400410001000200420002000100410 400010004400510015004700520016004400510 400000004000100014004500100014004500100
17 10000400410001000200420002000100410 400010001400450010001400450010001400450 400000001000040011001600070012001500040
12 80001000440091001600470092001500440 400010001400450010001400450010001400450 400090000400010081000200020082000100010
13 80001000240089001000240089001000240 20000800120026000b001100250008001200260 200088000200020082000100010081000200020
14 80001000240089001000240089001000240 200008008200020002008100010001008200020 20008800920026008b009100250088009200260
15 2000080022002a000b00210029000800220 200008008200020002008100010001008200020 200028008a00200028008a00200028008a00200
16 20000800820002000100810001000200820 800020008800a2002a008b00a10029008800a20 800000008000200028008a00200028008a00200
17 20000800820002000100810001000200820 8000200028008a00200028008a00200028008a0 8000000020000800220029000b0021002a00080
18 400020008800620029008b0061002a00881 800020020800020002020100010001020200020 8000600228008a00600228008a00600228008a1
19 40002001080002000101010001000201020 10000400220018800620229018b0061022a01884 10000000200008000600228008a00600228008a4
20 40002001080002000101010001000201020 1000040006001180046006001180046006001180 10000000040001000440061001900470062001a0
21 1000040011001440061011901470062011a0 1000040006001180046006001180046006001180 1000140002000080102000100010101000200020
22 100004000500114004500500114004500500 400010004400510015004700520016004400510 400110000400010101000200020102000100010
23 100004000500114004500500114004500500 400010010400010001010200020002010100010 400110014400510115014700520116014400510
18 80001000440091001600470092001500440 400010010400010001010200020002010100010 400090011400450090011400450090011400450
19 80001002040001000202020002000102010 2000080011002440091011602470092011502440 2000000010000400090011400450090011400450
20 80001002040001000202020002000102010 2000080009002240089009002240089009002240 200000000800020008800920026008b009100250
21 20000800220028800920226028b009102250 2000080009002240089009002240089009002240 2000280001000040201000200020202000100010
22 200008000a00228008a00a00228008a00a00 800020008800a2002a008b00a10029008800a20 800220000800020202000100010201000200020
23 200008000a00228008a00a00228008a00a00 800020020800020002020100010001020200020 800220028800a2022a028b00a10229028800a20
0 400020008800620028808a2062a028b08a11 8000200028008a00228028a08a00228028a08a00 8000600008000200408000200020402000100011
1 4000200018004600228018a04600228018a0 10000400220018800620229018b0061022a01884 1000440002000080402000100010401000200024
2 4000200018004600228018a04600228018a0 1000040042000080002040100010001040200020 10004400620018804620629018b0461062a01880
3 1000040011001440061011901470062011a0 1000040042000080002040100010001040200020 1000140046001180146046001180146046001180
4 100004004100004000104010001000204020 40001000440051001440461051901470462051a0 4000000040001000140046001180146046001180
5 100004004100004000104010001000204020 4000100014004500114014504500114014504500 4000000010000400110014400510115014700520
0 800010004400910014404510915014704520 4000100014004500114014504500114014504500 4000900004000100804000100010801000200020
1 800010002400890011402450890011402450 2000080011002440091011602470092011502440 2000880001000040801000200020802000100010
2 800010002400890011402450890011402450 2000080081000040001080200020002080100010 2000880091002440891091602470892091502440
3 20000800220028800920226028b009102250 2000080081000040001080200020002080100010 2000280089002240289089002240289089002240
4 200008008200008000208020002000108010 800020008800a20028808920a26028b08910a250 8000000080002000280089002240289089002240
5 200008008200008000208020002000108010 8000200028008a00228028a08a00228028a08a00 8000000020000800220028800a2022a028b00a10
6 400020008800620028808a2062a028b08a11 8000200208000200008200200020002200100010 8000600228008a00628228a08a00628228a08a01
7 400020010800020000810020002000110010 10000400220018800620228818a2062a228b18a14 10000000200008000600228008a00628228a08a04
8 400020010800020000810020002000110010 100004000600118004600628118a04600628118a0 100000000400010004400620018804620629018b0
9 10000400110014400620118814620629118b0 100004000600118004600628118a04600628118a0 10001400020000801020000800021002000100010
10 1000040005001140046005181146046005180 40001000440051001440461051901470462051a0 4001100004000101004000100011001000200020
11 1000040005001140046005181146046005180 4000100104000100004100100010001100200020 40011001440051011441461051911471462051a0
6 800010004400910014404510915014704520 4000100104000100004100100010001100200020 4000900114004500914114504500914114504500
7 800010020400010000420010001000220020 20000800110024400910114424510915114724520 20000000100004000900114004500914114504500
8 800010020400010000420010001000220020 20000800090022400890091422450890091422450 20000000080002000880091002440891091602470
9 2000080022002880091022442891091622470 20000800090022400890091422450890091422450 20002800010000402010000400012001000200020
10 200008000a00228008900a24228908900a240 800020008800a20028808920a26028b08910a250 8002200008000202008000200022002000100010
11 200008000a00228008900a24228908900a240 8000200208000200008200200020002200100010 800220028800a20228828920a26228b28910a250
12 400020008800620028808a20628828928a261 8000200028008a00228028908a24228928908a240 80006000080002004080001000044001000200021
13 4000200018004600228018a04628228a18a00 10000400220018800620228818a2062a228b18a14 10004400020000804020000800024002000100014
14 4000200018004600228018a04628228a18a00 10000400420000800020400800020002400100010 10004400620018804620628818a2462a628b18a10
15 10000400110014400620118814620629118b0 10000400420000800020400800020002400100010 100014004600118014604628118a14604628118a0
16 1000040041000040002040080002000140010 400010004400510014404620518814624629518b0 400000004000100014004600118014604628118a0
17 1000040041000040002040080002000140010 40001000140045001140146045181146146045180 40000000100004001100144005101144146105190
12 8000100044009100144045109144146145190 40001000140045001140146045181146146045180 40009000040001008040002000088002000100010
13 8000100024008900114024508914114524500 20000800110024400910114424510915114724520 20008800010000408010000400018001000200020
14 8000100024008900114024508914114524500 20000800810000400010800400010001800200020 20008800910024408910914424518915914724520
15 2000080022002880091022442891091622470 20000800810000400010800400010001800200020 20002800890022402890891422452890891422450
16 2000080082000080001080040001000280020 800020008800a20028808910a24428918916a2470 80000000800020002800890022402890891422450
17 2000080082000080001080040001000280020 8000200028008a00228028908a24228928908a240 8000000020000800220028800a20228828920a260
18 400020008800620028808a20628828928a261 80002000080182012081081382072082081082040 8000600028010a01428120930827420a208208221
19 400020000801420120820823420b208108200 10001000300020002000000010001000300024 1400120030803420320820822420a208208224
20 400020000801420120820823420b208108200 10001400210030403420310820422420910820 14001600218024602628118a14629628818a20
21 1000200030002000100000001000200030 10001400210030403420310820422420910820 10000400010000401420210820423420b10810
22 1000240021003040341031042042141090 400010004400510014404620518814624629518b0 400010014402110204434223108b0420420810820
23 1000240021003040341031042042141090 400010000402410210420423410b1041042041080 40001001040001000041002000080003000100010
18 8000100044009100144045109144146145190 400010000402410210420423410b1041042041080 400090001402050281421063041b8105104104110
19 8000100004028102104104138107104204100 20002000300010001000000020002000300010 28002100304038103104104118105104104110
20 8000100004028102104104138107104204100 20002800120030803810320410811810620410 28002900124018901914224528916914424510
21 2000100030001000200000002000100030 20002800120030803810320410811810620410 20000800020000802810120410813810720420
22 2000180012003080382032081081282060 800020008800a20028808910a24428918916a2470 80002002880122010883811320470810810420410
23 2000180012003080382032081081282060 80002000080182012081081382072082081082040 80002002080002000082001000040003000200020
0 1000900070002000a00040001000900070002000ab 80002000000080002000000080002000000082 100010005000200020006000100010005000200029
1 10000000400010000000400010000000400010000d 10001000300020002000000010001000300024 100010005000200020006000100010005000200029
2 400000004000100000004000100000004000100002 10001000600020002000500010001000600022 400010005000700020006000400010005000700020
3 40000000100020003000200010000000100020003a 10001000600020002000500010001000600022 400010000000400010000000400010000000400018
4 400050001000200060002000100050001000200068 40001000600070002000500040001000600070 400010000000400010000000400010000000400018
5 200060002000100050001000200060002000100052 40001000000040001000000040001000000042 200020003000100010000000200020003000100010
0 20006000b00010005000800020006000b00010005a 40001000000040001000000040001000000042 20002000a00010001000900020002000a000100018
1 200000008000200000008000200000008000200008 20002000300010001000000020002000300010 20002000a00010001000900020002000a000100018
2 800000008000200000008000200000008000200002 20002000900010001000a00020002000900012 80002000a000b0001000900080002000a000b00010
3 80000000200010003000100020000000200010003a 20002000900010001000a00020002000900012 800020000000800020000000800020000000800028
4 8000a00020001000900010002000a0002000100098 800020009000b0001000a000800020009000b0 800020000000800020000000800020000000800028
5 1000900010002000a00020001000900010002000a2 80002000000080002000000080002000000082 100010003000200020000000100010003000200020
6 20000000040001000900070002000a0004000100091 80002002100010001002200020002002100010 2000080006002000080006002000080006002000081
7 2000180002000100110001000200120002000100115 1000040021001900070022001a0004002100194 2000080006002000080006002000080006002000081
8 400110001000200120002000100110001000200120 100004000500100004000500100004000500100 400010005000700020006000400010005000700020
9 400110015000700120016000400110015000700120 100004000500100004000500100004000500100 400010011000200020012000100010011000200020
10 400050010000400050010000400050010000400050 40001000600070002000500040001000600070 400010011000200020012000100010011000200020
11 1000000010000400050010000400050010000400050 40001001200020002001100010001001200020 1000040011001600070012001500040011001600070
6 100000000800020006000b000100050008000200060 40001001200020002001100010001001200020 1000040009001000040009001000040009001000040
7 1000240001000200220002000100210001000200220 20000800120026000b001100250008001200260 1000040009001000040009001000040009001000040
8 800220002000100210001000200220002000100210 200008000a00200008000a00200008000a00200 80002000a000b0001000900080002000a000b00010
9 80022002a000b0021002900080022002a000b00210 200008000a00200008000a00200008000a00200 800020022000100010021000200020022000100010
10 8000a00200008000a00200008000a00200008000a0 800020009000b0001000a000800020009000b0 800020022000100010021000200020022000100010
11 20000000200008000a00200008000a00200008000a0 80002002100010001002200020002002100010 20000800220029000b0021002a000800220029000b0
12 20008800620029008b0061002a008800620029008b1 8000200028008a00200028008a00200028008a0 2000080042000100010041000200020042000100011
13 2000180046002000180046002000180046002000185 1000040021001900070022001a0004002100194 2000080042000100010041000200020042000100011
14 4000000040002000180046002000180046002000180 100004004100010001004200020002004100010 40001000440061001900470062001a0044006100190
15 4000000010000400110015000700120016000400110 100004004100010001004200020002004100010 4000100014004500100014004500100014004500100
16 4000500004000100410001000200420002000100410 400010004400510015004700520016004400510 4000100014004500100014004500100014004500100
17 1000440001000200420002000100410001000200420 400010001400450010001400450010001400450 1000040011001600070012001500040011001600070
12 1000440091001600470092001500440091001600470 400010001400450010001400450010001400450 1000040081000200020082000100010081000200020
13 1000240089001000240089001000240089001000240 20000800120026000b001100250008001200260 1000040081000200020082000100010081000200020
14 8000000080001000240089001000240089001000240 200008008200020002008100010001008200020 800020008800920026008b009100250088009200260
15 800000002000080022002a000b00210029000800220 200008008200020002008100010001008200020 8000200028008a00200028008a00200028008a00200
16 8000a00008000200820002000100810001000200820 800020008800a2002a008b00a10029008800a20 8000200028008a00200028008a00200028008a00200
17 2000880002000100810001000200820002000100810 8000200028008a00200028008a00200028008a0 20000800220029000b0021002a000800220029000b0
18 200000000400020008800620029008b0061002a00881 800020020800020002020100010001020200020 200008000600228008a00600228008a00600228008a1
19 20001800020000801020002000101010001000201025 10000400220018800620229018b0061022a01884 200008000600228008a00600228008a00600228008a1
20 4001100004000101010001000201020002000101010 1000040006001180046006001180046006001180 40001000440061001900470062001a0044006100190
21 40011001440061011901470062011a0144006101190 1000040006001180046006001180046006001180 4000100104000100010101000200020102000100010
22 4000500114004500500114004500500114004500500 400010004400510015004700520016004400510 4000100104000100010101000200020102000100010
23 10000000100004000500114004500500114004500500 400010010400010001010200020002010100010 10000400110014400510115014700520116014400510
18 10000000080001000440091001600470092001500440 400010010400010001010200020002010100010 10000400090011400450090011400450090011400450
19 10002400010000402010001000202020002000102010 2000080011002440091011602470092011502440 10000400090011400450090011400450090011400450
20 8002200008000202020002000102010001000202020 2000080009002240089009002240089009002240 800020008800920026008b009100250088009200260
21 800220028800920226028b009102250288009202260 2000080009002240089009002240089009002240 8000200208000200020202000100010201000200020
22 8000a00228008a00a00228008a00a00228008a00a00 800020008800a2002a008b00a10029008800a20 8000200208000200020202000100010201000200020
23 20000000200008000a00228008a00a00228008a00a00 800020020800020002020100010001020200020 20000800220028800a2022a028b00a10229028800a20
0 20008800620028808a2062a028b08a10629028808a21 8000200028008a00228028a08a00228028a08a00 20000800420000800020402000100010401000200021
1 200018004600228018a04600228018a04600228018a5 10000400220018800620229018b0061022a01884 20000800420000800020402000100010401000200021
2 400000004000200018004600228018a04600228018a0 1000040042000080002040100010001040200020 400010004400620018804620629018b0461062a01880
3 400000001000040011001440061011901470062011a0 1000040042000080002040100010001040200020 40001000140046001180146046001180146046001180
4 40005000040002004080002000104010001000204020 40001000440051001440461051901470462051a0 40001000140046001180146046001180146046001180
5 10004400010000404010001000204020002000104010 4000100014004500114014504500114014504500 10000400110014400510115014700520116014400510
0 10004400910014404510915014704520916014404510 4000100014004500114014504500114014504500 10000400810000400010801000200020802000100010
1 10002400890011402450890011402450890011402450 2000080011002440091011602470092011502440 10000400810000400010801000200020802000100010
2 80000000800010002400890011402450890011402450 2000080081000040001080200020002080100010 80002000880091002440891091602470892091502440
3 8000000020000800220028800920226028b009102250 2000080081000040001080200020002080100010 80002000280089002240289089002240289089002240
4 8000a000080001008040001000208020002000108010 800020008800a20028808920a26028b08910a250 80002000280089002240289089002240289089002240
5 20008800020000808020002000108010001000208020 8000200028008a00228028a08a00228028a08a00 20000800220028800a2022a028b00a10229028800a20
6 200000000400020008800620028808a2062a028b08a11 8000200208000200008200200020002200100010 200008000600228008a00628228a08a00628228a08a01
7 200018000200008010200008000210020002000110015 10000400220018800620228818a2062a228b18a14 200008000600228008a00628228a08a00628228a08a01
8 40011000040002010080002000110010001000210020 100004000600118004600628118a04600628118a0 400010004400620018804620629018b0461062a01880
9 400110014400620118814620629118b1461062a11880 100004000600118004600628118a04600628118a0 40001001040002000081002000100011001000200020
10 40005001140046005181146046005181146046005180 40001000440051001440461051901470462051a0 40001001040002000081002000100011001000200020
11 100000001000040005001140046005181146046005180 4000100104000100004100100010001100200020 1000040011001440051011441461051911471462051a0
6 100000000800010004400910014404510915014704520 4000100104000100004100100010001100200020 100004000900114004500914114504500914114504500
7 100024000100004020100004000120010001000220020 20000800110024400910114424510915114724520 100004000900114004500914114504500914114504500
8 80022000080001020040001000220020002000120010 20000800090022400890091422450890091422450 80002000880091002440891091602470892091502440
9 80022002880091022442891091622472892091522440 20000800090022400890091422450890091422450 80002002080001000042001000200022002000100010
10 8000a00228008900a24228908900a24228908900a240 800020008800a20028808920a26028b08910a250 80002002080001000042001000200022002000100010
11 20000000200008000a00228008900a24228908900a240 8000200208000200008200200020002200100010 20000800220028800a20228828920a26228b28910a250
12 20008800620028808a20628828928a26628b28918a251 8000200028008a00228028908a24228928908a240 200008004200008000204008000200024002000100011
13 200018004600228018a04628228a18a04628228a18a05 10000400220018800620228818a2062a228b18a14 200008004200008000204008000200024002000100011
14 400000004000200018004600228018a04628228a18a00 10000400420000800020400800020002400100010 400010004400620018804620628818a2462a628b18a10
15 4000000010000400110014400620118814620629118b0 10000400420000800020400800020002400100010 4000100014004600118014604628118a14604628118a0
16 400050000400020040800020000840020002000140010 400010004400510014404620518814624629518b0 4000100014004600118014604628118a14604628118a0
17 100044000100004040100004000140010001000240020 40001000140045001140146045181146146045180 1000040011001440051011441461051911471462051a0
12 1000440091001440451091441461451991471462451a0 40001000140045001140146045181146146045180 100004008100004000108004000100018001000200020
13 100024008900114024508914114524508914114524500 20000800110024400910114424510915114724520 100004008100004000108004000100018001000200020
14 800000008000100024008900114024508914114524500 20000800810000400010800400010001800200020 800020008800910024408910914424518915914724520
15 800000002000080022002880091022442891091622470 20000800810000400010800400010001800200020 800020002800890022402890891422452890891422450
16 8000a0000800010080400010000480010001000280020 800020008800a20028808910a24428918916a2470 800020002800890022402890891422452890891422450
17 200088000200008080200008000280020002000180010 8000200028008a00228028908a24228928908a240 20000800220028800a20228828920a26228b28910a250
18 18001600128028a02628228918a25628828928a261 80002000080182012081081382072082081082040 10001400120030803420320820822420a208208221
19 10000400020000801420120820823420b208108205 10001000300020002000000010001000300024 10001400120030803420320820822420a208208221
20 400010014401220208834223208b08204208208208230 10001400210030403420310820422420910820 400010004400620018804620628818a2462a628b18a10
21 400010010400020000810020000800030002000100000 10001400210030403420310820422420910820 400010000401420210820423420b10810420420810820
22 400050001401060241821063042b41091042042141090 400010004400510014404620518814624629518b0 400010000401420210820423420b10810420420810820
23 240021003040341031042042141091042042141090 400010000402410210420423410b1041042041080 200020003000100010000000200020003000100010
18 2400290021401450191411462451a9144146145190 400010000402410210420423410b1041042041080 200028002100304038103104104118105104104110
19 200008000100004028102104104138107104204100 20002000300010001000000020002000300010 200028002100304038103104104118105104104110
20 800020028802110104438113104704108104104104130 20002800120030803810320410811810620410 800020008800910024408910914424518915914724520
21 800020020800010000420010000400030001000200000 20002800120030803810320410811810620410 800020000802810120410813810720420810810420410
22 8000a0002802090182412093081782062081081282060 800020008800a20028808910a24428918916a2470 800020000802810120410813810720420810810420410
23 180012003080382032081081282062081081282060 80002000080182012081081382072082081082040 100010003000200020000000100010003000200020
0 40001000900070002000a00040001000900070002000a4 400000008000200000008000200000008000200000008d 100010005000200020006000100010005000200029
1 4000100000004000100000004000100000004000100002 400000001000100030002000200000001000100030002b 100010005000200020006000100010005000200029
2 4000100000004000100000004000100000004000100002 4000500010001000600020002000500010001000600022 400010005000700020006000400010005000700020
3 1000200030002000100000001000200030002000100000 1000600020002000500010001000600020002000500018 400010000000400010000000400010000000400018
4 1000200060002000100050001000200060002000100052 100060007000200050004000100060007000200050004a 400010000000400010000000400010000000400018
5 1000200060002000100050001000200060002000100052 1000000040001000000040001000000040001000000042 200020003000100010000000200020003000100010
0 800020006000b00010005000800020006000b000100050 8000000040001000000040001000000040001000000048 20002000a00010001000900020002000a000100018
1 8000200000008000200000008000200000008000200002 800000002000200030001000100000002000200030001a 20002000a00010001000900020002000a000100018
2 8000200000008000200000008000200000008000200002 8000a00020002000900010001000a00020002000900012 80002000a000b0001000900080002000a000b00010
3 2000100030001000200000002000100030001000200000 2000900010001000a00020002000900010001000a00028 800020000000800020000000800020000000800028
4 20001000900010002000a00020001000900010002000a2 20009000b0001000a000800020009000b0001000a0008a 800020000000800020000000800020000000800028
5 20001000900010002000a00020001000900010002000a2 2000000080002000000080002000000080002000000082 100010003000200020000000100010003000200020
6 40001000900070002000a00040001000900070002000a4 4002100010001002200020002002100010001002200025 2000080006002000080006002000080006002000081
7 4000100110001000200120002000100110001000200120 40021001900070022001a00040021001900070022001a1 2000080006002000080006002000080006002000081
8 4000100110001000200120002000100110001000200120 4000500100004000500100004000500100004000500100 400010005000700020006000400010005000700020
9 10000400110015000700120016000400110015000700120 10000000100004000500100004000500100004000500100 400010011000200020012000100010011000200020
10 10000400050010000400050010000400050010000400050 10000000040001000600070002000500040001000600070 400010011000200020012000100010011000200020
11 10000400050010000400050010000400050010000400050 10001400010001001200020002001100010001001200020 1000040011001600070012001500040011001600070
6 800020006000b00010005000800020006000b000100050 8001200020002001100010001001200020002001100010 1000040009001000040009001000040009001000040
7 8000200220002000100210001000200220002000100210 800120026000b00110025000800120026000b001100250 1000040009001000040009001000040009001000040
8 8000200220002000100210001000200220002000100210 8000a00200008000a00200008000a00200008000a00200 80002000a000b0001000900080002000a000b00010
9 2000080022002a000b0021002900080022002a000b00210 20000000200008000a00200008000a00200008000a00200 800020022000100010021000200020022000100010
10 200008000a00200008000a00200008000a00200008000a0 200000000800020009000b0001000a000800020009000b0 800020022000100010021000200020022000100010
11 200008000a00200008000a00200008000a00200008000a0 20002800020002002100010001002200020002002100010 20000800220029000b0021002a000800220029000b0
12 400020008800620029008b0061002a008800620029008b4 400000008000200028008a00200028008a00200028008a5 2000080042000100010041000200020042000100011
13 40002000180046002000180046002000180046002000180 400000001000040021001900070022001a0004002100191 2000080042000100010041000200020042000100011
14 40002000180046002000180046002000180046002000180 40006000080002004100010001004200020002004100010 40001000440061001900470062001a0044006100190
15 10000400110015000700120016000400110015000700120 10004400010001004200020002004100010001004200020 4000100014004500100014004500100014004500100
16 10000400410001000200420002000100410001000200420 10004400510015004700520016004400510015004700520 4000100014004500100014004500100014004500100
17 10000400410001000200420002000100410001000200420 10001400450010001400450010001400450010001400450 1000040011001600070012001500040011001600070
12 80001000440091001600470092001500440091001600470 80000000400010001400450010001400450010001400450 1000040081000200020082000100010081000200020
13 80001000240089001000240089001000240089001000240 8000000020000800120026000b001100250008001200260 1000040081000200020082000100010081000200020
14 80001000240089001000240089001000240089001000240 80009000040001008200020002008100010001008200020 800020008800920026008b009100250088009200260
15 2000080022002a000b0021002900080022002a000b00210 20008800020002008100010001008200020002008100010 8000200028008a00200028008a00200028008a00200
16 20000800820002000100810001000200820002000100810 20008800a2002a008b00a10029008800a2002a008b00a10 8000200028008a00200028008a00200028008a00200
17 20000800820002000100810001000200820002000100810 200028008a00200028008a00200028008a00200028008a0 20000800220029000b0021002a000800220029000b0
18 400020008800620029008b0061002a008800620029008b4 40022000080002020100010001020200020002020100015 200008000600228008a00600228008a00600228008a1
19 40002001080002000101010001000201020002000101010 400220018800620229018b0061022a018800620229018b1 200008000600228008a00600228008a00600228008a1
20 40002001080002000101010001000201020002000101010 40006001180046006001180046006001180046006001180 40001000440061001900470062001a0044006100190
21 1000040011001440061011901470062011a0144006101190 100000001000040006001180046006001180046006001180 4000100104000100010101000200020102000100010
22 100004000500114004500500114004500500114004500500 100000000400010004400510015004700520016004400510 4000100104000100010101000200020102000100010
23 100004000500114004500500114004500500114004500500 100014000100004010100010001010200020002010100010 10000400110014400510115014700520116014400510
18 80001000440091001600470092001500440091001600470 80011000040001010200020002010100010001010200020 10000400090011400450090011400450090011400450
19 80001002040001000202020002000102010001000202020 80011002440091011602470092011502440091011602470 10000400090011400450090011400450090011400450
20 80001002040001000202020002000102010001000202020 80009002240089009002240089009002240089009002240 800020008800920026008b009100250088009200260
21 20000800220028800920226028b009102250288009202260 200000002000080009002240089009002240089009002240 8000200208000200020202000100010201000200020
22 200008000a00228008a00a00228008a00a00228008a00a00 200000000800020008800a2002a008b00a10029008800a20 8000200208000200020202000100010201000200020
23 200008000a00228008a00a00228008a00a00228008a00a00 200028000200008020200020002020100010001020200020 20000800220028800a2022a028b00a10229028800a20
0 400020008800620028808a2062a028b08a10629028808a24 400000008000200028008a00228028a08a00228028a08a05 20000800420000800020402000100010401000200021
1 4000200018004600228018a04600228018a04600228018a0 4000000010000400220018800620229018b0061022a01881 20000800420000800020402000100010401000200021
2 4000200018004600228018a04600228018a04600228018a0 400060000800020040800020002040100010001040200020 400010004400620018804620629018b0461062a01880
3 1000040011001440061011901470062011a0144006101190 100044000100004040100010001040200020002040100010 40001000140046001180146046001180146046001180
4 100004004100004000104010001000204020002000104010 1000440051001440461051901470462051a0144046105190 40001000140046001180146046001180146046001180
5 100004004100004000104010001000204020002000104010 100014004500114014504500114014504500114014504500 10000400110014400510115014700520116014400510
0 800010004400910014404510915014704520916014404510 800000004000100014004500114014504500114014504500 10000400810000400010801000200020802000100010
1 800010002400890011402450890011402450890011402450 800000002000080011002440091011602470092011502440 10000400810000400010801000200020802000100010
2 800010002400890011402450890011402450890011402450 800090000400010080400010001080200020002080100010 80002000880091002440891091602470892091502440
3 20000800220028800920226028b009102250288009202260 200088000200008080200020002080100010001080200020 80002000280089002240289089002240289089002240
4 200008008200008000208020002000108010001000208020 20008800a20028808920a26028b08910a25028808920a260 80002000280089002240289089002240289089002240
5 200008008200008000208020002000108010001000208020 200028008a00228028a08a00228028a08a00228028a08a00 20000800220028800a2022a028b00a10229028800a20
6 400020008800620028808a2062a028b08a10629028808a24 400220000800020200800020002200100010001200200025 200008000600228008a00628228a08a00628228a08a01
7 400020010800020000810020002000110010001000210020 400220018800620228818a2062a228b18a10629228818a21 200008000600228008a00628228a08a00628228a08a01
8 400020010800020000810020002000110010001000210020 4000600118004600628118a04600628118a04600628118a0 400010004400620018804620629018b0461062a01880
9 10000400110014400620118814620629118b1461062a11880 10000000100004000600118004600628118a04600628118a0 40001001040002000081002000100011001000200020
10 1000040005001140046005181146046005181146046005180 10000000040001000440051001440461051901470462051a0 40001001040002000081002000100011001000200020
11 1000040005001140046005181146046005181146046005180 1000140001000040102000080002100100010001100200020 1000040011001440051011441461051911471462051a0
6 800010004400910014404510915014704520916014404510 800110000400010100400010001100200020002100100010 100004000900114004500914114504500914114504500
7 800010020400010000420010001000220020002000120010 800110024400910114424510915114724520916114424510 100004000900114004500914114504500914114504500
8 800010020400010000420010001000220020002000120010 800090022400890091422450890091422450890091422450 80002000880091002440891091602470892091502440
9 2000080022002880091022442891091622472892091522440 2000000020000800090022400890091422450890091422450 80002002080001000042001000200022002000100010
10 200008000a00228008900a24228908900a24228908900a240 200000000800020008800a20028808920a26028b08910a250 80002002080001000042001000200022002000100010
11 200008000a00228008900a24228908900a24228908900a240 2000280002000080201000040001200200020002200100010 20000800220028800a20228828920a26228b28910a250
12 400020008800620028808a20628828928a26628b28918a254 400000008000200028008a00228028908a24228928908a245 200008004200008000204008000200024002000100011
13 4000200018004600228018a04628228a18a04628228a18a00 4000000010000400220018800620228818a2062a228b18a11 200008004200008000204008000200024002000100011
14 4000200018004600228018a04628228a18a04628228a18a00 4000600008000200408000200008400200020002400100010 400010004400620018804620628818a2462a628b18a10
15 10000400110014400620118814620629118b1461062a11880 1000440001000040402000080002400100010001400200020 4000100014004600118014604628118a14604628118a0
16 1000040041000040002040080002000140010001000240020 10004400510014404620518814624629518b1461462a51880 4000100014004600118014604628118a14604628118a0
17 1000040041000040002040080002000140010001000240020 1000140045001140146045181146146045181146146045180 1000040011001440051011441461051911471462051a0
12 80001000440091001440451091441461451991471462451a0 8000000040001000140045001140146045181146146045180 100004008100004000108004000100018001000200020
13 8000100024008900114024508914114524508914114524500 8000000020000800110024400910114424510915114724520 100004008100004000108004000100018001000200020
14 8000100024008900114024508914114524508914114524500 8000900004000100804000100004800100010001800200020 800020008800910024408910914424518915914724520
15 2000080022002880091022442891091622472892091522440 2000880002000080801000040001800200020002800100010 800020002800890022402890891422452890891422450
16 2000080082000080001080040001000280020002000180010 20008800a20028808910a24428918916a24728928915a2440 800020002800890022402890891422452890891422450
17 2000080082000080001080040001000280020002000180010 200028008a00228028908a24228928908a24228928908a240 20000800220028800a20228828920a26228b28910a250
18 400020008800620028808a20628828928a26628b28918a254 400020018801220108838223208b081082042081081382075 10001400120030803420320820822420a208208221
19 400020000801420120820823420b208108204208208208230 4000200108000200008100200008000300020002000000011 10001400120030803420320820822420a208208221
20 400020000801420120820823420b208108204208208208230 4000600018010601428210a3042b420910820422420910820 400010004400620018804620628818a2462a628b18a10
21 1000200030002000100000001000200030002000100000 1400210030403420310820422420910820422420910820 400010000401420210820423420b10810420420810820
22 1000240021003040341031042042141091042042141090 1400250021402460151811461462a518814624629518b0 400010000401420210820423420b10810420420810820
23 1000240021003040341031042042141091042042141090 10000400010000402410210420423410b1041042041080 200020003000100010000000200020003000100010
18 80001000440091001440451091441461451991471462451a0 80001002440211020443411310470420410810420423410b0 200028002100304038103104104118105104104110
19 8000100004028102104104138107104204108104104104130 8000100204000100004200100004000300010001000000020 200028002100304038103104104118105104104110
20 8000100004028102104104138107104204108104104104130 8000900024020902814120530817810620410811810620410 800020008800910024408910914424518915914724520
21 2000100030001000200000002000100030001000200000 2800120030803810320410811810620410811810620410 800020000802810120410813810720420810810420410
22 2000180012003080382032081081282062081081282060 28001a00128018902a24228928915a24428918916a2470 800020000802810120410813810720420810810420410
23 2000180012003080382032081081282062081081282060 2000080002000080182012081081382072082081082040 100010003000200020000000100010003000200020
