000000000000000000000000
000000000000100011100011
000000000000222000222000
000000000222000222000000
000000000222221112100011
000000000222222222222000
000000011100011100000000
000000011100111111100011
000000011100112221222000
000012000012000012000012
000012000012222012222012
000012011112011112000012
000222000000000000000222
000222000000100011221112
000222000000222000222222
000222000222000222000222
000222000222221112221112
000222000222222222222222
000222011100011100000222
000222011100111111221112
000222011100112221222222
011100000000000000011100
011100000000100011111111
011100000000222000112221
011100000222000222011100
011100000222221112111111
011100000222222222112221
011100011100011100011100
011100011100111111111111
011100011100112221112221
011112000012000012011112
011112011112011112011112
011112011112012222012222
012000012000012000012000
012000012000112011112011
012000012222012222012000
012012012012012012012012
012222012000012000012222
012222012222011112011112
012222012222012222012222
100011100011000000000000
100011100011100011100011
100011100011222000222000
100011111111011100000000
100011111111111111100011
100011111111112221222000
100011221112000222000000
100011221112221112100011
100011221112222222222000
100221100221100221100221
100221100221100221221100
100221100221221100100221
100221100221221100221100
100221221100100221100221
100221221100100221221100
100221221100221100100221
100221221100221100221100
111111100011000000011100
111111100011100011111111
111111100011222000112221
111111111111011100011100
111111111111111111111111
111111111111112221112221
111111221112000222011100
111111221112221112111111
111111221112222222112221
112011112011012000012000
112011112011112011112011
112011222012222012112011
112221112221011100011100
112221112221111111111111
112221112221112221112221
112221222000000000011100
112221222000100011111111
112221222000222000112221
112221222222000222011100
112221222222221112111111
112221222222222222112221
221100100221100221100221
221100100221100221221100
221100100221221100100221
221100100221221100221100
221100221100100221100221
221100221100100221221100
221100221100221100100221
221100221100221100221100
221112100011000000000222
221112100011100011221112
221112100011222000222222
221112111111011100000222
221112111111111111221112
221112111111112221222222
221112221112000222000222
221112221112221112221112
221112221112222222222222
222000112221011100000000
222000112221111111100011
222000112221112221222000
222000222000000000000000
222000222000100011100011
222000222000222000222000
222000222222000222000000
222000222222221112100011
222000222222222222222000
222012112011112011222012
222012222012000012000012
222012222012222012222012
222222112221011100000222
222222112221111111221112
222222112221112221222222
222222222000000000000222
222222222000100011221112
222222222000222000222222
222222222222000222000222
222222222222221112221112
222222222222222222222222
