0.4873047 221100100221221100100221
0.4821777 100221221100100221221100
0.3088379 221100100221221100221100
0.3056641 221100221100221100100221
0.3041992 221100100221100221100221
0.3024902 100221100221221100100221
0.3007812 100221100221100221221100
0.2995605 221100221100100221221100
0.2954102 100221221100221100221100
0.2902832 100221221100100221100221
0.1679688 012000012222012222012000
0.1608887 112011112011012000012000
0.1604004 000012011112011112000012
0.159668 222012222012000012000012
0.159668 012000012000112011112011
0.1584473 012222012000012000012222
0.1582031 011112000012000012011112
0.1555176 000012000012222012222012
0.1538086 012222012222011112011112
0.1533203 011112011112012222012222
0.1486816 112011222012222012112011
0.1481934 222012112011112011222012
0.09985352 012000012000012000012000
0.09863281 000012000012000012000012
0.07739258 000222000000100011221112
0.07397461 112011112011112011112011
0.07397461 011100000000222000112221
0.07299805 100011221112000222000000
0.07177734 221112100011000000000222
0.0715332 222012222012222012222012
0.07128906 112221222000000000011100
0.07128906 000000000222221112100011
0.07055664 222000112221011100000000
0.06933594 000000011100112221222000
0.06787109 011112011112011112011112
0.06762695 012222012222012222012222
0.06054688 111111221112000222011100
0.05957031 000222011100111111221112
0.05712891 221112111111011100000222
0.05615234 112221222222000222011100
0.05566406 111111100011222000112221
0.05517578 222222112221011100000222
0.05517578 011100000222222222112221
0.05517578 011100000222221112111111
0.0546875 222000112221111111100011
0.0546875 100011221112222222222000
0.0546875 000222011100112221222222
0.05444336 222222222000100011221112
0.05444336 222000222222221112100011
0.05322266 100011111111112221222000
0.05126953 112221222000100011111111
0.04833984 221112100011222000222222
0.03686523 012012012012012012012012
0.01904297 100011100011222000222000
0.01757812 000222011100011100000222
0.01611328 011100000222000222011100
0.01538086 221112221112000222000222
0.01513672 221100221100100221100221
0.0144043 222000222000100011100011
0.0144043 222000112221112221222000
0.01391602 221112100011100011221112
0.01318359 000222000222221112221112
0.01245117 100011221112221112100011
0.01220703 100221221100221100100221
0.01196289 011100011100112221112221
0.01171875 011100000000100011111111
0.01147461 112221112221011100011100
0.01147461 100221100221221100221100
0.01098633 221100100221100221221100
0.01074219 112221222000222000112221
0.01049805 222000222222000222000000
0.009765625 011100011100011100011100
0.009521484 222222222000000000000222
0.009033203 222000222000222000222000
0.008789062 100011111111011100000000
0.008789062 000222000000222000222222
0.008544922 000222000222000222000222
0.008544922 000000011100111111100011
0.008300781 222222112221111111221112
0.0078125 100011100011100011100011
0.0078125 000000000222222222222000
0.006835938 221112221112221112221112
0.006591797 221112111111112221222222
0.006591797 221100221100221100221100
0.006347656 112221112221112221112221
0.006347656 111111221112222222112221
0.006347656 111111100011000000011100
0.006103516 112221222222221112111111
0.005859375 100221100221100221100221
0.005126953 011100000000000000011100
0.004638672 222000222000000000000000
0.004394531 000222000000000000000222
0.004150391 000000000222000222000000
0.00390625 100011100011000000000000
0.00390625 000000011100011100000000
0.003173828 000000000000100011100011
0.002441406 222222222222221112221112
0.002441406 222000222222222222222000
0.002197266 000222000222222222222222
0.002197266 000000000000222000222000
0.001953125 222222222222000222000222
0.001953125 222222222000222000222222
0.001953125 221112111111111111221112
0.001953125 111111111111112221112221
0.001708984 112221222222222222112221
0.001464844 222222112221112221222222
0.001464844 111111100011100011111111
0.001464844 100011111111111111100011
0.001464844 011100011100111111111111
0.001220703 221112221112222222222222
0.001220703 111111221112221112111111
0.001220703 111111111111011100011100
0.0009765625 112221112221111111111111
0.0002441406 000000000000000000000000
0 222222222222222222222222
0 111111111111111111111111
