96
37 1 6 10 11 13 17 27 30 32 33 37 38 43 50 53 58 60 61 63 67 74 77 80 81 89 93 97 98 99 100 114 122 134 136 139 140 141
44 0 1 3 6 8 13 14 17 18 21 22 25 38 40 41 42 43 49 50 51 52 53 57 60 61 65 68 69 70 71 78 84 88 98 99 104 106 109 116 119 120 122 123 143
42 0 5 8 10 13 15 20 21 23 26 27 30 33 39 40 42 43 52 60 62 63 66 67 73 74 75 76 77 88 90 99 103 109 112 115 121 123 126 128 131 132 133
45 0 1 6 12 20 22 33 35 37 40 42 48 49 50 51 55 56 59 62 64 65 69 70 73 76 80 82 86 87 89 90 91 96 99 107 111 114 115 121 123 134 135 137 138 139
34 1 8 11 15 19 21 22 23 24 25 33 37 44 49 52 64 71 74 75 78 83 87 90 96 97 105 112 120 127 133 136 138 140 141
37 0 1 3 6 9 11 13 16 17 19 20 21 22 28 31 33 41 45 47 48 51 58 59 60 67 78 79 91 95 96 105 106 108 111 127 135 141
47 4 6 10 11 13 16 20 24 25 33 35 37 44 46 49 50 53 54 59 61 64 65 66 78 79 83 86 89 91 93 96 99 101 105 107 111 113 120 121 126 127 129 132 136 139 140 143
37 0 2 4 5 9 11 12 18 22 23 27 28 30 35 37 38 40 41 42 46 50 53 54 60 68 82 85 90 98 107 115 131 138 139 141 142 143
42 4 8 10 13 14 15 17 26 29 33 34 38 39 44 47 55 56 58 65 67 71 72 73 75 77 79 85 87 100 102 108 111 119 123 124 128 129 130 133 134 139 143
38 0 6 12 13 18 19 27 33 46 47 48 50 55 59 66 67 69 71 78 80 87 89 91 94 102 109 110 111 113 115 116 117 123 127 128 129 135 142
45 4 6 8 10 13 15 17 19 21 22 24 31 33 35 36 37 52 56 57 59 62 63 64 65 66 67 71 73 77 86 90 92 93 94 98 102 103 104 106 108 110 128 135 136 138
34 11 15 18 19 22 28 29 40 41 42 43 47 48 50 55 61 62 63 69 80 82 83 97 102 103 105 117 121 123 124 131 132 138 140
38 10 17 18 21 27 29 35 36 38 44 47 50 55 57 60 68 70 72 78 80 82 87 91 92 94 95 101 104 105 106 108 109 113 114 128 130 133 140
39 1 10 16 17 22 28 31 33 34 43 44 53 55 58 59 60 66 77 81 82 85 95 96 106 107 113 114 116 119 121 124 130 131 132 133 135 136 139 140
49 1 3 6 7 8 10 11 15 17 20 25 26 27 33 36 43 44 47 53 55 56 58 60 67 69 72 74 82 85 89 91 92 95 97 98 99 100 101 103 116 118 120 121 126 130 136 137 140 143
40 1 3 4 8 12 13 18 19 23 25 39 41 46 48 50 52 54 57 59 61 65 66 68 70 78 81 88 89 94 95 97 98 107 113 119 124 127 133 138 139
38 1 7 10 11 16 22 25 29 31 32 42 46 49 52 55 60 64 68 69 72 76 81 95 97 99 102 105 107 113 118 119 120 121 128 135 140 141 143
33 4 11 13 14 17 18 20 26 30 31 32 33 34 43 55 56 59 62 63 71 72 75 77 88 100 108 114 121 123 126 128 130 133
36 0 4 6 14 21 25 31 35 38 48 51 53 54 63 64 67 69 72 80 87 94 102 104 106 108 116 119 124 126 128 130 131 135 136 141 143
39 2 3 7 9 14 15 18 22 27 28 30 32 37 38 39 41 43 44 48 53 57 59 62 65 70 82 85 93 94 103 104 108 118 119 120 121 128 133 140
40 1 7 8 14 16 21 27 28 30 33 36 38 43 46 48 51 59 60 66 69 70 79 85 86 91 93 96 98 99 100 104 105 107 117 119 124 126 129 131 134
46 0 1 2 4 8 10 12 13 18 20 21 34 39 41 42 46 50 55 58 59 65 67 72 75 78 79 81 82 91 92 94 96 103 104 109 111 112 114 121 122 124 126 130 131 136 139
39 3 5 9 10 11 16 18 22 25 26 30 32 43 49 51 54 60 62 63 65 66 77 80 81 96 97 98 100 109 114 119 120 121 125 131 132 134 141 143
43 3 6 9 10 12 17 23 27 30 31 34 35 38 46 50 51 64 65 68 72 75 76 81 84 85 92 93 106 111 113 115 120 121 122 125 128 129 130 133 134 138 140 141
50 3 8 9 12 13 14 23 25 27 28 29 31 34 42 43 44 46 55 59 60 62 63 69 71 75 77 78 81 83 85 86 90 92 94 103 107 108 111 112 114 121 123 126 129 134 135 136 139 141 142
39 2 9 10 11 16 18 20 25 29 30 35 44 45 53 54 58 61 62 63 64 65 71 74 82 88 89 93 94 106 111 115 124 129 132 139 140 141 142 143
45 2 3 7 14 18 19 23 27 29 34 35 37 40 41 42 45 46 48 53 62 64 69 70 71 74 77 79 87 88 89 92 99 101 107 109 112 116 121 122 125 126 134 135 136 138
33 1 3 6 8 9 17 18 24 25 26 27 30 32 34 36 44 45 58 59 67 72 74 93 96 105 112 116 119 120 126 133 134 141
31 14 15 16 21 22 29 33 36 39 41 45 48 53 55 57 58 60 62 66 72 78 81 88 98 99 104 113 118 119 130 141
43 3 4 6 7 11 12 16 19 20 22 25 30 33 38 41 42 43 44 46 52 54 58 60 62 64 73 80 89 91 93 98 99 103 105 109 116 123 124 125 130 131 133 138
37 0 4 12 14 17 22 33 34 38 41 43 44 51 54 55 56 63 64 71 72 73 77 79 86 89 91 95 96 97 103 108 111 114 116 128 131 143
44 1 5 7 13 18 19 20 28 31 33 35 38 49 51 52 58 65 66 68 70 71 73 75 76 78 82 84 90 91 93 96 97 107 108 110 113 114 117 119 121 128 129 130 132
33 5 11 18 26 28 29 31 39 43 44 53 60 61 62 66 72 73 74 75 77 78 81 91 92 93 95 103 108 112 117 121 128 138
52 1 2 3 11 14 17 18 20 25 27 30 33 37 39 40 41 44 45 47 57 58 63 65 68 74 80 83 84 88 89 90 91 96 97 99 102 110 111 114 115 120 121 125 127 129 130 136 138 139 141 142 143
30 7 16 21 35 38 40 42 45 47 64 72 73 77 83 84 94 95 96 100 101 104 105 106 107 110 112 119 120 126 137
39 1 3 5 7 10 13 17 21 23 25 26 29 32 33 39 40 44 53 55 57 58 67 69 71 72 76 84 87 90 96 102 105 107 113 122 123 124 136 140
45 2 13 20 24 28 31 36 42 44 47 54 60 64 65 66 70 72 82 83 85 87 91 94 96 97 98 99 100 102 104 105 106 109 110 112 119 120 122 123 126 132 133 136 139 141
45 4 5 6 7 12 17 18 19 25 26 28 30 34 38 39 41 44 46 51 52 61 66 68 72 75 79 87 93 96 99 104 105 108 109 111 113 115 116 119 121 125 127 129 132 143
40 2 4 6 7 13 15 17 20 27 29 30 33 35 36 45 46 49 51 62 63 66 70 74 77 80 85 89 93 97 103 113 115 117 120 121 122 132 136 139 142
44 3 15 16 17 25 26 33 39 40 55 58 60 61 62 69 71 73 74 78 80 87 89 93 94 97 98 99 100 103 104 105 106 109 111 113 116 120 125 130 131 133 134 137 139
53 4 6 9 12 13 15 20 21 22 23 25 27 29 31 32 36 38 39 41 42 46 47 53 59 60 64 65 66 67 69 70 72 82 86 88 89 93 94 105 106 107 109 110 112 115 116 120 131 132 135 136 137 142
47 3 5 9 13 17 19 22 26 27 29 30 31 32 34 35 41 42 49 54 60 61 65 71 72 76 79 85 90 96 101 102 103 104 108 110 113 117 118 121 124 125 127 129 132 139 141 143
43 10 15 17 19 26 27 28 29 31 33 36 40 41 53 55 57 62 63 65 67 70 76 79 82 85 86 89 94 96 101 103 109 115 116 125 129 130 133 136 137 139 140 142
53 0 5 6 8 9 12 14 16 22 26 31 38 39 41 44 46 47 49 51 56 57 58 60 62 63 66 68 70 74 80 87 93 95 97 100 102 105 106 110 112 114 115 117 118 119 121 125 130 131 134 135 138 139
51 3 15 19 21 25 30 31 32 44 48 51 53 56 57 65 67 69 70 71 72 74 76 80 82 83 84 85 86 87 88 92 97 101 103 104 105 107 111 113 115 116 117 121 125 126 127 129 130 138 139 141
39 2 7 9 10 19 21 24 26 27 36 43 48 49 50 53 55 56 59 63 69 73 77 85 91 92 99 102 112 114 120 123 124 125 126 127 130 131 134 136
47 1 5 14 17 18 23 25 32 36 37 42 48 51 52 53 54 55 56 57 58 60 65 66 71 76 80 82 83 86 88 90 91 98 99 104 110 112 114 116 118 119 120 121 123 133 141 142
55 2 8 9 10 12 13 17 21 22 26 32 34 35 39 43 44 52 53 54 55 61 64 65 68 69 71 72 77 78 80 81 84 85 87 90 92 95 98 102 103 104 105 109 114 117 118 119 121 123 127 130 131 134 139 141
43 0 3 8 12 13 17 23 27 29 30 31 32 38 41 47 49 52 62 69 73 74 77 81 83 84 86 88 92 93 95 99 100 101 103 108 112 122 126 130 132 133 134 142
51 2 3 11 16 19 20 27 29 31 32 37 41 44 45 49 50 52 53 57 59 60 61 64 67 69 72 73 74 76 77 78 79 83 85 88 90 91 94 98 101 108 110 114 115 119 120 125 133 136 140 143
44 0 2 9 20 26 27 29 34 37 42 44 45 49 51 57 61 62 69 70 74 77 78 79 80 82 94 97 98 102 107 108 114 115 117 118 120 127 134 135 136 137 138 141 142
43 2 11 13 17 22 24 25 29 33 34 35 36 37 38 43 45 46 47 48 56 57 60 68 72 77 79 83 85 86 94 96 97 99 102 103 107 108 127 128 130 132 136 140
40 6 7 8 10 12 14 19 29 34 37 40 41 46 47 50 54 58 59 65 69 70 73 74 76 82 83 88 90 92 94 107 112 113 114 116 129 131 136 138 141
47 0 4 11 16 21 25 26 27 28 29 32 34 37 38 39 41 42 43 47 51 52 53 57 64 66 67 72 73 75 77 79 81 83 86 87 93 96 100 101 105 118 121 124 136 139 141 143
40 0 5 16 17 18 22 28 30 33 40 43 44 50 58 60 66 73 74 75 79 81 83 84 87 89 90 96 97 101 104 106 109 112 118 120 122 125 128 135 139
42 5 18 21 26 28 29 31 33 36 37 38 42 49 59 60 67 68 70 71 72 73 74 76 83 90 95 97 100 104 105 108 109 110 111 113 115 131 132 133 134 137 142
38 10 14 16 19 20 21 33 35 42 49 50 58 60 61 62 68 70 77 79 80 81 82 85 86 88 89 91 100 105 110 114 124 125 126 133 136 140 142
47 0 3 6 8 9 11 17 18 20 22 23 24 27 31 32 33 34 36 38 39 43 45 47 49 53 54 55 58 60 61 73 74 75 78 89 90 95 97 105 106 115 119 120 121 128 132 133
42 1 2 3 4 7 8 9 10 11 19 21 27 28 34 35 37 50 55 58 60 63 68 72 90 93 95 99 102 103 104 107 110 113 119 121 122 123 125 126 128 129 134
40 2 5 6 9 13 15 19 24 25 26 31 39 43 47 48 49 51 53 54 58 71 72 73 78 86 87 89 91 93 96 103 107 110 113 119 127 130 132 133 139
41 1 2 10 12 22 24 29 30 31 33 35 38 41 42 43 48 52 54 64 66 70 73 76 77 82 83 89 97 98 101 104 121 122 124 125 130 132 133 135 136 140
51 1 6 7 9 12 15 17 19 22 23 25 30 32 39 40 42 45 47 48 49 53 54 55 58 67 71 72 75 76 80 83 84 88 91 98 99 105 106 107 108 109 111 113 114 118 119 122 128 130 141 142
41 0 2 8 12 17 19 21 24 26 27 36 43 47 58 60 61 62 63 65 70 71 80 82 84 87 94 95 98 101 110 113 116 120 121 122 123 126 128 130 133 136
37 2 8 13 14 15 21 22 23 25 29 30 47 48 49 56 58 62 63 64 65 67 70 77 78 86 93 98 99 103 119 120 123 133 134 135 137 140
51 0 4 5 9 11 13 15 17 25 30 32 35 36 41 46 48 50 53 60 61 62 64 68 74 77 78 82 86 89 92 93 95 97 98 100 103 107 108 111 117 118 119 120 122 124 126 128 130 132 133 143
41 6 7 8 10 11 15 20 22 24 27 29 30 35 42 48 51 54 62 63 65 66 67 74 83 85 86 96 102 105 106 111 114 120 121 122 125 127 129 134 139 140
37 10 11 16 17 19 24 28 31 36 43 44 46 67 68 74 75 77 81 88 89 93 96 97 101 104 105 106 108 115 116 118 124 126 131 132 139 140
47 3 14 15 17 21 26 27 31 32 34 36 37 38 39 43 49 59 62 63 71 75 79 80 81 83 84 89 93 94 99 107 108 111 112 114 115 117 121 127 132 133 135 137 140 141 142 143
51 0 4 6 7 14 18 19 21 22 25 27 28 32 33 35 36 37 40 44 49 53 56 61 62 64 68 69 76 81 85 87 89 93 101 102 104 106 107 110 112 114 124 128 130 131 133 134 135 137 138 139
48 1 3 6 7 9 12 13 15 18 23 24 27 28 36 39 42 44 47 51 54 56 59 65 69 75 84 91 92 93 94 97 98 101 105 111 112 115 118 121 124 126 127 129 133 135 136 141 142
50 3 4 6 7 9 15 18 21 24 29 31 33 35 42 48 54 58 59 73 74 78 79 80 81 83 86 89 93 95 98 101 102 107 111 116 118 119 122 124 128 129 130 132 135 136 137 138 141 142 143
49 0 3 5 8 11 15 19 22 24 26 29 31 37 40 45 48 53 54 56 59 61 64 74 75 76 78 80 85 86 93 97 98 100 102 110 111 113 114 118 120 123 124 125 126 128 129 134 135 138
43 4 6 14 21 22 23 25 26 30 31 32 50 51 54 59 62 65 66 68 72 73 74 77 78 80 84 87 90 91 96 97 101 104 109 110 113 120 122 126 137 138 139 141
49 0 4 6 13 15 18 26 27 29 32 37 41 42 43 48 57 60 61 65 67 68 75 76 78 79 81 82 84 86 92 93 94 96 100 101 105 106 109 111 112 114 122 126 134 137 138 140 141 142
41 3 13 16 19 21 22 24 26 29 31 32 35 36 43 45 50 51 52 55 56 72 74 76 77 78 80 86 94 106 118 119 123 124 125 128 131 133 135 137 140 143
52 3 5 8 9 10 11 14 20 21 23 26 28 30 31 33 37 40 41 47 56 63 65 67 71 77 79 81 82 86 90 93 95 96 100 101 106 110 112 116 117 118 121 122 127 130 132 133 134 135 136 139 142
45 1 7 9 16 23 27 28 31 34 35 38 47 49 50 54 65 68 69 71 73 76 82 83 84 87 91 93 96 100 101 105 106 110 113 115 116 118 119 121 131 132 133 136 137 141
57 4 5 6 7 8 9 10 12 17 18 19 20 24 25 27 29 35 37 42 43 46 48 49 50 53 54 55 56 58 64 66 72 75 77 85 90 91 92 94 98 103 104 106 108 109 113 115 119 122 124 126 127 128 130 133 138 142
48 0 1 3 4 10 12 18 20 23 33 37 38 44 46 47 48 49 50 56 57 58 63 69 73 74 76 81 83 90 92 94 95 98 100 101 103 108 109 110 112 115 125 126 130 136 138 142 143
41 0 1 2 3 4 7 11 18 20 32 35 51 53 55 60 71 74 76 77 78 80 81 82 83 89 90 95 100 102 106 112 115 120 121 122 123 127 131 134 136 138
47 2 7 12 13 15 19 26 27 29 33 34 37 39 41 42 43 46 48 54 57 58 62 63 66 80 81 82 83 84 88 93 97 100 102 103 108 109 110 115 117 120 123 126 128 139 140 142
46 3 4 9 13 17 20 26 31 33 34 35 36 37 38 46 47 48 49 52 57 61 62 63 64 66 72 73 76 85 88 94 95 96 98 101 102 105 110 112 118 120 121 126 128 133 135
46 2 3 4 6 7 9 12 20 25 35 36 41 45 48 51 53 54 56 57 64 67 69 70 72 73 85 87 92 93 95 97 103 105 109 111 113 118 123 125 129 130 131 133 134 139 140
40 1 3 6 7 11 21 26 27 31 32 38 40 43 44 47 50 60 62 66 70 73 78 80 82 85 88 91 92 94 95 97 101 103 107 109 111 114 115 132 135
43 3 4 5 7 11 12 15 16 23 24 26 32 33 34 37 41 42 45 47 49 52 54 58 61 66 67 70 71 72 76 79 82 83 90 95 99 108 109 122 123 132 137 141
47 2 7 8 11 18 19 20 25 27 30 32 33 37 39 43 44 46 48 56 57 64 71 74 79 81 84 85 86 87 92 94 96 97 99 100 102 107 110 114 115 116 119 121 127 130 137 138
36 1 3 7 12 13 17 18 19 20 26 38 40 52 53 55 58 60 63 74 76 81 84 86 93 94 95 104 108 113 123 124 129 132 135 138 141
44 3 8 13 14 18 22 24 25 26 29 32 33 34 35 39 48 55 58 59 60 63 64 70 72 86 89 90 94 96 97 99 101 102 103 107 113 116 117 122 123 125 126 133 135
46 4 7 10 14 15 16 24 25 26 30 31 32 33 39 40 41 43 47 48 56 57 59 67 69 71 74 76 77 79 92 94 95 96 99 104 106 109 113 114 115 116 127 129 134 137 143
45 2 5 7 8 9 10 13 14 18 20 21 25 28 29 34 40 41 42 49 52 54 57 61 65 68 69 70 72 73 76 85 87 89 92 95 98 103 109 110 112 116 120 123 124 130
50 11 15 17 20 21 25 26 28 29 30 34 43 44 45 46 48 49 50 54 56 60 61 62 63 67 68 70 73 76 77 81 82 85 87 90 93 95 105 108 109 110 112 115 116 128 130 133 137 138 143
49 4 7 9 12 14 15 16 28 32 37 39 41 42 46 50 55 58 68 69 72 77 79 81 82 83 86 88 90 93 94 96 98 99 106 107 111 113 114 117 119 120 122 126 127 133 134 136 137 139
43 0 13 16 17 21 25 26 28 29 30 31 33 38 40 41 42 45 60 70 73 77 83 84 85 86 91 96 97 103 105 106 107 108 112 114 116 121 122 124 131 138 140 142
40 3 5 8 11 13 19 29 38 49 50 55 56 58 59 62 64 65 71 72 74 79 84 85 89 92 94 96 99 101 103 107 110 111 113 116 121 132 135 139 143
46 3 8 9 11 15 17 21 27 29 30 33 42 49 50 51 52 54 55 58 61 63 65 68 70 78 81 82 83 85 88 95 96 97 99 103 104 107 114 115 123 124 125 126 138 139 143
48 0 2 7 8 9 10 18 23 25 28 31 34 38 39 43 48 49 50 54 55 61 62 63 65 66 70 75 76 77 87 92 98 101 103 111 112 113 116 118 119 123 125 129 130 131 132 134 143
