0.5 221100100221221100100221
0.40625 100221221100100221221100
0.34375 221100100221100221100221
0.3125 100221100221100221221100
0.28125 221100100221221100221100
0.28125 100221221100100221100221
0.28125 100221100221221100100221
0.25 221100221100221100100221
0.25 012222012222011112011112
0.21875 221100221100100221221100
0.21875 100221221100221100221100
0.1875 012222012000012000012222
0.15625 112011222012222012112011
0.15625 011112011112012222012222
0.125 012000012000112011112011
0.125 000012011112011112000012
0.09375 222222112221011100000222
0.09375 222012222012000012000012
0.09375 222012112011112011222012
0.09375 221112111111011100000222
0.09375 111111221112000222011100
0.09375 100011221112000222000000
0.09375 011112000012000012011112
0.09375 011100000000222000112221
0.09375 000000000222221112100011
0.0625 222222222000100011221112
0.0625 222000222222221112100011
0.0625 222000112221011100000000
0.0625 112221222000100011111111
0.0625 112221222000000000011100
0.0625 112011112011112011112011
0.0625 112011112011012000012000
0.0625 012000012222012222012000
0.0625 012000012000012000012000
0.0625 011112011112011112011112
0.0625 011100000222222222112221
0.0625 000222000000100011221112
0.0625 000012000012000012000012
0.03125 222000222222000222000000
0.03125 221112221112000222000222
0.03125 221112100011222000222222
0.03125 221112100011000000000222
0.03125 112221222222000222011100
0.03125 112221112221011100011100
0.03125 111111100011222000112221
0.03125 111111100011000000011100
0.03125 100011221112222222222000
0.03125 100011221112221112100011
0.03125 100011111111112221222000
0.03125 100011111111011100000000
0.03125 100011100011000000000000
0.03125 012222012222012222012222
0.03125 012012012012012012012012
0.03125 011100000222221112111111
0.03125 011100000222000222011100
0.03125 000222011100111111221112
0.03125 000012000012222012222012
0.03125 000000011100112221222000
0.03125 000000011100011100000000
0.03125 000000000222000222000000
0 222222222222222222222222
0 222222222222221112221112
0 222222222222000222000222
0 222222222000222000222222
0 222222222000000000000222
0 222222112221112221222222
0 222222112221111111221112
0 222012222012222012222012
0 222000222222222222222000
0 222000222000222000222000
0 222000222000100011100011
0 222000222000000000000000
0 222000112221112221222000
0 222000112221111111100011
0 221112221112222222222222
0 221112221112221112221112
0 221112111111112221222222
0 221112111111111111221112
0 221112100011100011221112
0 221100221100221100221100
0 221100221100100221100221
0 221100100221100221221100
0 112221222222222222112221
0 112221222222221112111111
0 112221222000222000112221
0 112221112221112221112221
0 112221112221111111111111
0 111111221112222222112221
0 111111221112221112111111
0 111111111111112221112221
0 111111111111111111111111
0 111111111111011100011100
0 111111100011100011111111
0 100221221100221100100221
0 100221100221221100221100
0 100221100221100221100221
0 100011111111111111100011
0 100011100011222000222000
0 100011100011100011100011
0 011100011100112221112221
0 011100011100111111111111
0 011100011100011100011100
0 011100000000100011111111
0 011100000000000000011100
0 000222011100112221222222
0 000222011100011100000222
0 000222000222222222222222
0 000222000222221112221112
0 000222000222000222000222
0 000222000000222000222222
0 000222000000000000000222
0 000000011100111111100011
0 000000000222222222222000
0 000000000000222000222000
0 000000000000100011100011
0 000000000000000000000000
