100 250 24 0
0.11919220731491555 -0.06256071754173956 0.07261923323550394 -0.027795041173387127 -0.052525690183490736 0.0078324019516238 -0.12415578296851977 0.12581986168053516 0.15776596280418212 -0.0002770289141804201 0.055887044533464145 0.09373865674444663 0.04331912004189641 -0.13430798123909238 -0.12104782067365066 0.05955783496508967 -0.08046181349425752 0.14584189290601038 0.10426648902486074 -0.0484224780232152 -0.0032625474055435616 -0.18843824823846206 0.012188012117562423 -0.07641692428988561 0.11923082200387147 -0.030429393245920658 0.017367110412851747 0.04998426303299399 -0.13895973878451115 -0.09072158778745569 -0.09705250561056804 0.13184267691819324 0.12709430717726838 0.12766885278392276 0.08277522334421161 -0.13147563408940738 0.16409142666623347 0.08670540910730937 -0.10046406344384125 -0.10528964115000518 -0.12185061754053558 0.12372695527997259 0.10770212694269235 0.05033696563359482 -0.05931145315408892 0.06403398885515028 0.09416359362070058 0.047868274535922725 -0.12492860543335417 0.10974564601804253 -0.10952268401369651 -0.16582406947131273 0.08230589119201182 -0.07166788966153817 0.03618854667774224 0.1230257600160429 0.10401787526243622 0.11856614723097261 -0.12797250552299794 -0.17067808987499947 0.044738349176925915 -0.029428764095953096 0.09163306855059915 0.05165563037057666 -0.09047749785276807 0.07821115972677359 -0.16448183197947888 0.04004197104999318 0.10284629443980373 -0.1377728182274716 -0.1265781896204789 -0.12838077552416838 -0.0376233097320624 0.09810120771262501 -0.0217157771984936 0.06438972629083069 -0.04048460858754476 -0.13871465648429698 0.10823265483862081 -0.12886597691387777 -0.13872006723610047 0.09540634889459616 0.2045111738197007 0.1595613035362518 -0.007915835197428403 0.0890323027543504 0.07838369811869274 -0.12097017227442913 -0.06230330789372428 0.03740019716261141 -0.06089074703191394 -0.0488094793625331 -0.110564123210354 -0.12518806269691657 -0.0483766470927834 -0.07763889458479914 -0.0569296983276231 0.007247366623152312 -0.03751387730382509 0.10192795606221147
15 27 30 39 45 51 54 57 60 75 78 90 99 102 105 108 114 120 135 141 147 150 153 156 165 177 180 195 198 201 204 210 216 225 228 240 267 270 282 291 294 297 300 306 312 330 354 360 387 390 393 396 402 408 417 420 432 450 456 480 519 525 531 534 537 540 549 561 564 579 582 585 588 594 600 609 612 624 645 657 660 705 708 720 771 774 777 780 786 792 801 804 816 834 840 864 897 900 912 960
1 0 2 30 1 2 -1 5 6 -1 7 8 1 9 10 -1 12 13 -1 14 15 1 20 21 -1 22 23 1 25 26 1 27 28 -1 29 30 1 33 34 1 36 37 -1 39 40 -1 41 42 1 48 49 -1 50 51 1 54 55 1 62 63 -1 64 65 1 67 68 1 69 70 -1 71 72 1 75 76 1 79 80 1 81 82 1 84 85 -1 86 87 1 90 91 1 96 97 1
1 0 4 30 0 2 -1 3 6 1 4 8 1 9 11 1 12 16 -1 14 17 -1 18 21 1 19 23 1 24 26 -1 27 31 -1 29 32 -1 33 35 1 36 38 1 39 43 -1 41 44 -1 48 52 -1 50 53 -1 54 56 1 60 63 1 61 65 1 66 68 -1 69 73 -1 71 74 -1 75 77 1 78 80 -1 81 83 1 84 88 -1 86 89 -1 90 92 1 96 98 1
1 0 6 30 0 10 -1 1 11 -1 3 13 -1 4 15 -1 5 16 -1 7 17 -1 18 28 1 19 30 1 20 31 1 22 32 1 24 34 1 25 35 1 36 45 1 39 46 1 41 47 1 48 57 -1 50 58 -1 54 59 -1 60 70 1 61 72 1 62 73 1 64 74 1 66 76 1 67 77 1 78 82 -1 79 83 -1 84 93 -1 86 94 -1 90 95 -1 96 99 1
1 0 8 30 0 37 -1 1 38 -1 3 40 -1 4 42 -1 5 43 -1 7 44 -1 9 45 -1 12 46 -1 14 47 -1 18 49 -1 19 51 -1 20 52 -1 22 53 -1 24 55 -1 25 56 -1 27 57 -1 29 58 -1 33 59 -1 60 85 1 61 87 1 62 88 1 64 89 1 66 91 1 67 92 1 69 93 1 71 94 1 75 95 1 78 97 1 79 98 1 81 99 1
1 1 3 30 3 4 -1 5 7 1 6 8 -1 12 14 1 13 15 -1 16 17 1 18 19 -1 20 22 1 21 23 -1 27 29 1 28 30 -1 31 32 1 39 41 1 40 42 -1 43 44 1 46 47 1 48 50 1 49 51 -1 52 53 1 57 58 1 60 61 -1 62 64 1 63 65 -1 69 71 1 70 72 -1 73 74 1 84 86 1 85 87 -1 88 89 1 93 94 1
1 1 5 30 0 4 1 1 7 1 2 8 -1 9 14 -1 10 15 1 11 17 1 18 24 -1 20 25 -1 21 26 1 27 33 1 28 34 -1 31 35 -1 36 41 -1 37 42 1 38 44 1 45 47 -1 48 54 1 49 55 -1 52 56 -1 57 59 1 60 66 -1 62 67 -1 63 68 1 69 75 1 70 76 -1 73 77 -1 84 90 1 85 91 -1 88 92 -1 93 95 1
1 1 7 30 0 19 1 1 22 1 2 23 -1 3 24 1 5 25 1 6 26 -1 9 29 1 10 30 -1 11 32 -1 12 33 1 13 34 -1 16 35 -1 36 50 -1 37 51 1 38 53 1 39 54 -1 40 55 1 43 56 1 45 58 1 46 59 1 60 78 -1 62 79 -1 63 80 1 69 81 -1 70 82 1 73 83 1 84 96 1 85 97 -1 88 98 -1 93 99 -1
1 1 9 30 0 61 1 1 64 1 2 65 -1 3 66 1 5 67 1 6 68 -1 9 71 1 10 72 -1 11 74 -1 12 75 1 13 76 -1 16 77 -1 18 78 1 20 79 1 21 80 -1 27 81 1 28 82 -1 31 83 -1 36 86 1 37 87 -1 38 89 -1 39 90 1 40 91 -1 43 92 -1 45 94 -1 46 95 -1 48 96 1 49 97 -1 52 98 -1 57 99 -1
1 2 4 30 0 1 -1 3 5 1 4 7 -1 10 11 -1 13 16 1 15 17 -1 18 20 1 19 22 -1 24 25 1 28 31 1 30 32 -1 34 35 1 37 38 -1 40 43 1 42 44 -1 49 52 1 51 53 -1 55 56 1 60 62 1 61 64 -1 66 67 1 70 73 1 72 74 -1 76 77 1 78 79 1 82 83 1 85 88 1 87 89 -1 91 92 1 97 98 1
1 2 6 30 0 9 -1 2 11 1 3 12 -1 4 14 1 6 16 1 8 17 -1 18 27 1 19 29 -1 21 31 -1 23 32 1 24 33 -1 26 35 1 37 45 -1 40 46 -1 42 47 1 49 57 1 51 58 -1 55 59 -1 60 69 1 61 71 -1 63 73 -1 65 74 1 66 75 -1 68 77 1 78 81 1 80 83 -1 85 93 1 87 94 -1 91 95 -1 97 99 1
1 2 8 30 0 36 -1 2 38 1 3 39 -1 4 41 1 6 43 1 8 44 -1 10 45 1 13 46 1 15 47 -1 18 48 -1 19 50 1 21 52 1 23 53 -1 24 54 1 26 56 -1 28 57 1 30 58 -1 34 59 -1 60 84 1 61 86 -1 63 88 -1 65 89 1 66 90 -1 68 92 1 70 93 -1 72 94 1 76 95 1 78 96 -1 80 98 1 82 99 1
1 3 5 30 0 3 1 1 5 -1 2 6 -1 9 12 1 10 13 1 11 16 -1 19 24 1 22 25 -1 23 26 -1 29 33 1 30 34 1 32 35 -1 36 39 1 37 40 1 38 43 -1 45 46 1 50 54 1 51 55 1 53 56 -1 58 59 1 61 66 1 64 67 -1 65 68 -1 71 75 1 72 76 1 74 77 -1 86 90 1 87 91 1 89 92 -1 94 95 1
1 3 7 30 0 18 1 1 20 -1 2 21 -1 4 24 -1 7 25 1 8 26 1 9 27 -1 10 28 -1 11 31 1 14 33 1 15 34 1 17 35 -1 36 48 1 37 49 1 38 52 -1 41 54 -1 42 55 -1 44 56 1 45 57 -1 47 59 1 61 78 1 64 79 -1 65 80 -1 71 81 -1 72 82 -1 74 83 1 86 96 1 87 97 1 89 98 -1 94 99 -1
1 3 9 30 0 60 1 1 62 -1 2 63 -1 4 66 -1 7 67 1 8 68 1 9 69 -1 10 70 -1 11 73 1 14 75 1 15 76 1 17 77 -1 19 78 -1 22 79 1 23 80 1 29 81 1 30 82 1 32 83 -1 36 84 -1 37 85 -1 38 88 1 41 90 1 42 91 1 44 92 -1 45 93 1 47 95 -1 50 96 1 51 97 1 53 98 -1 58 99 -1
1 4 6 30 1 9 1 2 10 1 5 12 -1 6 13 -1 7 14 -1 8 15 -1 20 27 1 21 28 1 22 29 1 23 30 1 25 33 -1 26 34 -1 38 45 1 43 46 -1 44 47 -1 52 57 1 53 58 1 56 59 -1 62 69 1 63 70 1 64 71 1 65 72 1 67 75 -1 68 76 -1 79 81 1 80 82 1 88 93 1 89 94 1 92 95 -1 98 99 1
1 4 8 30 1 36 1 2 37 1 5 39 -1 6 40 -1 7 41 -1 8 42 -1 11 45 -1 16 46 1 17 47 1 20 48 -1 21 49 -1 22 50 -1 23 51 -1 25 54 1 26 55 1 31 57 1 32 58 1 35 59 -1 62 84 1 63 85 1 64 86 1 65 87 1 67 90 -1 68 91 -1 73 93 -1 74 94 -1 77 95 1 79 96 -1 80 97 -1 83 99 1
1 5 7 30 3 18 1 4 19 1 5 20 1 6 21 1 7 22 1 8 23 1 12 27 -1 13 28 -1 14 29 -1 15 30 -1 16 31 -1 17 32 -1 39 48 1 40 49 1 41 50 1 42 51 1 43 52 1 44 53 1 46 57 -1 47 58 -1 66 78 1 67 79 1 68 80 1 75 81 -1 76 82 -1 77 83 -1 90 96 1 91 97 1 92 98 1 95 99 -1
1 5 9 30 3 60 1 4 61 1 5 62 1 6 63 1 7 64 1 8 65 1 12 69 -1 13 70 -1 14 71 -1 15 72 -1 16 73 -1 17 74 -1 24 78 -1 25 79 -1 26 80 -1 33 81 1 34 82 1 35 83 1 39 84 -1 40 85 -1 41 86 -1 42 87 -1 43 88 -1 44 89 -1 46 93 1 47 94 1 54 96 1 55 97 1 56 98 1 59 99 -1
1 6 8 30 9 36 1 10 37 1 11 38 1 12 39 1 13 40 1 14 41 1 15 42 1 16 43 1 17 44 1 27 48 -1 28 49 -1 29 50 -1 30 51 -1 31 52 -1 32 53 -1 33 54 -1 34 55 -1 35 56 -1 69 84 1 70 85 1 71 86 1 72 87 1 73 88 1 74 89 1 75 90 1 76 91 1 77 92 1 81 96 -1 82 97 -1 83 98 -1
1 7 9 30 18 60 1 19 61 1 20 62 1 21 63 1 22 64 1 23 65 1 24 66 1 25 67 1 26 68 1 27 69 1 28 70 1 29 71 1 30 72 1 31 73 1 32 74 1 33 75 1 34 76 1 35 77 1 48 84 -1 49 85 -1 50 86 -1 51 87 -1 52 88 -1 53 89 -1 54 90 -1 55 91 -1 56 92 -1 57 93 -1 58 94 -1 59 95 -1
2 0 1 2 3 9 5 8 1 12 15 1 20 23 1 27 30 1 39 42 1 48 51 1 62 65 1 69 72 1 84 87 1
2 0 1 2 5 9 1 8 1 9 15 -1 20 26 -1 27 34 1 36 42 -1 48 55 1 62 68 -1 69 76 1 84 91 1
2 0 1 2 7 9 1 23 1 5 26 1 9 30 1 12 34 1 36 51 -1 39 55 -1 62 80 -1 69 82 -1 84 97 1
2 0 1 2 9 9 1 65 1 5 68 1 9 72 1 12 76 1 20 80 1 27 82 1 36 87 1 39 91 1 48 97 1
2 0 1 3 4 9 3 8 1 12 17 1 18 23 1 27 32 1 39 44 1 48 53 1 60 65 1 69 74 1 84 89 1
2 0 1 3 6 9 3 15 -1 5 17 1 18 30 1 20 32 -1 39 47 -1 48 58 1 60 72 1 62 74 -1 84 94 1
2 0 1 3 8 9 3 42 -1 5 44 1 12 47 1 18 51 -1 20 53 1 27 58 1 60 87 1 62 89 -1 69 94 -1
2 0 1 4 5 9 0 8 1 9 17 1 18 26 1 27 35 1 36 44 1 48 56 1 60 68 1 69 77 1 84 92 1
2 0 1 4 7 9 0 23 1 3 26 -1 9 32 -1 12 35 1 36 53 1 39 56 -1 60 80 1 69 83 -1 84 98 1
2 0 1 4 9 9 0 65 1 3 68 -1 9 74 -1 12 77 1 18 80 -1 27 83 1 36 89 -1 39 92 1 48 98 1
2 0 1 5 6 9 0 15 1 1 17 1 18 34 1 20 35 1 36 47 1 48 59 1 60 76 1 62 77 1 84 95 1
2 0 1 5 8 9 0 42 1 1 44 1 9 47 -1 18 55 -1 20 56 -1 27 59 1 60 91 1 62 92 1 69 95 -1
2 0 1 6 7 9 0 30 1 1 32 1 3 34 1 5 35 1 36 58 1 39 59 1 60 82 1 62 83 1 84 99 1
2 0 1 6 9 9 0 72 1 1 74 1 3 76 1 5 77 1 18 82 -1 20 83 -1 36 94 -1 39 95 -1 48 99 1
2 0 1 7 8 9 0 51 1 1 53 1 3 55 1 5 56 1 9 58 1 12 59 1 60 97 1 62 98 1 69 99 1
2 0 1 8 9 9 0 87 1 1 89 1 3 91 1 5 92 1 9 94 1 12 95 1 18 97 1 20 98 1 27 99 1
2 0 2 4 6 10 0 11 -1 3 16 1 4 17 -1 18 31 -1 19 32 1 24 35 -1 60 73 -1 61 74 1 66 77 -1 78 83 1
2 0 2 4 8 10 0 38 -1 3 43 1 4 44 -1 18 52 1 19 53 -1 24 56 1 60 88 -1 61 89 1 66 92 -1 78 98 -1
2 0 2 6 8 10 0 45 -1 3 46 -1 4 47 1 18 57 1 19 58 -1 24 59 -1 60 93 -1 61 94 1 66 95 1 78 99 -1
2 0 3 1 2 9 7 6 1 14 13 1 22 21 1 29 28 1 41 40 1 50 49 1 64 63 1 71 70 1 86 85 1
2 0 3 1 4 9 4 6 1 14 16 1 19 21 1 29 31 1 41 43 1 50 52 1 61 63 1 71 73 1 86 88 1
2 0 3 1 6 9 4 13 -1 7 16 1 19 28 1 22 31 -1 41 46 -1 50 57 1 61 70 1 64 73 -1 86 93 1
2 0 3 1 8 9 4 40 -1 7 43 1 14 46 1 19 49 -1 22 52 1 29 57 1 61 85 1 64 88 -1 71 93 -1
2 0 3 2 5 9 1 6 1 9 13 -1 22 26 -1 29 34 1 36 40 -1 50 55 1 64 68 -1 71 76 1 86 91 1
2 0 3 2 7 9 1 21 1 7 26 1 9 28 1 14 34 1 36 49 -1 41 55 -1 64 80 -1 71 82 -1 86 97 1
2 0 3 2 9 9 1 63 1 7 68 1 9 70 1 14 76 1 22 80 1 29 82 1 36 85 1 41 91 1 50 97 1
2 0 3 4 5 9 0 6 1 9 16 -1 19 26 -1 29 35 1 36 43 -1 50 56 1 61 68 -1 71 77 1 86 92 1
2 0 3 4 7 9 0 21 1 4 26 1 9 31 1 14 35 1 36 52 -1 41 56 -1 61 80 -1 71 83 -1 86 98 1
2 0 3 4 9 9 0 63 1 4 68 1 9 73 1 14 77 1 19 80 1 29 83 1 36 88 1 41 92 1 50 98 1
2 0 3 5 6 9 0 13 1 1 16 -1 19 34 -1 22 35 1 36 46 -1 50 59 1 61 76 -1 64 77 1 86 95 1
2 0 3 5 8 9 0 40 1 1 43 -1 9 46 1 19 55 1 22 56 -1 29 59 1 61 91 -1 64 92 1 71 95 -1
2 0 3 6 7 9 0 28 1 1 31 -1 4 34 -1 7 35 1 36 57 -1 41 59 1 61 82 -1 64 83 1 86 99 1
2 0 3 6 9 9 0 70 1 1 73 -1 4 76 -1 7 77 1 19 82 1 22 83 -1 36 93 1 41 95 -1 50 99 1
2 0 3 7 8 9 0 49 1 1 52 -1 4 55 -1 7 56 1 9 57 -1 14 59 1 61 97 -1 64 98 1 71 99 1
2 0 3 8 9 9 0 85 1 1 88 -1 4 91 -1 7 92 1 9 93 -1 14 95 1 19 97 -1 22 98 1 29 99 1
2 0 4 2 6 10 1 10 -1 5 13 1 7 15 -1 20 28 -1 22 30 1 25 34 -1 62 70 -1 64 72 1 67 76 -1 79 82 1
2 0 4 2 8 10 1 37 -1 5 40 1 7 42 -1 20 49 1 22 51 -1 25 55 1 62 85 -1 64 87 1 67 91 -1 79 97 -1
2 0 4 6 8 10 1 45 1 5 46 -1 7 47 -1 20 57 1 22 58 1 25 59 -1 62 93 -1 64 94 -1 67 95 1 79 99 -1
2 0 5 1 2 9 7 2 1 14 10 -1 25 21 -1 33 28 1 41 37 -1 54 49 1 67 63 -1 75 70 1 90 85 1
2 0 5 1 4 9 4 2 1 14 11 1 24 21 1 33 31 1 41 38 1 54 52 1 66 63 1 75 73 1 90 88 1
2 0 5 1 6 9 4 10 1 7 11 1 24 28 1 25 31 1 41 45 1 54 57 1 66 70 1 67 73 1 90 93 1
2 0 5 1 8 9 4 37 1 7 38 1 14 45 -1 24 49 -1 25 52 -1 33 57 1 66 85 1 67 88 1 75 93 -1
2 0 5 2 3 9 5 2 1 12 10 -1 25 23 -1 33 30 1 39 37 -1 54 51 1 67 65 -1 75 72 1 90 87 1
2 0 5 2 7 9 5 21 -1 7 23 1 12 28 1 14 30 -1 39 49 -1 41 51 1 67 80 1 75 82 -1 90 97 1
2 0 5 2 9 9 5 63 -1 7 65 1 12 70 1 14 72 -1 25 80 -1 33 82 1 39 85 1 41 87 -1 54 97 1
2 0 5 3 4 9 3 2 1 12 11 -1 24 23 -1 33 32 1 39 38 -1 54 53 1 66 65 -1 75 74 1 90 89 1
2 0 5 3 6 9 3 10 1 5 11 -1 24 30 -1 25 32 1 39 45 -1 54 58 1 66 72 -1 67 74 1 90 94 1
2 0 5 3 8 9 3 37 1 5 38 -1 12 45 1 24 51 1 25 53 -1 33 58 1 66 87 -1 67 89 1 75 94 -1
2 0 5 4 7 9 3 21 1 4 23 1 12 31 1 14 32 1 39 52 -1 41 53 -1 66 80 -1 75 83 -1 90 98 1
2 0 5 4 9 9 3 63 1 4 65 1 12 73 1 14 74 1 24 80 1 33 83 1 39 88 1 41 89 1 54 98 1
2 0 5 6 7 9 3 28 1 4 30 1 5 31 1 7 32 1 39 57 -1 41 58 -1 66 82 -1 67 83 -1 90 99 1
2 0 5 6 9 9 3 70 1 4 72 1 5 73 1 7 74 1 24 82 1 25 83 1 39 93 1 41 94 1 54 99 1
2 0 5 7 8 9 3 49 1 4 51 1 5 52 1 7 53 1 12 57 -1 14 58 -1 66 97 -1 67 98 -1 75 99 1
2 0 5 8 9 9 3 85 1 4 87 1 5 88 1 7 89 1 12 93 -1 14 94 -1 24 97 -1 25 98 -1 33 99 1
2 0 6 2 4 10 9 2 -1 12 6 1 14 8 -1 27 21 -1 29 23 1 33 26 -1 69 63 -1 71 65 1 75 68 -1 81 80 1
2 0 6 2 8 10 9 37 -1 12 40 -1 14 42 1 27 49 1 29 51 -1 33 55 -1 69 85 -1 71 87 1 75 91 1 81 97 -1
2 0 6 4 8 10 9 38 1 12 43 -1 14 44 -1 27 52 1 29 53 1 33 56 -1 69 88 -1 71 89 -1 75 92 1 81 98 -1
2 0 7 1 2 9 22 2 1 25 6 1 29 10 1 33 13 1 50 37 -1 54 40 -1 79 63 -1 81 70 -1 96 85 1
2 0 7 1 4 9 19 2 1 24 6 -1 29 11 -1 33 16 1 50 38 1 54 43 -1 78 63 1 81 73 -1 96 88 1
2 0 7 1 6 9 19 10 1 22 11 1 24 13 1 25 16 1 50 45 1 54 46 1 78 70 1 79 73 1 96 93 1
2 0 7 1 8 9 19 37 1 22 38 1 24 40 1 25 43 1 29 45 1 33 46 1 78 85 1 79 88 1 81 93 1
2 0 7 2 3 9 20 2 1 25 8 1 27 10 1 33 15 1 48 37 -1 54 42 -1 79 65 -1 81 72 -1 96 87 1
2 0 7 2 5 9 20 6 -1 22 8 1 27 13 1 29 15 -1 48 40 -1 50 42 1 79 68 1 81 76 -1 96 91 1
2 0 7 2 9 9 20 63 -1 22 65 1 25 68 1 27 70 -1 29 72 1 33 76 1 48 85 1 50 87 -1 54 91 -1
2 0 7 3 4 9 18 2 1 24 8 1 27 11 1 33 17 1 48 38 -1 54 44 -1 78 65 -1 81 74 -1 96 89 1
2 0 7 3 6 9 18 10 1 20 11 -1 24 15 -1 25 17 1 48 45 -1 54 47 1 78 72 -1 79 74 1 96 94 1
2 0 7 3 8 9 18 37 1 20 38 -1 24 42 -1 25 44 1 27 45 -1 33 47 1 78 87 -1 79 89 1 81 94 1
2 0 7 4 5 9 18 6 1 19 8 1 27 16 1 29 17 1 48 43 -1 50 44 -1 78 68 -1 81 77 -1 96 92 1
2 0 7 4 9 9 18 63 1 19 65 1 24 68 -1 27 73 -1 29 74 -1 33 77 1 48 88 1 50 89 1 54 92 -1
2 0 7 5 6 9 18 13 1 19 15 1 20 16 1 22 17 1 48 46 -1 50 47 -1 78 76 -1 79 77 -1 96 95 1
2 0 7 5 8 9 18 40 1 19 42 1 20 43 1 22 44 1 27 46 -1 29 47 -1 78 91 -1 79 92 -1 81 95 1
2 0 7 6 9 9 18 70 1 19 72 1 20 73 1 22 74 1 24 76 1 25 77 1 48 93 1 50 94 1 54 95 1
2 0 7 8 9 9 18 85 1 19 87 1 20 88 1 22 89 1 24 91 1 25 92 1 27 93 1 29 94 1 33 95 1
2 0 8 2 4 10 36 2 -1 39 6 1 41 8 -1 48 21 1 50 23 -1 54 26 1 84 63 -1 86 65 1 90 68 -1 96 80 -1
2 0 8 2 6 10 36 10 -1 39 13 -1 41 15 1 48 28 1 50 30 -1 54 34 -1 84 70 -1 86 72 1 90 76 1 96 82 -1
2 0 8 4 6 10 36 11 1 39 16 -1 41 17 -1 48 31 1 50 32 1 54 35 -1 84 73 -1 86 74 -1 90 77 1 96 83 -1
2 0 9 1 2 9 64 2 1 67 6 1 71 10 1 75 13 1 79 21 1 81 28 1 86 37 1 90 40 1 96 49 1
2 0 9 1 4 9 61 2 1 66 6 -1 71 11 -1 75 16 1 78 21 -1 81 31 1 86 38 -1 90 43 1 96 52 1
2 0 9 1 6 9 61 10 1 64 11 1 66 13 1 67 16 1 78 28 -1 79 31 -1 86 45 -1 90 46 -1 96 57 1
2 0 9 1 8 9 61 37 1 64 38 1 66 40 1 67 43 1 71 45 1 75 46 1 78 49 1 79 52 1 81 57 1
2 0 9 2 3 9 62 2 1 67 8 1 69 10 1 75 15 1 79 23 1 81 30 1 84 37 1 90 42 1 96 51 1
2 0 9 2 5 9 62 6 -1 64 8 1 69 13 1 71 15 -1 79 26 -1 81 34 1 84 40 1 86 42 -1 96 55 1
2 0 9 2 7 9 62 21 -1 64 23 1 67 26 1 69 28 -1 71 30 1 75 34 1 84 49 1 86 51 -1 90 55 -1
2 0 9 3 4 9 60 2 1 66 8 1 69 11 1 75 17 1 78 23 1 81 32 1 84 38 1 90 44 1 96 53 1
2 0 9 3 6 9 60 10 1 62 11 -1 66 15 -1 67 17 1 78 30 1 79 32 -1 84 45 1 90 47 -1 96 58 1
2 0 9 3 8 9 60 37 1 62 38 -1 66 42 -1 67 44 1 69 45 -1 75 47 1 78 51 -1 79 53 1 81 58 1
2 0 9 4 5 9 60 6 1 61 8 1 69 16 1 71 17 1 78 26 1 81 35 1 84 43 1 86 44 1 96 56 1
2 0 9 4 7 9 60 21 1 61 23 1 66 26 -1 69 31 -1 71 32 -1 75 35 1 84 52 1 86 53 1 90 56 -1
2 0 9 5 6 9 60 13 1 61 15 1 62 16 1 64 17 1 78 34 1 79 35 1 84 46 1 86 47 1 96 59 1
2 0 9 5 8 9 60 40 1 61 42 1 62 43 1 64 44 1 69 46 -1 71 47 -1 78 55 -1 79 56 -1 81 59 1
2 0 9 6 7 9 60 28 1 61 30 1 62 31 1 64 32 1 66 34 1 67 35 1 84 57 1 86 58 1 90 59 1
2 0 9 7 8 9 60 49 1 61 51 1 62 52 1 64 53 1 66 55 1 67 56 1 69 57 1 71 58 1 75 59 1
2 1 2 3 4 9 3 7 1 13 17 1 18 22 1 28 32 1 40 44 1 49 53 1 60 64 1 70 74 1 85 89 1
2 1 2 3 6 9 3 14 -1 6 17 1 18 29 1 21 32 -1 40 47 -1 49 58 1 60 71 1 63 74 -1 85 94 1
2 1 2 3 8 9 3 41 -1 6 44 1 13 47 1 18 50 -1 21 53 1 28 58 1 60 86 1 63 89 -1 70 94 -1
2 1 2 4 5 9 0 7 1 10 17 1 18 25 1 28 35 1 37 44 1 49 56 1 60 67 1 70 77 1 85 92 1
2 1 2 4 7 9 0 22 1 3 25 -1 10 32 -1 13 35 1 37 53 1 40 56 -1 60 79 1 70 83 -1 85 98 1
2 1 2 4 9 9 0 64 1 3 67 -1 10 74 -1 13 77 1 18 79 -1 28 83 1 37 89 -1 40 92 1 49 98 1
2 1 2 5 6 9 0 14 1 2 17 1 18 33 1 21 35 1 37 47 1 49 59 1 60 75 1 63 77 1 85 95 1
2 1 2 5 8 9 0 41 1 2 44 1 10 47 -1 18 54 -1 21 56 -1 28 59 1 60 90 1 63 92 1 70 95 -1
2 1 2 6 7 9 0 29 1 2 32 1 3 33 1 6 35 1 37 58 1 40 59 1 60 81 1 63 83 1 85 99 1
2 1 2 6 9 9 0 71 1 2 74 1 3 75 1 6 77 1 18 81 -1 21 83 -1 37 94 -1 40 95 -1 49 99 1
2 1 2 7 8 9 0 50 1 2 53 1 3 54 1 6 56 1 10 58 1 13 59 1 60 96 1 63 98 1 70 99 1
2 1 2 8 9 9 0 86 1 2 89 1 3 90 1 6 92 1 10 94 1 13 95 1 18 96 1 21 98 1 28 99 1
2 1 3 5 7 10 0 24 -1 1 25 1 2 26 -1 9 33 -1 10 34 1 11 35 -1 36 54 1 37 55 -1 38 56 1 45 59 -1
2 1 3 5 9 10 0 66 -1 1 67 1 2 68 -1 9 75 -1 10 76 1 11 77 -1 36 90 -1 37 91 1 38 92 -1 45 95 1
2 1 3 7 9 10 0 78 -1 1 79 1 2 80 -1 9 81 1 10 82 -1 11 83 1 36 96 -1 37 97 1 38 98 -1 45 99 -1
2 1 4 2 3 9 5 4 1 16 15 1 20 19 1 31 30 1 43 42 1 52 51 1 62 61 1 73 72 1 88 87 1
2 1 4 2 5 9 1 4 1 11 15 1 20 24 1 31 34 1 38 42 1 52 55 1 62 66 1 73 76 1 88 91 1
2 1 4 2 7 9 1 19 1 5 24 -1 11 30 -1 16 34 1 38 51 1 43 55 -1 62 78 1 73 82 -1 88 97 1
2 1 4 2 9 9 1 61 1 5 66 -1 11 72 -1 16 76 1 20 78 -1 31 82 1 38 87 -1 43 91 1 52 97 1
2 1 4 3 6 9 5 14 -1 6 15 1 20 29 1 21 30 -1 43 47 -1 52 58 1 62 71 1 63 72 -1 88 94 1
2 1 4 3 8 9 5 41 -1 6 42 1 16 47 1 20 50 -1 21 51 1 31 58 1 62 86 1 63 87 -1 73 94 -1
2 1 4 5 6 9 1 14 -1 2 15 1 20 33 1 21 34 -1 38 47 -1 52 59 1 62 75 1 63 76 -1 88 95 1
2 1 4 5 8 9 1 41 -1 2 42 1 11 47 1 20 54 -1 21 55 1 31 59 1 62 90 1 63 91 -1 73 95 -1
2 1 4 6 7 9 1 29 -1 2 30 1 5 33 1 6 34 -1 38 58 -1 43 59 1 62 81 1 63 82 -1 88 99 1
2 1 4 6 9 9 1 71 -1 2 72 1 5 75 1 6 76 -1 20 81 -1 21 82 1 38 94 1 43 95 -1 52 99 1
2 1 4 7 8 9 1 50 -1 2 51 1 5 54 1 6 55 -1 11 58 -1 16 59 1 62 96 1 63 97 -1 73 99 1
2 1 4 8 9 9 1 86 -1 2 87 1 5 90 1 6 91 -1 11 94 -1 16 95 1 20 96 1 21 97 -1 31 99 1
2 1 5 3 7 10 3 19 -1 5 22 1 6 23 -1 12 29 -1 13 30 1 16 32 -1 39 50 1 40 51 -1 43 53 1 46 58 -1
2 1 5 3 9 10 3 61 -1 5 64 1 6 65 -1 12 71 -1 13 72 1 16 74 -1 39 86 -1 40 87 1 43 89 -1 46 94 1
2 1 5 7 9 10 3 78 -1 5 79 -1 6 80 1 12 81 1 13 82 -1 16 83 -1 39 96 -1 40 97 1 43 98 1 46 99 -1
2 1 6 2 3 9 12 4 -1 16 8 1 27 19 1 31 23 -1 46 42 -1 57 51 1 69 61 1 73 65 -1 93 87 1
2 1 6 2 5 9 9 4 1 11 8 1 27 24 1 31 26 1 45 42 1 57 55 1 69 66 1 73 68 1 93 91 1
2 1 6 2 7 9 9 19 1 11 23 1 12 24 1 16 26 1 45 51 1 46 55 1 69 78 1 73 80 1 93 97 1
2 1 6 2 9 9 9 61 1 11 65 1 12 66 1 16 68 1 27 78 -1 31 80 -1 45 87 -1 46 91 -1 57 97 1
2 1 6 3 4 9 12 7 -1 13 8 1 27 22 1 28 23 -1 46 44 -1 57 53 1 69 64 1 70 65 -1 93 89 1
2 1 6 3 8 9 12 41 1 13 42 -1 16 44 1 27 50 -1 28 51 1 31 53 -1 69 86 1 70 87 -1 73 89 1
2 1 6 4 5 9 9 7 -1 10 8 1 27 25 1 28 26 -1 45 44 -1 57 56 1 69 67 1 70 68 -1 93 92 1
2 1 6 4 7 9 9 22 -1 10 23 1 12 25 1 13 26 -1 45 53 -1 46 56 1 69 79 1 70 80 -1 93 98 1
2 1 6 4 9 9 9 64 -1 10 65 1 12 67 1 13 68 -1 27 79 -1 28 80 1 45 89 1 46 92 -1 57 98 1
2 1 6 5 8 9 9 41 -1 10 42 1 11 44 1 27 54 -1 28 55 1 31 56 1 69 90 1 70 91 -1 73 92 -1
2 1 6 7 8 9 9 50 -1 10 51 1 11 53 1 12 54 -1 13 55 1 16 56 1 69 96 1 70 97 -1 73 98 -1
2 1 6 8 9 9 9 86 -1 10 87 1 11 89 1 12 90 -1 13 91 1 16 92 1 27 96 1 28 97 -1 31 98 -1
2 1 7 3 5 10 18 4 -1 20 7 1 21 8 -1 27 14 -1 28 15 1 31 17 -1 48 41 1 49 42 -1 52 44 1 57 47 -1
2 1 7 3 9 10 18 61 -1 20 64 1 21 65 -1 27 71 1 28 72 -1 31 74 1 48 86 -1 49 87 1 52 89 -1 57 94 -1
2 1 7 5 9 10 18 66 -1 20 67 -1 21 68 1 27 75 1 28 76 -1 31 77 -1 48 90 -1 49 91 1 52 92 1 57 95 -1
2 1 8 2 3 9 39 4 -1 43 8 1 46 15 1 48 19 -1 52 23 1 57 30 1 84 61 1 88 65 -1 93 72 -1
2 1 8 2 5 9 36 4 1 38 8 1 45 15 -1 48 24 -1 52 26 -1 57 34 1 84 66 1 88 68 1 93 76 -1
2 1 8 2 7 9 36 19 1 38 23 1 39 24 1 43 26 1 45 30 1 46 34 1 84 78 1 88 80 1 93 82 1
2 1 8 2 9 9 36 61 1 38 65 1 39 66 1 43 68 1 45 72 1 46 76 1 48 78 1 52 80 1 57 82 1
2 1 8 3 4 9 39 7 -1 40 8 1 46 17 1 48 22 -1 49 23 1 57 32 1 84 64 1 85 65 -1 93 74 -1
2 1 8 3 6 9 39 14 1 40 15 -1 43 17 1 48 29 -1 49 30 1 52 32 -1 84 71 1 85 72 -1 88 74 1
2 1 8 4 5 9 36 7 -1 37 8 1 45 17 1 48 25 -1 49 26 1 57 35 1 84 67 1 85 68 -1 93 77 -1
2 1 8 4 7 9 36 22 -1 37 23 1 39 25 1 40 26 -1 45 32 -1 46 35 1 84 79 1 85 80 -1 93 83 1
2 1 8 4 9 9 36 64 -1 37 65 1 39 67 1 40 68 -1 45 74 -1 46 77 1 48 79 1 49 80 -1 57 83 1
2 1 8 5 6 9 36 14 -1 37 15 1 38 17 1 48 33 -1 49 34 1 52 35 1 84 75 1 85 76 -1 88 77 -1
2 1 8 6 7 9 36 29 -1 37 30 1 38 32 1 39 33 -1 40 34 1 43 35 1 84 81 1 85 82 -1 88 83 -1
2 1 8 6 9 9 36 71 -1 37 72 1 38 74 1 39 75 -1 40 76 1 43 77 1 48 81 1 49 82 -1 52 83 -1
2 1 9 3 5 10 60 4 -1 62 7 1 63 8 -1 69 14 -1 70 15 1 73 17 -1 84 41 -1 85 42 1 88 44 -1 93 47 1
2 1 9 3 7 10 60 19 -1 62 22 1 63 23 -1 69 29 1 70 30 -1 73 32 1 84 50 -1 85 51 1 88 53 -1 93 58 -1
2 1 9 5 7 10 60 24 -1 62 25 -1 63 26 1 69 33 1 70 34 -1 73 35 -1 84 54 -1 85 55 1 88 56 1 93 59 -1
2 2 3 4 5 9 0 5 1 10 16 1 19 25 1 30 35 1 37 43 1 51 56 1 61 67 1 72 77 1 87 92 1
2 2 3 4 7 9 0 20 1 4 25 -1 10 31 -1 15 35 1 37 52 1 42 56 -1 61 79 1 72 83 -1 87 98 1
2 2 3 4 9 9 0 62 1 4 67 -1 10 73 -1 15 77 1 19 79 -1 30 83 1 37 88 -1 42 92 1 51 98 1
2 2 3 5 6 9 0 12 1 2 16 1 19 33 1 23 35 1 37 46 1 51 59 1 61 75 1 65 77 1 87 95 1
2 2 3 5 8 9 0 39 1 2 43 1 10 46 -1 19 54 -1 23 56 -1 30 59 1 61 90 1 65 92 1 72 95 -1
2 2 3 6 7 9 0 27 1 2 31 1 4 33 1 8 35 1 37 57 1 42 59 1 61 81 1 65 83 1 87 99 1
2 2 3 6 9 9 0 69 1 2 73 1 4 75 1 8 77 1 19 81 -1 23 83 -1 37 93 -1 42 95 -1 51 99 1
2 2 3 7 8 9 0 48 1 2 52 1 4 54 1 8 56 1 10 57 1 15 59 1 61 96 1 65 98 1 72 99 1
2 2 3 8 9 9 0 84 1 2 88 1 4 90 1 8 92 1 10 93 1 15 95 1 19 96 1 23 98 1 30 99 1
2 2 4 6 8 10 2 45 -1 6 46 1 8 47 -1 21 57 -1 23 58 1 26 59 -1 63 93 1 65 94 -1 68 95 1 80 99 -1
2 2 5 3 4 9 3 1 1 13 11 1 24 22 1 34 32 1 40 38 1 55 53 1 66 64 1 76 74 1 91 89 1
2 2 5 3 6 9 3 9 1 6 11 1 24 29 1 26 32 1 40 45 1 55 58 1 66 71 1 68 74 1 91 94 1
2 2 5 3 8 9 3 36 1 6 38 1 13 45 -1 24 50 -1 26 53 -1 34 58 1 66 86 1 68 89 1 76 94 -1
2 2 5 4 7 9 3 20 1 4 22 -1 13 31 -1 15 32 1 40 52 1 42 53 -1 66 79 1 76 83 -1 91 98 1
2 2 5 4 9 9 3 62 1 4 64 -1 13 73 -1 15 74 1 24 79 -1 34 83 1 40 88 -1 42 89 1 55 98 1
2 2 5 6 7 9 3 27 1 4 29 -1 6 31 -1 8 32 1 40 57 1 42 58 -1 66 81 1 68 83 -1 91 99 1
2 2 5 6 9 9 3 69 1 4 71 -1 6 73 -1 8 74 1 24 81 -1 26 83 1 40 93 -1 42 94 1 55 99 1
2 2 5 7 8 9 3 48 1 4 50 -1 6 52 -1 8 53 1 13 57 1 15 58 -1 66 96 1 68 98 -1 76 99 1
2 2 5 8 9 9 3 84 1 4 86 -1 6 88 -1 8 89 1 13 93 1 15 94 -1 24 96 1 26 98 -1 34 99 1
2 2 6 4 8 10 10 38 -1 13 43 1 15 44 -1 28 52 -1 30 53 1 34 56 -1 70 88 1 72 89 -1 76 92 1 82 98 -1
2 2 7 3 4 9 18 1 1 24 7 -1 28 11 -1 34 17 1 49 38 1 55 44 -1 78 64 1 82 74 -1 97 89 1
2 2 7 3 6 9 18 9 1 21 11 1 24 14 1 26 17 1 49 45 1 55 47 1 78 71 1 80 74 1 97 94 1
2 2 7 3 8 9 18 36 1 21 38 1 24 41 1 26 44 1 28 45 1 34 47 1 78 86 1 80 89 1 82 94 1
2 2 7 4 5 9 18 5 1 19 7 -1 28 16 -1 30 17 1 49 43 1 51 44 -1 78 67 1 82 77 -1 97 92 1
2 2 7 4 9 9 18 62 1 19 64 -1 24 67 1 28 73 1 30 74 -1 34 77 1 49 88 -1 51 89 1 55 92 -1
2 2 7 5 6 9 18 12 1 19 14 -1 21 16 -1 23 17 1 49 46 1 51 47 -1 78 75 1 80 77 -1 97 95 1
2 2 7 5 8 9 18 39 1 19 41 -1 21 43 -1 23 44 1 28 46 1 30 47 -1 78 90 1 80 92 -1 82 95 1
2 2 7 6 9 9 18 69 1 19 71 -1 21 73 -1 23 74 1 24 75 -1 26 77 1 49 93 -1 51 94 1 55 95 1
2 2 7 8 9 9 18 84 1 19 86 -1 21 88 -1 23 89 1 24 90 -1 26 92 1 28 93 -1 30 94 1 34 95 1
2 2 8 4 6 10 37 11 -1 40 16 1 42 17 -1 49 31 -1 51 32 1 55 35 -1 85 73 1 87 74 -1 91 77 1 97 83 -1
2 2 9 3 4 9 60 1 1 66 7 -1 70 11 -1 76 17 1 78 22 -1 82 32 1 85 38 -1 91 44 1 97 53 1
2 2 9 3 6 9 60 9 1 63 11 1 66 14 1 68 17 1 78 29 -1 80 32 -1 85 45 -1 91 47 -1 97 58 1
2 2 9 3 8 9 60 36 1 63 38 1 66 41 1 68 44 1 70 45 1 76 47 1 78 50 1 80 53 1 82 58 1
2 2 9 4 5 9 60 5 1 61 7 -1 70 16 -1 72 17 1 78 25 -1 82 35 1 85 43 -1 87 44 1 97 56 1
2 2 9 4 7 9 60 20 1 61 22 -1 66 25 1 70 31 1 72 32 -1 76 35 1 85 52 -1 87 53 1 91 56 -1
2 2 9 5 6 9 60 12 1 61 14 -1 63 16 -1 65 17 1 78 33 -1 80 35 1 85 46 -1 87 47 1 97 59 1
2 2 9 5 8 9 60 39 1 61 41 -1 63 43 -1 65 44 1 70 46 1 72 47 -1 78 54 1 80 56 -1 82 59 1
2 2 9 6 7 9 60 27 1 61 29 -1 63 31 -1 65 32 1 66 33 -1 68 35 1 85 57 -1 87 58 1 91 59 1
2 2 9 7 8 9 60 48 1 61 50 -1 63 52 -1 65 53 1 66 54 -1 68 56 1 70 57 -1 72 58 1 76 59 1
2 3 4 5 6 9 1 12 1 2 13 1 22 33 1 23 34 1 38 46 1 53 59 1 64 75 1 65 76 1 89 95 1
2 3 4 5 8 9 1 39 1 2 40 1 11 46 -1 22 54 -1 23 55 -1 32 59 1 64 90 1 65 91 1 74 95 -1
2 3 4 6 7 9 1 27 1 2 28 1 7 33 1 8 34 1 38 57 1 44 59 1 64 81 1 65 82 1 89 99 1
2 3 4 6 9 9 1 69 1 2 70 1 7 75 1 8 76 1 22 81 -1 23 82 -1 38 93 -1 44 95 -1 53 99 1
2 3 4 7 8 9 1 48 1 2 49 1 7 54 1 8 55 1 11 57 1 17 59 1 64 96 1 65 97 1 74 99 1
2 3 4 8 9 9 1 84 1 2 85 1 7 90 1 8 91 1 11 93 1 17 95 1 22 96 1 23 97 1 32 99 1
2 3 5 7 9 10 4 78 1 7 79 -1 8 80 -1 14 81 1 15 82 1 17 83 -1 41 96 -1 42 97 -1 44 98 1 47 99 -1
2 3 6 4 5 9 9 5 1 10 6 1 29 25 1 30 26 1 45 43 1 58 56 1 71 67 1 72 68 1 94 92 1
2 3 6 4 7 9 9 20 1 10 21 1 14 25 1 15 26 1 45 52 1 47 56 1 71 79 1 72 80 1 94 98 1
2 3 6 4 9 9 9 62 1 10 63 1 14 67 1 15 68 1 29 79 -1 30 80 -1 45 88 -1 47 92 -1 58 98 1
2 3 6 5 8 9 9 39 1 10 40 1 11 43 -1 29 54 -1 30 55 -1 32 56 1 71 90 1 72 91 1 74 92 -1
2 3 6 7 8 9 9 48 1 10 49 1 11 52 -1 14 54 -1 15 55 -1 17 56 1 71 96 1 72 97 1 74 98 -1
2 3 6 8 9 9 9 84 1 10 85 1 11 88 -1 14 90 -1 15 91 -1 17 92 1 29 96 1 30 97 1 32 98 -1
2 3 7 5 9 10 19 66 1 22 67 -1 23 68 -1 29 75 1 30 76 1 32 77 -1 50 90 -1 51 91 -1 53 92 1 58 95 -1
2 3 8 4 5 9 36 5 1 37 6 1 45 16 -1 50 25 -1 51 26 -1 58 35 1 86 67 1 87 68 1 94 77 -1
2 3 8 4 7 9 36 20 1 37 21 1 41 25 1 42 26 1 45 31 1 47 35 1 86 79 1 87 80 1 94 83 1
2 3 8 4 9 9 36 62 1 37 63 1 41 67 1 42 68 1 45 73 1 47 77 1 50 79 1 51 80 1 58 83 1
2 3 8 5 6 9 36 12 1 37 13 1 38 16 -1 50 33 -1 51 34 -1 53 35 1 86 75 1 87 76 1 89 77 -1
2 3 8 6 7 9 36 27 1 37 28 1 38 31 -1 41 33 -1 42 34 -1 44 35 1 86 81 1 87 82 1 89 83 -1
2 3 8 6 9 9 36 69 1 37 70 1 38 73 -1 41 75 -1 42 76 -1 44 77 1 50 81 1 51 82 1 53 83 -1
2 3 9 5 7 10 61 24 1 64 25 -1 65 26 -1 71 33 1 72 34 1 74 35 -1 86 54 -1 87 55 -1 89 56 1 94 59 -1
2 4 5 6 7 9 5 27 1 6 28 1 7 29 1 8 30 1 43 57 1 44 58 1 67 81 1 68 82 1 92 99 1
2 4 5 6 9 9 5 69 1 6 70 1 7 71 1 8 72 1 25 81 -1 26 82 -1 43 93 -1 44 94 -1 56 99 1
2 4 5 7 8 9 5 48 1 6 49 1 7 50 1 8 51 1 16 57 1 17 58 1 67 96 1 68 97 1 77 99 1
2 4 5 8 9 9 5 84 1 6 85 1 7 86 1 8 87 1 16 93 1 17 94 1 25 96 1 26 97 1 35 99 1
2 4 7 5 6 9 20 12 1 21 13 1 22 14 1 23 15 1 52 46 1 53 47 1 79 75 1 80 76 1 98 95 1
2 4 7 5 8 9 20 39 1 21 40 1 22 41 1 23 42 1 31 46 1 32 47 1 79 90 1 80 91 1 83 95 1
2 4 7 6 9 9 20 69 1 21 70 1 22 71 1 23 72 1 25 75 -1 26 76 -1 52 93 -1 53 94 -1 56 95 1
2 4 7 8 9 9 20 84 1 21 85 1 22 86 1 23 87 1 25 90 -1 26 91 -1 31 93 -1 32 94 -1 35 95 1
2 4 9 5 6 9 62 12 1 63 13 1 64 14 1 65 15 1 79 33 -1 80 34 -1 88 46 -1 89 47 -1 98 59 1
2 4 9 5 8 9 62 39 1 63 40 1 64 41 1 65 42 1 73 46 1 74 47 1 79 54 1 80 55 1 83 59 1
2 4 9 6 7 9 62 27 1 63 28 1 64 29 1 65 30 1 67 33 -1 68 34 -1 88 57 -1 89 58 -1 92 59 1
2 4 9 7 8 9 62 48 1 63 49 1 64 50 1 65 51 1 67 54 -1 68 55 -1 73 57 -1 74 58 -1 77 59 1
2 5 6 7 8 9 12 48 1 13 49 1 14 50 1 15 51 1 16 52 1 17 53 1 75 96 1 76 97 1 77 98 1
2 5 6 8 9 9 12 84 1 13 85 1 14 86 1 15 87 1 16 88 1 17 89 1 33 96 1 34 97 1 35 98 1
2 5 8 6 7 9 39 27 1 40 28 1 41 29 1 42 30 1 43 31 1 44 32 1 90 81 1 91 82 1 92 83 1
2 5 8 6 9 9 39 69 1 40 70 1 41 71 1 42 72 1 43 73 1 44 74 1 54 81 1 55 82 1 56 83 1
2 6 7 8 9 9 27 84 1 28 85 1 29 86 1 30 87 1 31 88 1 32 89 1 33 90 1 34 91 1 35 92 1
2 6 9 7 8 9 69 48 1 70 49 1 71 50 1 72 51 1 73 52 1 74 53 1 75 54 1 76 55 1 77 56 1
