786
4 38 52 62 67
4 18 26 29 33
4 18 21 27 30
4 10 25 42 57
4 15 33 50 68
4 4 7 14 17
4 3 21 39 60
4 59 60 63 71
4 11 29 51 66
4 58 64 68 71
4 9 54 60 69
4 5 8 16 31
4 7 28 42 60
4 36 39 43 49
4 10 25 46 64
4 0 6 10 13
4 8 14 15 18
4 1 19 37 55
4 27 42 51 54
4 58 61 67 70
4 6 24 42 57
4 35 41 44 47
4 38 39 45 53
4 35 41 47 62
4 4 17 64 68
4 1 34 38 59
4 6 23 41 57
4 9 55 58 69
4 4 9 12 16
4 6 24 46 64
4 12 33 48 69
4 11 32 48 66
4 1 30 51 70
4 13 23 26 34
4 44 54 68 69
4 49 58 64 70
4 54 57 63 69
4 6 9 12 18
4 30 34 40 45
4 36 42 45 51
4 5 6 9 17
4 12 33 50 68
4 0 6 9 12
4 4 12 16 63
4 49 55 58 61
4 3 21 46 61
4 10 28 43 61
4 15 19 52 69
4 44 50 51 54
4 2 20 37 55
4 11 32 50 65
4 1 7 13 58
4 8 18 29 30
4 22 25 32 35
4 9 54 57 69
4 16 34 37 55
4 20 24 35 45
4 12 16 58 63
4 12 30 51 66
4 1 4 9 12
4 38 42 45 53
4 4 17 61 65
4 54 60 63 66
4 2 21 42 59
4 44 49 55 59
4 3 24 39 60
4 40 46 49 52
4 19 27 30 40
4 54 57 61 67
4 44 47 48 54
4 7 29 50 64
4 10 28 42 60
4 6 20 41 57
4 40 43 47 53
4 41 42 45 53
4 7 11 17 58
4 1 4 10 13
4 6 10 18 31
4 8 23 29 53
4 42 45 48 54
4 27 30 34 40
4 36 62 65 69
4 20 26 29 53
4 12 19 52 69
4 2 3 17 63
4 0 8 29 30
4 14 32 51 69
4 0 21 30 45
4 13 22 25 34
4 57 60 66 69
4 19 30 40 45
4 3 6 12 15
4 10 14 58 71
4 17 58 61 68
4 13 18 21 25
4 15 34 52 69
4 22 35 43 47
4 6 21 39 57
4 4 7 11 17
4 14 28 43 68
4 0 26 29 30
4 3 12 18 63
4 17 59 60 63
4 23 24 27 53
4 4 61 68 71
4 35 38 44 50
4 1 5 26 31
4 4 49 55 61
4 14 29 50 68
4 19 22 27 33
4 3 20 38 60
4 1 30 48 55
4 27 42 48 54
4 56 60 63 71
4 22 35 46 50
4 11 12 18 26
4 1 12 58 63
4 11 28 46 68
4 7 25 43 64
4 27 36 42 51
4 15 30 51 69
4 18 26 32 33
4 17 44 56 65
4 3 10 13 18
4 59 62 65 71
4 2 20 37 70
4 5 20 37 55
4 1 4 7 13
4 14 29 47 65
4 1 7 10 16
4 5 21 42 59
4 16 34 37 70
4 2 24 42 59
4 6 21 43 64
4 17 56 60 63
4 3 21 39 57
4 22 27 37 51
4 2 8 14 71
4 14 32 48 69
4 10 29 50 64
4 18 24 27 30
4 7 28 42 57
4 20 26 29 35
4 22 28 31 34
4 5 13 16 26
4 8 23 32 53
4 28 32 35 40
4 9 56 60 71
4 20 26 32 53
4 11 32 47 68
4 22 37 46 49
4 6 23 41 60
4 2 20 52 55
4 1 5 8 31
4 2 16 26 31
4 9 17 56 60
4 18 24 28 31
4 0 24 30 45
4 1 19 41 59
4 58 64 67 70
4 12 34 37 69
4 23 24 27 35
4 7 13 16 58
4 16 34 52 55
4 1 33 51 55
4 17 56 62 68
4 7 32 50 64
4 13 19 22 25
4 47 48 54 62
4 37 43 46 52
4 27 37 40 51
4 4 55 64 67
4 13 19 25 40
4 15 30 48 66
4 5 20 52 55
4 2 8 11 17
4 0 3 10 31
4 36 42 45 48
4 41 44 49 52
4 4 22 40 58
4 11 29 50 65
4 11 32 51 69
4 36 49 60 64
4 1 30 48 70
4 10 25 43 64
4 4 64 68 71
4 54 62 65 66
4 11 28 43 68
4 36 62 68 69
4 36 57 63 66
4 20 23 29 32
4 14 28 46 65
4 4 61 67 70
4 18 21 30 45
4 38 41 47 50
4 0 8 11 12
4 14 29 51 66
4 3 9 12 18
4 6 9 15 18
4 6 24 43 64
4 5 20 37 70
4 3 24 39 57
4 5 8 14 71
4 15 33 48 69
4 6 20 38 57
4 2 8 16 31
4 12 34 52 69
4 20 26 32 35
4 2 20 41 59
4 49 59 62 70
4 39 43 49 54
4 10 28 42 57
4 7 25 39 60
4 36 47 51 62
4 4 63 66 70
4 4 49 64 70
4 1 7 31 58
4 22 43 47 53
4 14 32 47 65
4 55 58 61 67
4 11 25 43 65
4 22 27 30 34
4 16 19 37 55
4 6 21 39 60
4 2 20 52 70
4 22 35 43 50
4 55 58 64 67
4 10 25 39 60
4 56 62 65 71
4 12 30 47 68
4 16 34 52 70
4 5 8 11 17
4 1 33 51 70
4 40 43 52 67
4 12 30 50 65
4 22 37 43 67
4 17 35 53 71
4 9 56 57 71
4 1 34 38 56
4 59 62 68 71
4 14 25 46 65
4 27 40 48 52
4 3 10 18 31
4 9 36 57 69
4 5 20 52 70
4 6 24 39 60
4 7 25 46 61
4 19 22 25 31
4 27 36 42 48
4 13 28 34 40
4 14 32 50 68
4 8 20 31 34
4 2 23 37 55
4 9 12 16 58
4 22 25 32 53
4 1 33 48 55
4 3 9 15 18
4 37 40 45 48
4 35 41 50 62
4 6 21 46 61
4 49 54 57 64
4 23 24 45 53
4 1 15 58 63
4 7 28 43 64
4 2 11 17 26
4 22 27 37 48
4 4 10 13 16
4 3 23 41 60
4 5 20 41 59
4 22 46 49 52
4 37 40 46 49
4 5 23 37 55
4 36 49 57 64
4 6 23 38 60
4 14 15 18 26
4 38 44 49 52
4 9 55 58 66
4 23 26 31 34
4 37 41 44 49
4 15 33 47 65
4 28 31 34 40
4 2 21 42 56
4 17 44 59 68
4 4 9 55 69
4 9 17 56 57
4 10 32 50 64
4 54 57 63 66
4 7 29 47 61
4 56 62 68 71
4 27 38 39 53
4 58 63 66 70
4 2 6 17 63
4 54 57 64 67
4 2 11 26 71
4 16 19 37 70
4 2 5 11 14
4 19 33 40 45
4 27 37 40 48
4 38 49 52 62
4 36 44 68 69
4 11 29 51 69
4 0 24 27 33
4 10 32 47 64
4 0 3 12 63
4 15 33 51 66
4 19 23 26 31
4 21 24 30 33
4 13 18 24 28
4 19 27 33 40
4 47 51 54 62
4 5 11 26 71
4 9 58 66 70
4 2 23 41 56
4 40 43 50 53
4 17 58 64 68
4 22 37 45 51
4 41 47 53 62
4 16 19 52 55
4 16 19 41 56
4 36 44 47 51
4 6 20 38 60
4 2 23 37 70
4 39 45 51 54
4 0 21 33 45
4 11 32 48 69
4 8 19 23 31
4 1 33 48 70
4 9 59 60 71
4 5 11 17 26
4 4 64 67 70
4 55 61 64 70
4 22 43 52 67
4 0 6 9 15
4 4 10 14 71
4 27 35 41 42
4 7 25 39 57
4 35 38 42 45
4 0 21 27 33
4 3 21 46 64
4 49 55 58 64
4 1 5 8 13
4 1 19 37 70
4 11 32 50 68
4 14 32 51 66
4 10 28 43 64
4 15 30 47 68
4 36 60 63 66
4 9 36 60 66
4 5 23 37 70
4 2 14 17 26
4 5 21 42 56
4 44 49 59 70
4 0 24 33 45
4 2 24 42 56
4 7 16 31 58
4 2 23 41 59
4 2 23 52 55
4 5 6 17 63
4 17 58 61 65
4 1 4 9 15
4 40 45 48 52
4 10 25 39 57
4 36 60 64 67
4 41 44 47 53
4 37 40 43 67
4 16 19 41 59
4 12 30 51 69
4 3 24 46 61
4 4 55 63 66
4 54 60 63 69
4 12 33 47 65
4 0 3 15 63
4 14 29 50 65
4 7 28 39 60
4 41 49 52 62
4 5 24 42 56
4 1 19 52 55
4 2 3 9 71
4 1 19 41 56
4 59 62 67 70
4 6 24 39 57
4 5 23 52 55
4 18 24 30 45
4 0 6 10 31
4 40 46 52 67
4 44 54 65 66
4 11 25 46 68
4 37 40 45 51
4 18 21 27 33
4 2 21 39 56
4 3 7 13 18
4 25 29 35 40
4 12 33 51 66
4 39 46 49 54
4 13 22 28 34
4 2 8 14 17
4 35 40 43 47
4 17 59 62 65
4 35 40 46 50
4 16 19 52 70
4 3 23 41 57
4 36 39 46 67
4 39 42 48 51
4 4 10 16 31
4 35 41 44 50
4 4 49 55 64
4 27 35 38 42
4 6 23 38 57
4 7 28 46 61
4 13 19 28 40
4 5 24 42 59
4 27 35 38 39
4 10 29 47 61
4 17 44 56 68
4 11 29 48 66
4 22 43 50 53
4 14 25 43 65
4 12 30 48 66
4 8 23 31 34
4 44 56 65 71
4 2 20 41 56
4 8 13 19 23
4 18 26 29 30
4 2 21 39 59
4 17 56 62 65
4 2 23 52 70
4 50 51 54 62
4 18 21 33 45
4 16 34 41 56
4 10 28 39 60
4 36 44 65 66
4 41 50 53 62
4 7 32 47 61
4 0 21 25 31
4 25 29 40 53
4 8 18 29 33
4 16 30 51 55
4 17 56 57 63
4 0 11 12 26
4 35 38 39 45
4 0 3 9 15
4 1 4 10 31
4 1 19 52 70
4 7 11 58 71
4 36 42 46 67
4 22 37 45 48
4 5 23 52 70
4 8 13 23 34
4 5 21 39 56
4 19 22 33 45
4 28 32 40 53
4 5 8 14 17
4 15 19 37 66
4 3 21 42 60
4 22 30 34 45
4 36 44 47 48
4 0 13 24 28
4 3 7 18 31
4 8 13 20 34
4 22 25 31 34
4 15 30 48 69
4 38 44 47 53
4 3 21 43 61
4 5 14 17 26
4 20 21 27 53
4 16 34 41 59
4 10 28 46 61
4 7 14 17 58
4 0 8 29 33
4 10 16 31 58
4 4 9 66 70
4 5 23 41 59
4 44 47 51 54
4 1 4 12 63
4 44 49 56 70
4 27 36 39 51
4 42 46 49 54
4 41 44 52 67
4 13 18 21 28
4 55 58 63 66
4 56 62 67 70
4 2 3 63 71
4 54 62 65 69
4 0 26 29 33
4 0 8 11 15
4 22 28 32 53
4 35 38 47 62
4 5 20 41 56
4 5 16 26 31
4 36 57 63 69
4 5 21 39 59
4 16 19 38 59
4 4 7 13 16
4 2 24 39 59
4 3 24 43 61
4 27 41 42 53
4 20 24 27 53
4 14 29 51 69
4 12 19 37 66
4 39 43 54 67
4 40 46 50 53
4 7 28 39 57
4 1 19 38 56
4 14 29 48 66
4 6 15 18 63
4 16 34 38 56
4 0 13 21 25
4 23 26 29 53
4 8 26 44 62
4 15 34 37 66
4 0 6 12 63
4 5 24 39 59
4 16 30 51 70
4 14 32 50 65
4 9 54 60 66
4 7 28 43 61
4 3 24 42 60
4 15 33 50 65
4 10 25 46 61
4 2 23 38 59
4 44 56 68 71
4 19 25 31 40
4 27 39 51 54
4 18 24 27 33
4 35 38 44 47
4 36 57 61 67
4 36 39 43 67
4 20 21 27 35
4 11 29 47 68
4 25 32 40 53
4 6 12 18 63
4 22 37 43 49
4 14 25 46 68
4 16 30 48 55
4 2 6 9 71
4 2 20 38 56
4 25 32 35 40
4 8 20 32 53
4 23 24 35 45
4 6 24 46 61
4 1 19 38 59
4 12 33 48 66
4 15 30 50 68
4 16 34 38 59
4 18 21 25 31
4 5 23 38 59
4 22 28 32 35
4 54 62 68 69
4 19 22 28 31
4 7 25 46 64
4 1 10 31 58
4 0 26 32 33
4 0 11 15 26
4 17 44 59 65
4 36 39 45 51
4 20 24 27 35
4 10 14 17 58
4 13 19 22 28
4 5 20 38 56
4 6 10 13 18
4 15 19 52 66
4 8 18 32 33
4 10 32 47 61
4 4 7 14 71
4 6 21 46 64
4 12 33 50 65
4 23 26 29 35
4 1 34 37 55
4 10 28 39 57
4 38 47 53 62
4 2 8 13 16
4 9 54 57 66
4 3 23 38 57
4 18 24 33 45
4 0 6 15 63
4 58 61 65 71
4 2 20 38 59
4 15 33 47 68
4 27 39 48 54
4 37 41 49 62
4 8 11 12 18
4 0 8 32 33
4 0 3 7 31
4 19 25 28 34
4 5 8 13 16
4 38 44 52 67
4 7 29 50 61
4 3 21 42 57
4 56 59 65 68
4 7 29 47 64
4 56 57 63 71
4 4 10 14 17
4 3 20 41 60
4 5 20 38 59
4 1 10 13 58
4 1 4 15 63
4 8 20 32 35
4 12 19 52 66
4 36 62 65 66
4 5 6 9 71
4 44 59 65 71
4 15 33 51 69
4 16 30 48 70
4 3 15 18 63
4 15 34 52 66
4 15 30 47 65
4 27 36 39 48
4 2 13 16 26
4 1 5 13 26
4 4 17 61 68
4 44 56 67 70
4 36 47 48 62
4 14 28 43 65
4 0 3 10 13
4 36 44 50 51
4 49 58 61 70
4 54 60 64 67
4 23 26 32 53
4 2 3 9 17
4 1 9 12 58
4 22 27 48 52
4 0 14 15 26
4 7 25 43 61
4 15 30 51 66
4 0 13 21 28
4 38 50 53 62
4 20 21 45 53
4 11 28 46 65
4 13 20 26 34
4 1 34 37 70
4 40 43 49 52
4 2 6 63 71
4 36 60 63 69
4 16 33 51 55
4 6 21 43 61
4 9 27 45 63
4 9 36 60 69
4 11 25 46 65
4 14 32 48 66
4 10 29 50 61
4 20 21 35 45
4 13 19 23 26
4 3 24 42 57
4 4 7 11 71
4 20 24 45 53
4 37 40 43 49
4 12 33 47 68
4 41 44 50 53
4 7 25 42 60
4 44 59 68 71
4 3 24 46 64
4 4 55 63 69
4 22 37 46 67
4 1 34 52 55
4 11 32 47 65
4 1 34 41 56
4 4 7 16 31
4 12 34 37 66
4 13 31 49 67
4 20 26 31 34
4 25 31 34 40
4 6 21 42 60
4 7 32 50 61
4 14 29 47 68
4 0 21 28 31
4 39 45 48 54
4 44 54 65 69
4 11 15 18 26
4 55 59 62 67
4 10 25 42 60
4 36 39 45 48
4 22 46 52 67
4 39 46 54 67
4 23 26 32 35
4 35 41 42 45
4 17 59 62 68
4 8 20 29 53
4 12 33 51 69
4 11 32 51 66
4 2 14 26 71
4 22 25 29 53
4 5 23 41 56
4 36 50 51 62
4 10 25 43 61
4 36 39 46 49
4 16 33 48 55
4 8 23 29 35
4 3 23 38 60
4 6 24 42 60
4 49 55 59 62
4 14 25 43 68
4 0 8 14 15
4 0 3 9 12
4 11 28 43 65
4 1 34 41 59
4 7 28 46 64
4 38 44 50 53
4 16 19 38 56
4 5 6 63 71
4 2 24 39 56
4 5 14 26 71
4 19 22 30 45
4 6 24 43 61
4 10 29 47 64
4 11 29 48 69
4 15 33 48 66
4 12 30 48 69
4 12 34 52 66
4 16 33 51 70
4 49 54 60 64
4 11 29 50 68
4 3 20 41 57
4 35 38 50 62
4 2 8 11 71
4 5 24 39 56
4 0 24 27 30
4 19 28 31 40
4 1 9 15 58
4 0 18 36 54
4 22 43 49 52
4 22 45 48 52
4 36 44 65 69
4 7 32 47 64
4 58 61 68 71
4 14 28 46 68
4 1 34 52 70
4 36 42 46 49
4 2 23 38 56
4 8 11 15 18
4 42 45 51 54
4 0 24 28 31
4 27 38 42 53
4 8 20 29 35
4 36 57 64 67
4 4 61 65 71
4 1 4 7 31
4 22 25 29 35
4 44 55 59 67
4 12 30 47 65
4 6 20 41 60
4 10 13 16 58
4 15 19 37 69
4 9 36 57 66
4 8 23 32 35
4 22 46 50 53
4 4 55 61 67
4 41 52 62 67
4 5 23 38 56
4 0 21 27 30
4 14 32 47 68
4 16 33 48 70
4 11 25 43 68
4 1 30 51 55
4 3 21 43 64
4 0 3 7 13
4 42 46 54 67
4 10 28 46 64
4 37 41 62 67
4 49 56 62 70
4 49 54 57 61
4 35 40 43 50
4 55 58 63 69
4 18 21 28 31
4 7 14 58 71
4 12 30 50 68
4 36 49 57 61
4 2 6 9 17
4 19 22 27 30
4 13 25 34 40
4 3 24 43 64
4 7 25 42 57
4 37 40 46 67
4 11 29 47 65
4 5 8 11 71
4 9 17 59 60
4 12 19 37 69
4 3 20 38 57
4 4 9 55 66
4 44 59 67 70
4 10 32 50 61
4 37 41 44 67
4 14 29 48 69
4 4 49 61 70
4 15 30 50 65
4 15 34 37 69
4 6 21 42 57
