000222000000100011221112
000000000222221112100011
000000011100112221222000
000222011100111111221112
000222011100112221222222
011100000000222000112221
011100000222221112111111
011100000222222222112221
100011111111112221222000
100011221112000222000000
100011221112222222222000
111111100011222000112221
111111221112000222011100
112221222000000000011100
112221222222000222011100
112221222000100011111111
221112100011000000000222
221112100011222000222222
221112111111011100000222
222000112221011100000000
222222112221011100000222
222000112221111111100011
222222222000100011221112
222000222222221112100011
