000012000012000012000012
000012000012222012222012
000012011112011112000012
011112000012000012011112
011112011112011112011112
011112011112012222012222
012000012000012000012000
012000012000112011112011
012000012222012222012000
012222012000012000012222
012222012222011112011112
012222012222012222012222
100221100221100221100221
100221100221221100221100
100221221100100221221100
100221221100221100100221
112011112011012000012000
112011112011112011112011
112011222012222012112011
221100100221100221221100
221100100221221100100221
221100221100100221100221
221100221100221100221100
222012112011112011222012
222012222012000012000012
222012222012222012222012
