refinement (0.9977622657443209, 0.9886242176421736) (0.9963143863022091, 0.9886530056801663)
0 RR 8 RR [0.9963, 0.9887, 0.0] (160, 477) RR 14 1.475 OK
refinement (0.9969969652509363, 0.0029877302030892248) (0.9965257681169674, 0.002936200457480839)
1 RS 8 RS [0.9965, 0.0029, 0.0] (160, 464) RS 14 2.205 OK
refinement (0.05537465776679621, 0.4983410094337287) (0.05397639290156013, 0.4974049011595215)
2 SS 8 RS [0.054, 0.4974, 0.0001] (160, 480) SS 14 3.869 WRONG
refinement (0.9035104025681068, 0.9873396256325793) (0.9118663962912558, 0.985580404239449)
3 RR 6 RR [0.9119, 0.9856, 0.1981] (160, 473) RR 12 5.718 OK
refinement (0.12831848049889177, 0.9559203378172838) (0.16045534750775384, 0.982178078448468)
4 RS 6 RS [0.1605, 0.9822, 0.0067] (160, 479) SR 14 5.534 OK
refinement (0.004950185155423067, 0.001158351047006291) (0.005142499599864478, 0.0010538997354460618)
5 SS 6 SS [0.0051, 0.0011, 0.0202] (160, 468) SS 14 2.476 OK
refinement (0.5882787795630239, 0.3730149477980856) (0.5892949887742195, 0.3730149477980856)
6 RR 4 RS [0.5893, 0.373, 0.0456] (160, 480) RR 14 6.428 WRONG
refinement (0.14880933994465695, 0.1808986702140264) (0.19374142876351422, 0.2124119839315426)
7 RS 4 SS [0.1937, 0.2124, 0.9052] (160, 472) SS 12 6.544 WRONG
refinement (0.40057878088694954, 0.3354451894459769) (0.394354884220439, 0.3216459267292112)
8 SS 4 RS [0.3944, 0.3216, 0.0456] (160, 479) SS 14 3.93 WRONG
refinement (0.9972638977424889, 0.9991549923926932) (0.9972173203045857, 0.9991288759757142)
9 RR 8 RR [0.9972, 0.9991, 0.0] (111, 329) RR 14 0.779 OK
refinement (0.00893729947006373, 0.9989831085243525) (0.009715584470048414, 0.9990115237774627)
10 RS 8 RS [0.0097, 0.999, 0.0002] (160, 470) SR 14 1.75 OK
refinement (0.0305845450543402, 0.024259382764417886) (0.05581625109747097, 0.02627197335845118)
11 SS 8 SS [0.0558, 0.0263, 0.0028] (160, 472) SS 14 1.787 OK
refinement (0.9788913444687769, 0.8604789781739011) (0.9780552651752125, 0.8614470026575577)
12 RR 6 RR [0.9781, 0.8614, 0.2705] (160, 477) RR 12 2.627 OK
refinement (0.8356474188396658, 0.07894944271190765) (0.8484505581851259, 0.07475182081302181)
13 RS 6 RS [0.8485, 0.0748, 0.0017] (160, 476) RS 14 2.989 OK
refinement (0.32061328150989904, 0.274001388410208) (0.32851873998615777, 0.3094343927495724)
14 SS 6 SS [0.3285, 0.3094, 0.0216] (160, 478) SS 14 6.443 OK
refinement (0.9973319460666162, 0.9983977856933474) (0.9903318285241162, 0.9983929268708619)
15 RR 4 RR [0.9903, 0.9984, 0.0001] (128, 381) RR 14 1.175 OK
refinement (0.5971277022993137, 0.5000000000000349) (0.6004718374767739, 0.5000000000000009)
16 RS 4 RS [0.6005, 0.5, 0.0234] (136, 480) SR 14 4.029 OK
refinement (0.0439994335334092, 0.12389017724629595) (0.06167613472599871, 0.1159403002966261)
17 SS 4 SS [0.0617, 0.1159, 0.0318] (160, 479) SS 14 5.124 OK
refinement (0.995077168298769, 0.5290051877149893) (0.9937950780398415, 0.5282689434001039)
18 RR 8 RR [0.9938, 0.5283, 0.0095] (160, 480) RR 14 1.683 OK
refinement (0.9973218569529217, 0.3098330019004738) (0.9965015377442203, 0.3110219389727212)
19 RS 8 RS [0.9965, 0.311, 0.0] (160, 480) RS 14 1.079 OK
refinement (0.0028552628463408983, 0.09284203424886414) (0.003129312307093343, 0.11430820644478006)
20 SS 8 SS [0.0031, 0.1143, 0.9052] (160, 476) SS 12 4.73 OK
refinement (0.9986418527961816, 0.17698594403978618) (0.998624895511051, 0.2751001125733044)
21 RR 6 RS [0.9986, 0.2751, 0.0013] (160, 480) RR 14 1.943 WRONG
refinement (0.9910881788113263, 0.007576645627542621) (0.9910015890493616, 0.007548817355360637)
22 RS 6 RS [0.991, 0.0075, 0.0028] (160, 472) RS 14 1.177 OK
refinement (0.08888331348923621, 0.0008944292750962342) (0.07500796952647901, 0.00850877315341937)
23 SS 6 SS [0.075, 0.0085, 0.0013] (160, 475) SS 14 2.578 OK
refinement (0.012252787736197878, 0.9378228782574988) (0.07671017317179336, 0.9278159643420292)
24 RR 4 RS [0.0767, 0.9278, 0.0001] (160, 479) RR 14 3.701 WRONG
refinement (0.19813497507023162, 0.05805714065355428) (0.19704026102116798, 0.1324336763420677)
25 RS 4 SS [0.197, 0.1324, 0.0013] (160, 475) RS 14 4.601 WRONG
refinement (0.006144519506375573, 0.044149863111007485) (0.006355988423134305, 0.04298146076354981)
26 SS 4 SS [0.0064, 0.043, 0.35] (160, 479) SS 12 1.437 OK
refinement (0.9982757378075432, 0.9985845348485287) (0.9982773436219932, 0.9986555297857747)
27 RR 8 RR [0.9983, 0.9987, 0.0167] (129, 393) RR 14 1.259 OK
refinement (0.014064070055359645, 0.998634403176188) (0.017379625343185837, 0.9986163892643501)
28 RS 8 RS [0.0174, 0.9986, 0.0014] (160, 472) SR 14 1.418 OK
refinement (0.03385018015643175, 0.0017447732329039878) (0.033393467963469516, 0.0016490908454865436)
29 SS 8 SS [0.0334, 0.0016, 0.0] (160, 475) SS 14 1.4 OK
refinement (0.9482330808961604, 0.8703775695952128) (0.9457012926834588, 0.8373181640292536)
30 RR 6 RR [0.9457, 0.8373, 0.002] (160, 480) RR 14 5.693 OK
refinement (0.9068194210406525, 0.01379565154232494) (0.9020707830767788, 0.023303252504095824)
31 RS 6 RS [0.9021, 0.0233, 0.0067] (160, 476) RS 14 3.697 OK
refinement (0.41196359279992956, 0.008149245241239802) (0.41320141367066565, 0.007025180937980237)
32 SS 6 SS [0.4132, 0.007, 0.0105] (160, 473) SS 14 1.922 OK
refinement (0.9997731234827817, 0.8915702591007643) (0.9993805397794023, 0.8408838422235263)
33 RR 4 RR [0.9994, 0.8409, 0.5101] (160, 473) RR 12 4.596 OK
refinement (0.18047521344931347, 0.9472990986018249) (0.1765518772161015, 0.9521095135796976)
34 RS 4 RS [0.1766, 0.9521, 0.0002] (160, 475) SR 14 2.092 OK
refinement (0.03215352137093884, 0.002449696362959122) (0.03763574816176229, 0.030569332148033056)
35 SS 4 SS [0.0376, 0.0306, 0.002] (160, 477) SS 14 3.578 OK
refinement (0.9991462890949221, 0.9982564345502558) (0.9991298835609649, 0.9982684026844215)
36 RR 8 RR [0.9991, 0.9983, 0.0013] (127, 375) RR 14 1.279 OK
refinement (0.029991502692142992, 0.9988372103696597) (0.029512205048712287, 0.9988985671767854)
37 RS 8 RS [0.0295, 0.9989, 0.0202] (160, 469) SR 14 4.085 OK
refinement (0.0026713103279752855, 0.0004055508748209627) (0.0027249389154067652, 0.0004091225897032728)
38 SS 8 SS [0.0027, 0.0004, 0.0001] (152, 452) SS 14 0.882 OK
refinement (0.9325134893344821, 0.998697680367814) (0.8809581945149193, 0.9979802107740577)
39 RR 6 RR [0.881, 0.998, 0.0167] (160, 476) RR 14 2.468 OK
refinement (0.9919353804606709, 0.0025751592699212694) (0.9526309815484564, 0.0031658008235169073)
40 RS 6 RS [0.9526, 0.0032, 0.0028] (160, 471) RS 14 3.381 OK
refinement (0.0006121616615615182, 0.0013368173683684424) (0.0012331566191122116, 0.001665292601172472)
41 SS 6 SS [0.0012, 0.0017, 0.0001] (156, 461) SS 14 1.858 OK
refinement (0.993999406018157, 0.9988031621582675) (0.9930292410932836, 0.9870691651968944)
42 RR 4 RR [0.993, 0.9871, 0.0001] (160, 470) RR 14 2.443 OK
refinement (0.024391865000021988, 0.9976911628979079) (0.044141213128290134, 0.9767287081802929)
43 RS 4 RS [0.0441, 0.9767, 0.0002] (160, 478) SR 14 4.378 OK
refinement (0.16117320639949653, 0.11864230416292021) (0.15640073419130437, 0.11589163598649244)
44 SS 4 SS [0.1564, 0.1159, 0.0486] (160, 478) SS 14 6.65 OK
refinement (0.9973713124959206, 0.9981719846374634) (0.993676146094871, 0.9979978886548291)
45 RR 8 RR [0.9937, 0.998, 0.9037] (133, 390) RR 12 1.235 OK
refinement (0.7926520465942991, 0.008160818210931854) (0.7827629726131197, 0.00920147976255759)
46 RS 8 RS [0.7828, 0.0092, 0.0028] (160, 474) RS 14 1.369 OK
refinement (0.008672779338628608, 0.0028502876131756855) (0.023892050062432734, 0.009285320024445555)
47 SS 8 SS [0.0239, 0.0093, 0.0001] (160, 472) SS 14 2.121 OK
refinement (0.979052043897477, 0.9964148415582127) (0.9784805622384415, 0.996391676650043)
48 RR 6 RR [0.9785, 0.9964, 0.3877] (160, 479) RR 14 1.79 OK
refinement (0.9971984734412122, 0.952427523845034) (0.9794527598875278, 0.9292789573525392)
49 RS 6 RR [0.9795, 0.9293, 0.0] (160, 479) RS 14 2.003 WRONG
refinement (0.0003225425888401897, 0.001480596034204002) (0.002565958320698764, 0.008425776600579032)
50 SS 6 SS [0.0026, 0.0084, 0.0] (160, 474) SS 14 2.24 OK
refinement (0.9970227574616468, 0.3212692870275921) (0.9969146933690544, 0.35752352008500893)
51 RR 4 RS [0.9969, 0.3575, 0.0411] (160, 478) RR 14 5.38 WRONG
refinement (0.9976208691435999, 0.008814864591888266) (0.9922092569622658, 0.008685242089250358)
52 RS 4 RS [0.9922, 0.0087, 0.0011] (160, 477) RS 14 3.065 OK
refinement (0.004797140165038058, 0.5068261983359451) (0.012173907568286395, 0.5067972455480388)
53 SS 4 RS [0.0122, 0.5068, 0.0001] (160, 480) SS 14 2.193 WRONG
refinement (0.938724290734806, 0.9793670603515331) (0.9659877911536907, 0.9732959885336241)
54 RR 8 RR [0.966, 0.9733, 0.0411] (160, 478) RR 14 4.148 OK
refinement (0.9982364315641196, 0.19583896225345282) (0.9488999085583617, 0.19433656656237247)
55 RS 8 RS [0.9489, 0.1943, 0.0002] (160, 479) RS 14 1.906 OK
refinement (0.0020900844332539838, 0.0029329259429692767) (0.004299046355272779, 0.013497903731427776)
56 SS 8 SS [0.0043, 0.0135, 0.0167] (141, 416) SS 14 2.342 OK
refinement (0.9753309350439705, 0.9975944966366092) (0.9775798754537193, 0.9971407324787559)
57 RR 6 RR [0.9776, 0.9971, 0.0] (160, 469) RR 14 2.465 OK
refinement (0.9733520336718399, 0.18620044996652046) (0.9777471454254187, 0.18481176346342837)
58 RS 6 RS [0.9777, 0.1848, 0.0] (160, 480) RS 14 2.295 OK
refinement (0.009123287999425753, 0.08447531027819212) (0.009210627403720927, 0.07884285356407174)
59 SS 6 SS [0.0092, 0.0788, 0.0011] (160, 478) SS 14 2.053 OK
refinement (0.3788475778923306, 0.9266345271123675) (0.887311004225641, 0.9590552688075177)
60 RR 4 RR [0.8873, 0.9591, 0.8985] (160, 470) RR 12 3.592 OK
refinement (0.0035326727457948358, 0.9978800636068136) (0.005539953814781984, 0.9975750785757777)
61 RS 4 RS [0.0055, 0.9976, 0.005] (160, 472) SR 14 5.251 OK
refinement (0.407548962299785, 0.28048158348847124) (0.3762353227191305, 0.2780085787415729)
62 SS 4 SS [0.3762, 0.278, 0.0486] (160, 480) SS 14 4.369 OK
refinement (0.07383610086555095, 0.9975960619125368) (0.07247936253215215, 0.9978863290111875)
63 RR 8 RS [0.0725, 0.9979, 0.0001] (160, 474) RR 14 1.232 WRONG
refinement (0.9946449564603775, 0.9338870020920023) (0.9942056617430313, 0.9236121730713014)
64 RS 8 RR [0.9942, 0.9236, 0.4251] (160, 477) RR 12 2.885 WRONG
refinement (0.04659069932869434, 0.6605162145780622) (0.04809491906545642, 0.6112590020242228)
65 SS 8 RS [0.0481, 0.6113, 0.0002] (160, 475) SS 14 2.423 WRONG
refinement (0.029698368455232983, 0.48245242490867923) (0.025583900948442415, 0.48246397528780166)
66 RR 6 SS [0.0256, 0.4825, 0.0] (160, 480) RR 14 1.5 WRONG
refinement (0.9958489212591773, 0.009931412802750837) (0.9962828183149126, 0.009008570348626198)
67 RS 6 RS [0.9963, 0.009, 0.0] (160, 476) RS 14 2.912 OK
refinement (0.07738618911322116, 0.15670886474119236) (0.09906949809981391, 0.1469304800830107)
68 SS 6 SS [0.0991, 0.1469, 0.0002] (160, 477) SS 14 2.252 OK
refinement (0.9873874683228276, 0.997138104896877) (0.9851448237586381, 0.9954284795591507)
69 RR 4 RR [0.9851, 0.9954, 0.0028] (160, 470) RR 14 4.555 OK
refinement (0.33007128140416875, 0.987568801809427) (0.32009021197871473, 0.9807360169936038)
70 RS 4 RS [0.3201, 0.9807, 0.0486] (160, 473) RR 12 3.496 OK
refinement (0.46324752721549795, 0.5440820714822457) (0.462567146672901, 0.5440820714822457)
71 SS 4 RS [0.4626, 0.5441, 0.0028] (142, 425) SS 14 6.86 WRONG
refinement (0.9970112102502122, 0.997492834257399) (0.9967830827881734, 0.9970103698594819)
72 RR 8 RR [0.9968, 0.997, 0.0] (139, 412) RR 14 2.082 OK
refinement (0.9989134142243877, 0.0013091011686312535) (0.9988982477150573, 0.001889914405223863)
73 RS 8 RS [0.9989, 0.0019, 0.0] (136, 395) RS 14 0.968 OK
refinement (0.42352411123686456, 0.00021802950168887204) (0.4678451616473942, 0.00021727864178835703)
74 SS 8 SS [0.4678, 0.0002, 0.0001] (160, 461) SS 14 1.559 OK
refinement (0.8522563489375335, 0.9970101470213703) (0.8729203487322384, 0.9969342040076687)
75 RR 6 RR [0.8729, 0.9969, 0.0002] (160, 471) RR 14 1.413 OK
refinement (0.2668613772816191, 0.974070287062776) (0.2804544117861353, 0.9722804432731138)
76 RS 6 RS [0.2805, 0.9723, 0.0463] (160, 477) SR 14 2.635 OK
refinement (0.052754530754072014, 0.18805580857985127) (0.058952583445370785, 0.1909154914599095)
77 SS 6 SS [0.059, 0.1909, 0.0028] (160, 478) SS 14 4.354 OK
refinement (0.9665484314713554, 0.9622546486684033) (0.9688585782481489, 0.9589121245404715)
78 RR 4 RR [0.9689, 0.9589, 0.0002] (160, 477) RR 14 3.043 OK
refinement (0.4405127048362719, 0.8900975913057522) (0.427969803687941, 0.8900975913057522)
79 RS 4 RS [0.428, 0.8901, 0.0486] (151, 453) SR 14 6.883 OK
refinement (0.7265054127417465, 0.2811664648107172) (0.7326105127907712, 0.3305841984187534)
80 SS 4 RS [0.7326, 0.3306, 0.0011] (160, 478) SS 14 4.12 WRONG
refinement (0.9989561009529562, 0.9993711904186078) (0.9988967421868502, 0.9993207476682269)
81 RR 8 RR [0.9989, 0.9993, 0.5101] (121, 358) RR 14 1.226 OK
refinement (0.999212653763037, 0.0029347070562750167) (0.9990473900700584, 0.002882345280552194)
82 RS 8 RS [0.999, 0.0029, 0.0002] (160, 468) RS 14 1.822 OK
refinement (7.44540372413996e-07, 0.002058003377708334) (8.869262550161778e-05, 0.00215310922469387)
83 SS 8 SS [0.0001, 0.0022, 0.0001] (160, 467) SS 14 1.333 OK
refinement (0.9991565555806087, 0.9821920760197804) (0.9989309482411831, 0.9837825044660828)
84 RR 6 RR [0.9989, 0.9838, 0.0001] (160, 476) RR 14 2.191 OK
refinement (0.9970318295493943, 0.18129622358631386) (0.9963477970113509, 0.11401855018773675)
85 RS 6 RS [0.9963, 0.114, 0.0013] (160, 480) RS 14 2.967 OK
refinement (0.027207463501464586, 0.006230473150267347) (0.028004771902692252, 0.008221312939851146)
86 SS 6 SS [0.028, 0.0082, 0.0411] (160, 478) SS 14 2.997 OK
refinement (0.982663027513754, 0.04287569506512617) (0.9829831262227098, 0.03560083336028432)
87 RR 4 RS [0.983, 0.0356, 0.002] (160, 470) RR 14 4.744 WRONG
refinement (0.023613748744590775, 0.9629348068432431) (0.02136625244030897, 0.9580246133690263)
88 RS 4 RS [0.0214, 0.958, 0.0014] (160, 475) SR 14 5.352 OK
refinement (0.30198934194193117, 0.03767046350753535) (0.3044086676459162, 0.034893109094520994)
89 SS 4 SS [0.3044, 0.0349, 0.0028] (160, 478) SS 14 6.324 OK
TOTAL 73 90
