1285446274127
1586195508517
1756008710086
485525550623
2202352680139
2256880844490
2856690652347
39313408615
432447494767
1618494065717
2111292839286
1255222595102
1253735039239
1237371924746
1057377665329
2215869188463
2405562436050
1353759782783
2337644103737
606658127340
396382647308
1221780743669
885874673477
329336278087
484270682243
2188549127957
2105041770480
1186460838241
497355713777
2332484474835
549902209425
1180605366197
432945521287
1623972357443
2171554048272
1918095893953
2268484573160
2984331667717
1443364577685
184868470934
2033553180276
400086345992
1262521429192
1334022214229
2120530849636
1356840708953
2371534291606
979450193899
1358667002733
2391623523187
1200431741290
651035647308
884535366956
314603906356
322214593197
405932148453
1326825256267
2041364312063
486008795646
2207668375394
2315353492295
361461401485
1287227559718
1605789650015
1971544266567
2856416671918
36299623889
399295862789
1253826113960
1238373746681
1068397706607
2337089642522
600559053975
329292840290
483792866476
2183293154520
2047226062680
550488052437
2916940200093
702058433821
1445786018593
211504320922
2326547530145
484595817828
2192125619391
2144383176255
1619216301766
2119237435823
1342613157009
2215031220222
2396344785405
1252365625696
1222308375780
1411789727971
2975973500807
1351424741667
2311958651459
324118152282
426871298384
1557155905504
1436573076946
110161962803
1211781590841
775883992368
2257867162611
2867540151681
158657901285
1745236914139
367035795205
898965370544
473333945828
2068245027394
781696664295
2321806553806
432445078099
1618467482371
2111000422485
1252006010295
1218352606365
848165163135
3052960041044
2198276684282
2212044890062
2363495153643
1191927076771
557484337602
2993899336911
1548608938816
1342556443378
2214407370274
2389482435974
1176879781950
391964094574
1173176663595
351229792664
725099342590
1699236015049
2999454281944
1609713334177
2014704792342
192754078724
2120294865970
1354244888630
2342980268047
665355934753
1042058528844
2047358687125
551946921329
2932987757899
878581569686
249112136391
2740233500303
1896713112851
2033273981043
397015154434
1411789676444
2975972934002
1351418506822
2311890068163
323363736025
418572719558
1465871538419
432445039011
1618467052410
2110995692905
1251953984915
1217780327188
841870092192
2983714260673
1436573100194
110162218532
1211784403861
775914935593
2258207538082
2871284281858
199843333229
2198276665526
2212044683741
2363492884112
890994711471
385656696022
1103795279525
2726462944613
1745237000262
367036742563
898975791480
1287076110205
1604123705375
1953218875524
2654837370441
957355684365
1115627397854
2856616246237
38494941405
423444355457
1519459533307
1021912982778
1825757680402
1252764224105
1226692958272
939909034115
923714245109
745571566042
1924430473029
2338164942995
612387359178
459404197526
1915017796067
2234625496419
2611881823569
484844668773
2194862979787
2174494140610
1950436909671
2624235746055
620737816117
551259223847
1387240240755
2705929141425
1519365165189
1020874933478
1814339138097
1127160258744
2983477716027
1433971109095
81540316446
896943480908
451093159832
1823596381432
1228989935435
965175782902
1201648481765
664419792538
1031760964485
1934085479179
2444370010645
1780643103328
756503876290
2044685885758
522546106298
2609578792559
459511327663
1916196227577
2247588243021
2754472036184
2053337007536
617708445857
517936150987
600559053983
329292840374
483792867396
2183293164640
2047226173996
550489276915
2916953669347
702206595609
1447415798263
229431897294
2523750870241
2653832558892
946302757329
994045200465
1519212074954
1019190940897
1795815219711
923397156498
742083591315
1886062751024
1916120000940
775883992376
2257867162699
2867540152645
158657911891
1745237030807
367037078559
898979487428
473489231548
2069953170310
800486236365
2528491846580
2705983298621
1519960894349
1027427954235
1886422366425
1920075770355
2290263213585
85468335676
940151692438
926383486658
774933223077
1399419416865
2839900078636
2993045474507
1539216452372
1239239092490
1077916510506
2441796485406
1752334325702
445107322398
1757752169659
504703605930
2413311288516
1438997159917
136826875492
1505095630419
863910051004
87725430882
964979739708
1199492006628
640698566025
770827472839
2202245447790
2255701288649
2843715538093
3035015528543
2000887046770
40758877425
448347651677
1793395791729
896783448701
449332805550
1411789793112
2975974217356
1351432623706
2312045353887
325071878989
437362292162
1672556837063
2705983324095
1519961174566
1027431036621
1886456272671
1920448739058
2294365869314
130597548693
1436573035632
110161508354
1211776591895
775829003967
2257262290196
2860886555112
85468339023
940151729260
926383891699
774937678534
2247457710435
2753036177744
2037542564701
443969574673
1745236944684
367036131201
898969066492
1851352266515
1534304671345
1185209501196
483591006279
2181072692355
2022800978866
281812130483
3099933435315
2714984021263
1618968843413
2116515393942
1312670696318
1885664152615
1911735418448
2198519342605
2214714131611
2392856810678
1213997903691
800263433725
2526041017542
2679024179194
1223410580653
903802880301
526546553151
2653583707947
943565396933
963934236110
1187991467049
514192630665
2517690560603
2587169152873
1751188135965
432499235295
1619063211531
2117553443242
1324089238623
2011268117976
154950660693
1704457267625
3056888060274
2241484895812
2687335216888
1314831995288
1909438441285
2173252593818
1936779894955
2474008584182
2106667412235
1204342897541
694058366075
1357785273392
2381924500430
1093742490962
2615882270422
528849584161
2678917049057
1222232149143
890840133699
383956340536
1085091369184
2520719930863
2620492225733
1851200817002
1532638726705
1166884110153
282011704802
3102128752831
2739132513931
1884602262760
1900054630039
2070030670113
801338734198
2537869322737
2809135536346
2654635509324
955135212080
1091202202724
2587939099805
221474707373
2436221781111
1691012578457
2908996479426
614677506479
1726638648749
162454875913
1787003635053
826469725261
2814310224438
2711557078336
1581272471216
1701855299774
3028266413917
1926646785879
2362544384344
880561214021
270888224075
2979770464829
1393191345913
2771391298161
2239448889292
2664939145172
1068475206410
2337942140355
609936530140
1739008959855
298528298084
145382902213
1599211924348
1899189284230
2060511866214
696631891314
1386094051018
2693321054322
1380676207061
2633724770790
725117088204
1699431216803
3001601501228
1633332746301
2274518325716
3050702945838
2173448637012
1938936370092
2497729810695
2367600903881
936182928930
882727088071
294712838627
103412848177
1137541329950
3097669499295
2690080725043
1345032584991
2241644928019
2689095571170
1726638583608
162454159364
1786995753014
826383022833
2813356497731
2701066084558
1465871539657
432445052625
1618467202154
2110997340099
1251972104049
1217979637662
844062507406
3007830828027
1701855341088
3028266868366
1926651784825
2362599372753
881166086524
277541821608
3052960037697
2198276647460
2212044485021
2363490698186
890970666285
385392198976
1100885812019
2694458802047
1393191432036
2771392245519
2239459310228
1852982102593
1552232868203
1382419666634
2652902826097
936075696581
881547532230
281737724373
3099114968105
2705980881953
1519934311003
1027135537434
1883205781618
1884693337481
1901056451974
2081050711391
922559188257
732865940670
1784668593937
800784272983
2531770249380
2742045729412
1916647633051
2252553703243
2809092098633
2654157694477
949879248763
1033386606240
1951967538479
2641072662943
805943901885
2588526167295
1957823010523
2705482855433
1514456019277
966874328448
1220332482767
869943803560
154096709003
1695063799035
2953559905786
1104875196444
2738342030728
1875906947528
1804406162491
1017897527084
1781587667767
766894085114
2158978182821
1779761373987
746804853533
1937996635430
2487392729412
2253893009764
2823824470364
2816213783523
2732496228267
1811603120453
1097064064657
2652419581074
930760001326
823074884425
2776966975235
2537869322745
2809135536430
2654635510244
955135222200
1091202314040
2587940324283
221488176627
2436369942899
1692642358127
2926924055798
811880846575
2362544384352
880561214109
270888225039
2979770475435
1393191462581
2771392581515
2239463006176
2665094430892
1070183349326
2356731712425
816621822914
1946501299949
2580944039118
144529039809
1589819437904
1795871933342
924021006446
748945940746
1961548594770
2746464282146
1965251713125
2787198584056
2413329034130
1439192361671
138974094776
1528715042543
1123723584378
2945674297996
1018133510750
1784183488090
795448108673
2473072441967
2096369847876
1091069689595
2586481455391
205440618821
2259846807034
2889316240329
398194876417
1241715263869
1105154395677
2741413222286
1726638700276
162455442718
1787009869898
826538308557
2815064640695
2719855657162
1672556838301
2705983337709
1519961324310
1027432683815
1886474391805
1920648049532
2296558284528
154714116047
1701855276526
3028266158188
1926643972859
2362513441127
880220838638
267144094862
2938585043491
940151711194
926383692979
774935492608
2247433665249
2752771680698
2034633097195
411965432107
1393191376458
2771391634157
2239452585240
484345691677
2189374231733
2114117912024
1286298395221
1595568840551
1859115362460
1619698726737
2124544110506
1400986578522
2857138856859
44243658247
486680240719
2215054271189
2396598346036
1255154792629
1252989212043
1229167825590
967132574613
1223173190587
901191589575
497822355165
2337617530101
606365817344
393167237352
1186411234153
496810068809
2326482380187
483879168297
2184242474551
2057668583014
665355776115
406786797847
1336226399603
2144776888753
1623547139244
2166876648083
1866644491870
1702519150247
3035568769116
2006972693074
107700986770
1184710854472
478105892309
2120736438679
1359102188426
2396410565803
1253089210066
1230267803849
979232335463
1356270559937
2365262652425
910462162908
599798661828
320928526676
391785416722
1171211207223
329609772579
487279121653
2221641961471
2469062939134
2052265316714
605919846815
891678626700
393179763542
1186549022247
498325737843
2343154739552
667275121305
1063169580917
2279580259928
3106384222164
2785942676602
2399514052135
891019676309
385931309246
1106816024989
2759691144724
2110747201476
1249220579190
1187712864211
511127999442
2483979617141
2216348774787
2410837885612
403138959521
1296100178020
1703388451341
3045131081153
2112158125478
1264740743218
1358434668514
2389067846778
1172319300794
341798801853
621358443664
558086126863
3000519018779
1621425439362
2143537949387
1609918806219
2016964984804
217616195804
2393778153850
1224132678586
911745957563
613920403034
476267679935
2100516102565
1136678491169
3088178272704
2585677232541
196594167469
2162535842161
1818895626732
1177281633734
432445037740
1618467038420
2110995539020
1251952292180
1217761707103
841665271257
2981461230388
1411789767059
2975973930768
1351429471247
2312010676838
324690431450
433166369233
1626401684844
2198276649686
2212044509509
2363490967552
890973629311
385424792262
1101244338165
2698402589653
1436573095702
110162169124
1211783860372
775908957214
2258141775913
2870560897999
191886110780
2110747218587
1249220767412
1187714934656
484770865225
2194051140761
2165563911332
1852204387609
1543678003379
1288316153570
1617764182393
2103264122722
1166906712898
282260334995
3104863684947
2769216767215
2215529048885
2401820900692
1312602893845
1884918325419
1903531319292
2108274251889
1222018133735
888485964203
358060476073
800236860089
2525748707546
2675808769238
1188041071137
514738275633
2523692655251
2653192194001
939258743527
916561048644
666886404923
458657958735
1906809169371
2144330602761
1618637993332
2112876043053
1272637836540
1445302695063
206187762092
2268065383014
2979720576110
1392642570008
2765354763205
2173047004775
1934518415482
2449132309985
1833028396068
1332742096425
2106449553799
1201946454745
667697495313
1067815695010
2330687514950
530135650682
2693063780788
1377846198187
2602594673183
382686014529
1071117783107
2367010484024
929688310504
811286285383
891678626702
393179763564
1186549022487
498325740473
2343154768492
667275439653
1063173082747
2279618780060
3106807943620
2790603612612
2450784348251
891019676311
385931309258
1106816025123
2759691146192
2110747217632
1249220756914
1187714819175
511149504046
2484216167795
2218950831983
2439460514774
452873676165
1843182061104
1444432411823
196614646455
2162761111010
1821373584070
1204539164454
696217302118
1381533569862
2643155761601
828857987130
2840581104989
3000536764393
1621620641116
2145685168671
1633538218343
2276778518178
3075565062918
2446931924892
1808824160048
1066495500211
2316165372162
370392080021
935884503511
879444408467
258603362982
2844636992805
3045151530373
2112383066901
1267215098872
1385652580710
432445053896
1618467216144
2110997493984
1251973796784
1217998257747
844267328341
3010083858312
1726638674223
162455156130
1787006717439
826503631508
2814683193156
2715659734233
1626401686082
2198276663300
2212044659253
2363492614746
890991748445
385624102736
1103436753379
2722519157007
1701855336596
3028266818958
1926651241336
2362593394374
881100324355
276818437749
3045002815248
2110747200521
1249220568692
1187712748730
2653657511495
944377235959
972864465388
1286223989111
1594750373341
1850112223150
1520664194327
1035164253998
1971521663822
2856168041725
33564691773
369211609505
922899327835
736607476028
1825825482875
1253510051301
1234897057428
1030154124831
1916410242985
2249942412517
2780367900647
2338191516631
612679669174
462619607482
1950387305583
2623690101087
614735721469
485236182719
2199169633193
2221867328076
2471541971797
2679770417985
1231619207349
994097773959
1519790383388
1025552333667
1865790540180
1693125681657
2932240614628
870362993706
158707800610
1745785806712
373073613515
965381371945
1203909961238
689296066735
1305399980652
1805686280295
1031978822921
1936481921975
2470730881407
2070612681710
807740861770
2608292726038
445364595932
1760582178533
535833703537
2755742362191
2067310593613
771417892696
2208740066216
2327142091337
2246749750018
2745248613156
1951879354233
2640102636247
795273608228
2471152937067
2075255293973
858809596660
31620433100
347824764108
687644028469
2247408700409
2752497067462
2031612351597
378737230528
1027681159088
1889207619806
1950713557545
2627278872674
654212208925
919477544737
698967861946
2685554700555
1295246315616
1693995964897
2941813730265
975667265710
1317054792650
1933889212266
2442211074602
1756894806858
495272615119
2309570389590
297847271731
137891612327
1516807735604
992743208049
1504890158377
861649858542
62863313802
691496451828
1329604216672
2071932876509
822263004558
2768036296699
2202543873209
2258983968253
2879825013738
293791383915
93276846347
1026045309819
1871213277848
1752775796010
2705983322824
1519961160576
1027430882736
1886454579936
1920430118973
2294161048379
128344518408
1411789702497
2975973220590
1351421659281
2311924745212
323745183564
422768642487
1512026690638
940151713420
926383717467
774935761974
2247436628275
2752804273984
2034991623341
415909219713
1436573040124
110161557762
1211777135384
775834982346
2257328052365
2861609938971
93425561472
1027681176199
1889207808028
1950715627990
2654082685043
949054144987
1024310464696
1852129981499
1542859536169
1279313014260
1518729649983
1013884266214
1737441798198
281289519861
3094184718473
2651748136001
923374105531
741830030684
1883273584091
1885439164677
1909260551130
2171295802107
1915255186133
2237236787145
2640606021555
800810846619
2532062559376
2745261139368
1952017142567
2641618307911
811945996533
2654549208423
954185902169
1080759793706
2473072600605
2731641578873
1802201977117
993651487967
1514881237476
971551728637
1271783884850
1435909226473
102859607604
1131455683646
3030727389950
1953717522248
2660322484411
1017691938041
1779326188294
742017810917
1885339166654
1908160572871
2159196041257
1782157816783
773165724295
2227966213812
2538629714892
2817499850044
2746642959998
1967217169497
2808818604141
2651149255067
916786415249
669365437586
1086163060006
2532508529905
2246749750020
2745248613178
1951879354473
2640102638877
795273637168
2471153255415
2075258795803
858848116792
32044154556
352485700118
738914324585
2247408700411
2752497067474
2031612351731
378737231996
1027681175244
1889207797530
1950715512509
2627300377278
654448759579
922079601933
727590491108
2735289417199
1842328198700
1435039925379
93297295567
1026270251242
1873687633502
1779993708206
749360529942
1966109075926
2796629574867
2517069933056
2580342249857
137909357941
1517002937358
994890427333
1528509570501
1121463391916
2920812180916
744650222870
1914295698134
2226682419157
2524507973686
2662160696785
1037912274155
2001749885551
50250104016
552751144179
2941834209251
975892534559
1319532749988
1961146742986
2705983338980
1519961338300
1027432837700
1886476084540
1920666669617
2296763105463
156967146332
1726638609661
162454445952
1786998905473
826417699882
2813737945270
2705262007487
1512026691876
940151727034
926383867211
774937409168
2247454747409
2753003584458
2037184038555
440025787067
1701855281018
3028266207596
1926644516348
2362519419506
880286600807
267867478721
2946542265940
1027681158133
1889207609308
1950713442064
2967756204435
1261034481579
1317665790490
1940610188510
2516141813285
2570132932370
25606865591
281675521504
3098430736545
2698454334790
1437142292205
116423330659
1280656637255
1533509502925
1176462648574
387375627440
1122703525126
2934453646224
894706341257
426484623672
1552902483680
1389785436883
2733926298831
1827333896652
1270102602850
3019981940745
1835517580989
1360123130554
2407640929215
1376623207600
2589141776720
234704153441
2581745687854
153347175909
1686818935000
2862866401404
107246648239
1179713130635
423130930105
1516011854441
983988515250
1408588537588
2940760406594
964080705327
1189602628442
531915405980
2712641089068
1593196589259
1833020598252
1332656320450
2966316634000
1245199206794
1143477767854
24541939520
269961334728
2969574682017
1281037734985
1537701577957
1222575473930
894616706355
425498639751
1542056660545
1270481382390
1421581699407
3083685186596
2536253285356
2791359125152
2459094986192
1942617834350
2538225917531
2813058079074
2697783479328
1429762882121
35249819726
387748016990
2863284345722
111844035736
1230284393106
979414817286
1358277859988
2387342952994
1153345469174
133086654036
1463953194405
411343254851
1386347426644
2696108186207
1411334657790
2970967728814
1296361249749
1706260240358
3076720760342
2459644596553
1948663548315
2604728771148
406161092139
1329343636818
2069066498120
790732842276
2421204511598
3010750751868
1733974503342
243149276444
2674642040884
1175207059240
373564144761
970777215653
1263264242021
1342193155356
2210411202036
2345524585350
693343425091
1349920922559
2295416641269
142156040200
1563716442210
1508738980705
903986904154
528570815541
2675850594235
1188501146102
519799100248
2579361726010
127123595629
1398359551923
2863284794658
111848974032
1230338714352
980012350993
1364850730761
2459644531491
1948662832642
2604720898744
406074495700
1328391075982
2058588328927
675472981151
1153346039219
133092924529
1464022169829
412101984518
1394693452982
2787914475928
2421203844727
1525815278238
1091826177013
2594802816990
296975596407
128303183759
1411335021353
2967196390201
1254876525005
1249928268176
1195497443056
596758366741
287485280716
23909711155
263006822708
2893075049789
439541780474
1696531208499
2969701409885
1282431741529
1553035649939
1391250265728
2750039416134
2004578186988
81361419830
894975618137
429446669352
1585484986160
1748192964163
399552345475
1256647423514
1269408151776
2966806648651
1250589367955
1202769540630
676751440051
1167409087126
287786451506
27222589845
299448488298
155504994563
1710554940194
3123962458530
2979303276625
1388052275669
2714861525479
1617621389783
2101693404012
1149628807094
92203371160
1014237082767
1741322780282
323980322784
425355173912
1540478536321
1253122015934
1230628668396
1537701577955
1222575473902
894616706039
425498636267
1542056622221
1270480960836
1421577062321
3083634178654
2535692197984
2785187164062
2391203414194
1195810542370
600202459189
325370297646
440644897392
1708665494599
3103178556994
2750680359730
133086654034
1463953194375
411343254529
1386347423104
2696108147263
1411334229412
2970963016650
1296309415945
1705690068518
3070448870094
2390653803833
1189764828405
533699605572
2732267284581
1809084739902
1069361878600
2347695534444
717223865122
2957175232910
1144643794804
37368235962
411050595582
1383128174686
2660696414667
1021805170855
1824571749243
1239718981348
1083195287948
2499863037274
2391066396255
1194303345047
583623288637
142999421566
1572993637236
1610788126001
2026527502410
322803889463
412414407377
1398130104430
2825717641856
2837038669934
2961569978793
1192985999519
2863284366280
111844261874
1230286880614
979442179875
1358578848463
2390653826213
1189765074584
533702313542
2732297072246
1809412404224
1072966186139
2387342917375
1153345077367
133082344157
1463905785737
410821759506
1380610977850
2633007249476
717224353755
1612611137864
2046580632909
543388324952
2838843197755
2981419784823
1411333865849
171231986519
1883551851715
1888500108544
1942930933664
2541670009979
2850943096004
3114518665565
2875421554012
245353326931
2698886596246
1441897168221
168726966835
1855996635191
1585392726781
1747178110992
388388960586
1133850189732
3057066956890
2243452758583
2708981707368
1552943390560
1390235412557
2738876031245
1881780953206
1869020224944
171621728069
1887839008765
1935658836090
2461676936669
1971019289594
2850641925214
3111205786875
2838979888422
2982923382157
1427873436526
14465918190
159125100095
1750376101051
423566851241
1520806986937
1036734972708
1988799569626
3046225005560
2124191293953
1397105596438
2814448053936
2713073202808
1597949840399
1885306360786
1907799708324
172111742720
1893229169926
1994950608866
3113886437200
2868467041992
168853694703
1857390641735
1600726798765
1915852902818
2243811670681
2712929740453
1596371754499
1867947415884
1716851314399
54794198066
602736178736
353241212658
747224962526
275144030998
3026584340984
1908143983614
2159013559434
1780150516732
751085423726
1985082907546
3005341722686
1674475182345
2727085122191
1752080953616
442320229457
1727094147308
167465360070
1842118960775
1432738308202
67979506626
747774572887
181253143810
1993784581916
3101060140758
2727377781138
1755300202034
477731962053
2116623205865
1313856627477
1898709395372
2055233088772
638565339446
747361980465
1944125031673
2554805088083
2995428955154
1565434739484
1527640250719
1111900874310
2815624487257
2726013969343
1740298272290
312710734864
301389706786
176858397927
1945442377201
275144010440
3026584114846
1908141496106
2158986196845
1779849528257
747774550507
1948663302136
2604726063178
406131304474
1329015972496
2065462190581
751085459345
1985083299353
3005346032563
1674522590983
2727606617214
1757817398870
505421127244
2421204022965
1525817238856
1091847743811
2595040051768
299585178965
157008591897
1727094510871
170672172285
1877393895141
1820762586230
1197818188210
622286563435
568295444350
3112821511129
2856752855216
39997640175
439974041930
1701286084515
3022005046061
1857771739465
1604918873795
1961965728146
2751052749280
2015724851594
203974730496
2243722035463
2711943753048
1585525893040
1748642939837
404502077889
1311094480068
1868325773870
118446435975
1302910795731
1778305246166
730787447505
1761805169120
549286600000
2903724223279
556682688866
2985081200811
1451609441720
275561975316
3031181728481
1958715246085
2715297446615
1622416522279
2154439861470
1729839839132
197667970126
2174347671393
1948825748278
2606512970740
425787287652
1545231787461
1305407778468
1805772056270
1600726798763
1915852902790
2243811670365
2712929736969
1596371716175
1867946994330
1716846677313
54743190124
602175091364
347069251568
679333390528
3005341722684
1674475182315
2727085121869
1752080950076
442320190513
1727093718930
167460647906
1842067126971
1432168136362
61707616378
678783780167
127677624852
1404453873378
2895279100276
463786335836
1963221317480
2764864231959
2167651161067
1875164134699
1796235221364
928017174684
792903791370
2445084951629
1788507454161
843011735451
2996272336520
1574711934510
1629689396015
2234441472566
2609857561179
462577782485
1949927230618
2618629276472
559066650710
3011304781091
1740068824797
275143582062
3026579402688
1908089662368
2158416025727
1773577645959
678783845229
1189765544078
533707477976
2732353881020
1810037300738
1079840047793
2462955395569
1985082337501
3005335452191
1674406206891
2726326392202
1743734923738
350513900792
717224531993
1612613098482
2046602199707
543625559730
2841452780313
3010125192961
1727093355367
1942821096105
2540461796830
2837652751365
2968324874536
1267289852690
1386474872711
2697510092941
1426755631866
2170066930
23870736236
262578098599
2888359084590
387666163285
1125899419421
2969608483469
1281409550952
1541791553592
1267565205911
1389503758147
2730827832735
1793250769596
895188205234
431785127419
1611208024897
2031146390270
1991149213635
3072071089660
2408498219054
1386053395829
2692873847240
1375756929161
2579612713891
129884462316
1428729085479
23878056673
262658623404
2889244857450
397409664745
1233077935481
1010143783411
1696296487359
2967119477348
1254030483621
1240621812957
1093126435645
2609105661940
454306890851
1858947422649
1617851388817
2104223393390
1126799810179
2979512781810
1390356832704
2740211652860
1896472790971
2030630440365
367936206972
908869899976
582283769577
128264711908
1410911830989
1525822613820
1091906868415
2595690422406
306739255980
235703439063
2592737829701
274260736226
3016868098486
1801265316141
983348217226
1401545259327
1992493070268
3086853512630
2571104871724
36298198480
399280183280
1253653639362
1236476526103
1047528280258
2107525952676
1213786842390
797941759410
2500502600068
2398101586989
1271690443120
1434881367440
91553158235
1007084740595
1662647016392
2596975296711
320872873338
391173230002
1164477153304
255535179470
2810886974174
2673901325433
1948663797858
2604731516120
406191286836
1329675778478
2072720056383
830921983167
2863285061395
111851908139
1230370989529
980367377940
1368756027178
2502602792078
2421203699099
1525813676330
1091808556025
2594608986122
294843456859
104849648731
1153346136045
133093989615
1464033885775
412230859924
1396111082448
2803508400054
2592737010113
1940720026069
2517350026434
2583423277009
171800656620
1889807222826
1957309190765
2699830838095
1452283828560
282980230564
3112782536210
2856324131107
35281674976
388098424741
1130654295437
3021912119645
1856749548888
1593674777448
1838280668329
1390517091293
2741974497341
1915864080262
2243934622560
2714282211115
1611248931777
2031596365944
1732207376119
223710876984
2460819646830
1961589101365
2746909854694
1970153011155
2841112862385
3006386095750
1685963286047
2853454262921
3713124930
40844374236
449288116601
1803740905897
1010579704547
1701091619855
3019865934806
1834241515659
1346086411923
2253237024271
2816608629936
2736839538807
1859379536389
1622604639957
2156509155924
1126799810169
2979512781702
1390356831518
2740211639824
1896472647585
2030628863109
367918857158
908679052022
580184442085
105172109500
1156893204509
1525822613810
1091906868315
2595690421308
306739243906
235703306251
2592736368763
274244665910
3016691325020
1799320808015
961958627848
1166259776171
1735266014990
257355904572
2830914950298
2894209062794
452015923534
1833746782156
1340644343395
2193374270470
2158118338132
1770303082406
642763646146
793543354164
2452120142363
1865894552234
1694269814254
2944826073189
1008803037869
1681548286406
2804889266867
2607926545054
441336605110
1716274279492
48446814086
532914954950
2723636127731
1948662336920
2604715445802
406014513338
1327731270000
2051330463125
595636457329
275144277177
3026587048953
1908173771283
2159341223792
1783754824674
790732811094
2421204168593
1525818840764
1091865364799
2595233882636
301717318513
180462126925
1985083396179
3005347097649
1674534306929
2727735492620
1759235028336
521015051370
2592737188351
1197708350651
621078350286
555005099711
2966627720100
1248621153894
1181119185955
438597538625
1686144548160
2855448146156
25645840510
282104245613
3103146701744
2750329951979
2007774081283
116516257075
1281678827832
1544753599272
1300147708391
1747911285427
396453879379
1222564296458
894493754160
424146165605
1527179444943
1106832010776
1406221000601
2914717499736
677608729890
1176839275355
391518522026
1168275365565
297315514335
132042280970
1452465090673
284974113799
3134715251790
3097584002484
2689140260119
1334687470823
2127848672173
1437336756865
118562441914
1304186861061
1792341964797
885191352449
321819746784
401588837913
1279048840331
1515823736763
981919220796
2011628566551
158915595018
1748071545202
398216736896
1241955729135
1107799513611
2770509519562
2229749324698
2558243934635
3033256267220
1981535172211
1612605762910
2046521508405
542737955412
2831689132814
2902725070469
545692007957
2864183710810
121737051700
1339107568705
2176469748872
1972168600549
1403162361730
2881072472148
307513426422
244219313926
2686412453186
1304681594564
1797784033325
945054106250
980310038588
1368125294314
2495664730574
2344885022556
686308234357
1272533824486
1444158562466
193602303531
2129625338851
1456880090314
333539109853
530501831666
2697091771610
1422154097228
3089981562634
2605513421770
414792248989
1189766039800
533712930918
2732413863382
1810697106720
1087097913595
2542791919391
2863284099543
111841327767
1230254605437
979087152928
1354673552046
2347695565626
717224208127
1612609535956
2046563011921
543194494084
2836711058207
2957966249795
1153344980541
133081279071
1463894069791
410692884100
1379193348384
2617413325350
545691188369
1195607280615
597966579890
300775625355
170103502184
1871138524030
1751953504009
440918283779
1711672744854
3136258309790
3114557640484
2875850278121
250069292130
2750762213435
2012528957299
168819893251
1857018825768
1596636823128
1870863170809
1748924618573
407600543985
1345177607124
2243240171486
2706643249301
1527220351823
1107281986450
1147279163085
66357287060
729930157666
1752374980891
445554529480
1762671447559
558815662829
3008543914404
1709699291241
3114550320047
2875769753316
249183519270
2741018711975
1905350441239
2128284593309
1442131889361
171308899372
1884397893099
1897806563763
2045301941075
529322714780
2684121485869
1279480954071
1520576987903
1034204983330
2011628566541
158915594910
1748071544016
398216723860
1241955585749
1107797936355
2770492169748
2229558476744
2556144607143
3010163664812
1727516545731
1612605762900
2046521508305
542737954314
2831689120740
2902724937657
545690547019
2864167640494
121560278234
1337163060579
2155080159494
1736883117393
1145935306452
51574864090
567323504996
3102130178240
2739148193440
1884774737358
1901951850617
2090900096462
1030902424044
1924641534330
2340486617310
637925776652
740326789731
1866737933600
1703547009280
3046875218485
2131343636125
1475781360328
541453080009
2817555503382
2747255146718
1973951223416
2882893197250
327541402546
464527051287
1189764578862
533696860600
2732237089884
1808752598242
1065708320337
2307506393553
275143315325
3026576468581
1908057387191
2158060998780
1769672349542
635825584642
717224677621
1612614700390
2046619820695
543819390598
2843584919861
3033578727989
1985082240675
3005334387105
1674394490945
2726197516796
1742317294272
334919976666
545691366607