1.933118227341e-04
1.933118227341e-04
2.532920021332e-04
1.933118227341e-04
4.000053335690e-05
1.333386669981e-05
7.999786662847e-05
2.666191141094e-04
4.000053335690e-05
4.131956678708e-04
4.065341107801e-04
2.199688903109e-04
5.333333333315e-05
5.999959998735e-05
2.000066670512e-05
2.000066670512e-05
6.666977798497e-06
6.666977798497e-06
6.666977798497e-06
6.666977798497e-06
6.666977798497e-06
2.000066670512e-05
2.000066670512e-05
2.000066670512e-05
2.000066670512e-05
4.666697779006e-05
6.666977798497e-06
2.599556025473e-04
2.666737781562e-05
2.666737781562e-05
2.666737781562e-05
2.666737781562e-05
2.666737781562e-05
2.266367119312e-04
2.666737781562e-05
1.933118227341e-04
4.864673777686e-04
6.000004444969e-05
1.333386669981e-05
2.666737781562e-05
8.666422217760e-05
6.000004444969e-05
3.599007239482e-04
6.666977798497e-06
6.666977798497e-06
6.000004444969e-05
2.000066670512e-05
6.666977798497e-06
6.666977798497e-06
2.000066670512e-05
2.666737781562e-05
9.333004439921e-05
7.999831107303e-05
1.333386669981e-05
6.666977798497e-06
6.666977798497e-06
6.666977798497e-06
2.000066670512e-05
6.000004444969e-05
2.000066670512e-05
6.666977798497e-06
2.666737781562e-05
2.399645347436e-04
2.000066670512e-05
1.666486672678e-04
5.397492652840e-04
6.666977798497e-06
6.666977798497e-06
6.000004444969e-05
2.000066670512e-05
6.666977798497e-06
1.333386669981e-05
6.666977798497e-06
5.333377780142e-05
8.666422217760e-05
6.666977798497e-06
2.000066670512e-05
6.666977798497e-06
6.666977798497e-06
6.666977798497e-06
3.333400003248e-05
2.000066670512e-05
2.000066670512e-05
6.666977798497e-06
3.732249929115e-04
6.666977798497e-06
6.666977798497e-06
7.333231108431e-05
6.666977798497e-06
6.666977798497e-06
2.000066670512e-05
6.666977798497e-06
6.666977798497e-06
1.333386669981e-05
6.666977798497e-06
2.666737781562e-05
2.000066670512e-05
2.000066670512e-05
2.266367119312e-04
2.000066670512e-05
6.666622221026e-05
8.666422217760e-05
6.000004444969e-05
2.666737781562e-05
2.266367119312e-04
5.464090460897e-04
2.666737781562e-05
6.000004444969e-05
1.333386669981e-05
6.666977798497e-06
6.666977798497e-06
6.666977798497e-06
1.333386669981e-05
2.000066670512e-05
6.000004444969e-05
1.333386669981e-05
6.666977798497e-06
6.666977798497e-06
6.666977798497e-06
2.000066670512e-05
2.000066670512e-05
1.333386669981e-05
2.000066670512e-05
6.666977798497e-06
3.732249929115e-04
1.799780898254e-04
8.666422217760e-05
6.666977798497e-06
1.333386669981e-05
2.000066670512e-05
6.666977798497e-06
2.000066670512e-05
4.000053335690e-05
2.000066670512e-05
6.666977798497e-06
6.666977798497e-06
2.000066670512e-05
6.666977798497e-06
1.333386669981e-05
6.666977798497e-06
6.666977798497e-06
2.399645347436e-04
4.398414521211e-04
1.333386669981e-05
6.666977798497e-06
3.333400003248e-05
2.000066670512e-05
2.666737781562e-05
2.666737781562e-05
3.599007239482e-04
4.398414521211e-04
6.000004444969e-05
6.666977798497e-06
8.666422217760e-05
6.000004444969e-05
6.666977798497e-06
6.000004444969e-05
2.000066670512e-05
6.666977798497e-06
6.666977798497e-06
2.666737781562e-05
7.333231108431e-05
6.000004444969e-05
2.666737781562e-05
2.000066670512e-05
6.666977798497e-06
6.000004444969e-05
2.666737781562e-05
2.599556025473e-04
1.799780898254e-04
5.464090460897e-04
6.666977798497e-06
6.666977798497e-06
7.999831107303e-05
2.000066670512e-05
6.000004444969e-05
8.666422217760e-05
6.666977798497e-06
2.000066670512e-05
6.666977798497e-06
6.666977798497e-06
4.666697779006e-05
6.666977798497e-06
6.666977798497e-06
9.333004439921e-05
1.333386669981e-05
1.333386669981e-05
2.000066670512e-05
4.000053335690e-05
2.532920021332e-04
8.666422217760e-05
6.666622221026e-05
5.333377780142e-05
2.666737781562e-05
2.266367119312e-04
5.397492652840e-04
2.666737781562e-05
6.000004444969e-05
2.666737781562e-05
2.000066670512e-05
6.000004444969e-05
2.666737781562e-05
5.333333333315e-05
6.666977798497e-06
1.666486672678e-04
8.666422217760e-05
4.000053335690e-05
2.666737781562e-05
5.999959998735e-05
2.666191141094e-04
4.864673777686e-04
7.999786662847e-05
1.266620443401e-04
1.533226666665e-04
1.266620443401e-04
2.732825368204e-04
2.799458706817e-04
1.266620443401e-04
1.266620443401e-04
