9.612952944310e-03
9.612952944310e-03
1.256360000000e-02
9.612952944310e-03
9.612952944310e-03
1.256360000000e-02
9.612952944310e-03
1.516326080000e-02
2.666666666667e-03
2.415763594391e-02
1.353081386667e-02
9.612952944310e-03
3.994661916419e-03
1.516326080000e-02
2.666666666667e-03
1.353081386667e-02
9.612952944310e-03
5.319111111111e-03
2.666666666667e-03
1.516326080000e-02
2.666666666667e-03
2.288362465698e-02
1.353081386667e-02
5.319111111111e-03
2.666666666667e-03
1.516326080000e-02
9.612952944310e-03
2.666666666667e-03
1.516326080000e-02
2.666666666667e-03
2.542824532548e-02
1.353081386667e-02
9.612952944310e-03
5.319111111111e-03
2.666666666667e-03
1.516326080000e-02
2.666666666667e-03
1.353081386667e-02
9.612952944310e-03
5.319111111111e-03
2.666666666667e-03
1.516326080000e-02
2.666666666667e-03
2.288362465698e-02
1.353081386667e-02
5.319111111111e-03
2.666666666667e-03
1.516326080000e-02
2.666666666667e-03
1.256360000000e-02
2.666666666667e-03
1.092240000000e-02
3.994661916419e-03
2.666666666667e-03
1.256360000000e-02
2.666666666667e-03
9.929090228068e-03
5.982222222222e-03
1.516326080000e-02
2.666666666667e-03
2.094362321405e-02
1.384442542729e-02
5.982222222222e-03
2.666666666667e-03
1.516326080000e-02
2.666666666667e-03
2.222281475441e-02
9.929090228068e-03
2.666666666667e-03
1.256360000000e-02
2.666666666667e-03
7.301364170310e-03
5.982222222222e-03
1.256360000000e-02
1.384442542729e-02
5.982222222222e-03
5.319111111111e-03
2.666666666667e-03
1.516326080000e-02
2.666666666667e-03
1.384442542729e-02
5.982222222222e-03
5.319111111111e-03
2.666666666667e-03
1.516326080000e-02
2.666666666667e-03
9.929090228068e-03
5.982222222222e-03
3.994661916419e-03
1.516326080000e-02
2.666666666667e-03
1.384442542729e-02
5.982222222222e-03
5.319111111111e-03
2.666666666667e-03
1.516326080000e-02
2.666666666667e-03
9.929090228068e-03
3.994661916419e-03
2.666666666667e-03
1.256360000000e-02
2.666666666667e-03
7.301364170310e-03
1.256360000000e-02
2.222281475441e-02
5.319111111111e-03
2.666666666667e-03
1.516326080000e-02
2.094362321405e-02
5.319111111111e-03
2.666666666667e-03
1.516326080000e-02
9.929090228068e-03
5.982222222222e-03
1.516326080000e-02
2.666666666667e-03
2.094362321405e-02
1.384442542729e-02
5.982222222222e-03
2.666666666667e-03
1.516326080000e-02
2.666666666667e-03
2.222281475441e-02
9.929090228068e-03
2.666666666667e-03
1.256360000000e-02
2.666666666667e-03
7.301364170310e-03
5.982222222222e-03
1.256360000000e-02
1.384442542729e-02
5.982222222222e-03
5.319111111111e-03
2.666666666667e-03
1.516326080000e-02
2.666666666667e-03
1.384442542729e-02
5.982222222222e-03
5.319111111111e-03
2.666666666667e-03
1.516326080000e-02
2.666666666667e-03
9.929090228068e-03
5.982222222222e-03
3.994661916419e-03
1.516326080000e-02
2.666666666667e-03
1.384442542729e-02
5.982222222222e-03
5.319111111111e-03
2.666666666667e-03
1.516326080000e-02
2.666666666667e-03
9.929090228068e-03
3.994661916419e-03
2.666666666667e-03
1.256360000000e-02
2.666666666667e-03
7.301364170310e-03
1.256360000000e-02
2.222281475441e-02
5.319111111111e-03
2.666666666667e-03
1.516326080000e-02
2.094362321405e-02
5.319111111111e-03
2.666666666667e-03
1.516326080000e-02
9.929090228068e-03
5.982222222222e-03
1.516326080000e-02
2.666666666667e-03
2.094362321405e-02
1.384442542729e-02
5.982222222222e-03
2.666666666667e-03
1.516326080000e-02
2.666666666667e-03
2.222281475441e-02
9.929090228068e-03
2.666666666667e-03
1.256360000000e-02
2.666666666667e-03
7.301364170310e-03
5.982222222222e-03
1.256360000000e-02
1.384442542729e-02
5.982222222222e-03
5.319111111111e-03
2.666666666667e-03
1.516326080000e-02
2.666666666667e-03
1.384442542729e-02
5.982222222222e-03
5.319111111111e-03
2.666666666667e-03
1.516326080000e-02
2.666666666667e-03
9.929090228068e-03
5.982222222222e-03
3.994661916419e-03
1.516326080000e-02
2.666666666667e-03
1.384442542729e-02
5.982222222222e-03
5.319111111111e-03
2.666666666667e-03
1.516326080000e-02
2.666666666667e-03
9.929090228068e-03
3.994661916419e-03
2.666666666667e-03
1.256360000000e-02
2.666666666667e-03
7.301364170310e-03
1.256360000000e-02
2.222281475441e-02
5.319111111111e-03
2.666666666667e-03
1.516326080000e-02
2.094362321405e-02
5.319111111111e-03
2.666666666667e-03
1.516326080000e-02
9.929090228068e-03
5.982222222222e-03
2.666666666667e-03
1.516326080000e-02
2.094362321405e-02
1.384442542729e-02
5.982222222222e-03
2.666666666667e-03
2.666666666667e-03
1.516326080000e-02
2.222281475441e-02
9.929090228068e-03
2.666666666667e-03
2.666666666667e-03
1.256360000000e-02
7.301364170310e-03
5.982222222222e-03
1.256360000000e-02
1.384442542729e-02
5.982222222222e-03
2.666666666667e-03
5.319111111111e-03
2.666666666667e-03
1.516326080000e-02
1.384442542729e-02
5.982222222222e-03
2.666666666667e-03
5.319111111111e-03
2.666666666667e-03
1.516326080000e-02
9.929090228068e-03
5.982222222222e-03
3.994661916419e-03
2.666666666667e-03
1.516326080000e-02
1.384442542729e-02
5.982222222222e-03
2.666666666667e-03
5.319111111111e-03
2.666666666667e-03
1.516326080000e-02
9.929090228068e-03
2.666666666667e-03
3.994661916419e-03
2.666666666667e-03
1.256360000000e-02
7.301364170310e-03
1.256360000000e-02
2.222281475441e-02
2.666666666667e-03
5.319111111111e-03
1.516326080000e-02
2.094362321405e-02
2.666666666667e-03
5.319111111111e-03
1.516326080000e-02
1.026592000000e-02
6.321764709036e-03
7.640000000000e-03
1.026592000000e-02
6.321764709036e-03
1.645788724751e-02
1.026592000000e-02
6.321764709036e-03
1.026592000000e-02
6.321764709036e-03
1.903677851553e-02
1.026592000000e-02
6.321764709036e-03
1.645788724751e-02
1.026592000000e-02
6.321764709036e-03
6.321764709036e-03
6.321764709036e-03
1.774905674240e-02
6.321764709036e-03
6.321764709036e-03
