1.152267070697e-02
1.152267070697e-02
1.505166080000e-02
1.152267070697e-02
1.815533017088e-02
3.200000000000e-03
2.886866918557e-02
2.735377353726e-02
1.620454203392e-02
6.379520000000e-03
3.200000000000e-03
1.815533017088e-02
3.200000000000e-03
1.505166080000e-02
3.200000000000e-03
1.308830720000e-02
1.189794786489e-02
7.174400000000e-03
1.815533017088e-02
3.200000000000e-03
2.503997998083e-02
1.189794786489e-02
3.200000000000e-03
1.505166080000e-02
3.200000000000e-03
8.753973293970e-03
8.753973293970e-03
1.505166080000e-02
2.503997998083e-02
6.379520000000e-03
3.200000000000e-03
1.815533017088e-02
1.189794786489e-02
7.174400000000e-03
3.200000000000e-03
1.815533017088e-02
2.503997998083e-02
1.189794786489e-02
3.200000000000e-03
3.200000000000e-03
1.505166080000e-02
8.753973293970e-03
8.753973293970e-03
1.505166080000e-02
2.503997998083e-02
3.200000000000e-03
6.379520000000e-03
1.815533017088e-02
9.161600000000e-03
1.230296576000e-02
7.583337406216e-03
1.969970808531e-02
2.123913605779e-02
7.583337406216e-03
7.583337406216e-03
