1.931182734311e-03
1.931182734311e-03
2.529202133333e-03
1.931182734311e-03
1.931182734311e-03
2.529202133333e-03
1.931182734311e-03
4.000533570511e-04
1.333866998762e-04
7.997866287253e-04
2.661914109358e-03
4.000533570511e-04
4.119587852146e-03
2.196890311111e-03
5.333333333331e-04
1.931182734311e-03
5.333333333331e-04
2.667378157289e-04
4.000533570511e-04
1.333866998762e-04
2.661914109358e-03
4.000533570511e-04
2.196890311111e-03
5.333333333331e-04
1.931182734311e-03
5.999599875491e-04
2.000667052121e-04
2.000667052121e-04
6.669779853441e-05
6.669779853441e-05
6.669779853441e-05
2.000667052121e-04
6.669779853441e-05
2.000667052121e-04
6.669779853441e-05
2.000667052121e-04
2.000667052121e-04
6.669779853441e-05
2.000667052121e-04
2.595562547439e-03
2.000667052121e-04
4.053430763428e-03
2.196890311111e-03
5.333333333331e-04
5.999599875491e-04
2.000667052121e-04
2.000667052121e-04
6.669779853441e-05
6.669779853441e-05
6.669779853441e-05
6.669779853441e-05
6.669779853441e-05
2.000667052121e-04
2.000667052121e-04
2.000667052121e-04
2.000667052121e-04
4.666977902291e-04
6.669779853441e-05
2.595562547439e-03
1.931182734311e-03
6.669779853441e-05
6.669779853441e-05
2.000667052121e-04
6.669779853441e-05
2.000667052121e-04
2.000667052121e-04
6.669779853441e-05
7.331866340597e-04
2.000667052121e-04
2.000667052121e-04
6.669779853441e-05
2.000667052121e-04
6.669779853441e-05
2.595562547439e-03
2.000667052121e-04
4.185736115799e-03
2.196890311111e-03
5.333333333331e-04
1.931182734311e-03
5.999599875491e-04
2.000667052121e-04
2.000667052121e-04
6.669779853441e-05
6.669779853441e-05
6.669779853441e-05
2.000667052121e-04
6.669779853441e-05
2.000667052121e-04
6.669779853441e-05
2.000667052121e-04
2.000667052121e-04
6.669779853441e-05
2.000667052121e-04
2.595562547439e-03
2.000667052121e-04
2.196890311111e-03
5.333333333331e-04
1.931182734311e-03
5.999599875491e-04
2.000667052121e-04
2.000667052121e-04
6.669779853441e-05
6.669779853441e-05
6.669779853441e-05
2.000667052121e-04
6.669779853441e-05
2.000667052121e-04
6.669779853441e-05
2.000667052121e-04
2.000667052121e-04
6.669779853441e-05
2.000667052121e-04
2.595562547439e-03
2.000667052121e-04
4.053430763428e-03
2.196890311111e-03
5.333333333331e-04
5.999599875491e-04
2.000667052121e-04
2.000667052121e-04
6.669779853441e-05
6.669779853441e-05
6.669779853441e-05
6.669779853441e-05
6.669779853441e-05
2.000667052121e-04
2.000667052121e-04
2.000667052121e-04
2.000667052121e-04
4.666977902291e-04
6.669779853441e-05
2.595562547439e-03
2.667378157289e-04
2.667378157289e-04
2.667378157289e-04
2.667378157289e-04
2.667378157289e-04
2.263671931417e-03
2.667378157289e-04
1.931182734311e-03
5.333333333331e-04
2.667378157289e-04
2.667378157289e-04
2.667378157289e-04
2.667378157289e-04
2.667378157289e-04
2.263671931417e-03
2.667378157289e-04
4.846777716842e-03
6.000044497841e-04
1.333866998762e-04
2.667378157289e-04
8.664221777603e-04
6.000044497841e-04
3.590083941684e-03
4.251875555565e-03
6.669779853441e-05
6.669779853441e-05
7.332310844333e-04
6.669779853441e-05
6.000044497841e-04
6.000044497841e-04
6.669779853441e-05
2.667378157289e-04
2.667378157289e-04
6.000044497841e-04
3.590083941684e-03
6.669779853441e-05
6.669779853441e-05
6.000044497841e-04
2.000667052121e-04
6.669779853441e-05
6.669779853441e-05
2.000667052121e-04
2.000667052121e-04
9.330043993910e-04
7.998310731695e-04
1.333866998762e-04
6.669779853441e-05
6.669779853441e-05
6.669779853441e-05
2.000667052121e-04
6.000044497841e-04
2.000667052121e-04
6.669779853441e-05
2.667378157289e-04
2.396454743836e-03
2.000667052121e-04
1.598382686848e-03
4.384127968144e-03
6.669779853441e-05
6.669779853441e-05
2.000667052121e-04
6.000044497841e-04
2.000667052121e-04
6.669779853441e-05
2.000667052121e-04
1.333866998762e-04
6.669779853441e-05
8.664221777603e-04
6.669779853441e-05
2.000667052121e-04
6.669779853441e-05
6.669779853441e-05
6.669779853441e-05
6.000044497841e-04
3.334000326131e-04
2.000667052121e-04
2.000667052121e-04
6.669779853441e-05
2.000667052121e-04
3.722512902661e-03
6.669779853441e-05
6.669779853441e-05
6.000044497841e-04
2.000667052121e-04
6.669779853441e-05
6.669779853441e-05
2.000667052121e-04
2.667378157289e-04
6.669779853441e-05
6.669779853441e-05
8.664221777603e-04
2.000667052121e-04
6.669779853441e-05
2.000667052121e-04
6.669779853441e-05
6.669779853441e-05
1.333866998762e-04
6.669779853441e-05
6.669779853441e-05
6.669779853441e-05
1.333866998762e-04
6.000044497841e-04
6.669779853441e-05
6.669779853441e-05
2.000667052121e-04
6.669779853441e-05
2.000667052121e-04
1.333866998762e-04
2.396454743836e-03
1.333866998762e-04
1.731342980740e-03
5.374985191057e-03
6.669779853441e-05
6.669779853441e-05
6.000044497841e-04
2.000667052121e-04
6.669779853441e-05
1.333866998762e-04
6.669779853441e-05
5.333778015000e-04
8.664221777603e-04
6.669779853441e-05
2.000667052121e-04
6.669779853441e-05
6.669779853441e-05
6.669779853441e-05
3.334000326131e-04
2.000667052121e-04
2.000667052121e-04
6.669779853441e-05
3.722512902661e-03
6.669779853441e-05
6.669779853441e-05
7.332310844333e-04
6.669779853441e-05
6.669779853441e-05
2.000667052121e-04
6.669779853441e-05
6.669779853441e-05
1.333866998762e-04
6.669779853441e-05
2.667378157289e-04
2.000667052121e-04
2.000667052121e-04
2.263671931417e-03
2.000667052121e-04
6.666222103667e-04
6.000044497841e-04
2.667378157289e-04
6.000044497841e-04
2.263671931417e-03
5.836665993863e-03
2.667378157289e-04
6.000044497841e-04
2.000667052121e-04
1.333866998762e-04
6.669779853441e-05
6.669779853441e-05
6.669779853441e-05
1.333866998762e-04
1.333866998762e-04
2.000667052121e-04
6.669779853441e-05
6.000044497841e-04
1.333866998762e-04
6.669779853441e-05
6.669779853441e-05
6.669779853441e-05
2.000667052121e-04
2.000667052121e-04
1.333866998762e-04
3.722512902661e-03
6.669779853441e-05
6.669779853441e-05
6.000044497841e-04
2.000667052121e-04
6.669779853441e-05
8.664221777603e-04
2.000667052121e-04
6.669779853441e-05
2.000667052121e-04
6.669779853441e-05
6.669779853441e-05
6.669779853441e-05
1.333866998762e-04
6.669779853441e-05
6.669779853441e-05
1.333866998762e-04
6.000044497841e-04
6.669779853441e-05
4.000533570511e-04
2.000667052121e-04
6.669779853441e-05
2.000667052121e-04
6.669779853441e-05
1.333866998762e-04
6.669779853441e-05
2.396454743836e-03
1.333866998762e-04
4.384127968144e-03
6.669779853441e-05
6.669779853441e-05
2.000667052121e-04
6.000044497841e-04
2.000667052121e-04
1.333866998762e-04
6.669779853441e-05
6.669779853441e-05
1.333866998762e-04
8.664221777603e-04
6.669779853441e-05
2.000667052121e-04
6.669779853441e-05
6.669779853441e-05
6.000044497841e-04
1.333866998762e-04
6.669779853441e-05
6.669779853441e-05
4.000533570511e-04
2.000667052121e-04
6.669779853441e-05
2.000667052121e-04
1.333866998762e-04
3.722512902661e-03
6.669779853441e-05
6.669779853441e-05
9.330043993910e-04
2.667378157289e-04
6.669779853441e-05
2.000667052121e-04
6.669779853441e-05
6.000044497841e-04
6.669779853441e-05
1.333866998762e-04
6.669779853441e-05
6.669779853441e-05
1.333866998762e-04
2.000667052121e-04
6.000044497841e-04
6.669779853441e-05
4.000533570511e-04
2.000667052121e-04
6.669779853441e-05
2.000667052121e-04
6.669779853441e-05
6.669779853441e-05
1.333866998762e-04
2.396454743836e-03
1.333866998762e-04
6.669779853441e-05
6.669779853441e-05
6.000044497841e-04
2.000667052121e-04
6.669779853441e-05
9.330043993910e-04
7.998310731695e-04
1.333866998762e-04
6.669779853441e-05
6.669779853441e-05
2.000667052121e-04
6.000044497841e-04
3.334000326131e-04
2.000667052121e-04
2.000667052121e-04
6.669779853441e-05
2.396454743836e-03
2.000667052121e-04
4.384127968144e-03
6.669779853441e-05
6.669779853441e-05
2.000667052121e-04
6.000044497841e-04
2.000667052121e-04
1.333866998762e-04
6.669779853441e-05
6.669779853441e-05
1.333866998762e-04
8.664221777603e-04
6.669779853441e-05
2.000667052121e-04
6.669779853441e-05
6.669779853441e-05
6.000044497841e-04
1.333866998762e-04
6.669779853441e-05
4.000533570511e-04
2.000667052121e-04
6.669779853441e-05
2.000667052121e-04
1.333866998762e-04
3.722512902661e-03
6.669779853441e-05
6.669779853441e-05
6.000044497841e-04
2.000667052121e-04
6.669779853441e-05
6.669779853441e-05
6.669779853441e-05
8.664221777603e-04
2.000667052121e-04
6.669779853441e-05
2.000667052121e-04
6.669779853441e-05
6.669779853441e-05
1.333866998762e-04
6.669779853441e-05
6.669779853441e-05
1.333866998762e-04
6.000044497841e-04
6.669779853441e-05
4.000533570511e-04
2.000667052121e-04
6.669779853441e-05
2.000667052121e-04
6.669779853441e-05
1.333866998762e-04
2.396454743836e-03
1.333866998762e-04
5.572901185113e-03
6.669779853441e-05
6.669779853441e-05
6.000044497841e-04
2.000667052121e-04
2.000667052121e-04
6.669779853441e-05
6.669779853441e-05
1.333866998762e-04
8.664221777603e-04
6.669779853441e-05
2.000667052121e-04
6.669779853441e-05
6.669779853441e-05
1.333866998762e-04
6.669779853441e-05
4.000533570511e-04
2.000667052121e-04
6.669779853441e-05
2.000667052121e-04
3.722512902661e-03
6.669779853441e-05
6.669779853441e-05
7.332310844333e-04
6.669779853441e-05
6.669779853441e-05
2.000667052121e-04
6.669779853441e-05
6.669779853441e-05
3.334000326131e-04
2.000667052121e-04
1.333866998762e-04
6.669779853441e-05
2.667378157289e-04
2.000667052121e-04
2.263671931417e-03
2.000667052121e-04
8.664221777603e-04
6.000044497841e-04
2.667378157289e-04
2.263671931417e-03
5.440965990232e-03
2.667378157289e-04
6.000044497841e-04
1.333866998762e-04
6.669779853441e-05
6.669779853441e-05
6.669779853441e-05
1.333866998762e-04
2.000667052121e-04
6.000044497841e-04
1.333866998762e-04
6.669779853441e-05
6.669779853441e-05
2.000667052121e-04
2.000667052121e-04
1.333866998762e-04
2.000667052121e-04
6.669779853441e-05
3.722512902661e-03
1.797809825744e-03
2.667378157289e-04
6.000044497841e-04
2.000667052121e-04
6.669779853441e-05
2.667378157289e-04
6.669779853441e-05
1.333866998762e-04
2.000667052121e-04
6.669779853441e-05
4.000533570511e-04
2.000667052121e-04
6.669779853441e-05
6.669779853441e-05
2.000667052121e-04
1.333866998762e-04
6.669779853441e-05
6.669779853441e-05
2.396454743836e-03
4.251875555565e-03
2.000667052121e-04
6.669779853441e-05
6.669779853441e-05
6.000044497841e-04
1.333866998762e-04
6.669779853441e-05
6.669779853441e-05
1.333866998762e-04
2.000667052121e-04
7.332310844333e-04
2.000667052121e-04
6.000044497841e-04
1.333866998762e-04
6.669779853441e-05
4.000533570511e-04
2.000667052121e-04
6.669779853441e-05
2.000667052121e-04
1.333866998762e-04
6.669779853441e-05
3.722512902661e-03
1.797809825744e-03
6.669779853441e-05
6.669779853441e-05
8.664221777603e-04
6.669779853441e-05
1.333866998762e-04
2.000667052121e-04
6.669779853441e-05
2.000667052121e-04
4.000533570511e-04
2.000667052121e-04
6.669779853441e-05
6.669779853441e-05
2.000667052121e-04
6.669779853441e-05
1.333866998762e-04
2.396454743836e-03
3.590083941684e-03
1.333866998762e-04
6.669779853441e-05
3.334000326131e-04
2.000667052121e-04
2.000667052121e-04
2.667378157289e-04
2.000667052121e-04
3.590083941684e-03
4.384172093469e-03
1.333866998762e-04
6.669779853441e-05
3.334000326131e-04
2.000667052121e-04
2.667378157289e-04
2.667378157289e-04
3.590083941684e-03
7.998310731695e-04
6.000044497841e-04
6.669779853441e-05
2.667378157289e-04
6.000044497841e-04
6.000044497841e-04
3.590083941684e-03
6.669779853441e-05
7.332310844333e-04
6.669779853441e-05
6.000044497841e-04
6.000044497841e-04
2.667378157289e-04
6.000044497841e-04
3.590083941684e-03
6.669779853441e-05
6.000044497841e-04
2.000667052121e-04
6.669779853441e-05
6.669779853441e-05
2.000667052121e-04
7.332310844333e-04
6.000044497841e-04
1.333866998762e-04
6.669779853441e-05
6.669779853441e-05
6.669779853441e-05
2.000667052121e-04
6.000044497841e-04
2.000667052121e-04
6.669779853441e-05
2.667378157289e-04
2.396454743836e-03
2.000667052121e-04
1.531889235593e-03
6.669779853441e-05
6.669779853441e-05
6.000044497841e-04
2.000667052121e-04
6.669779853441e-05
2.000667052121e-04
1.333866998762e-04
6.669779853441e-05
8.664221777603e-04
6.669779853441e-05
2.000667052121e-04
6.669779853441e-05
6.669779853441e-05
6.000044497841e-04
3.334000326131e-04
2.000667052121e-04
2.000667052121e-04
6.669779853441e-05
2.000667052121e-04
3.722512902661e-03
6.669779853441e-05
6.000044497841e-04
2.000667052121e-04
6.669779853441e-05
6.669779853441e-05
2.000667052121e-04
6.669779853441e-05
6.669779853441e-05
6.669779853441e-05
8.664221777603e-04
6.669779853441e-05
2.000667052121e-04
6.669779853441e-05
6.669779853441e-05
1.333866998762e-04
6.669779853441e-05
6.669779853441e-05
6.669779853441e-05
1.333866998762e-04
6.000044497841e-04
6.669779853441e-05
6.669779853441e-05
2.000667052121e-04
6.669779853441e-05
2.000667052121e-04
1.333866998762e-04
2.396454743836e-03
1.333866998762e-04
1.598382686848e-03
1.398875718548e-03
6.669779853441e-05
6.669779853441e-05
6.000044497841e-04
2.000667052121e-04
6.669779853441e-05
1.333866998762e-04
6.669779853441e-05
5.333778015000e-04
8.664221777603e-04
6.669779853441e-05
2.000667052121e-04
6.669779853441e-05
6.669779853441e-05
3.334000326131e-04
2.000667052121e-04
2.000667052121e-04
6.669779853441e-05
3.722512902661e-03
6.669779853441e-05
6.669779853441e-05
7.332310844333e-04
6.669779853441e-05
6.669779853441e-05
2.000667052121e-04
6.669779853441e-05
6.669779853441e-05
1.333866998762e-04
6.669779853441e-05
2.667378157289e-04
2.000667052121e-04
2.000667052121e-04
2.263671931417e-03
2.000667052121e-04
6.666222103667e-04
6.000044497841e-04
2.667378157289e-04
6.000044497841e-04
2.263671931417e-03
1.598382686848e-03
6.669779853441e-05
6.000044497841e-04
2.000667052121e-04
1.333866998762e-04
6.669779853441e-05
6.669779853441e-05
6.669779853441e-05
1.333866998762e-04
6.669779853441e-05
2.000667052121e-04
6.669779853441e-05
6.000044497841e-04
1.333866998762e-04
6.669779853441e-05
6.669779853441e-05
6.669779853441e-05
2.000667052121e-04
2.000667052121e-04
1.333866998762e-04
3.722512902661e-03
6.669779853441e-05
6.000044497841e-04
2.000667052121e-04
6.669779853441e-05
8.664221777603e-04
6.669779853441e-05
2.000667052121e-04
6.669779853441e-05
6.669779853441e-05
6.669779853441e-05
1.333866998762e-04
6.669779853441e-05
6.669779853441e-05
1.333866998762e-04
6.000044497841e-04
6.669779853441e-05
4.000533570511e-04
2.000667052121e-04
6.669779853441e-05
2.000667052121e-04
6.669779853441e-05
1.333866998762e-04
6.669779853441e-05
2.396454743836e-03
1.333866998762e-04
6.669779853441e-05
6.669779853441e-05
6.000044497841e-04
2.000667052121e-04
1.333866998762e-04
6.669779853441e-05
6.669779853441e-05
1.333866998762e-04
8.664221777603e-04
6.669779853441e-05
2.000667052121e-04
6.669779853441e-05
6.000044497841e-04
1.333866998762e-04
6.669779853441e-05
6.669779853441e-05
4.000533570511e-04
2.000667052121e-04
6.669779853441e-05
2.000667052121e-04
1.333866998762e-04
3.722512902661e-03
6.669779853441e-05
6.669779853441e-05
8.664221777603e-04
6.669779853441e-05
6.669779853441e-05
2.000667052121e-04
6.669779853441e-05
6.000044497841e-04
6.669779853441e-05
1.333866998762e-04
6.669779853441e-05
6.669779853441e-05
1.333866998762e-04
2.000667052121e-04
6.000044497841e-04
6.669779853441e-05
4.000533570511e-04
2.000667052121e-04
6.669779853441e-05
2.000667052121e-04
6.669779853441e-05
6.669779853441e-05
1.333866998762e-04
2.396454743836e-03
1.333866998762e-04
6.669779853441e-05
6.000044497841e-04
2.000667052121e-04
6.669779853441e-05
7.332310844333e-04
6.000044497841e-04
1.333866998762e-04
6.669779853441e-05
6.669779853441e-05
2.000667052121e-04
6.000044497841e-04
3.334000326131e-04
2.000667052121e-04
2.000667052121e-04
6.669779853441e-05
2.396454743836e-03
2.000667052121e-04
6.669779853441e-05
6.669779853441e-05
6.000044497841e-04
2.000667052121e-04
1.333866998762e-04
6.669779853441e-05
6.669779853441e-05
1.333866998762e-04
8.664221777603e-04
6.669779853441e-05
2.000667052121e-04
6.669779853441e-05
6.000044497841e-04
1.333866998762e-04
6.669779853441e-05
4.000533570511e-04
2.000667052121e-04
6.669779853441e-05
2.000667052121e-04
1.333866998762e-04
3.722512902661e-03
6.669779853441e-05
6.000044497841e-04
2.000667052121e-04
6.669779853441e-05
6.669779853441e-05
6.669779853441e-05
8.664221777603e-04
6.669779853441e-05
2.000667052121e-04
6.669779853441e-05
6.669779853441e-05
1.333866998762e-04
6.669779853441e-05
6.669779853441e-05
1.333866998762e-04
6.000044497841e-04
6.669779853441e-05
4.000533570511e-04
2.000667052121e-04
6.669779853441e-05
2.000667052121e-04
6.669779853441e-05
1.333866998762e-04
2.396454743836e-03
1.333866998762e-04
1.598382686848e-03
6.669779853441e-05
6.669779853441e-05
6.000044497841e-04
2.000667052121e-04
2.000667052121e-04
6.669779853441e-05
6.669779853441e-05
1.333866998762e-04
8.664221777603e-04
6.669779853441e-05
2.000667052121e-04
6.669779853441e-05
1.333866998762e-04
6.669779853441e-05
4.000533570511e-04
2.000667052121e-04
6.669779853441e-05
2.000667052121e-04
3.722512902661e-03
6.669779853441e-05
6.669779853441e-05
7.332310844333e-04
6.669779853441e-05
6.669779853441e-05
2.000667052121e-04
6.669779853441e-05
6.669779853441e-05
3.334000326131e-04
2.000667052121e-04
1.333866998762e-04
6.669779853441e-05
2.667378157289e-04
2.000667052121e-04
2.263671931417e-03
2.000667052121e-04
6.666222103667e-04
5.333778015000e-04
2.667378157289e-04
2.263671931417e-03
1.398875718548e-03
6.669779853441e-05
6.000044497841e-04
1.333866998762e-04
6.669779853441e-05
6.669779853441e-05
6.669779853441e-05
1.333866998762e-04
2.000667052121e-04
6.000044497841e-04
1.333866998762e-04
6.669779853441e-05
6.669779853441e-05
2.000667052121e-04
2.000667052121e-04
1.333866998762e-04
2.000667052121e-04
6.669779853441e-05
3.722512902661e-03
1.598382686848e-03
6.000044497841e-04
2.000667052121e-04
6.669779853441e-05
6.669779853441e-05
1.333866998762e-04
2.000667052121e-04
6.669779853441e-05
4.000533570511e-04
2.000667052121e-04
6.669779853441e-05
6.669779853441e-05
2.000667052121e-04
1.333866998762e-04
6.669779853441e-05
6.669779853441e-05
2.396454743836e-03
6.669779853441e-05
6.669779853441e-05
6.000044497841e-04
1.333866998762e-04
6.669779853441e-05
6.669779853441e-05
1.333866998762e-04
2.000667052121e-04
7.332310844333e-04
2.000667052121e-04
6.000044497841e-04
1.333866998762e-04
6.669779853441e-05
4.000533570511e-04
2.000667052121e-04
6.669779853441e-05
2.000667052121e-04
1.333866998762e-04
6.669779853441e-05
3.722512902661e-03
1.531889235593e-03
6.669779853441e-05
6.669779853441e-05
6.000044497841e-04
6.669779853441e-05
1.333866998762e-04
2.000667052121e-04
6.669779853441e-05
2.000667052121e-04
4.000533570511e-04
2.000667052121e-04
6.669779853441e-05
6.669779853441e-05
2.000667052121e-04
6.669779853441e-05
1.333866998762e-04
2.396454743836e-03
1.333866998762e-04
6.669779853441e-05
3.334000326131e-04
2.000667052121e-04
2.000667052121e-04
2.667378157289e-04
2.000667052121e-04
3.590083941684e-03
7.998310731695e-04
1.333866998762e-04
6.669779853441e-05
3.334000326131e-04
2.000667052121e-04
2.667378157289e-04
2.667378157289e-04
3.590083941684e-03
7.998310731695e-04
6.000044497841e-04
6.669779853441e-05
2.667378157289e-04
6.000044497841e-04
6.000044497841e-04
3.590083941684e-03
6.669779853441e-05
7.332310844333e-04
6.669779853441e-05
6.000044497841e-04
6.000044497841e-04
2.667378157289e-04
6.000044497841e-04
3.590083941684e-03
6.669779853441e-05
6.000044497841e-04
2.000667052121e-04
6.669779853441e-05
6.669779853441e-05
2.000667052121e-04
7.332310844333e-04
6.000044497841e-04
1.333866998762e-04
6.669779853441e-05
6.669779853441e-05
6.669779853441e-05
2.000667052121e-04
6.000044497841e-04
2.000667052121e-04
6.669779853441e-05
2.667378157289e-04
2.396454743836e-03
2.000667052121e-04
1.531889235593e-03
6.669779853441e-05
6.669779853441e-05
6.000044497841e-04
2.000667052121e-04
6.669779853441e-05
2.000667052121e-04
1.333866998762e-04
6.669779853441e-05
8.664221777603e-04
6.669779853441e-05
2.000667052121e-04
6.669779853441e-05
6.669779853441e-05
6.000044497841e-04
3.334000326131e-04
2.000667052121e-04
2.000667052121e-04
6.669779853441e-05
2.000667052121e-04
3.722512902661e-03
6.669779853441e-05
6.000044497841e-04
2.000667052121e-04
6.669779853441e-05
6.669779853441e-05
2.000667052121e-04
6.669779853441e-05
6.669779853441e-05
6.669779853441e-05
8.664221777603e-04
6.669779853441e-05
2.000667052121e-04
6.669779853441e-05
6.669779853441e-05
1.333866998762e-04
6.669779853441e-05
6.669779853441e-05
6.669779853441e-05
1.333866998762e-04
6.000044497841e-04
6.669779853441e-05
6.669779853441e-05
2.000667052121e-04
6.669779853441e-05
2.000667052121e-04
1.333866998762e-04
2.396454743836e-03
1.333866998762e-04
1.598382686848e-03
1.398875718548e-03
6.669779853441e-05
6.669779853441e-05
6.000044497841e-04
2.000667052121e-04
6.669779853441e-05
1.333866998762e-04
6.669779853441e-05
5.333778015000e-04
8.664221777603e-04
6.669779853441e-05
2.000667052121e-04
6.669779853441e-05
6.669779853441e-05
3.334000326131e-04
2.000667052121e-04
2.000667052121e-04
6.669779853441e-05
3.722512902661e-03
6.669779853441e-05
6.669779853441e-05
7.332310844333e-04
6.669779853441e-05
6.669779853441e-05
2.000667052121e-04
6.669779853441e-05
6.669779853441e-05
1.333866998762e-04
6.669779853441e-05
2.667378157289e-04
2.000667052121e-04
2.000667052121e-04
2.263671931417e-03
2.000667052121e-04
6.666222103667e-04
6.000044497841e-04
2.667378157289e-04
6.000044497841e-04
2.263671931417e-03
1.598382686848e-03
6.669779853441e-05
6.000044497841e-04
2.000667052121e-04
1.333866998762e-04
6.669779853441e-05
6.669779853441e-05
6.669779853441e-05
1.333866998762e-04
6.669779853441e-05
2.000667052121e-04
6.669779853441e-05
6.000044497841e-04
1.333866998762e-04
6.669779853441e-05
6.669779853441e-05
6.669779853441e-05
2.000667052121e-04
2.000667052121e-04
1.333866998762e-04
3.722512902661e-03
6.669779853441e-05
6.000044497841e-04
2.000667052121e-04
6.669779853441e-05
8.664221777603e-04
6.669779853441e-05
2.000667052121e-04
6.669779853441e-05
6.669779853441e-05
6.669779853441e-05
1.333866998762e-04
6.669779853441e-05
6.669779853441e-05
1.333866998762e-04
6.000044497841e-04
6.669779853441e-05
4.000533570511e-04
2.000667052121e-04
6.669779853441e-05
2.000667052121e-04
6.669779853441e-05
1.333866998762e-04
6.669779853441e-05
2.396454743836e-03
1.333866998762e-04
6.669779853441e-05
6.669779853441e-05
6.000044497841e-04
2.000667052121e-04
1.333866998762e-04
6.669779853441e-05
6.669779853441e-05
1.333866998762e-04
8.664221777603e-04
6.669779853441e-05
2.000667052121e-04
6.669779853441e-05
6.000044497841e-04
1.333866998762e-04
6.669779853441e-05
6.669779853441e-05
4.000533570511e-04
2.000667052121e-04
6.669779853441e-05
2.000667052121e-04
1.333866998762e-04
3.722512902661e-03
6.669779853441e-05
6.669779853441e-05
8.664221777603e-04
6.669779853441e-05
6.669779853441e-05
2.000667052121e-04
6.669779853441e-05
6.000044497841e-04
6.669779853441e-05
1.333866998762e-04
6.669779853441e-05
6.669779853441e-05
1.333866998762e-04
2.000667052121e-04
6.000044497841e-04
6.669779853441e-05
4.000533570511e-04
2.000667052121e-04
6.669779853441e-05
2.000667052121e-04
6.669779853441e-05
6.669779853441e-05
1.333866998762e-04
2.396454743836e-03
1.333866998762e-04
6.669779853441e-05
6.000044497841e-04
2.000667052121e-04
6.669779853441e-05
7.332310844333e-04
6.000044497841e-04
1.333866998762e-04
6.669779853441e-05
6.669779853441e-05
2.000667052121e-04
6.000044497841e-04
3.334000326131e-04
2.000667052121e-04
2.000667052121e-04
6.669779853441e-05
2.396454743836e-03
2.000667052121e-04
6.669779853441e-05
6.669779853441e-05
6.000044497841e-04
2.000667052121e-04
1.333866998762e-04
6.669779853441e-05
6.669779853441e-05
1.333866998762e-04
8.664221777603e-04
6.669779853441e-05
2.000667052121e-04
6.669779853441e-05
6.000044497841e-04
1.333866998762e-04
6.669779853441e-05
4.000533570511e-04
2.000667052121e-04
6.669779853441e-05
2.000667052121e-04
1.333866998762e-04
3.722512902661e-03
6.669779853441e-05
6.000044497841e-04
2.000667052121e-04
6.669779853441e-05
6.669779853441e-05
6.669779853441e-05
8.664221777603e-04
6.669779853441e-05
2.000667052121e-04
6.669779853441e-05
6.669779853441e-05
1.333866998762e-04
6.669779853441e-05
6.669779853441e-05
1.333866998762e-04
6.000044497841e-04
6.669779853441e-05
4.000533570511e-04
2.000667052121e-04
6.669779853441e-05
2.000667052121e-04
6.669779853441e-05
1.333866998762e-04
2.396454743836e-03
1.333866998762e-04
1.598382686848e-03
6.669779853441e-05
6.669779853441e-05
6.000044497841e-04
2.000667052121e-04
2.000667052121e-04
6.669779853441e-05
6.669779853441e-05
1.333866998762e-04
8.664221777603e-04
6.669779853441e-05
2.000667052121e-04
6.669779853441e-05
1.333866998762e-04
6.669779853441e-05
4.000533570511e-04
2.000667052121e-04
6.669779853441e-05
2.000667052121e-04
3.722512902661e-03
6.669779853441e-05
6.669779853441e-05
7.332310844333e-04
6.669779853441e-05
6.669779853441e-05
2.000667052121e-04
6.669779853441e-05
6.669779853441e-05
3.334000326131e-04
2.000667052121e-04
1.333866998762e-04
6.669779853441e-05
2.667378157289e-04
2.000667052121e-04
2.263671931417e-03
2.000667052121e-04
6.666222103667e-04
5.333778015000e-04
2.667378157289e-04
2.263671931417e-03
1.398875718548e-03
6.669779853441e-05
6.000044497841e-04
1.333866998762e-04
6.669779853441e-05
6.669779853441e-05
6.669779853441e-05
1.333866998762e-04
2.000667052121e-04
6.000044497841e-04
1.333866998762e-04
6.669779853441e-05
6.669779853441e-05
2.000667052121e-04
2.000667052121e-04
1.333866998762e-04
2.000667052121e-04
6.669779853441e-05
3.722512902661e-03
1.598382686848e-03
6.000044497841e-04
2.000667052121e-04
6.669779853441e-05
6.669779853441e-05
1.333866998762e-04
2.000667052121e-04
6.669779853441e-05
4.000533570511e-04
2.000667052121e-04
6.669779853441e-05
6.669779853441e-05
2.000667052121e-04
1.333866998762e-04
6.669779853441e-05
6.669779853441e-05
2.396454743836e-03
6.669779853441e-05
6.669779853441e-05
6.000044497841e-04
1.333866998762e-04
6.669779853441e-05
6.669779853441e-05
1.333866998762e-04
2.000667052121e-04
7.332310844333e-04
2.000667052121e-04
6.000044497841e-04
1.333866998762e-04
6.669779853441e-05
4.000533570511e-04
2.000667052121e-04
6.669779853441e-05
2.000667052121e-04
1.333866998762e-04
6.669779853441e-05
3.722512902661e-03
1.531889235593e-03
6.669779853441e-05
6.669779853441e-05
6.000044497841e-04
6.669779853441e-05
1.333866998762e-04
2.000667052121e-04
6.669779853441e-05
2.000667052121e-04
4.000533570511e-04
2.000667052121e-04
6.669779853441e-05
6.669779853441e-05
2.000667052121e-04
6.669779853441e-05
1.333866998762e-04
2.396454743836e-03
1.333866998762e-04
6.669779853441e-05
3.334000326131e-04
2.000667052121e-04
2.000667052121e-04
2.667378157289e-04
2.000667052121e-04
3.590083941684e-03
7.998310731695e-04
1.333866998762e-04
6.669779853441e-05
3.334000326131e-04
2.000667052121e-04
2.667378157289e-04
2.667378157289e-04
3.590083941684e-03
4.384172093469e-03
6.000044497841e-04
6.669779853441e-05
8.664221777603e-04
6.000044497841e-04
3.590083941684e-03
6.669779853441e-05
7.332310844333e-04
6.669779853441e-05
6.000044497841e-04
6.000044497841e-04
2.667378157289e-04
6.000044497841e-04
6.669779853441e-05
6.000044497841e-04
2.000667052121e-04
6.669779853441e-05
6.669779853441e-05
2.000667052121e-04
7.332310844333e-04
6.000044497841e-04
2.667378157289e-04
2.000667052121e-04
6.669779853441e-05
6.000044497841e-04
2.667378157289e-04
2.595562547439e-03
1.797809825744e-03
4.251875555565e-03
6.669779853441e-05
6.669779853441e-05
2.000667052121e-04
6.000044497841e-04
2.000667052121e-04
2.667378157289e-04
8.664221777603e-04
6.669779853441e-05
2.000667052121e-04
6.669779853441e-05
6.669779853441e-05
6.000044497841e-04
4.666977902291e-04
6.669779853441e-05
6.000044497841e-04
2.000667052121e-04
6.669779853441e-05
6.669779853441e-05
2.667378157289e-04
6.669779853441e-05
6.669779853441e-05
8.664221777603e-04
2.000667052121e-04
6.669779853441e-05
6.669779853441e-05
6.669779853441e-05
2.000667052121e-04
2.000667052121e-04
6.669779853441e-05
6.000044497841e-04
6.669779853441e-05
2.000667052121e-04
2.000667052121e-04
2.595562547439e-03
1.797809825744e-03
5.440965990232e-03
6.669779853441e-05
6.669779853441e-05
7.998310731695e-04
2.000667052121e-04
6.000044497841e-04
8.664221777603e-04
6.669779853441e-05
2.000667052121e-04
6.669779853441e-05
6.669779853441e-05
4.666977902291e-04
6.669779853441e-05
6.669779853441e-05
9.330043993910e-04
1.333866998762e-04
1.333866998762e-04
2.000667052121e-04
4.000533570511e-04
2.529202133333e-03
8.664221777603e-04
6.000044497841e-04
2.667378157289e-04
6.000044497841e-04
2.263671931417e-03
5.572901185113e-03
2.667378157289e-04
6.000044497841e-04
2.667378157289e-04
2.000667052121e-04
6.669779853441e-05
2.667378157289e-04
6.000044497841e-04
5.333333333331e-04
6.669779853441e-05
6.669779853441e-05
6.000044497841e-04
2.000667052121e-04
6.669779853441e-05
9.330043993910e-04
2.000667052121e-04
6.669779853441e-05
6.669779853441e-05
6.669779853441e-05
2.000667052121e-04
2.000667052121e-04
6.000044497841e-04
6.669779853441e-05
2.667378157289e-04
5.999599875491e-04
2.000667052121e-04
2.595562547439e-03
4.384127968144e-03
6.669779853441e-05
6.669779853441e-05
2.000667052121e-04
6.000044497841e-04
2.000667052121e-04
2.000667052121e-04
8.664221777603e-04
6.669779853441e-05
2.000667052121e-04
6.669779853441e-05
6.000044497841e-04
5.333333333331e-04
6.669779853441e-05
6.669779853441e-05
6.669779853441e-05
8.664221777603e-04
2.667378157289e-04
6.669779853441e-05
6.669779853441e-05
6.000044497841e-04
6.669779853441e-05
2.000667052121e-04
4.000533570511e-04
6.000044497841e-04
6.669779853441e-05
2.000667052121e-04
5.999599875491e-04
2.000667052121e-04
2.661914109358e-03
6.669779853441e-05
6.000044497841e-04
2.000667052121e-04
6.669779853441e-05
7.332310844333e-04
6.000044497841e-04
2.667378157289e-04
2.000667052121e-04
6.000044497841e-04
5.333333333331e-04
2.667378157289e-04
2.595562547439e-03
4.384127968144e-03
6.669779853441e-05
6.669779853441e-05
2.000667052121e-04
6.000044497841e-04
2.000667052121e-04
2.000667052121e-04
8.664221777603e-04
6.669779853441e-05
2.000667052121e-04
6.669779853441e-05
6.000044497841e-04
5.333333333331e-04
6.669779853441e-05
6.000044497841e-04
2.000667052121e-04
6.669779853441e-05
6.669779853441e-05
6.669779853441e-05
8.664221777603e-04
2.000667052121e-04
6.669779853441e-05
6.669779853441e-05
6.669779853441e-05
2.000667052121e-04
2.000667052121e-04
6.000044497841e-04
6.669779853441e-05
2.000667052121e-04
5.999599875491e-04
2.000667052121e-04
2.595562547439e-03
5.836665993863e-03
6.669779853441e-05
6.669779853441e-05
7.998310731695e-04
2.000667052121e-04
2.667378157289e-04
8.664221777603e-04
6.669779853441e-05
2.000667052121e-04
6.669779853441e-05
5.333333333331e-04
6.669779853441e-05
6.669779853441e-05
9.330043993910e-04
1.333866998762e-04
1.333866998762e-04
2.000667052121e-04
5.333333333331e-04
4.000533570511e-04
2.529202133333e-03
6.666222103667e-04
5.333778015000e-04
2.667378157289e-04
2.263671931417e-03
5.374985191057e-03
2.667378157289e-04
6.000044497841e-04
2.667378157289e-04
2.000667052121e-04
6.000044497841e-04
2.667378157289e-04
5.333333333331e-04
1.731342980740e-03
6.000044497841e-04
2.000667052121e-04
6.669779853441e-05
2.667378157289e-04
2.000667052121e-04
2.667378157289e-04
5.999599875491e-04
2.595562547439e-03
4.384127968144e-03
2.000667052121e-04
6.669779853441e-05
6.669779853441e-05
6.000044497841e-04
2.000667052121e-04
2.000667052121e-04
7.332310844333e-04
2.000667052121e-04
6.000044497841e-04
6.669779853441e-05
5.333333333331e-04
1.598382686848e-03
6.669779853441e-05
6.669779853441e-05
8.664221777603e-04
4.000533570511e-04
2.000667052121e-04
5.999599875491e-04
2.661914109358e-03
4.251875555565e-03
7.331866340597e-04
4.846777716842e-03
7.997866287253e-04
1.532266666666e-03
1.266204340097e-03
1.266204340097e-03
1.532266666666e-03
1.266204340097e-03
2.728256820270e-03
1.532266666666e-03
1.266204340097e-03
1.532266666666e-03
1.266204340097e-03
2.860915693799e-03
1.532266666666e-03
1.266204340097e-03
2.728256820270e-03
1.532266666666e-03
1.266204340097e-03
1.266204340097e-03
1.266204340097e-03
2.794590681357e-03
1.266204340097e-03
1.266204340097e-03
