9.612952944310e-03
9.612952944310e-03
1.256360000000e-02
9.612952944310e-03
9.612952944310e-03
1.256360000000e-02
9.612952944310e-03
2.001336305216e-03
6.680041634192e-04
3.994661916419e-03
1.321481908920e-02
2.001336305216e-03
2.032535990983e-02
1.092240000000e-02
2.666666666667e-03
9.612952944310e-03
2.666666666667e-03
1.335115867714e-03
2.001336305216e-03
6.680041634192e-04
1.321481908920e-02
2.001336305216e-03
1.092240000000e-02
2.666666666667e-03
9.612952944310e-03
2.998998440544e-03
1.001671498399e-03
1.001671498399e-03
3.341137136832e-04
3.341137136832e-04
3.341137136832e-04
1.001671498399e-03
3.341137136832e-04
1.001671498399e-03
3.341137136832e-04
1.001671498399e-03
1.001671498399e-03
3.341137136832e-04
1.001671498399e-03
1.288931837158e-02
1.001671498399e-03
2.000461382778e-02
1.092240000000e-02
2.666666666667e-03
2.998998440544e-03
1.001671498399e-03
1.001671498399e-03
3.341137136832e-04
3.341137136832e-04
3.341137136832e-04
3.341137136832e-04
3.341137136832e-04
1.001671498399e-03
1.001671498399e-03
1.001671498399e-03
1.001671498399e-03
2.334112671089e-03
3.341137136832e-04
1.288931837158e-02
9.612952944310e-03
3.341137136832e-04
3.341137136832e-04
1.001671498399e-03
3.341137136832e-04
1.001671498399e-03
1.001671498399e-03
3.341137136832e-04
3.662995917074e-03
1.001671498399e-03
1.001671498399e-03
3.341137136832e-04
1.001671498399e-03
3.341137136832e-04
1.288931837158e-02
1.001671498399e-03
2.064589166055e-02
1.092240000000e-02
2.666666666667e-03
9.612952944310e-03
2.998998440544e-03
1.001671498399e-03
1.001671498399e-03
3.341137136832e-04
3.341137136832e-04
3.341137136832e-04
1.001671498399e-03
3.341137136832e-04
1.001671498399e-03
3.341137136832e-04
1.001671498399e-03
1.001671498399e-03
3.341137136832e-04
1.001671498399e-03
1.288931837158e-02
1.001671498399e-03
1.092240000000e-02
2.666666666667e-03
9.612952944310e-03
2.998998440544e-03
1.001671498399e-03
1.001671498399e-03
3.341137136832e-04
3.341137136832e-04
3.341137136832e-04
1.001671498399e-03
3.341137136832e-04
1.001671498399e-03
3.341137136832e-04
1.001671498399e-03
1.001671498399e-03
3.341137136832e-04
1.001671498399e-03
1.288931837158e-02
1.001671498399e-03
2.000461382778e-02
1.092240000000e-02
2.666666666667e-03
2.998998440544e-03
1.001671498399e-03
1.001671498399e-03
3.341137136832e-04
3.341137136832e-04
3.341137136832e-04
3.341137136832e-04
3.341137136832e-04
1.001671498399e-03
1.001671498399e-03
1.001671498399e-03
1.001671498399e-03
2.334112671089e-03
3.341137136832e-04
1.288931837158e-02
1.335115867714e-03
1.335115867714e-03
1.335115867714e-03
1.335115867714e-03
1.335115867714e-03
1.125854706195e-02
1.335115867714e-03
9.612952944310e-03
2.666666666667e-03
1.335115867714e-03
1.335115867714e-03
1.335115867714e-03
1.335115867714e-03
1.335115867714e-03
1.125854706195e-02
1.335115867714e-03
2.384051906236e-02
3.000111781815e-03
6.680041634192e-04
1.335115867714e-03
4.327216655839e-03
3.000111781815e-03
1.775337792543e-02
2.096620922317e-02
3.341137136832e-04
3.341137136832e-04
3.664107770912e-03
3.341137136832e-04
3.000111781815e-03
3.000111781815e-03
3.341137136832e-04
1.335115867714e-03
1.335115867714e-03
3.000111781815e-03
1.775337792543e-02
3.341137136832e-04
3.341137136832e-04
3.000111781815e-03
1.001671498399e-03
3.341137136832e-04
3.341137136832e-04
1.001671498399e-03
1.001671498399e-03
4.658438804668e-03
3.995773027286e-03
6.680041634192e-04
3.341137136832e-04
3.341137136832e-04
3.341137136832e-04
1.001671498399e-03
3.000111781815e-03
1.001671498399e-03
3.341137136832e-04
1.335115867714e-03
1.191150971274e-02
1.001671498399e-03
7.959613650400e-03
2.160620235648e-02
3.341137136832e-04
3.341137136832e-04
1.001671498399e-03
3.000111781815e-03
1.001671498399e-03
3.341137136832e-04
1.001671498399e-03
6.680041634192e-04
3.341137136832e-04
4.327216655839e-03
3.341137136832e-04
1.001671498399e-03
3.341137136832e-04
3.341137136832e-04
3.341137136832e-04
3.000111781815e-03
1.668337420355e-03
1.001671498399e-03
1.001671498399e-03
3.341137136832e-04
1.001671498399e-03
1.839766342812e-02
3.341137136832e-04
3.341137136832e-04
3.000111781815e-03
1.001671498399e-03
3.341137136832e-04
3.341137136832e-04
1.001671498399e-03
1.335115867714e-03
3.341137136832e-04
3.341137136832e-04
4.327216655839e-03
1.001671498399e-03
3.341137136832e-04
1.001671498399e-03
3.341137136832e-04
3.341137136832e-04
6.680041634192e-04
3.341137136832e-04
3.341137136832e-04
3.341137136832e-04
6.680041634192e-04
3.000111781815e-03
3.341137136832e-04
3.341137136832e-04
1.001671498399e-03
3.341137136832e-04
1.001671498399e-03
6.680041634192e-04
1.191150971274e-02
6.680041634192e-04
8.616983703704e-03
2.638109725900e-02
3.341137136832e-04
3.341137136832e-04
3.000111781815e-03
1.001671498399e-03
3.341137136832e-04
6.680041634192e-04
3.341137136832e-04
2.667780752400e-03
4.327216655839e-03
3.341137136832e-04
1.001671498399e-03
3.341137136832e-04
3.341137136832e-04
3.341137136832e-04
1.668337420355e-03
1.001671498399e-03
1.001671498399e-03
3.341137136832e-04
1.839766342812e-02
3.341137136832e-04
3.341137136832e-04
3.664107770912e-03
3.341137136832e-04
3.341137136832e-04
1.001671498399e-03
3.341137136832e-04
3.341137136832e-04
6.680041634192e-04
3.341137136832e-04
1.335115867714e-03
1.001671498399e-03
1.001671498399e-03
1.125854706195e-02
1.001671498399e-03
3.332220738520e-03
3.000111781815e-03
1.335115867714e-03
3.000111781815e-03
1.125854706195e-02
2.859205702331e-02
1.335115867714e-03
3.000111781815e-03
1.001671498399e-03
6.680041634192e-04
3.341137136832e-04
3.341137136832e-04
3.341137136832e-04
6.680041634192e-04
6.680041634192e-04
1.001671498399e-03
3.341137136832e-04
3.000111781815e-03
6.680041634192e-04
3.341137136832e-04
3.341137136832e-04
3.341137136832e-04
1.001671498399e-03
1.001671498399e-03
6.680041634192e-04
1.839766342812e-02
3.341137136832e-04
3.341137136832e-04
3.000111781815e-03
1.001671498399e-03
3.341137136832e-04
4.327216655839e-03
1.001671498399e-03
3.341137136832e-04
1.001671498399e-03
3.341137136832e-04
3.341137136832e-04
3.341137136832e-04
6.680041634192e-04
3.341137136832e-04
3.341137136832e-04
6.680041634192e-04
3.000111781815e-03
3.341137136832e-04
2.001336305216e-03
1.001671498399e-03
3.341137136832e-04
1.001671498399e-03
3.341137136832e-04
6.680041634192e-04
3.341137136832e-04
1.191150971274e-02
6.680041634192e-04
2.160620235648e-02
3.341137136832e-04
3.341137136832e-04
1.001671498399e-03
3.000111781815e-03
1.001671498399e-03
6.680041634192e-04
3.341137136832e-04
3.341137136832e-04
6.680041634192e-04
4.327216655839e-03
3.341137136832e-04
1.001671498399e-03
3.341137136832e-04
3.341137136832e-04
3.000111781815e-03
6.680041634192e-04
3.341137136832e-04
3.341137136832e-04
2.001336305216e-03
1.001671498399e-03
3.341137136832e-04
1.001671498399e-03
6.680041634192e-04
1.839766342812e-02
3.341137136832e-04
3.341137136832e-04
4.658438804668e-03
1.335115867714e-03
3.341137136832e-04
1.001671498399e-03
3.341137136832e-04
3.000111781815e-03
3.341137136832e-04
6.680041634192e-04
3.341137136832e-04
3.341137136832e-04
6.680041634192e-04
1.001671498399e-03
3.000111781815e-03
3.341137136832e-04
2.001336305216e-03
1.001671498399e-03
3.341137136832e-04
1.001671498399e-03
3.341137136832e-04
3.341137136832e-04
6.680041634192e-04
1.191150971274e-02
6.680041634192e-04
3.341137136832e-04
3.341137136832e-04
3.000111781815e-03
1.001671498399e-03
3.341137136832e-04
4.658438804668e-03
3.995773027286e-03
6.680041634192e-04
3.341137136832e-04
3.341137136832e-04
1.001671498399e-03
3.000111781815e-03
1.668337420355e-03
1.001671498399e-03
1.001671498399e-03
3.341137136832e-04
1.191150971274e-02
1.001671498399e-03
2.160620235648e-02
3.341137136832e-04
3.341137136832e-04
1.001671498399e-03
3.000111781815e-03
1.001671498399e-03
6.680041634192e-04
3.341137136832e-04
3.341137136832e-04
6.680041634192e-04
4.327216655839e-03
3.341137136832e-04
1.001671498399e-03
3.341137136832e-04
3.341137136832e-04
3.000111781815e-03
6.680041634192e-04
3.341137136832e-04
2.001336305216e-03
1.001671498399e-03
3.341137136832e-04
1.001671498399e-03
6.680041634192e-04
1.839766342812e-02
3.341137136832e-04
3.341137136832e-04
3.000111781815e-03
1.001671498399e-03
3.341137136832e-04
3.341137136832e-04
3.341137136832e-04
4.327216655839e-03
1.001671498399e-03
3.341137136832e-04
1.001671498399e-03
3.341137136832e-04
3.341137136832e-04
6.680041634192e-04
3.341137136832e-04
3.341137136832e-04
6.680041634192e-04
3.000111781815e-03
3.341137136832e-04
2.001336305216e-03
1.001671498399e-03
3.341137136832e-04
1.001671498399e-03
3.341137136832e-04
6.680041634192e-04
1.191150971274e-02
6.680041634192e-04
2.732991837095e-02
3.341137136832e-04
3.341137136832e-04
3.000111781815e-03
1.001671498399e-03
1.001671498399e-03
3.341137136832e-04
3.341137136832e-04
6.680041634192e-04
4.327216655839e-03
3.341137136832e-04
1.001671498399e-03
3.341137136832e-04
3.341137136832e-04
6.680041634192e-04
3.341137136832e-04
2.001336305216e-03
1.001671498399e-03
3.341137136832e-04
1.001671498399e-03
1.839766342812e-02
3.341137136832e-04
3.341137136832e-04
3.664107770912e-03
3.341137136832e-04
3.341137136832e-04
1.001671498399e-03
3.341137136832e-04
3.341137136832e-04
1.668337420355e-03
1.001671498399e-03
6.680041634192e-04
3.341137136832e-04
1.335115867714e-03
1.001671498399e-03
1.125854706195e-02
1.001671498399e-03
4.327216655839e-03
3.000111781815e-03
1.335115867714e-03
1.125854706195e-02
2.669758239993e-02
1.335115867714e-03
3.000111781815e-03
6.680041634192e-04
3.341137136832e-04
3.341137136832e-04
3.341137136832e-04
6.680041634192e-04
1.001671498399e-03
3.000111781815e-03
6.680041634192e-04
3.341137136832e-04
3.341137136832e-04
1.001671498399e-03
1.001671498399e-03
6.680041634192e-04
1.001671498399e-03
3.341137136832e-04
1.839766342812e-02
8.945339312535e-03
1.335115867714e-03
3.000111781815e-03
1.001671498399e-03
3.341137136832e-04
1.335115867714e-03
3.341137136832e-04
6.680041634192e-04
1.001671498399e-03
3.341137136832e-04
2.001336305216e-03
1.001671498399e-03
3.341137136832e-04
3.341137136832e-04
1.001671498399e-03
6.680041634192e-04
3.341137136832e-04
3.341137136832e-04
1.191150971274e-02
2.096620922317e-02
1.001671498399e-03
3.341137136832e-04
3.341137136832e-04
3.000111781815e-03
6.680041634192e-04
3.341137136832e-04
3.341137136832e-04
6.680041634192e-04
1.001671498399e-03
3.664107770912e-03
1.001671498399e-03
3.000111781815e-03
6.680041634192e-04
3.341137136832e-04
2.001336305216e-03
1.001671498399e-03
3.341137136832e-04
1.001671498399e-03
6.680041634192e-04
3.341137136832e-04
1.839766342812e-02
8.945339312535e-03
3.341137136832e-04
3.341137136832e-04
4.327216655839e-03
3.341137136832e-04
6.680041634192e-04
1.001671498399e-03
3.341137136832e-04
1.001671498399e-03
2.001336305216e-03
1.001671498399e-03
3.341137136832e-04
3.341137136832e-04
1.001671498399e-03
3.341137136832e-04
6.680041634192e-04
1.191150971274e-02
1.775337792543e-02
6.680041634192e-04
3.341137136832e-04
1.668337420355e-03
1.001671498399e-03
1.001671498399e-03
1.335115867714e-03
1.001671498399e-03
1.775337792543e-02
2.160727401540e-02
6.680041634192e-04
3.341137136832e-04
1.668337420355e-03
1.001671498399e-03
1.335115867714e-03
1.335115867714e-03
1.775337792543e-02
3.995773027286e-03
3.000111781815e-03
3.341137136832e-04
1.335115867714e-03
3.000111781815e-03
3.000111781815e-03
1.775337792543e-02
3.341137136832e-04
3.664107770912e-03
3.341137136832e-04
3.000111781815e-03
3.000111781815e-03
1.335115867714e-03
3.000111781815e-03
1.775337792543e-02
3.341137136832e-04
3.000111781815e-03
1.001671498399e-03
3.341137136832e-04
3.341137136832e-04
1.001671498399e-03
3.664107770912e-03
3.000111781815e-03
6.680041634192e-04
3.341137136832e-04
3.341137136832e-04
3.341137136832e-04
1.001671498399e-03
3.000111781815e-03
1.001671498399e-03
3.341137136832e-04
1.335115867714e-03
1.191150971274e-02
1.001671498399e-03
7.630598912197e-03
3.341137136832e-04
3.341137136832e-04
3.000111781815e-03
1.001671498399e-03
3.341137136832e-04
1.001671498399e-03
6.680041634192e-04
3.341137136832e-04
4.327216655839e-03
3.341137136832e-04
1.001671498399e-03
3.341137136832e-04
3.341137136832e-04
3.000111781815e-03
1.668337420355e-03
1.001671498399e-03
1.001671498399e-03
3.341137136832e-04
1.001671498399e-03
1.839766342812e-02
3.341137136832e-04
3.000111781815e-03
1.001671498399e-03
3.341137136832e-04
3.341137136832e-04
1.001671498399e-03
3.341137136832e-04
3.341137136832e-04
3.341137136832e-04
4.327216655839e-03
3.341137136832e-04
1.001671498399e-03
3.341137136832e-04
3.341137136832e-04
6.680041634192e-04
3.341137136832e-04
3.341137136832e-04
3.341137136832e-04
6.680041634192e-04
3.000111781815e-03
3.341137136832e-04
3.341137136832e-04
1.001671498399e-03
3.341137136832e-04
1.001671498399e-03
6.680041634192e-04
1.191150971274e-02
6.680041634192e-04
7.959613650400e-03
6.971909277627e-03
3.341137136832e-04
3.341137136832e-04
3.000111781815e-03
1.001671498399e-03
3.341137136832e-04
6.680041634192e-04
3.341137136832e-04
2.667780752400e-03
4.327216655839e-03
3.341137136832e-04
1.001671498399e-03
3.341137136832e-04
3.341137136832e-04
1.668337420355e-03
1.001671498399e-03
1.001671498399e-03
3.341137136832e-04
1.839766342812e-02
3.341137136832e-04
3.341137136832e-04
3.664107770912e-03
3.341137136832e-04
3.341137136832e-04
1.001671498399e-03
3.341137136832e-04
3.341137136832e-04
6.680041634192e-04
3.341137136832e-04
1.335115867714e-03
1.001671498399e-03
1.001671498399e-03
1.125854706195e-02
1.001671498399e-03
3.332220738520e-03
3.000111781815e-03
1.335115867714e-03
3.000111781815e-03
1.125854706195e-02
7.959613650400e-03
3.341137136832e-04
3.000111781815e-03
1.001671498399e-03
6.680041634192e-04
3.341137136832e-04
3.341137136832e-04
3.341137136832e-04
6.680041634192e-04
3.341137136832e-04
1.001671498399e-03
3.341137136832e-04
3.000111781815e-03
6.680041634192e-04
3.341137136832e-04
3.341137136832e-04
3.341137136832e-04
1.001671498399e-03
1.001671498399e-03
6.680041634192e-04
1.839766342812e-02
3.341137136832e-04
3.000111781815e-03
1.001671498399e-03
3.341137136832e-04
4.327216655839e-03
3.341137136832e-04
1.001671498399e-03
3.341137136832e-04
3.341137136832e-04
3.341137136832e-04
6.680041634192e-04
3.341137136832e-04
3.341137136832e-04
6.680041634192e-04
3.000111781815e-03
3.341137136832e-04
2.001336305216e-03
1.001671498399e-03
3.341137136832e-04
1.001671498399e-03
3.341137136832e-04
6.680041634192e-04
3.341137136832e-04
1.191150971274e-02
6.680041634192e-04
3.341137136832e-04
3.341137136832e-04
3.000111781815e-03
1.001671498399e-03
6.680041634192e-04
3.341137136832e-04
3.341137136832e-04
6.680041634192e-04
4.327216655839e-03
3.341137136832e-04
1.001671498399e-03
3.341137136832e-04
3.000111781815e-03
6.680041634192e-04
3.341137136832e-04
3.341137136832e-04
2.001336305216e-03
1.001671498399e-03
3.341137136832e-04
1.001671498399e-03
6.680041634192e-04
1.839766342812e-02
3.341137136832e-04
3.341137136832e-04
4.327216655839e-03
3.341137136832e-04
3.341137136832e-04
1.001671498399e-03
3.341137136832e-04
3.000111781815e-03
3.341137136832e-04
6.680041634192e-04
3.341137136832e-04
3.341137136832e-04
6.680041634192e-04
1.001671498399e-03
3.000111781815e-03
3.341137136832e-04
2.001336305216e-03
1.001671498399e-03
3.341137136832e-04
1.001671498399e-03
3.341137136832e-04
3.341137136832e-04
6.680041634192e-04
1.191150971274e-02
6.680041634192e-04
3.341137136832e-04
3.000111781815e-03
1.001671498399e-03
3.341137136832e-04
3.664107770912e-03
3.000111781815e-03
6.680041634192e-04
3.341137136832e-04
3.341137136832e-04
1.001671498399e-03
3.000111781815e-03
1.668337420355e-03
1.001671498399e-03
1.001671498399e-03
3.341137136832e-04
1.191150971274e-02
1.001671498399e-03
3.341137136832e-04
3.341137136832e-04
3.000111781815e-03
1.001671498399e-03
6.680041634192e-04
3.341137136832e-04
3.341137136832e-04
6.680041634192e-04
4.327216655839e-03
3.341137136832e-04
1.001671498399e-03
3.341137136832e-04
3.000111781815e-03
6.680041634192e-04
3.341137136832e-04
2.001336305216e-03
1.001671498399e-03
3.341137136832e-04
1.001671498399e-03
6.680041634192e-04
1.839766342812e-02
3.341137136832e-04
3.000111781815e-03
1.001671498399e-03
3.341137136832e-04
3.341137136832e-04
3.341137136832e-04
4.327216655839e-03
3.341137136832e-04
1.001671498399e-03
3.341137136832e-04
3.341137136832e-04
6.680041634192e-04
3.341137136832e-04
3.341137136832e-04
6.680041634192e-04
3.000111781815e-03
3.341137136832e-04
2.001336305216e-03
1.001671498399e-03
3.341137136832e-04
1.001671498399e-03
3.341137136832e-04
6.680041634192e-04
1.191150971274e-02
6.680041634192e-04
7.959613650400e-03
3.341137136832e-04
3.341137136832e-04
3.000111781815e-03
1.001671498399e-03
1.001671498399e-03
3.341137136832e-04
3.341137136832e-04
6.680041634192e-04
4.327216655839e-03
3.341137136832e-04
1.001671498399e-03
3.341137136832e-04
6.680041634192e-04
3.341137136832e-04
2.001336305216e-03
1.001671498399e-03
3.341137136832e-04
1.001671498399e-03
1.839766342812e-02
3.341137136832e-04
3.341137136832e-04
3.664107770912e-03
3.341137136832e-04
3.341137136832e-04
1.001671498399e-03
3.341137136832e-04
3.341137136832e-04
1.668337420355e-03
1.001671498399e-03
6.680041634192e-04
3.341137136832e-04
1.335115867714e-03
1.001671498399e-03
1.125854706195e-02
1.001671498399e-03
3.332220738520e-03
2.667780752400e-03
1.335115867714e-03
1.125854706195e-02
6.971909277627e-03
3.341137136832e-04
3.000111781815e-03
6.680041634192e-04
3.341137136832e-04
3.341137136832e-04
3.341137136832e-04
6.680041634192e-04
1.001671498399e-03
3.000111781815e-03
6.680041634192e-04
3.341137136832e-04
3.341137136832e-04
1.001671498399e-03
1.001671498399e-03
6.680041634192e-04
1.001671498399e-03
3.341137136832e-04
1.839766342812e-02
7.959613650400e-03
3.000111781815e-03
1.001671498399e-03
3.341137136832e-04
3.341137136832e-04
6.680041634192e-04
1.001671498399e-03
3.341137136832e-04
2.001336305216e-03
1.001671498399e-03
3.341137136832e-04
3.341137136832e-04
1.001671498399e-03
6.680041634192e-04
3.341137136832e-04
3.341137136832e-04
1.191150971274e-02
3.341137136832e-04
3.341137136832e-04
3.000111781815e-03
6.680041634192e-04
3.341137136832e-04
3.341137136832e-04
6.680041634192e-04
1.001671498399e-03
3.664107770912e-03
1.001671498399e-03
3.000111781815e-03
6.680041634192e-04
3.341137136832e-04
2.001336305216e-03
1.001671498399e-03
3.341137136832e-04
1.001671498399e-03
6.680041634192e-04
3.341137136832e-04
1.839766342812e-02
7.630598912197e-03
3.341137136832e-04
3.341137136832e-04
3.000111781815e-03
3.341137136832e-04
6.680041634192e-04
1.001671498399e-03
3.341137136832e-04
1.001671498399e-03
2.001336305216e-03
1.001671498399e-03
3.341137136832e-04
3.341137136832e-04
1.001671498399e-03
3.341137136832e-04
6.680041634192e-04
1.191150971274e-02
6.680041634192e-04
3.341137136832e-04
1.668337420355e-03
1.001671498399e-03
1.001671498399e-03
1.335115867714e-03
1.001671498399e-03
1.775337792543e-02
3.995773027286e-03
6.680041634192e-04
3.341137136832e-04
1.668337420355e-03
1.001671498399e-03
1.335115867714e-03
1.335115867714e-03
1.775337792543e-02
3.995773027286e-03
3.000111781815e-03
3.341137136832e-04
1.335115867714e-03
3.000111781815e-03
3.000111781815e-03
1.775337792543e-02
3.341137136832e-04
3.664107770912e-03
3.341137136832e-04
3.000111781815e-03
3.000111781815e-03
1.335115867714e-03
3.000111781815e-03
1.775337792543e-02
3.341137136832e-04
3.000111781815e-03
1.001671498399e-03
3.341137136832e-04
3.341137136832e-04
1.001671498399e-03
3.664107770912e-03
3.000111781815e-03
6.680041634192e-04
3.341137136832e-04
3.341137136832e-04
3.341137136832e-04
1.001671498399e-03
3.000111781815e-03
1.001671498399e-03
3.341137136832e-04
1.335115867714e-03
1.191150971274e-02
1.001671498399e-03
7.630598912197e-03
3.341137136832e-04
3.341137136832e-04
3.000111781815e-03
1.001671498399e-03
3.341137136832e-04
1.001671498399e-03
6.680041634192e-04
3.341137136832e-04
4.327216655839e-03
3.341137136832e-04
1.001671498399e-03
3.341137136832e-04
3.341137136832e-04
3.000111781815e-03
1.668337420355e-03
1.001671498399e-03
1.001671498399e-03
3.341137136832e-04
1.001671498399e-03
1.839766342812e-02
3.341137136832e-04
3.000111781815e-03
1.001671498399e-03
3.341137136832e-04
3.341137136832e-04
1.001671498399e-03
3.341137136832e-04
3.341137136832e-04
3.341137136832e-04
4.327216655839e-03
3.341137136832e-04
1.001671498399e-03
3.341137136832e-04
3.341137136832e-04
6.680041634192e-04
3.341137136832e-04
3.341137136832e-04
3.341137136832e-04
6.680041634192e-04
3.000111781815e-03
3.341137136832e-04
3.341137136832e-04
1.001671498399e-03
3.341137136832e-04
1.001671498399e-03
6.680041634192e-04
1.191150971274e-02
6.680041634192e-04
7.959613650400e-03
6.971909277627e-03
3.341137136832e-04
3.341137136832e-04
3.000111781815e-03
1.001671498399e-03
3.341137136832e-04
6.680041634192e-04
3.341137136832e-04
2.667780752400e-03
4.327216655839e-03
3.341137136832e-04
1.001671498399e-03
3.341137136832e-04
3.341137136832e-04
1.668337420355e-03
1.001671498399e-03
1.001671498399e-03
3.341137136832e-04
1.839766342812e-02
3.341137136832e-04
3.341137136832e-04
3.664107770912e-03
3.341137136832e-04
3.341137136832e-04
1.001671498399e-03
3.341137136832e-04
3.341137136832e-04
6.680041634192e-04
3.341137136832e-04
1.335115867714e-03
1.001671498399e-03
1.001671498399e-03
1.125854706195e-02
1.001671498399e-03
3.332220738520e-03
3.000111781815e-03
1.335115867714e-03
3.000111781815e-03
1.125854706195e-02
7.959613650400e-03
3.341137136832e-04
3.000111781815e-03
1.001671498399e-03
6.680041634192e-04
3.341137136832e-04
3.341137136832e-04
3.341137136832e-04
6.680041634192e-04
3.341137136832e-04
1.001671498399e-03
3.341137136832e-04
3.000111781815e-03
6.680041634192e-04
3.341137136832e-04
3.341137136832e-04
3.341137136832e-04
1.001671498399e-03
1.001671498399e-03
6.680041634192e-04
1.839766342812e-02
3.341137136832e-04
3.000111781815e-03
1.001671498399e-03
3.341137136832e-04
4.327216655839e-03
3.341137136832e-04
1.001671498399e-03
3.341137136832e-04
3.341137136832e-04
3.341137136832e-04
6.680041634192e-04
3.341137136832e-04
3.341137136832e-04
6.680041634192e-04
3.000111781815e-03
3.341137136832e-04
2.001336305216e-03
1.001671498399e-03
3.341137136832e-04
1.001671498399e-03
3.341137136832e-04
6.680041634192e-04
3.341137136832e-04
1.191150971274e-02
6.680041634192e-04
3.341137136832e-04
3.341137136832e-04
3.000111781815e-03
1.001671498399e-03
6.680041634192e-04
3.341137136832e-04
3.341137136832e-04
6.680041634192e-04
4.327216655839e-03
3.341137136832e-04
1.001671498399e-03
3.341137136832e-04
3.000111781815e-03
6.680041634192e-04
3.341137136832e-04
3.341137136832e-04
2.001336305216e-03
1.001671498399e-03
3.341137136832e-04
1.001671498399e-03
6.680041634192e-04
1.839766342812e-02
3.341137136832e-04
3.341137136832e-04
4.327216655839e-03
3.341137136832e-04
3.341137136832e-04
1.001671498399e-03
3.341137136832e-04
3.000111781815e-03
3.341137136832e-04
6.680041634192e-04
3.341137136832e-04
3.341137136832e-04
6.680041634192e-04
1.001671498399e-03
3.000111781815e-03
3.341137136832e-04
2.001336305216e-03
1.001671498399e-03
3.341137136832e-04
1.001671498399e-03
3.341137136832e-04
3.341137136832e-04
6.680041634192e-04
1.191150971274e-02
6.680041634192e-04
3.341137136832e-04
3.000111781815e-03
1.001671498399e-03
3.341137136832e-04
3.664107770912e-03
3.000111781815e-03
6.680041634192e-04
3.341137136832e-04
3.341137136832e-04
1.001671498399e-03
3.000111781815e-03
1.668337420355e-03
1.001671498399e-03
1.001671498399e-03
3.341137136832e-04
1.191150971274e-02
1.001671498399e-03
3.341137136832e-04
3.341137136832e-04
3.000111781815e-03
1.001671498399e-03
6.680041634192e-04
3.341137136832e-04
3.341137136832e-04
6.680041634192e-04
4.327216655839e-03
3.341137136832e-04
1.001671498399e-03
3.341137136832e-04
3.000111781815e-03
6.680041634192e-04
3.341137136832e-04
2.001336305216e-03
1.001671498399e-03
3.341137136832e-04
1.001671498399e-03
6.680041634192e-04
1.839766342812e-02
3.341137136832e-04
3.000111781815e-03
1.001671498399e-03
3.341137136832e-04
3.341137136832e-04
3.341137136832e-04
4.327216655839e-03
3.341137136832e-04
1.001671498399e-03
3.341137136832e-04
3.341137136832e-04
6.680041634192e-04
3.341137136832e-04
3.341137136832e-04
6.680041634192e-04
3.000111781815e-03
3.341137136832e-04
2.001336305216e-03
1.001671498399e-03
3.341137136832e-04
1.001671498399e-03
3.341137136832e-04
6.680041634192e-04
1.191150971274e-02
6.680041634192e-04
7.959613650400e-03
3.341137136832e-04
3.341137136832e-04
3.000111781815e-03
1.001671498399e-03
1.001671498399e-03
3.341137136832e-04
3.341137136832e-04
6.680041634192e-04
4.327216655839e-03
3.341137136832e-04
1.001671498399e-03
3.341137136832e-04
6.680041634192e-04
3.341137136832e-04
2.001336305216e-03
1.001671498399e-03
3.341137136832e-04
1.001671498399e-03
1.839766342812e-02
3.341137136832e-04
3.341137136832e-04
3.664107770912e-03
3.341137136832e-04
3.341137136832e-04
1.001671498399e-03
3.341137136832e-04
3.341137136832e-04
1.668337420355e-03
1.001671498399e-03
6.680041634192e-04
3.341137136832e-04
1.335115867714e-03
1.001671498399e-03
1.125854706195e-02
1.001671498399e-03
3.332220738520e-03
2.667780752400e-03
1.335115867714e-03
1.125854706195e-02
6.971909277627e-03
3.341137136832e-04
3.000111781815e-03
6.680041634192e-04
3.341137136832e-04
3.341137136832e-04
3.341137136832e-04
6.680041634192e-04
1.001671498399e-03
3.000111781815e-03
6.680041634192e-04
3.341137136832e-04
3.341137136832e-04
1.001671498399e-03
1.001671498399e-03
6.680041634192e-04
1.001671498399e-03
3.341137136832e-04
1.839766342812e-02
7.959613650400e-03
3.000111781815e-03
1.001671498399e-03
3.341137136832e-04
3.341137136832e-04
6.680041634192e-04
1.001671498399e-03
3.341137136832e-04
2.001336305216e-03
1.001671498399e-03
3.341137136832e-04
3.341137136832e-04
1.001671498399e-03
6.680041634192e-04
3.341137136832e-04
3.341137136832e-04
1.191150971274e-02
3.341137136832e-04
3.341137136832e-04
3.000111781815e-03
6.680041634192e-04
3.341137136832e-04
3.341137136832e-04
6.680041634192e-04
1.001671498399e-03
3.664107770912e-03
1.001671498399e-03
3.000111781815e-03
6.680041634192e-04
3.341137136832e-04
2.001336305216e-03
1.001671498399e-03
3.341137136832e-04
1.001671498399e-03
6.680041634192e-04
3.341137136832e-04
1.839766342812e-02
7.630598912197e-03
3.341137136832e-04
3.341137136832e-04
3.000111781815e-03
3.341137136832e-04
6.680041634192e-04
1.001671498399e-03
3.341137136832e-04
1.001671498399e-03
2.001336305216e-03
1.001671498399e-03
3.341137136832e-04
3.341137136832e-04
1.001671498399e-03
3.341137136832e-04
6.680041634192e-04
1.191150971274e-02
6.680041634192e-04
3.341137136832e-04
1.668337420355e-03
1.001671498399e-03
1.001671498399e-03
1.335115867714e-03
1.001671498399e-03
1.775337792543e-02
3.995773027286e-03
6.680041634192e-04
3.341137136832e-04
1.668337420355e-03
1.001671498399e-03
1.335115867714e-03
1.335115867714e-03
1.775337792543e-02
2.160727401540e-02
3.000111781815e-03
3.341137136832e-04
4.327216655839e-03
3.000111781815e-03
1.775337792543e-02
3.341137136832e-04
3.664107770912e-03
3.341137136832e-04
3.000111781815e-03
3.000111781815e-03
1.335115867714e-03
3.000111781815e-03
3.341137136832e-04
3.000111781815e-03
1.001671498399e-03
3.341137136832e-04
3.341137136832e-04
1.001671498399e-03
3.664107770912e-03
3.000111781815e-03
1.335115867714e-03
1.001671498399e-03
3.341137136832e-04
3.000111781815e-03
1.335115867714e-03
1.288931837158e-02
8.945339312535e-03
2.096620922317e-02
3.341137136832e-04
3.341137136832e-04
1.001671498399e-03
3.000111781815e-03
1.001671498399e-03
1.335115867714e-03
4.327216655839e-03
3.341137136832e-04
1.001671498399e-03
3.341137136832e-04
3.341137136832e-04
3.000111781815e-03
2.334112671089e-03
3.341137136832e-04
3.000111781815e-03
1.001671498399e-03
3.341137136832e-04
3.341137136832e-04
1.335115867714e-03
3.341137136832e-04
3.341137136832e-04
4.327216655839e-03
1.001671498399e-03
3.341137136832e-04
3.341137136832e-04
3.341137136832e-04
1.001671498399e-03
1.001671498399e-03
3.341137136832e-04
3.000111781815e-03
3.341137136832e-04
1.001671498399e-03
1.001671498399e-03
1.288931837158e-02
8.945339312535e-03
2.669758239993e-02
3.341137136832e-04
3.341137136832e-04
3.995773027286e-03
1.001671498399e-03
3.000111781815e-03
4.327216655839e-03
3.341137136832e-04
1.001671498399e-03
3.341137136832e-04
3.341137136832e-04
2.334112671089e-03
3.341137136832e-04
3.341137136832e-04
4.658438804668e-03
6.680041634192e-04
6.680041634192e-04
1.001671498399e-03
2.001336305216e-03
1.256360000000e-02
4.327216655839e-03
3.000111781815e-03
1.335115867714e-03
3.000111781815e-03
1.125854706195e-02
2.732991837095e-02
1.335115867714e-03
3.000111781815e-03
1.335115867714e-03
1.001671498399e-03
3.341137136832e-04
1.335115867714e-03
3.000111781815e-03
2.666666666667e-03
3.341137136832e-04
3.341137136832e-04
3.000111781815e-03
1.001671498399e-03
3.341137136832e-04
4.658438804668e-03
1.001671498399e-03
3.341137136832e-04
3.341137136832e-04
3.341137136832e-04
1.001671498399e-03
1.001671498399e-03
3.000111781815e-03
3.341137136832e-04
1.335115867714e-03
2.998998440544e-03
1.001671498399e-03
1.288931837158e-02
2.160620235648e-02
3.341137136832e-04
3.341137136832e-04
1.001671498399e-03
3.000111781815e-03
1.001671498399e-03
1.001671498399e-03
4.327216655839e-03
3.341137136832e-04
1.001671498399e-03
3.341137136832e-04
3.000111781815e-03
2.666666666667e-03
3.341137136832e-04
3.341137136832e-04
3.341137136832e-04
4.327216655839e-03
1.335115867714e-03
3.341137136832e-04
3.341137136832e-04
3.000111781815e-03
3.341137136832e-04
1.001671498399e-03
2.001336305216e-03
3.000111781815e-03
3.341137136832e-04
1.001671498399e-03
2.998998440544e-03
1.001671498399e-03
1.321481908920e-02
3.341137136832e-04
3.000111781815e-03
1.001671498399e-03
3.341137136832e-04
3.664107770912e-03
3.000111781815e-03
1.335115867714e-03
1.001671498399e-03
3.000111781815e-03
2.666666666667e-03
1.335115867714e-03
1.288931837158e-02
2.160620235648e-02
3.341137136832e-04
3.341137136832e-04
1.001671498399e-03
3.000111781815e-03
1.001671498399e-03
1.001671498399e-03
4.327216655839e-03
3.341137136832e-04
1.001671498399e-03
3.341137136832e-04
3.000111781815e-03
2.666666666667e-03
3.341137136832e-04
3.000111781815e-03
1.001671498399e-03
3.341137136832e-04
3.341137136832e-04
3.341137136832e-04
4.327216655839e-03
1.001671498399e-03
3.341137136832e-04
3.341137136832e-04
3.341137136832e-04
1.001671498399e-03
1.001671498399e-03
3.000111781815e-03
3.341137136832e-04
1.001671498399e-03
2.998998440544e-03
1.001671498399e-03
1.288931837158e-02
2.859205702331e-02
3.341137136832e-04
3.341137136832e-04
3.995773027286e-03
1.001671498399e-03
1.335115867714e-03
4.327216655839e-03
3.341137136832e-04
1.001671498399e-03
3.341137136832e-04
2.666666666667e-03
3.341137136832e-04
3.341137136832e-04
4.658438804668e-03
6.680041634192e-04
6.680041634192e-04
1.001671498399e-03
2.666666666667e-03
2.001336305216e-03
1.256360000000e-02
3.332220738520e-03
2.667780752400e-03
1.335115867714e-03
1.125854706195e-02
2.638109725900e-02
1.335115867714e-03
3.000111781815e-03
1.335115867714e-03
1.001671498399e-03
3.000111781815e-03
1.335115867714e-03
2.666666666667e-03
8.616983703704e-03
3.000111781815e-03
1.001671498399e-03
3.341137136832e-04
1.335115867714e-03
1.001671498399e-03
1.335115867714e-03
2.998998440544e-03
1.288931837158e-02
2.160620235648e-02
1.001671498399e-03
3.341137136832e-04
3.341137136832e-04
3.000111781815e-03
1.001671498399e-03
1.001671498399e-03
3.664107770912e-03
1.001671498399e-03
3.000111781815e-03
3.341137136832e-04
2.666666666667e-03
7.959613650400e-03
3.341137136832e-04
3.341137136832e-04
4.327216655839e-03
2.001336305216e-03
1.001671498399e-03
2.998998440544e-03
1.321481908920e-02
2.096620922317e-02
3.662995917074e-03
2.384051906236e-02
3.994661916419e-03
7.640000000000e-03
6.321764709036e-03
6.321764709036e-03
7.640000000000e-03
6.321764709036e-03
1.354010229832e-02
7.640000000000e-03
6.321764709036e-03
7.640000000000e-03
6.321764709036e-03
1.419001677233e-02
7.640000000000e-03
6.321764709036e-03
1.354010229832e-02
7.640000000000e-03
6.321764709036e-03
6.321764709036e-03
6.321764709036e-03
1.386516814428e-02
6.321764709036e-03
6.321764709036e-03
