1.911873511075e-02
1.911873511075e-02
2.492213333333e-02
1.911873511075e-02
2.998963057778e-02
5.333333333333e-03
4.732032641104e-02
4.488654718496e-02
2.679228112593e-02
1.060977777778e-02
5.333333333333e-03
2.998963057778e-02
5.333333333333e-03
2.492213333333e-02
5.333333333333e-03
2.169031111111e-02
1.971716512928e-02
1.192888888889e-02
2.998963057778e-02
5.333333333333e-03
4.112389069379e-02
1.971716512928e-02
5.333333333333e-03
2.492213333333e-02
5.333333333333e-03
1.453891354038e-02
1.453891354038e-02
2.492213333333e-02
4.112389069379e-02
1.060977777778e-02
5.333333333333e-03
2.998963057778e-02
1.971716512928e-02
1.192888888889e-02
5.333333333333e-03
2.998963057778e-02
4.112389069379e-02
1.971716512928e-02
5.333333333333e-03
5.333333333333e-03
2.492213333333e-02
1.453891354038e-02
1.453891354038e-02
2.492213333333e-02
4.112389069379e-02
5.333333333333e-03
1.060977777778e-02
2.998963057778e-02
1.522666666667e-02
2.039758222222e-02
1.262033963928e-02
3.250307303057e-02
3.500307451828e-02
1.262033963928e-02
1.262033963928e-02
