1.342810471797e-02
1.342810471797e-02
1.753153173333e-02
1.342810471797e-02
2.113396296306e-02
3.733333333334e-03
3.354018236296e-02
3.178891917821e-02
1.886752465389e-02
7.438791111111e-03
3.733333333334e-03
2.113396296306e-02
3.733333333334e-03
1.753153173333e-02
3.733333333334e-03
1.524804337778e-02
1.386117454062e-02
8.365155555556e-03
2.113396296306e-02
3.733333333334e-03
2.910599552889e-02
1.386117454062e-02
3.733333333334e-03
1.753153173333e-02
3.733333333334e-03
1.020403130771e-02
1.020403130771e-02
1.753153173333e-02
2.910599552889e-02
7.438791111111e-03
3.733333333334e-03
2.113396296306e-02
1.386117454062e-02
8.365155555556e-03
3.733333333334e-03
2.113396296306e-02
2.910599552889e-02
1.386117454062e-02
3.733333333334e-03
3.733333333334e-03
1.753153173333e-02
1.020403130771e-02
1.020403130771e-02
1.753153173333e-02
2.910599552889e-02
3.733333333334e-03
7.438791111111e-03
2.113396296306e-02
1.068106666667e-02
1.433464803556e-02
8.843981882199e-03
2.292507918273e-02
2.470949603960e-02
8.843981882199e-03
8.843981882199e-03
