7.698948346247e-03
7.698948346247e-03
1.006733653333e-02
7.698948346247e-03
7.698948346247e-03
1.006733653333e-02
7.698948346247e-03
1.600854854021e-03
5.341887967684e-04
3.196584235515e-03
1.059076961332e-02
1.600854854021e-03
1.631452517133e-02
8.750313244444e-03
2.133333333333e-03
7.698948346247e-03
2.133333333333e-03
1.067806878196e-03
1.600854854021e-03
5.341887967684e-04
1.059076961332e-02
1.600854854021e-03
8.750313244444e-03
2.133333333333e-03
7.698948346247e-03
2.399359201959e-03
8.010691387757e-04
8.010691387757e-04
2.671657759361e-04
2.671657759361e-04
2.671657759361e-04
8.010691387757e-04
2.671657759361e-04
8.010691387757e-04
2.671657759361e-04
8.010691387757e-04
8.010691387757e-04
2.671657759361e-04
8.010691387757e-04
1.032912301372e-02
8.010691387757e-04
1.605593858997e-02
8.750313244444e-03
2.133333333333e-03
2.399359201959e-03
8.010691387757e-04
8.010691387757e-04
2.671657759361e-04
2.671657759361e-04
2.671657759361e-04
2.671657759361e-04
2.671657759361e-04
8.010691387757e-04
8.010691387757e-04
8.010691387757e-04
8.010691387757e-04
1.867165242699e-03
2.671657759361e-04
1.032912301372e-02
7.698948346247e-03
2.671657759361e-04
2.671657759361e-04
8.010691387757e-04
2.671657759361e-04
8.010691387757e-04
8.010691387757e-04
2.671657759361e-04
2.930984577117e-03
8.010691387757e-04
8.010691387757e-04
2.671657759361e-04
8.010691387757e-04
2.671657759361e-04
1.032912301372e-02
8.010691387757e-04
1.657297358171e-02
8.750313244444e-03
2.133333333333e-03
7.698948346247e-03
2.399359201959e-03
8.010691387757e-04
8.010691387757e-04
2.671657759361e-04
2.671657759361e-04
2.671657759361e-04
8.010691387757e-04
2.671657759361e-04
8.010691387757e-04
2.671657759361e-04
8.010691387757e-04
8.010691387757e-04
2.671657759361e-04
8.010691387757e-04
1.032912301372e-02
8.010691387757e-04
8.750313244444e-03
2.133333333333e-03
7.698948346247e-03
2.399359201959e-03
8.010691387757e-04
8.010691387757e-04
2.671657759361e-04
2.671657759361e-04
2.671657759361e-04
8.010691387757e-04
2.671657759361e-04
8.010691387757e-04
2.671657759361e-04
8.010691387757e-04
8.010691387757e-04
2.671657759361e-04
8.010691387757e-04
1.032912301372e-02
8.010691387757e-04
1.605593858997e-02
8.750313244444e-03
2.133333333333e-03
2.399359201959e-03
8.010691387757e-04
8.010691387757e-04
2.671657759361e-04
2.671657759361e-04
2.671657759361e-04
2.671657759361e-04
2.671657759361e-04
8.010691387757e-04
8.010691387757e-04
8.010691387757e-04
8.010691387757e-04
1.867165242699e-03
2.671657759361e-04
1.032912301372e-02
1.067806878196e-03
1.067806878196e-03
1.067806878196e-03
1.067806878196e-03
1.067806878196e-03
9.018790307785e-03
1.067806878196e-03
7.698948346247e-03
2.133333333333e-03
1.067806878196e-03
1.067806878196e-03
1.067806878196e-03
1.067806878196e-03
1.067806878196e-03
9.018790307785e-03
1.067806878196e-03
1.915056278102e-02
2.400071454096e-03
5.341887967684e-04
1.067806878196e-03
3.462752706678e-03
2.400071454096e-03
1.424195752343e-02
1.683128389495e-02
2.671657759361e-04
2.671657759361e-04
2.931696068300e-03
2.671657759361e-04
2.400071454096e-03
2.400071454096e-03
2.671657759361e-04
1.067806878196e-03
1.067806878196e-03
2.400071454096e-03
1.424195752343e-02
2.671657759361e-04
2.671657759361e-04
2.400071454096e-03
8.010691387757e-04
2.671657759361e-04
2.671657759361e-04
8.010691387757e-04
8.010691387757e-04
3.728068224586e-03
3.197295346526e-03
5.341887967684e-04
2.671657759361e-04
2.671657759361e-04
2.671657759361e-04
8.010691387757e-04
2.400071454096e-03
8.010691387757e-04
2.671657759361e-04
1.067806878196e-03
9.543343631068e-03
8.010691387757e-04
6.374145297986e-03
1.734749052514e-02
2.671657759361e-04
2.671657759361e-04
8.010691387757e-04
2.400071454096e-03
8.010691387757e-04
2.671657759361e-04
8.010691387757e-04
5.341887967684e-04
2.671657759361e-04
3.462752706678e-03
2.671657759361e-04
8.010691387757e-04
2.671657759361e-04
2.671657759361e-04
2.671657759361e-04
2.400071454096e-03
1.334402091225e-03
8.010691387757e-04
8.010691387757e-04
2.671657759361e-04
8.010691387757e-04
1.476093053189e-02
2.671657759361e-04
2.671657759361e-04
2.400071454096e-03
8.010691387757e-04
2.671657759361e-04
2.671657759361e-04
8.010691387757e-04
1.067806878196e-03
2.671657759361e-04
2.671657759361e-04
3.462752706678e-03
8.010691387757e-04
2.671657759361e-04
8.010691387757e-04
2.671657759361e-04
2.671657759361e-04
5.341887967684e-04
2.671657759361e-04
2.671657759361e-04
2.671657759361e-04
5.341887967684e-04
2.400071454096e-03
2.671657759361e-04
2.671657759361e-04
8.010691387757e-04
2.671657759361e-04
8.010691387757e-04
5.341887967684e-04
9.543343631068e-03
5.341887967684e-04
6.901524100740e-03
2.120287238477e-02
2.671657759361e-04
2.671657759361e-04
2.400071454096e-03
8.010691387757e-04
2.671657759361e-04
5.341887967684e-04
2.671657759361e-04
2.134045966253e-03
3.462752706678e-03
2.671657759361e-04
8.010691387757e-04
2.671657759361e-04
2.671657759361e-04
2.671657759361e-04
1.334402091225e-03
8.010691387757e-04
8.010691387757e-04
2.671657759361e-04
1.476093053189e-02
2.671657759361e-04
2.671657759361e-04
2.931696068300e-03
2.671657759361e-04
2.671657759361e-04
8.010691387757e-04
2.671657759361e-04
2.671657759361e-04
5.341887967684e-04
2.671657759361e-04
1.067806878196e-03
8.010691387757e-04
8.010691387757e-04
9.018790307785e-03
8.010691387757e-04
2.665954796127e-03
2.400071454096e-03
1.067806878196e-03
2.400071454096e-03
9.018790307785e-03
2.299085909474e-02
1.067806878196e-03
2.400071454096e-03
8.010691387757e-04
5.341887967684e-04
2.671657759361e-04
2.671657759361e-04
2.671657759361e-04
5.341887967684e-04
5.341887967684e-04
8.010691387757e-04
2.671657759361e-04
2.400071454096e-03
5.341887967684e-04
2.671657759361e-04
2.671657759361e-04
2.671657759361e-04
8.010691387757e-04
8.010691387757e-04
5.341887967684e-04
1.476093053189e-02
2.671657759361e-04
2.671657759361e-04
2.400071454096e-03
8.010691387757e-04
2.671657759361e-04
3.462752706678e-03
8.010691387757e-04
2.671657759361e-04
8.010691387757e-04
2.671657759361e-04
2.671657759361e-04
2.671657759361e-04
5.341887967684e-04
2.671657759361e-04
2.671657759361e-04
5.341887967684e-04
2.400071454096e-03
2.671657759361e-04
1.600854854021e-03
8.010691387757e-04
2.671657759361e-04
8.010691387757e-04
2.671657759361e-04
5.341887967684e-04
2.671657759361e-04
9.543343631068e-03
5.341887967684e-04
1.734749052514e-02
2.671657759361e-04
2.671657759361e-04
8.010691387757e-04
2.400071454096e-03
8.010691387757e-04
5.341887967684e-04
2.671657759361e-04
2.671657759361e-04
5.341887967684e-04
3.462752706678e-03
2.671657759361e-04
8.010691387757e-04
2.671657759361e-04
2.671657759361e-04
2.400071454096e-03
5.341887967684e-04
2.671657759361e-04
2.671657759361e-04
1.600854854021e-03
8.010691387757e-04
2.671657759361e-04
8.010691387757e-04
5.341887967684e-04
1.476093053189e-02
2.671657759361e-04
2.671657759361e-04
3.728068224586e-03
1.067806878196e-03
2.671657759361e-04
8.010691387757e-04
2.671657759361e-04
2.400071454096e-03
2.671657759361e-04
5.341887967684e-04
2.671657759361e-04
2.671657759361e-04
5.341887967684e-04
8.010691387757e-04
2.400071454096e-03
2.671657759361e-04
1.600854854021e-03
8.010691387757e-04
2.671657759361e-04
8.010691387757e-04
2.671657759361e-04
2.671657759361e-04
5.341887967684e-04
9.543343631068e-03
5.341887967684e-04
2.671657759361e-04
2.671657759361e-04
2.400071454096e-03
8.010691387757e-04
2.671657759361e-04
3.728068224586e-03
3.197295346526e-03
5.341887967684e-04
2.671657759361e-04
2.671657759361e-04
8.010691387757e-04
2.400071454096e-03
1.334402091225e-03
8.010691387757e-04
8.010691387757e-04
2.671657759361e-04
9.543343631068e-03
8.010691387757e-04
1.734749052514e-02
2.671657759361e-04
2.671657759361e-04
8.010691387757e-04
2.400071454096e-03
8.010691387757e-04
5.341887967684e-04
2.671657759361e-04
2.671657759361e-04
5.341887967684e-04
3.462752706678e-03
2.671657759361e-04
8.010691387757e-04
2.671657759361e-04
2.671657759361e-04
2.400071454096e-03
5.341887967684e-04
2.671657759361e-04
1.600854854021e-03
8.010691387757e-04
2.671657759361e-04
8.010691387757e-04
5.341887967684e-04
1.476093053189e-02
2.671657759361e-04
2.671657759361e-04
2.400071454096e-03
8.010691387757e-04
2.671657759361e-04
2.671657759361e-04
2.671657759361e-04
3.462752706678e-03
8.010691387757e-04
2.671657759361e-04
8.010691387757e-04
2.671657759361e-04
2.671657759361e-04
5.341887967684e-04
2.671657759361e-04
2.671657759361e-04
5.341887967684e-04
2.400071454096e-03
2.671657759361e-04
1.600854854021e-03
8.010691387757e-04
2.671657759361e-04
8.010691387757e-04
2.671657759361e-04
5.341887967684e-04
9.543343631068e-03
5.341887967684e-04
2.196997159010e-02
2.671657759361e-04
2.671657759361e-04
2.400071454096e-03
8.010691387757e-04
8.010691387757e-04
2.671657759361e-04
2.671657759361e-04
5.341887967684e-04
3.462752706678e-03
2.671657759361e-04
8.010691387757e-04
2.671657759361e-04
2.671657759361e-04
5.341887967684e-04
2.671657759361e-04
1.600854854021e-03
8.010691387757e-04
2.671657759361e-04
8.010691387757e-04
1.476093053189e-02
2.671657759361e-04
2.671657759361e-04
2.931696068300e-03
2.671657759361e-04
2.671657759361e-04
8.010691387757e-04
2.671657759361e-04
2.671657759361e-04
1.334402091225e-03
8.010691387757e-04
5.341887967684e-04
2.671657759361e-04
1.067806878196e-03
8.010691387757e-04
9.018790307785e-03
8.010691387757e-04
3.462752706678e-03
2.400071454096e-03
1.067806878196e-03
9.018790307785e-03
2.145870879700e-02
1.067806878196e-03
2.400071454096e-03
5.341887967684e-04
2.671657759361e-04
2.671657759361e-04
2.671657759361e-04
5.341887967684e-04
8.010691387757e-04
2.400071454096e-03
5.341887967684e-04
2.671657759361e-04
2.671657759361e-04
8.010691387757e-04
8.010691387757e-04
5.341887967684e-04
8.010691387757e-04
2.671657759361e-04
1.476093053189e-02
7.165002174593e-03
1.067806878196e-03
2.400071454096e-03
8.010691387757e-04
2.671657759361e-04
1.067806878196e-03
2.671657759361e-04
5.341887967684e-04
8.010691387757e-04
2.671657759361e-04
1.600854854021e-03
8.010691387757e-04
2.671657759361e-04
2.671657759361e-04
8.010691387757e-04
5.341887967684e-04
2.671657759361e-04
2.671657759361e-04
9.543343631068e-03
1.683128389495e-02
8.010691387757e-04
2.671657759361e-04
2.671657759361e-04
2.400071454096e-03
5.341887967684e-04
2.671657759361e-04
2.671657759361e-04
5.341887967684e-04
8.010691387757e-04
2.931696068300e-03
8.010691387757e-04
2.400071454096e-03
5.341887967684e-04
2.671657759361e-04
1.600854854021e-03
8.010691387757e-04
2.671657759361e-04
8.010691387757e-04
5.341887967684e-04
2.671657759361e-04
1.476093053189e-02
7.165002174593e-03
2.671657759361e-04
2.671657759361e-04
3.462752706678e-03
2.671657759361e-04
5.341887967684e-04
8.010691387757e-04
2.671657759361e-04
8.010691387757e-04
1.600854854021e-03
8.010691387757e-04
2.671657759361e-04
2.671657759361e-04
8.010691387757e-04
2.671657759361e-04
5.341887967684e-04
9.543343631068e-03
1.424195752343e-02
5.341887967684e-04
2.671657759361e-04
1.334402091225e-03
8.010691387757e-04
8.010691387757e-04
1.067806878196e-03
8.010691387757e-04
1.424195752343e-02
1.734818138092e-02
5.341887967684e-04
2.671657759361e-04
1.334402091225e-03
8.010691387757e-04
1.067806878196e-03
1.067806878196e-03
1.424195752343e-02
3.197295346526e-03
2.400071454096e-03
2.671657759361e-04
1.067806878196e-03
2.400071454096e-03
2.400071454096e-03
1.424195752343e-02
2.671657759361e-04
2.931696068300e-03
2.671657759361e-04
2.400071454096e-03
2.400071454096e-03
1.067806878196e-03
2.400071454096e-03
1.424195752343e-02
2.671657759361e-04
2.400071454096e-03
8.010691387757e-04
2.671657759361e-04
2.671657759361e-04
8.010691387757e-04
2.931696068300e-03
2.400071454096e-03
5.341887967684e-04
2.671657759361e-04
2.671657759361e-04
2.671657759361e-04
8.010691387757e-04
2.400071454096e-03
8.010691387757e-04
2.671657759361e-04
1.067806878196e-03
9.543343631068e-03
8.010691387757e-04
6.110244418433e-03
2.671657759361e-04
2.671657759361e-04
2.400071454096e-03
8.010691387757e-04
2.671657759361e-04
8.010691387757e-04
5.341887967684e-04
2.671657759361e-04
3.462752706678e-03
2.671657759361e-04
8.010691387757e-04
2.671657759361e-04
2.671657759361e-04
2.400071454096e-03
1.334402091225e-03
8.010691387757e-04
8.010691387757e-04
2.671657759361e-04
8.010691387757e-04
1.476093053189e-02
2.671657759361e-04
2.400071454096e-03
8.010691387757e-04
2.671657759361e-04
2.671657759361e-04
8.010691387757e-04
2.671657759361e-04
2.671657759361e-04
2.671657759361e-04
3.462752706678e-03
2.671657759361e-04
8.010691387757e-04
2.671657759361e-04
2.671657759361e-04
5.341887967684e-04
2.671657759361e-04
2.671657759361e-04
2.671657759361e-04
5.341887967684e-04
2.400071454096e-03
2.671657759361e-04
2.671657759361e-04
8.010691387757e-04
2.671657759361e-04
8.010691387757e-04
5.341887967684e-04
9.543343631068e-03
5.341887967684e-04
6.374145297986e-03
5.582019326039e-03
2.671657759361e-04
2.671657759361e-04
2.400071454096e-03
8.010691387757e-04
2.671657759361e-04
5.341887967684e-04
2.671657759361e-04
2.134045966253e-03
3.462752706678e-03
2.671657759361e-04
8.010691387757e-04
2.671657759361e-04
2.671657759361e-04
1.334402091225e-03
8.010691387757e-04
8.010691387757e-04
2.671657759361e-04
1.476093053189e-02
2.671657759361e-04
2.671657759361e-04
2.931696068300e-03
2.671657759361e-04
2.671657759361e-04
8.010691387757e-04
2.671657759361e-04
2.671657759361e-04
5.341887967684e-04
2.671657759361e-04
1.067806878196e-03
8.010691387757e-04
8.010691387757e-04
9.018790307785e-03
8.010691387757e-04
2.665954796127e-03
2.400071454096e-03
1.067806878196e-03
2.400071454096e-03
9.018790307785e-03
6.374145297986e-03
2.671657759361e-04
2.400071454096e-03
8.010691387757e-04
5.341887967684e-04
2.671657759361e-04
2.671657759361e-04
2.671657759361e-04
5.341887967684e-04
2.671657759361e-04
8.010691387757e-04
2.671657759361e-04
2.400071454096e-03
5.341887967684e-04
2.671657759361e-04
2.671657759361e-04
2.671657759361e-04
8.010691387757e-04
8.010691387757e-04
5.341887967684e-04
1.476093053189e-02
2.671657759361e-04
2.400071454096e-03
8.010691387757e-04
2.671657759361e-04
3.462752706678e-03
2.671657759361e-04
8.010691387757e-04
2.671657759361e-04
2.671657759361e-04
2.671657759361e-04
5.341887967684e-04
2.671657759361e-04
2.671657759361e-04
5.341887967684e-04
2.400071454096e-03
2.671657759361e-04
1.600854854021e-03
8.010691387757e-04
2.671657759361e-04
8.010691387757e-04
2.671657759361e-04
5.341887967684e-04
2.671657759361e-04
9.543343631068e-03
5.341887967684e-04
2.671657759361e-04
2.671657759361e-04
2.400071454096e-03
8.010691387757e-04
5.341887967684e-04
2.671657759361e-04
2.671657759361e-04
5.341887967684e-04
3.462752706678e-03
2.671657759361e-04
8.010691387757e-04
2.671657759361e-04
2.400071454096e-03
5.341887967684e-04
2.671657759361e-04
2.671657759361e-04
1.600854854021e-03
8.010691387757e-04
2.671657759361e-04
8.010691387757e-04
5.341887967684e-04
1.476093053189e-02
2.671657759361e-04
2.671657759361e-04
3.462752706678e-03
2.671657759361e-04
2.671657759361e-04
8.010691387757e-04
2.671657759361e-04
2.400071454096e-03
2.671657759361e-04
5.341887967684e-04
2.671657759361e-04
2.671657759361e-04
5.341887967684e-04
8.010691387757e-04
2.400071454096e-03
2.671657759361e-04
1.600854854021e-03
8.010691387757e-04
2.671657759361e-04
8.010691387757e-04
2.671657759361e-04
2.671657759361e-04
5.341887967684e-04
9.543343631068e-03
5.341887967684e-04
2.671657759361e-04
2.400071454096e-03
8.010691387757e-04
2.671657759361e-04
2.931696068300e-03
2.400071454096e-03
5.341887967684e-04
2.671657759361e-04
2.671657759361e-04
8.010691387757e-04
2.400071454096e-03
1.334402091225e-03
8.010691387757e-04
8.010691387757e-04
2.671657759361e-04
9.543343631068e-03
8.010691387757e-04
2.671657759361e-04
2.671657759361e-04
2.400071454096e-03
8.010691387757e-04
5.341887967684e-04
2.671657759361e-04
2.671657759361e-04
5.341887967684e-04
3.462752706678e-03
2.671657759361e-04
8.010691387757e-04
2.671657759361e-04
2.400071454096e-03
5.341887967684e-04
2.671657759361e-04
1.600854854021e-03
8.010691387757e-04
2.671657759361e-04
8.010691387757e-04
5.341887967684e-04
1.476093053189e-02
2.671657759361e-04
2.400071454096e-03
8.010691387757e-04
2.671657759361e-04
2.671657759361e-04
2.671657759361e-04
3.462752706678e-03
2.671657759361e-04
8.010691387757e-04
2.671657759361e-04
2.671657759361e-04
5.341887967684e-04
2.671657759361e-04
2.671657759361e-04
5.341887967684e-04
2.400071454096e-03
2.671657759361e-04
1.600854854021e-03
8.010691387757e-04
2.671657759361e-04
8.010691387757e-04
2.671657759361e-04
5.341887967684e-04
9.543343631068e-03
5.341887967684e-04
6.374145297986e-03
2.671657759361e-04
2.671657759361e-04
2.400071454096e-03
8.010691387757e-04
8.010691387757e-04
2.671657759361e-04
2.671657759361e-04
5.341887967684e-04
3.462752706678e-03
2.671657759361e-04
8.010691387757e-04
2.671657759361e-04
5.341887967684e-04
2.671657759361e-04
1.600854854021e-03
8.010691387757e-04
2.671657759361e-04
8.010691387757e-04
1.476093053189e-02
2.671657759361e-04
2.671657759361e-04
2.931696068300e-03
2.671657759361e-04
2.671657759361e-04
8.010691387757e-04
2.671657759361e-04
2.671657759361e-04
1.334402091225e-03
8.010691387757e-04
5.341887967684e-04
2.671657759361e-04
1.067806878196e-03
8.010691387757e-04
9.018790307785e-03
8.010691387757e-04
2.665954796127e-03
2.134045966253e-03
1.067806878196e-03
9.018790307785e-03
5.582019326039e-03
2.671657759361e-04
2.400071454096e-03
5.341887967684e-04
2.671657759361e-04
2.671657759361e-04
2.671657759361e-04
5.341887967684e-04
8.010691387757e-04
2.400071454096e-03
5.341887967684e-04
2.671657759361e-04
2.671657759361e-04
8.010691387757e-04
8.010691387757e-04
5.341887967684e-04
8.010691387757e-04
2.671657759361e-04
1.476093053189e-02
6.374145297986e-03
2.400071454096e-03
8.010691387757e-04
2.671657759361e-04
2.671657759361e-04
5.341887967684e-04
8.010691387757e-04
2.671657759361e-04
1.600854854021e-03
8.010691387757e-04
2.671657759361e-04
2.671657759361e-04
8.010691387757e-04
5.341887967684e-04
2.671657759361e-04
2.671657759361e-04
9.543343631068e-03
2.671657759361e-04
2.671657759361e-04
2.400071454096e-03
5.341887967684e-04
2.671657759361e-04
2.671657759361e-04
5.341887967684e-04
8.010691387757e-04
2.931696068300e-03
8.010691387757e-04
2.400071454096e-03
5.341887967684e-04
2.671657759361e-04
1.600854854021e-03
8.010691387757e-04
2.671657759361e-04
8.010691387757e-04
5.341887967684e-04
2.671657759361e-04
1.476093053189e-02
6.110244418433e-03
2.671657759361e-04
2.671657759361e-04
2.400071454096e-03
2.671657759361e-04
5.341887967684e-04
8.010691387757e-04
2.671657759361e-04
8.010691387757e-04
1.600854854021e-03
8.010691387757e-04
2.671657759361e-04
2.671657759361e-04
8.010691387757e-04
2.671657759361e-04
5.341887967684e-04
9.543343631068e-03
5.341887967684e-04
2.671657759361e-04
1.334402091225e-03
8.010691387757e-04
8.010691387757e-04
1.067806878196e-03
8.010691387757e-04
1.424195752343e-02
3.197295346526e-03
5.341887967684e-04
2.671657759361e-04
1.334402091225e-03
8.010691387757e-04
1.067806878196e-03
1.067806878196e-03
1.424195752343e-02
3.197295346526e-03
2.400071454096e-03
2.671657759361e-04
1.067806878196e-03
2.400071454096e-03
2.400071454096e-03
1.424195752343e-02
2.671657759361e-04
2.931696068300e-03
2.671657759361e-04
2.400071454096e-03
2.400071454096e-03
1.067806878196e-03
2.400071454096e-03
1.424195752343e-02
2.671657759361e-04
2.400071454096e-03
8.010691387757e-04
2.671657759361e-04
2.671657759361e-04
8.010691387757e-04
2.931696068300e-03
2.400071454096e-03
5.341887967684e-04
2.671657759361e-04
2.671657759361e-04
2.671657759361e-04
8.010691387757e-04
2.400071454096e-03
8.010691387757e-04
2.671657759361e-04
1.067806878196e-03
9.543343631068e-03
8.010691387757e-04
6.110244418433e-03
2.671657759361e-04
2.671657759361e-04
2.400071454096e-03
8.010691387757e-04
2.671657759361e-04
8.010691387757e-04
5.341887967684e-04
2.671657759361e-04
3.462752706678e-03
2.671657759361e-04
8.010691387757e-04
2.671657759361e-04
2.671657759361e-04
2.400071454096e-03
1.334402091225e-03
8.010691387757e-04
8.010691387757e-04
2.671657759361e-04
8.010691387757e-04
1.476093053189e-02
2.671657759361e-04
2.400071454096e-03
8.010691387757e-04
2.671657759361e-04
2.671657759361e-04
8.010691387757e-04
2.671657759361e-04
2.671657759361e-04
2.671657759361e-04
3.462752706678e-03
2.671657759361e-04
8.010691387757e-04
2.671657759361e-04
2.671657759361e-04
5.341887967684e-04
2.671657759361e-04
2.671657759361e-04
2.671657759361e-04
5.341887967684e-04
2.400071454096e-03
2.671657759361e-04
2.671657759361e-04
8.010691387757e-04
2.671657759361e-04
8.010691387757e-04
5.341887967684e-04
9.543343631068e-03
5.341887967684e-04
6.374145297986e-03
5.582019326039e-03
2.671657759361e-04
2.671657759361e-04
2.400071454096e-03
8.010691387757e-04
2.671657759361e-04
5.341887967684e-04
2.671657759361e-04
2.134045966253e-03
3.462752706678e-03
2.671657759361e-04
8.010691387757e-04
2.671657759361e-04
2.671657759361e-04
1.334402091225e-03
8.010691387757e-04
8.010691387757e-04
2.671657759361e-04
1.476093053189e-02
2.671657759361e-04
2.671657759361e-04
2.931696068300e-03
2.671657759361e-04
2.671657759361e-04
8.010691387757e-04
2.671657759361e-04
2.671657759361e-04
5.341887967684e-04
2.671657759361e-04
1.067806878196e-03
8.010691387757e-04
8.010691387757e-04
9.018790307785e-03
8.010691387757e-04
2.665954796127e-03
2.400071454096e-03
1.067806878196e-03
2.400071454096e-03
9.018790307785e-03
6.374145297986e-03
2.671657759361e-04
2.400071454096e-03
8.010691387757e-04
5.341887967684e-04
2.671657759361e-04
2.671657759361e-04
2.671657759361e-04
5.341887967684e-04
2.671657759361e-04
8.010691387757e-04
2.671657759361e-04
2.400071454096e-03
5.341887967684e-04
2.671657759361e-04
2.671657759361e-04
2.671657759361e-04
8.010691387757e-04
8.010691387757e-04
5.341887967684e-04
1.476093053189e-02
2.671657759361e-04
2.400071454096e-03
8.010691387757e-04
2.671657759361e-04
3.462752706678e-03
2.671657759361e-04
8.010691387757e-04
2.671657759361e-04
2.671657759361e-04
2.671657759361e-04
5.341887967684e-04
2.671657759361e-04
2.671657759361e-04
5.341887967684e-04
2.400071454096e-03
2.671657759361e-04
1.600854854021e-03
8.010691387757e-04
2.671657759361e-04
8.010691387757e-04
2.671657759361e-04
5.341887967684e-04
2.671657759361e-04
9.543343631068e-03
5.341887967684e-04
2.671657759361e-04
2.671657759361e-04
2.400071454096e-03
8.010691387757e-04
5.341887967684e-04
2.671657759361e-04
2.671657759361e-04
5.341887967684e-04
3.462752706678e-03
2.671657759361e-04
8.010691387757e-04
2.671657759361e-04
2.400071454096e-03
5.341887967684e-04
2.671657759361e-04
2.671657759361e-04
1.600854854021e-03
8.010691387757e-04
2.671657759361e-04
8.010691387757e-04
5.341887967684e-04
1.476093053189e-02
2.671657759361e-04
2.671657759361e-04
3.462752706678e-03
2.671657759361e-04
2.671657759361e-04
8.010691387757e-04
2.671657759361e-04
2.400071454096e-03
2.671657759361e-04
5.341887967684e-04
2.671657759361e-04
2.671657759361e-04
5.341887967684e-04
8.010691387757e-04
2.400071454096e-03
2.671657759361e-04
1.600854854021e-03
8.010691387757e-04
2.671657759361e-04
8.010691387757e-04
2.671657759361e-04
2.671657759361e-04
5.341887967684e-04
9.543343631068e-03
5.341887967684e-04
2.671657759361e-04
2.400071454096e-03
8.010691387757e-04
2.671657759361e-04
2.931696068300e-03
2.400071454096e-03
5.341887967684e-04
2.671657759361e-04
2.671657759361e-04
8.010691387757e-04
2.400071454096e-03
1.334402091225e-03
8.010691387757e-04
8.010691387757e-04
2.671657759361e-04
9.543343631068e-03
8.010691387757e-04
2.671657759361e-04
2.671657759361e-04
2.400071454096e-03
8.010691387757e-04
5.341887967684e-04
2.671657759361e-04
2.671657759361e-04
5.341887967684e-04
3.462752706678e-03
2.671657759361e-04
8.010691387757e-04
2.671657759361e-04
2.400071454096e-03
5.341887967684e-04
2.671657759361e-04
1.600854854021e-03
8.010691387757e-04
2.671657759361e-04
8.010691387757e-04
5.341887967684e-04
1.476093053189e-02
2.671657759361e-04
2.400071454096e-03
8.010691387757e-04
2.671657759361e-04
2.671657759361e-04
2.671657759361e-04
3.462752706678e-03
2.671657759361e-04
8.010691387757e-04
2.671657759361e-04
2.671657759361e-04
5.341887967684e-04
2.671657759361e-04
2.671657759361e-04
5.341887967684e-04
2.400071454096e-03
2.671657759361e-04
1.600854854021e-03
8.010691387757e-04
2.671657759361e-04
8.010691387757e-04
2.671657759361e-04
5.341887967684e-04
9.543343631068e-03
5.341887967684e-04
6.374145297986e-03
2.671657759361e-04
2.671657759361e-04
2.400071454096e-03
8.010691387757e-04
8.010691387757e-04
2.671657759361e-04
2.671657759361e-04
5.341887967684e-04
3.462752706678e-03
2.671657759361e-04
8.010691387757e-04
2.671657759361e-04
5.341887967684e-04
2.671657759361e-04
1.600854854021e-03
8.010691387757e-04
2.671657759361e-04
8.010691387757e-04
1.476093053189e-02
2.671657759361e-04
2.671657759361e-04
2.931696068300e-03
2.671657759361e-04
2.671657759361e-04
8.010691387757e-04
2.671657759361e-04
2.671657759361e-04
1.334402091225e-03
8.010691387757e-04
5.341887967684e-04
2.671657759361e-04
1.067806878196e-03
8.010691387757e-04
9.018790307785e-03
8.010691387757e-04
2.665954796127e-03
2.134045966253e-03
1.067806878196e-03
9.018790307785e-03
5.582019326039e-03
2.671657759361e-04
2.400071454096e-03
5.341887967684e-04
2.671657759361e-04
2.671657759361e-04
2.671657759361e-04
5.341887967684e-04
8.010691387757e-04
2.400071454096e-03
5.341887967684e-04
2.671657759361e-04
2.671657759361e-04
8.010691387757e-04
8.010691387757e-04
5.341887967684e-04
8.010691387757e-04
2.671657759361e-04
1.476093053189e-02
6.374145297986e-03
2.400071454096e-03
8.010691387757e-04
2.671657759361e-04
2.671657759361e-04
5.341887967684e-04
8.010691387757e-04
2.671657759361e-04
1.600854854021e-03
8.010691387757e-04
2.671657759361e-04
2.671657759361e-04
8.010691387757e-04
5.341887967684e-04
2.671657759361e-04
2.671657759361e-04
9.543343631068e-03
2.671657759361e-04
2.671657759361e-04
2.400071454096e-03
5.341887967684e-04
2.671657759361e-04
2.671657759361e-04
5.341887967684e-04
8.010691387757e-04
2.931696068300e-03
8.010691387757e-04
2.400071454096e-03
5.341887967684e-04
2.671657759361e-04
1.600854854021e-03
8.010691387757e-04
2.671657759361e-04
8.010691387757e-04
5.341887967684e-04
2.671657759361e-04
1.476093053189e-02
6.110244418433e-03
2.671657759361e-04
2.671657759361e-04
2.400071454096e-03
2.671657759361e-04
5.341887967684e-04
8.010691387757e-04
2.671657759361e-04
8.010691387757e-04
1.600854854021e-03
8.010691387757e-04
2.671657759361e-04
2.671657759361e-04
8.010691387757e-04
2.671657759361e-04
5.341887967684e-04
9.543343631068e-03
5.341887967684e-04
2.671657759361e-04
1.334402091225e-03
8.010691387757e-04
8.010691387757e-04
1.067806878196e-03
8.010691387757e-04
1.424195752343e-02
3.197295346526e-03
5.341887967684e-04
2.671657759361e-04
1.334402091225e-03
8.010691387757e-04
1.067806878196e-03
1.067806878196e-03
1.424195752343e-02
1.734818138092e-02
2.400071454096e-03
2.671657759361e-04
3.462752706678e-03
2.400071454096e-03
1.424195752343e-02
2.671657759361e-04
2.931696068300e-03
2.671657759361e-04
2.400071454096e-03
2.400071454096e-03
1.067806878196e-03
2.400071454096e-03
2.671657759361e-04
2.400071454096e-03
8.010691387757e-04
2.671657759361e-04
2.671657759361e-04
8.010691387757e-04
2.931696068300e-03
2.400071454096e-03
1.067806878196e-03
8.010691387757e-04
2.671657759361e-04
2.400071454096e-03
1.067806878196e-03
1.032912301372e-02
7.165002174593e-03
1.683128389495e-02
2.671657759361e-04
2.671657759361e-04
8.010691387757e-04
2.400071454096e-03
8.010691387757e-04
1.067806878196e-03
3.462752706678e-03
2.671657759361e-04
8.010691387757e-04
2.671657759361e-04
2.671657759361e-04
2.400071454096e-03
1.867165242699e-03
2.671657759361e-04
2.400071454096e-03
8.010691387757e-04
2.671657759361e-04
2.671657759361e-04
1.067806878196e-03
2.671657759361e-04
2.671657759361e-04
3.462752706678e-03
8.010691387757e-04
2.671657759361e-04
2.671657759361e-04
2.671657759361e-04
8.010691387757e-04
8.010691387757e-04
2.671657759361e-04
2.400071454096e-03
2.671657759361e-04
8.010691387757e-04
8.010691387757e-04
1.032912301372e-02
7.165002174593e-03
2.145870879700e-02
2.671657759361e-04
2.671657759361e-04
3.197295346526e-03
8.010691387757e-04
2.400071454096e-03
3.462752706678e-03
2.671657759361e-04
8.010691387757e-04
2.671657759361e-04
2.671657759361e-04
1.867165242699e-03
2.671657759361e-04
2.671657759361e-04
3.728068224586e-03
5.341887967684e-04
5.341887967684e-04
8.010691387757e-04
1.600854854021e-03
1.006733653333e-02
3.462752706678e-03
2.400071454096e-03
1.067806878196e-03
2.400071454096e-03
9.018790307785e-03
2.196997159010e-02
1.067806878196e-03
2.400071454096e-03
1.067806878196e-03
8.010691387757e-04
2.671657759361e-04
1.067806878196e-03
2.400071454096e-03
2.133333333333e-03
2.671657759361e-04
2.671657759361e-04
2.400071454096e-03
8.010691387757e-04
2.671657759361e-04
3.728068224586e-03
8.010691387757e-04
2.671657759361e-04
2.671657759361e-04
2.671657759361e-04
8.010691387757e-04
8.010691387757e-04
2.400071454096e-03
2.671657759361e-04
1.067806878196e-03
2.399359201959e-03
8.010691387757e-04
1.032912301372e-02
1.734749052514e-02
2.671657759361e-04
2.671657759361e-04
8.010691387757e-04
2.400071454096e-03
8.010691387757e-04
8.010691387757e-04
3.462752706678e-03
2.671657759361e-04
8.010691387757e-04
2.671657759361e-04
2.400071454096e-03
2.133333333333e-03
2.671657759361e-04
2.671657759361e-04
2.671657759361e-04
3.462752706678e-03
1.067806878196e-03
2.671657759361e-04
2.671657759361e-04
2.400071454096e-03
2.671657759361e-04
8.010691387757e-04
1.600854854021e-03
2.400071454096e-03
2.671657759361e-04
8.010691387757e-04
2.399359201959e-03
8.010691387757e-04
1.059076961332e-02
2.671657759361e-04
2.400071454096e-03
8.010691387757e-04
2.671657759361e-04
2.931696068300e-03
2.400071454096e-03
1.067806878196e-03
8.010691387757e-04
2.400071454096e-03
2.133333333333e-03
1.067806878196e-03
1.032912301372e-02
1.734749052514e-02
2.671657759361e-04
2.671657759361e-04
8.010691387757e-04
2.400071454096e-03
8.010691387757e-04
8.010691387757e-04
3.462752706678e-03
2.671657759361e-04
8.010691387757e-04
2.671657759361e-04
2.400071454096e-03
2.133333333333e-03
2.671657759361e-04
2.400071454096e-03
8.010691387757e-04
2.671657759361e-04
2.671657759361e-04
2.671657759361e-04
3.462752706678e-03
8.010691387757e-04
2.671657759361e-04
2.671657759361e-04
2.671657759361e-04
8.010691387757e-04
8.010691387757e-04
2.400071454096e-03
2.671657759361e-04
8.010691387757e-04
2.399359201959e-03
8.010691387757e-04
1.032912301372e-02
2.299085909474e-02
2.671657759361e-04
2.671657759361e-04
3.197295346526e-03
8.010691387757e-04
1.067806878196e-03
3.462752706678e-03
2.671657759361e-04
8.010691387757e-04
2.671657759361e-04
2.133333333333e-03
2.671657759361e-04
2.671657759361e-04
3.728068224586e-03
5.341887967684e-04
5.341887967684e-04
8.010691387757e-04
2.133333333333e-03
1.600854854021e-03
1.006733653333e-02
2.665954796127e-03
2.134045966253e-03
1.067806878196e-03
9.018790307785e-03
2.120287238477e-02
1.067806878196e-03
2.400071454096e-03
1.067806878196e-03
8.010691387757e-04
2.400071454096e-03
1.067806878196e-03
2.133333333333e-03
6.901524100740e-03
2.400071454096e-03
8.010691387757e-04
2.671657759361e-04
1.067806878196e-03
8.010691387757e-04
1.067806878196e-03
2.399359201959e-03
1.032912301372e-02
1.734749052514e-02
8.010691387757e-04
2.671657759361e-04
2.671657759361e-04
2.400071454096e-03
8.010691387757e-04
8.010691387757e-04
2.931696068300e-03
8.010691387757e-04
2.400071454096e-03
2.671657759361e-04
2.133333333333e-03
6.374145297986e-03
2.671657759361e-04
2.671657759361e-04
3.462752706678e-03
1.600854854021e-03
8.010691387757e-04
2.399359201959e-03
1.059076961332e-02
1.683128389495e-02
2.930984577117e-03
1.915056278102e-02
3.196584235515e-03
6.116266666666e-03
5.059264423170e-03
5.059264423170e-03
6.116266666666e-03
5.059264423170e-03
1.085227640690e-02
6.116266666666e-03
5.059264423170e-03
6.116266666666e-03
5.059264423170e-03
1.137487087471e-02
6.116266666666e-03
5.059264423170e-03
1.085227640690e-02
6.116266666666e-03
5.059264423170e-03
5.059264423170e-03
5.059264423170e-03
1.111364346914e-02
5.059264423170e-03
5.059264423170e-03
