3.858066319639e-03
3.858066319639e-03
5.050150400000e-03
3.858066319639e-03
3.858066319639e-03
5.050150400000e-03
3.858066319639e-03
8.002135231907e-04
2.668802658714e-04
1.599146363016e-03
5.314335094908e-03
8.002135231907e-04
8.211778204551e-03
4.387566933333e-03
1.066666666667e-03
3.858066319639e-03
1.066666666667e-03
5.336180815903e-04
8.002135231907e-04
2.668802658714e-04
5.314335094908e-03
8.002135231907e-04
4.387566933333e-03
1.066666666667e-03
3.858066319639e-03
1.199839900345e-03
4.002669752468e-04
4.002669752468e-04
1.334579439585e-04
1.334579439585e-04
1.334579439585e-04
4.002669752468e-04
1.334579439585e-04
4.002669752468e-04
1.334579439585e-04
4.002669752468e-04
4.002669752468e-04
1.334579439585e-04
4.002669752468e-04
5.182260378580e-03
4.002669752468e-04
8.080477068304e-03
4.387566933333e-03
1.066666666667e-03
1.199839900345e-03
4.002669752468e-04
4.002669752468e-04
1.334579439585e-04
1.334579439585e-04
1.334579439585e-04
1.334579439585e-04
1.334579439585e-04
4.002669752468e-04
4.002669752468e-04
4.002669752468e-04
4.002669752468e-04
9.334578774462e-04
1.334579439585e-04
5.182260378580e-03
3.858066319639e-03
1.334579439585e-04
1.334579439585e-04
4.002669752468e-04
1.334579439585e-04
4.002669752468e-04
4.002669752468e-04
1.334579439585e-04
1.466079739033e-03
4.002669752468e-04
4.002669752468e-04
1.334579439585e-04
4.002669752468e-04
1.334579439585e-04
5.182260378580e-03
4.002669752468e-04
8.343044294439e-03
4.387566933333e-03
1.066666666667e-03
3.858066319639e-03
1.199839900345e-03
4.002669752468e-04
4.002669752468e-04
1.334579439585e-04
1.334579439585e-04
1.334579439585e-04
4.002669752468e-04
1.334579439585e-04
4.002669752468e-04
1.334579439585e-04
4.002669752468e-04
4.002669752468e-04
1.334579439585e-04
4.002669752468e-04
5.182260378580e-03
4.002669752468e-04
4.387566933333e-03
1.066666666667e-03
3.858066319639e-03
1.199839900345e-03
4.002669752468e-04
4.002669752468e-04
1.334579439585e-04
1.334579439585e-04
1.334579439585e-04
4.002669752468e-04
1.334579439585e-04
4.002669752468e-04
1.334579439585e-04
4.002669752468e-04
4.002669752468e-04
1.334579439585e-04
4.002669752468e-04
5.182260378580e-03
4.002669752468e-04
8.080477068304e-03
4.387566933333e-03
1.066666666667e-03
1.199839900345e-03
4.002669752468e-04
4.002669752468e-04
1.334579439585e-04
1.334579439585e-04
1.334579439585e-04
1.334579439585e-04
1.334579439585e-04
4.002669752468e-04
4.002669752468e-04
4.002669752468e-04
4.002669752468e-04
9.334578774462e-04
1.334579439585e-04
5.182260378580e-03
5.336180815903e-04
5.336180815903e-04
5.336180815903e-04
5.336180815903e-04
5.336180815903e-04
4.521357674827e-03
5.336180815903e-04
3.858066319639e-03
1.066666666667e-03
5.336180815903e-04
5.336180815903e-04
5.336180815903e-04
5.336180815903e-04
5.336180815903e-04
4.521357674827e-03
5.336180815903e-04
9.653954605003e-03
1.200017820547e-03
2.668802658714e-04
5.336180815903e-04
1.732355199723e-03
1.200017820547e-03
7.160387030216e-03
8.474275347321e-03
1.334579439585e-04
1.334579439585e-04
1.466257564269e-03
1.334579439585e-04
1.200017820547e-03
1.200017820547e-03
1.334579439585e-04
5.336180815903e-04
5.336180815903e-04
1.200017820547e-03
7.160387030216e-03
1.334579439585e-04
1.334579439585e-04
1.200017820547e-03
4.002669752468e-04
1.334579439585e-04
1.334579439585e-04
4.002669752468e-04
4.002669752468e-04
1.865350750555e-03
1.599324140788e-03
2.668802658714e-04
1.334579439585e-04
1.334579439585e-04
1.334579439585e-04
4.002669752468e-04
1.200017820547e-03
4.002669752468e-04
1.334579439585e-04
5.336180815903e-04
4.785824618422e-03
4.002669752468e-04
3.193532606161e-03
8.736632379477e-03
1.334579439585e-04
1.334579439585e-04
4.002669752468e-04
1.200017820547e-03
4.002669752468e-04
1.334579439585e-04
4.002669752468e-04
2.668802658714e-04
1.334579439585e-04
1.732355199723e-03
1.334579439585e-04
4.002669752468e-04
1.334579439585e-04
1.334579439585e-04
1.334579439585e-04
1.200017820547e-03
6.669335944047e-04
4.002669752468e-04
4.002669752468e-04
1.334579439585e-04
4.002669752468e-04
7.423445364098e-03
1.334579439585e-04
1.334579439585e-04
1.200017820547e-03
4.002669752468e-04
1.334579439585e-04
1.334579439585e-04
4.002669752468e-04
5.336180815903e-04
1.334579439585e-04
1.334579439585e-04
1.732355199723e-03
4.002669752468e-04
1.334579439585e-04
4.002669752468e-04
1.334579439585e-04
1.334579439585e-04
2.668802658714e-04
1.334579439585e-04
1.334579439585e-04
1.334579439585e-04
2.668802658714e-04
1.200017820547e-03
1.334579439585e-04
1.334579439585e-04
4.002669752468e-04
1.334579439585e-04
4.002669752468e-04
2.668802658714e-04
4.785824618422e-03
2.668802658714e-04
3.458708290370e-03
1.070020070003e-02
1.334579439585e-04
1.334579439585e-04
1.200017820547e-03
4.002669752468e-04
1.334579439585e-04
2.668802658714e-04
1.334579439585e-04
1.066844634372e-03
1.732355199723e-03
1.334579439585e-04
4.002669752468e-04
1.334579439585e-04
1.334579439585e-04
1.334579439585e-04
6.669335944047e-04
4.002669752468e-04
4.002669752468e-04
1.334579439585e-04
7.423445364098e-03
1.334579439585e-04
1.334579439585e-04
1.466257564269e-03
1.334579439585e-04
1.334579439585e-04
4.002669752468e-04
1.334579439585e-04
1.334579439585e-04
2.668802658714e-04
1.334579439585e-04
5.336180815903e-04
4.002669752468e-04
4.002669752468e-04
4.521357674827e-03
4.002669752468e-04
1.333155460684e-03
1.200017820547e-03
5.336180815903e-04
1.200017820547e-03
4.521357674827e-03
1.161368220421e-02
5.336180815903e-04
1.200017820547e-03
4.002669752468e-04
2.668802658714e-04
1.334579439585e-04
1.334579439585e-04
1.334579439585e-04
2.668802658714e-04
2.668802658714e-04
4.002669752468e-04
1.334579439585e-04
1.200017820547e-03
2.668802658714e-04
1.334579439585e-04
1.334579439585e-04
1.334579439585e-04
4.002669752468e-04
4.002669752468e-04
2.668802658714e-04
7.423445364098e-03
1.334579439585e-04
1.334579439585e-04
1.200017820547e-03
4.002669752468e-04
1.334579439585e-04
1.732355199723e-03
4.002669752468e-04
1.334579439585e-04
4.002669752468e-04
1.334579439585e-04
1.334579439585e-04
1.334579439585e-04
2.668802658714e-04
1.334579439585e-04
1.334579439585e-04
2.668802658714e-04
1.200017820547e-03
1.334579439585e-04
8.002135231907e-04
4.002669752468e-04
1.334579439585e-04
4.002669752468e-04
1.334579439585e-04
2.668802658714e-04
1.334579439585e-04
4.785824618422e-03
2.668802658714e-04
8.736632379477e-03
1.334579439585e-04
1.334579439585e-04
4.002669752468e-04
1.200017820547e-03
4.002669752468e-04
2.668802658714e-04
1.334579439585e-04
1.334579439585e-04
2.668802658714e-04
1.732355199723e-03
1.334579439585e-04
4.002669752468e-04
1.334579439585e-04
1.334579439585e-04
1.200017820547e-03
2.668802658714e-04
1.334579439585e-04
1.334579439585e-04
8.002135231907e-04
4.002669752468e-04
1.334579439585e-04
4.002669752468e-04
2.668802658714e-04
7.423445364098e-03
1.334579439585e-04
1.334579439585e-04
1.865350750555e-03
5.336180815903e-04
1.334579439585e-04
4.002669752468e-04
1.334579439585e-04
1.200017820547e-03
1.334579439585e-04
2.668802658714e-04
1.334579439585e-04
1.334579439585e-04
2.668802658714e-04
4.002669752468e-04
1.200017820547e-03
1.334579439585e-04
8.002135231907e-04
4.002669752468e-04
1.334579439585e-04
4.002669752468e-04
1.334579439585e-04
1.334579439585e-04
2.668802658714e-04
4.785824618422e-03
2.668802658714e-04
1.334579439585e-04
1.334579439585e-04
1.200017820547e-03
4.002669752468e-04
1.334579439585e-04
1.865350750555e-03
1.599324140788e-03
2.668802658714e-04
1.334579439585e-04
1.334579439585e-04
4.002669752468e-04
1.200017820547e-03
6.669335944047e-04
4.002669752468e-04
4.002669752468e-04
1.334579439585e-04
4.785824618422e-03
4.002669752468e-04
8.736632379477e-03
1.334579439585e-04
1.334579439585e-04
4.002669752468e-04
1.200017820547e-03
4.002669752468e-04
2.668802658714e-04
1.334579439585e-04
1.334579439585e-04
2.668802658714e-04
1.732355199723e-03
1.334579439585e-04
4.002669752468e-04
1.334579439585e-04
1.334579439585e-04
1.200017820547e-03
2.668802658714e-04
1.334579439585e-04
8.002135231907e-04
4.002669752468e-04
1.334579439585e-04
4.002669752468e-04
2.668802658714e-04
7.423445364098e-03
1.334579439585e-04
1.334579439585e-04
1.200017820547e-03
4.002669752468e-04
1.334579439585e-04
1.334579439585e-04
1.334579439585e-04
1.732355199723e-03
4.002669752468e-04
1.334579439585e-04
4.002669752468e-04
1.334579439585e-04
1.334579439585e-04
2.668802658714e-04
1.334579439585e-04
1.334579439585e-04
2.668802658714e-04
1.200017820547e-03
1.334579439585e-04
8.002135231907e-04
4.002669752468e-04
1.334579439585e-04
4.002669752468e-04
1.334579439585e-04
2.668802658714e-04
4.785824618422e-03
2.668802658714e-04
1.109190180134e-02
1.334579439585e-04
1.334579439585e-04
1.200017820547e-03
4.002669752468e-04
4.002669752468e-04
1.334579439585e-04
1.334579439585e-04
2.668802658714e-04
1.732355199723e-03
1.334579439585e-04
4.002669752468e-04
1.334579439585e-04
1.334579439585e-04
2.668802658714e-04
1.334579439585e-04
8.002135231907e-04
4.002669752468e-04
1.334579439585e-04
4.002669752468e-04
7.423445364098e-03
1.334579439585e-04
1.334579439585e-04
1.466257564269e-03
1.334579439585e-04
1.334579439585e-04
4.002669752468e-04
1.334579439585e-04
1.334579439585e-04
6.669335944047e-04
4.002669752468e-04
2.668802658714e-04
1.334579439585e-04
5.336180815903e-04
4.002669752468e-04
4.521357674827e-03
4.002669752468e-04
1.732355199723e-03
1.200017820547e-03
5.336180815903e-04
4.521357674827e-03
1.083080259042e-02
5.336180815903e-04
1.200017820547e-03
2.668802658714e-04
1.334579439585e-04
1.334579439585e-04
1.334579439585e-04
2.668802658714e-04
4.002669752468e-04
1.200017820547e-03
2.668802658714e-04
1.334579439585e-04
1.334579439585e-04
4.002669752468e-04
4.002669752468e-04
2.668802658714e-04
4.002669752468e-04
1.334579439585e-04
7.423445364098e-03
3.591243050134e-03
5.336180815903e-04
1.200017820547e-03
4.002669752468e-04
1.334579439585e-04
5.336180815903e-04
1.334579439585e-04
2.668802658714e-04
4.002669752468e-04
1.334579439585e-04
8.002135231907e-04
4.002669752468e-04
1.334579439585e-04
1.334579439585e-04
4.002669752468e-04
2.668802658714e-04
1.334579439585e-04
1.334579439585e-04
4.785824618422e-03
8.474275347321e-03
4.002669752468e-04
1.334579439585e-04
1.334579439585e-04
1.200017820547e-03
2.668802658714e-04
1.334579439585e-04
1.334579439585e-04
2.668802658714e-04
4.002669752468e-04
1.466257564269e-03
4.002669752468e-04
1.200017820547e-03
2.668802658714e-04
1.334579439585e-04
8.002135231907e-04
4.002669752468e-04
1.334579439585e-04
4.002669752468e-04
2.668802658714e-04
1.334579439585e-04
7.423445364098e-03
3.591243050134e-03
1.334579439585e-04
1.334579439585e-04
1.732355199723e-03
1.334579439585e-04
2.668802658714e-04
4.002669752468e-04
1.334579439585e-04
4.002669752468e-04
8.002135231907e-04
4.002669752468e-04
1.334579439585e-04
1.334579439585e-04
4.002669752468e-04
1.334579439585e-04
2.668802658714e-04
4.785824618422e-03
7.160387030216e-03
2.668802658714e-04
1.334579439585e-04
6.669335944047e-04
4.002669752468e-04
4.002669752468e-04
5.336180815903e-04
4.002669752468e-04
7.160387030216e-03
8.736807611334e-03
2.668802658714e-04
1.334579439585e-04
6.669335944047e-04
4.002669752468e-04
5.336180815903e-04
5.336180815903e-04
7.160387030216e-03
1.599324140788e-03
1.200017820547e-03
1.334579439585e-04
5.336180815903e-04
1.200017820547e-03
1.200017820547e-03
7.160387030216e-03
1.334579439585e-04
1.466257564269e-03
1.334579439585e-04
1.200017820547e-03
1.200017820547e-03
5.336180815903e-04
1.200017820547e-03
7.160387030216e-03
1.334579439585e-04
1.200017820547e-03
4.002669752468e-04
1.334579439585e-04
1.334579439585e-04
4.002669752468e-04
1.466257564269e-03
1.200017820547e-03
2.668802658714e-04
1.334579439585e-04
1.334579439585e-04
1.334579439585e-04
4.002669752468e-04
1.200017820547e-03
4.002669752468e-04
1.334579439585e-04
5.336180815903e-04
4.785824618422e-03
4.002669752468e-04
3.060891662818e-03
1.334579439585e-04
1.334579439585e-04
1.200017820547e-03
4.002669752468e-04
1.334579439585e-04
4.002669752468e-04
2.668802658714e-04
1.334579439585e-04
1.732355199723e-03
1.334579439585e-04
4.002669752468e-04
1.334579439585e-04
1.334579439585e-04
1.200017820547e-03
6.669335944047e-04
4.002669752468e-04
4.002669752468e-04
1.334579439585e-04
4.002669752468e-04
7.423445364098e-03
1.334579439585e-04
1.200017820547e-03
4.002669752468e-04
1.334579439585e-04
1.334579439585e-04
4.002669752468e-04
1.334579439585e-04
1.334579439585e-04
1.334579439585e-04
1.732355199723e-03
1.334579439585e-04
4.002669752468e-04
1.334579439585e-04
1.334579439585e-04
2.668802658714e-04
1.334579439585e-04
1.334579439585e-04
1.334579439585e-04
2.668802658714e-04
1.200017820547e-03
1.334579439585e-04
1.334579439585e-04
4.002669752468e-04
1.334579439585e-04
4.002669752468e-04
2.668802658714e-04
4.785824618422e-03
2.668802658714e-04
3.193532606161e-03
2.795503526395e-03
1.334579439585e-04
1.334579439585e-04
1.200017820547e-03
4.002669752468e-04
1.334579439585e-04
2.668802658714e-04
1.334579439585e-04
1.066844634372e-03
1.732355199723e-03
1.334579439585e-04
4.002669752468e-04
1.334579439585e-04
1.334579439585e-04
6.669335944047e-04
4.002669752468e-04
4.002669752468e-04
1.334579439585e-04
7.423445364098e-03
1.334579439585e-04
1.334579439585e-04
1.466257564269e-03
1.334579439585e-04
1.334579439585e-04
4.002669752468e-04
1.334579439585e-04
1.334579439585e-04
2.668802658714e-04
1.334579439585e-04
5.336180815903e-04
4.002669752468e-04
4.002669752468e-04
4.521357674827e-03
4.002669752468e-04
1.333155460684e-03
1.200017820547e-03
5.336180815903e-04
1.200017820547e-03
4.521357674827e-03
3.193532606161e-03
1.334579439585e-04
1.200017820547e-03
4.002669752468e-04
2.668802658714e-04
1.334579439585e-04
1.334579439585e-04
1.334579439585e-04
2.668802658714e-04
1.334579439585e-04
4.002669752468e-04
1.334579439585e-04
1.200017820547e-03
2.668802658714e-04
1.334579439585e-04
1.334579439585e-04
1.334579439585e-04
4.002669752468e-04
4.002669752468e-04
2.668802658714e-04
7.423445364098e-03
1.334579439585e-04
1.200017820547e-03
4.002669752468e-04
1.334579439585e-04
1.732355199723e-03
1.334579439585e-04
4.002669752468e-04
1.334579439585e-04
1.334579439585e-04
1.334579439585e-04
2.668802658714e-04
1.334579439585e-04
1.334579439585e-04
2.668802658714e-04
1.200017820547e-03
1.334579439585e-04
8.002135231907e-04
4.002669752468e-04
1.334579439585e-04
4.002669752468e-04
1.334579439585e-04
2.668802658714e-04
1.334579439585e-04
4.785824618422e-03
2.668802658714e-04
1.334579439585e-04
1.334579439585e-04
1.200017820547e-03
4.002669752468e-04
2.668802658714e-04
1.334579439585e-04
1.334579439585e-04
2.668802658714e-04
1.732355199723e-03
1.334579439585e-04
4.002669752468e-04
1.334579439585e-04
1.200017820547e-03
2.668802658714e-04
1.334579439585e-04
1.334579439585e-04
8.002135231907e-04
4.002669752468e-04
1.334579439585e-04
4.002669752468e-04
2.668802658714e-04
7.423445364098e-03
1.334579439585e-04
1.334579439585e-04
1.732355199723e-03
1.334579439585e-04
1.334579439585e-04
4.002669752468e-04
1.334579439585e-04
1.200017820547e-03
1.334579439585e-04
2.668802658714e-04
1.334579439585e-04
1.334579439585e-04
2.668802658714e-04
4.002669752468e-04
1.200017820547e-03
1.334579439585e-04
8.002135231907e-04
4.002669752468e-04
1.334579439585e-04
4.002669752468e-04
1.334579439585e-04
1.334579439585e-04
2.668802658714e-04
4.785824618422e-03
2.668802658714e-04
1.334579439585e-04
1.200017820547e-03
4.002669752468e-04
1.334579439585e-04
1.466257564269e-03
1.200017820547e-03
2.668802658714e-04
1.334579439585e-04
1.334579439585e-04
4.002669752468e-04
1.200017820547e-03
6.669335944047e-04
4.002669752468e-04
4.002669752468e-04
1.334579439585e-04
4.785824618422e-03
4.002669752468e-04
1.334579439585e-04
1.334579439585e-04
1.200017820547e-03
4.002669752468e-04
2.668802658714e-04
1.334579439585e-04
1.334579439585e-04
2.668802658714e-04
1.732355199723e-03
1.334579439585e-04
4.002669752468e-04
1.334579439585e-04
1.200017820547e-03
2.668802658714e-04
1.334579439585e-04
8.002135231907e-04
4.002669752468e-04
1.334579439585e-04
4.002669752468e-04
2.668802658714e-04
7.423445364098e-03
1.334579439585e-04
1.200017820547e-03
4.002669752468e-04
1.334579439585e-04
1.334579439585e-04
1.334579439585e-04
1.732355199723e-03
1.334579439585e-04
4.002669752468e-04
1.334579439585e-04
1.334579439585e-04
2.668802658714e-04
1.334579439585e-04
1.334579439585e-04
2.668802658714e-04
1.200017820547e-03
1.334579439585e-04
8.002135231907e-04
4.002669752468e-04
1.334579439585e-04
4.002669752468e-04
1.334579439585e-04
2.668802658714e-04
4.785824618422e-03
2.668802658714e-04
3.193532606161e-03
1.334579439585e-04
1.334579439585e-04
1.200017820547e-03
4.002669752468e-04
4.002669752468e-04
1.334579439585e-04
1.334579439585e-04
2.668802658714e-04
1.732355199723e-03
1.334579439585e-04
4.002669752468e-04
1.334579439585e-04
2.668802658714e-04
1.334579439585e-04
8.002135231907e-04
4.002669752468e-04
1.334579439585e-04
4.002669752468e-04
7.423445364098e-03
1.334579439585e-04
1.334579439585e-04
1.466257564269e-03
1.334579439585e-04
1.334579439585e-04
4.002669752468e-04
1.334579439585e-04
1.334579439585e-04
6.669335944047e-04
4.002669752468e-04
2.668802658714e-04
1.334579439585e-04
5.336180815903e-04
4.002669752468e-04
4.521357674827e-03
4.002669752468e-04
1.333155460684e-03
1.066844634372e-03
5.336180815903e-04
4.521357674827e-03
2.795503526395e-03
1.334579439585e-04
1.200017820547e-03
2.668802658714e-04
1.334579439585e-04
1.334579439585e-04
1.334579439585e-04
2.668802658714e-04
4.002669752468e-04
1.200017820547e-03
2.668802658714e-04
1.334579439585e-04
1.334579439585e-04
4.002669752468e-04
4.002669752468e-04
2.668802658714e-04
4.002669752468e-04
1.334579439585e-04
7.423445364098e-03
3.193532606161e-03
1.200017820547e-03
4.002669752468e-04
1.334579439585e-04
1.334579439585e-04
2.668802658714e-04
4.002669752468e-04
1.334579439585e-04
8.002135231907e-04
4.002669752468e-04
1.334579439585e-04
1.334579439585e-04
4.002669752468e-04
2.668802658714e-04
1.334579439585e-04
1.334579439585e-04
4.785824618422e-03
1.334579439585e-04
1.334579439585e-04
1.200017820547e-03
2.668802658714e-04
1.334579439585e-04
1.334579439585e-04
2.668802658714e-04
4.002669752468e-04
1.466257564269e-03
4.002669752468e-04
1.200017820547e-03
2.668802658714e-04
1.334579439585e-04
8.002135231907e-04
4.002669752468e-04
1.334579439585e-04
4.002669752468e-04
2.668802658714e-04
1.334579439585e-04
7.423445364098e-03
3.060891662818e-03
1.334579439585e-04
1.334579439585e-04
1.200017820547e-03
1.334579439585e-04
2.668802658714e-04
4.002669752468e-04
1.334579439585e-04
4.002669752468e-04
8.002135231907e-04
4.002669752468e-04
1.334579439585e-04
1.334579439585e-04
4.002669752468e-04
1.334579439585e-04
2.668802658714e-04
4.785824618422e-03
2.668802658714e-04
1.334579439585e-04
6.669335944047e-04
4.002669752468e-04
4.002669752468e-04
5.336180815903e-04
4.002669752468e-04
7.160387030216e-03
1.599324140788e-03
2.668802658714e-04
1.334579439585e-04
6.669335944047e-04
4.002669752468e-04
5.336180815903e-04
5.336180815903e-04
7.160387030216e-03
1.599324140788e-03
1.200017820547e-03
1.334579439585e-04
5.336180815903e-04
1.200017820547e-03
1.200017820547e-03
7.160387030216e-03
1.334579439585e-04
1.466257564269e-03
1.334579439585e-04
1.200017820547e-03
1.200017820547e-03
5.336180815903e-04
1.200017820547e-03
7.160387030216e-03
1.334579439585e-04
1.200017820547e-03
4.002669752468e-04
1.334579439585e-04
1.334579439585e-04
4.002669752468e-04
1.466257564269e-03
1.200017820547e-03
2.668802658714e-04
1.334579439585e-04
1.334579439585e-04
1.334579439585e-04
4.002669752468e-04
1.200017820547e-03
4.002669752468e-04
1.334579439585e-04
5.336180815903e-04
4.785824618422e-03
4.002669752468e-04
3.060891662818e-03
1.334579439585e-04
1.334579439585e-04
1.200017820547e-03
4.002669752468e-04
1.334579439585e-04
4.002669752468e-04
2.668802658714e-04
1.334579439585e-04
1.732355199723e-03
1.334579439585e-04
4.002669752468e-04
1.334579439585e-04
1.334579439585e-04
1.200017820547e-03
6.669335944047e-04
4.002669752468e-04
4.002669752468e-04
1.334579439585e-04
4.002669752468e-04
7.423445364098e-03
1.334579439585e-04
1.200017820547e-03
4.002669752468e-04
1.334579439585e-04
1.334579439585e-04
4.002669752468e-04
1.334579439585e-04
1.334579439585e-04
1.334579439585e-04
1.732355199723e-03
1.334579439585e-04
4.002669752468e-04
1.334579439585e-04
1.334579439585e-04
2.668802658714e-04
1.334579439585e-04
1.334579439585e-04
1.334579439585e-04
2.668802658714e-04
1.200017820547e-03
1.334579439585e-04
1.334579439585e-04
4.002669752468e-04
1.334579439585e-04
4.002669752468e-04
2.668802658714e-04
4.785824618422e-03
2.668802658714e-04
3.193532606161e-03
2.795503526395e-03
1.334579439585e-04
1.334579439585e-04
1.200017820547e-03
4.002669752468e-04
1.334579439585e-04
2.668802658714e-04
1.334579439585e-04
1.066844634372e-03
1.732355199723e-03
1.334579439585e-04
4.002669752468e-04
1.334579439585e-04
1.334579439585e-04
6.669335944047e-04
4.002669752468e-04
4.002669752468e-04
1.334579439585e-04
7.423445364098e-03
1.334579439585e-04
1.334579439585e-04
1.466257564269e-03
1.334579439585e-04
1.334579439585e-04
4.002669752468e-04
1.334579439585e-04
1.334579439585e-04
2.668802658714e-04
1.334579439585e-04
5.336180815903e-04
4.002669752468e-04
4.002669752468e-04
4.521357674827e-03
4.002669752468e-04
1.333155460684e-03
1.200017820547e-03
5.336180815903e-04
1.200017820547e-03
4.521357674827e-03
3.193532606161e-03
1.334579439585e-04
1.200017820547e-03
4.002669752468e-04
2.668802658714e-04
1.334579439585e-04
1.334579439585e-04
1.334579439585e-04
2.668802658714e-04
1.334579439585e-04
4.002669752468e-04
1.334579439585e-04
1.200017820547e-03
2.668802658714e-04
1.334579439585e-04
1.334579439585e-04
1.334579439585e-04
4.002669752468e-04
4.002669752468e-04
2.668802658714e-04
7.423445364098e-03
1.334579439585e-04
1.200017820547e-03
4.002669752468e-04
1.334579439585e-04
1.732355199723e-03
1.334579439585e-04
4.002669752468e-04
1.334579439585e-04
1.334579439585e-04
1.334579439585e-04
2.668802658714e-04
1.334579439585e-04
1.334579439585e-04
2.668802658714e-04
1.200017820547e-03
1.334579439585e-04
8.002135231907e-04
4.002669752468e-04
1.334579439585e-04
4.002669752468e-04
1.334579439585e-04
2.668802658714e-04
1.334579439585e-04
4.785824618422e-03
2.668802658714e-04
1.334579439585e-04
1.334579439585e-04
1.200017820547e-03
4.002669752468e-04
2.668802658714e-04
1.334579439585e-04
1.334579439585e-04
2.668802658714e-04
1.732355199723e-03
1.334579439585e-04
4.002669752468e-04
1.334579439585e-04
1.200017820547e-03
2.668802658714e-04
1.334579439585e-04
1.334579439585e-04
8.002135231907e-04
4.002669752468e-04
1.334579439585e-04
4.002669752468e-04
2.668802658714e-04
7.423445364098e-03
1.334579439585e-04
1.334579439585e-04
1.732355199723e-03
1.334579439585e-04
1.334579439585e-04
4.002669752468e-04
1.334579439585e-04
1.200017820547e-03
1.334579439585e-04
2.668802658714e-04
1.334579439585e-04
1.334579439585e-04
2.668802658714e-04
4.002669752468e-04
1.200017820547e-03
1.334579439585e-04
8.002135231907e-04
4.002669752468e-04
1.334579439585e-04
4.002669752468e-04
1.334579439585e-04
1.334579439585e-04
2.668802658714e-04
4.785824618422e-03
2.668802658714e-04
1.334579439585e-04
1.200017820547e-03
4.002669752468e-04
1.334579439585e-04
1.466257564269e-03
1.200017820547e-03
2.668802658714e-04
1.334579439585e-04
1.334579439585e-04
4.002669752468e-04
1.200017820547e-03
6.669335944047e-04
4.002669752468e-04
4.002669752468e-04
1.334579439585e-04
4.785824618422e-03
4.002669752468e-04
1.334579439585e-04
1.334579439585e-04
1.200017820547e-03
4.002669752468e-04
2.668802658714e-04
1.334579439585e-04
1.334579439585e-04
2.668802658714e-04
1.732355199723e-03
1.334579439585e-04
4.002669752468e-04
1.334579439585e-04
1.200017820547e-03
2.668802658714e-04
1.334579439585e-04
8.002135231907e-04
4.002669752468e-04
1.334579439585e-04
4.002669752468e-04
2.668802658714e-04
7.423445364098e-03
1.334579439585e-04
1.200017820547e-03
4.002669752468e-04
1.334579439585e-04
1.334579439585e-04
1.334579439585e-04
1.732355199723e-03
1.334579439585e-04
4.002669752468e-04
1.334579439585e-04
1.334579439585e-04
2.668802658714e-04
1.334579439585e-04
1.334579439585e-04
2.668802658714e-04
1.200017820547e-03
1.334579439585e-04
8.002135231907e-04
4.002669752468e-04
1.334579439585e-04
4.002669752468e-04
1.334579439585e-04
2.668802658714e-04
4.785824618422e-03
2.668802658714e-04
3.193532606161e-03
1.334579439585e-04
1.334579439585e-04
1.200017820547e-03
4.002669752468e-04
4.002669752468e-04
1.334579439585e-04
1.334579439585e-04
2.668802658714e-04
1.732355199723e-03
1.334579439585e-04
4.002669752468e-04
1.334579439585e-04
2.668802658714e-04
1.334579439585e-04
8.002135231907e-04
4.002669752468e-04
1.334579439585e-04
4.002669752468e-04
7.423445364098e-03
1.334579439585e-04
1.334579439585e-04
1.466257564269e-03
1.334579439585e-04
1.334579439585e-04
4.002669752468e-04
1.334579439585e-04
1.334579439585e-04
6.669335944047e-04
4.002669752468e-04
2.668802658714e-04
1.334579439585e-04
5.336180815903e-04
4.002669752468e-04
4.521357674827e-03
4.002669752468e-04
1.333155460684e-03
1.066844634372e-03
5.336180815903e-04
4.521357674827e-03
2.795503526395e-03
1.334579439585e-04
1.200017820547e-03
2.668802658714e-04
1.334579439585e-04
1.334579439585e-04
1.334579439585e-04
2.668802658714e-04
4.002669752468e-04
1.200017820547e-03
2.668802658714e-04
1.334579439585e-04
1.334579439585e-04
4.002669752468e-04
4.002669752468e-04
2.668802658714e-04
4.002669752468e-04
1.334579439585e-04
7.423445364098e-03
3.193532606161e-03
1.200017820547e-03
4.002669752468e-04
1.334579439585e-04
1.334579439585e-04
2.668802658714e-04
4.002669752468e-04
1.334579439585e-04
8.002135231907e-04
4.002669752468e-04
1.334579439585e-04
1.334579439585e-04
4.002669752468e-04
2.668802658714e-04
1.334579439585e-04
1.334579439585e-04
4.785824618422e-03
1.334579439585e-04
1.334579439585e-04
1.200017820547e-03
2.668802658714e-04
1.334579439585e-04
1.334579439585e-04
2.668802658714e-04
4.002669752468e-04
1.466257564269e-03
4.002669752468e-04
1.200017820547e-03
2.668802658714e-04
1.334579439585e-04
8.002135231907e-04
4.002669752468e-04
1.334579439585e-04
4.002669752468e-04
2.668802658714e-04
1.334579439585e-04
7.423445364098e-03
3.060891662818e-03
1.334579439585e-04
1.334579439585e-04
1.200017820547e-03
1.334579439585e-04
2.668802658714e-04
4.002669752468e-04
1.334579439585e-04
4.002669752468e-04
8.002135231907e-04
4.002669752468e-04
1.334579439585e-04
1.334579439585e-04
4.002669752468e-04
1.334579439585e-04
2.668802658714e-04
4.785824618422e-03
2.668802658714e-04
1.334579439585e-04
6.669335944047e-04
4.002669752468e-04
4.002669752468e-04
5.336180815903e-04
4.002669752468e-04
7.160387030216e-03
1.599324140788e-03
2.668802658714e-04
1.334579439585e-04
6.669335944047e-04
4.002669752468e-04
5.336180815903e-04
5.336180815903e-04
7.160387030216e-03
8.736807611334e-03
1.200017820547e-03
1.334579439585e-04
1.732355199723e-03
1.200017820547e-03
7.160387030216e-03
1.334579439585e-04
1.466257564269e-03
1.334579439585e-04
1.200017820547e-03
1.200017820547e-03
5.336180815903e-04
1.200017820547e-03
1.334579439585e-04
1.200017820547e-03
4.002669752468e-04
1.334579439585e-04
1.334579439585e-04
4.002669752468e-04
1.466257564269e-03
1.200017820547e-03
5.336180815903e-04
4.002669752468e-04
1.334579439585e-04
1.200017820547e-03
5.336180815903e-04
5.182260378580e-03
3.591243050134e-03
8.474275347321e-03
1.334579439585e-04
1.334579439585e-04
4.002669752468e-04
1.200017820547e-03
4.002669752468e-04
5.336180815903e-04
1.732355199723e-03
1.334579439585e-04
4.002669752468e-04
1.334579439585e-04
1.334579439585e-04
1.200017820547e-03
9.334578774462e-04
1.334579439585e-04
1.200017820547e-03
4.002669752468e-04
1.334579439585e-04
1.334579439585e-04
5.336180815903e-04
1.334579439585e-04
1.334579439585e-04
1.732355199723e-03
4.002669752468e-04
1.334579439585e-04
1.334579439585e-04
1.334579439585e-04
4.002669752468e-04
4.002669752468e-04
1.334579439585e-04
1.200017820547e-03
1.334579439585e-04
4.002669752468e-04
4.002669752468e-04
5.182260378580e-03
3.591243050134e-03
1.083080259042e-02
1.334579439585e-04
1.334579439585e-04
1.599324140788e-03
4.002669752468e-04
1.200017820547e-03
1.732355199723e-03
1.334579439585e-04
4.002669752468e-04
1.334579439585e-04
1.334579439585e-04
9.334578774462e-04
1.334579439585e-04
1.334579439585e-04
1.865350750555e-03
2.668802658714e-04
2.668802658714e-04
4.002669752468e-04
8.002135231907e-04
5.050150400000e-03
1.732355199723e-03
1.200017820547e-03
5.336180815903e-04
1.200017820547e-03
4.521357674827e-03
1.109190180134e-02
5.336180815903e-04
1.200017820547e-03
5.336180815903e-04
4.002669752468e-04
1.334579439585e-04
5.336180815903e-04
1.200017820547e-03
1.066666666667e-03
1.334579439585e-04
1.334579439585e-04
1.200017820547e-03
4.002669752468e-04
1.334579439585e-04
1.865350750555e-03
4.002669752468e-04
1.334579439585e-04
1.334579439585e-04
1.334579439585e-04
4.002669752468e-04
4.002669752468e-04
1.200017820547e-03
1.334579439585e-04
5.336180815903e-04
1.199839900345e-03
4.002669752468e-04
5.182260378580e-03
8.736632379477e-03
1.334579439585e-04
1.334579439585e-04
4.002669752468e-04
1.200017820547e-03
4.002669752468e-04
4.002669752468e-04
1.732355199723e-03
1.334579439585e-04
4.002669752468e-04
1.334579439585e-04
1.200017820547e-03
1.066666666667e-03
1.334579439585e-04
1.334579439585e-04
1.334579439585e-04
1.732355199723e-03
5.336180815903e-04
1.334579439585e-04
1.334579439585e-04
1.200017820547e-03
1.334579439585e-04
4.002669752468e-04
8.002135231907e-04
1.200017820547e-03
1.334579439585e-04
4.002669752468e-04
1.199839900345e-03
4.002669752468e-04
5.314335094908e-03
1.334579439585e-04
1.200017820547e-03
4.002669752468e-04
1.334579439585e-04
1.466257564269e-03
1.200017820547e-03
5.336180815903e-04
4.002669752468e-04
1.200017820547e-03
1.066666666667e-03
5.336180815903e-04
5.182260378580e-03
8.736632379477e-03
1.334579439585e-04
1.334579439585e-04
4.002669752468e-04
1.200017820547e-03
4.002669752468e-04
4.002669752468e-04
1.732355199723e-03
1.334579439585e-04
4.002669752468e-04
1.334579439585e-04
1.200017820547e-03
1.066666666667e-03
1.334579439585e-04
1.200017820547e-03
4.002669752468e-04
1.334579439585e-04
1.334579439585e-04
1.334579439585e-04
1.732355199723e-03
4.002669752468e-04
1.334579439585e-04
1.334579439585e-04
1.334579439585e-04
4.002669752468e-04
4.002669752468e-04
1.200017820547e-03
1.334579439585e-04
4.002669752468e-04
1.199839900345e-03
4.002669752468e-04
5.182260378580e-03
1.161368220421e-02
1.334579439585e-04
1.334579439585e-04
1.599324140788e-03
4.002669752468e-04
5.336180815903e-04
1.732355199723e-03
1.334579439585e-04
4.002669752468e-04
1.334579439585e-04
1.066666666667e-03
1.334579439585e-04
1.334579439585e-04
1.865350750555e-03
2.668802658714e-04
2.668802658714e-04
4.002669752468e-04
1.066666666667e-03
8.002135231907e-04
5.050150400000e-03
1.333155460684e-03
1.066844634372e-03
5.336180815903e-04
4.521357674827e-03
1.070020070003e-02
5.336180815903e-04
1.200017820547e-03
5.336180815903e-04
4.002669752468e-04
1.200017820547e-03
5.336180815903e-04
1.066666666667e-03
3.458708290370e-03
1.200017820547e-03
4.002669752468e-04
1.334579439585e-04
5.336180815903e-04
4.002669752468e-04
5.336180815903e-04
1.199839900345e-03
5.182260378580e-03
8.736632379477e-03
4.002669752468e-04
1.334579439585e-04
1.334579439585e-04
1.200017820547e-03
4.002669752468e-04
4.002669752468e-04
1.466257564269e-03
4.002669752468e-04
1.200017820547e-03
1.334579439585e-04
1.066666666667e-03
3.193532606161e-03
1.334579439585e-04
1.334579439585e-04
1.732355199723e-03
8.002135231907e-04
4.002669752468e-04
1.199839900345e-03
5.314335094908e-03
8.474275347321e-03
1.466079739033e-03
9.653954605003e-03
1.599146363016e-03
3.062400000000e-03
2.531483609264e-03
2.531483609264e-03
3.062400000000e-03
2.531483609264e-03
5.446374558396e-03
3.062400000000e-03
2.531483609264e-03
3.062400000000e-03
2.531483609264e-03
5.710347764487e-03
3.062400000000e-03
2.531483609264e-03
5.446374558396e-03
3.062400000000e-03
2.531483609264e-03
2.531483609264e-03
2.531483609264e-03
5.578378778454e-03
2.531483609264e-03
2.531483609264e-03
