55 16
2 8
1 2 2 2 2 2 1 1 2 2 2 2 2 2 2 1 2 2 2 2 1 2 2 2 2 1 1 2 1 2 2 2 2 2 2 2 1 2 2 2 2 1 1 2 1 2 2 2 1 2 2 1 1 2 1 
3 5 6 5 8 6 6 8 8 6 6 8 5 6 5 3 
1 2	0 0	
1 2	2 2	
1 2	7 2	
2 2	3 2	
2 2	5 2	
2 2	7 2	
2 2	0 0	
3 2	0 0	
3 2	4 2	
3 2	5 2	
3 2	7 2	
3 2	8 2	
4 2	5 2	
4 2	6 2	
4 2	8 2	
4 2	0 0	
5 2	7 2	
5 2	8 2	
5 2	9 2	
5 2	11 2	
5 2	0 0	
6 2	8 2	
6 2	9 2	
6 2	10 2	
6 2	12 2	
6 2	0 0	
7 2	0 0	
7 2	11 2	
8 2	0 0	
8 2	9 2	
8 2	11 2	
8 2	12 2	
9 2	11 2	
9 2	12 2	
9 2	13 2	
9 2	14 2	
9 2	0 0	
10 2	12 2	
10 2	14 2	
10 2	15 2	
10 2	16 2	
10 2	0 0	
11 2	0 0	
11 2	13 2	
12 2	0 0	
12 2	13 2	
12 2	14 2	
12 2	15 2	
13 2	0 0	
13 2	14 2	
14 2	15 2	
14 2	0 0	
15 2	0 0	
15 2	16 2	
16 2	0 0	
1 2	2 2	3 2	0 0	0 0	0 0	0 0	0 0	
2 2	4 2	5 2	6 2	7 2	0 0	0 0	0 0	
4 2	8 2	9 2	10 2	11 2	12 2	0 0	0 0	
9 2	13 2	14 2	15 2	16 2	0 0	0 0	0 0	
5 2	10 2	13 2	17 2	18 2	19 2	20 2	21 2	
14 2	22 2	23 2	24 2	25 2	26 2	0 0	0 0	
3 2	6 2	11 2	17 2	27 2	28 2	0 0	0 0	
12 2	15 2	18 2	22 2	29 2	30 2	31 2	32 2	
19 2	23 2	30 2	33 2	34 2	35 2	36 2	37 2	
24 2	38 2	39 2	40 2	41 2	42 2	0 0	0 0	
20 2	28 2	31 2	33 2	43 2	44 2	0 0	0 0	
25 2	32 2	34 2	38 2	45 2	46 2	47 2	48 2	
35 2	44 2	46 2	49 2	50 2	0 0	0 0	0 0	
36 2	39 2	47 2	50 2	51 2	52 2	0 0	0 0	
40 2	48 2	51 2	53 2	54 2	0 0	0 0	0 0	
41 2	54 2	55 2	0 0	0 0	0 0	0 0	0 0	
