28 44 7 6 22
1 2 4 11 19 33 80 131 258 799 1303 2055 4218 9981 16897 63463 70661 238334 329971 550637 1620469 2172584 4466553 10833610 17534978 41029533 88303259 112157370 59713627 13485131 169306641 246969099 151462602 21106712 4176232 68639145 113596172 90474961 190054764 248393747 62155130 48127108 201122161 194325750
3
84550922 489026129 371881305
0.042039686087 0.044788346264 0.055597767087
0.010972672965 0.002409178919 0.007265894115
0.019896985164 0.009859457661 0.010222598927
0.019403751853 0.006911136272 0.004605648507
0.017640416522 0.009452753774 0.017058719069
0.03072171897 0.025849741268 0.030101707797
3
21934772 87413382 49212603
0.015645234229 0.005022737057 0.01179302701
0.085051783682 0.107140539417 0.029408634345
0.015524906201 0.024508203207 0.012567370815
0.016587350987 0.013934804 0.003425453226
0.015982248 0.006603862555 0.01032858774
0.016116292608000002 0.0094787705285 0.007609240118
3
418980297 332125712 126893351
0.008596760771 0.03314784086 0.027641056433
0.005178314002 0.006347744606 0.004365759165
0.043693883436 0.01741874463 0.041575284457
0.008232315724 0.012626682073 0.015300620235
0.019560993153 0.028502030471 0.013021754175
0.008414538247499999 0.0228872614665 0.021470838334
3
271343041 410789140 411898291
0.018246909858 0.010616549685 0.016218197661
0.011976519037 0.025275017102 0.04614110192
0.010685253204 0.022721849933 0.022511135353
0.02844319053 0.07989240519 0.047357204295
0.015502712635 0.041975204412 0.014376295828
0.023345050194 0.0452544774375 0.031787700978
3
512296525 271032991 99535923
0.031904119153 0.008385499726 0.005726873913
0.030196551997 0.012339136025 0.039659122688
0.019027913255 0.006122511139 0.014334778036
0.01042021011 0.005772982762 0.005098841402
0.14650759531 0.048048159471 0.057968638703
0.021162164631500002 0.007079241244000001 0.0054128576575
3
338326474 105156614 218144039
0.01450900621 0.087740444225 0.065872674937
0.01661763446 0.022533877668 0.026232947397
0.011572754745 0.01445748562 0.010155776089
0.006339383143 0.016051340711 0.014762691583
0.004817947447 0.0151478139 0.011902456528
0.0104241946765 0.051895892468 0.04031768326
3
323897036 473543891 342515244
0.010616859595 0.045835455287 0.024400527135
0.002101887353 0.031404697444 0.02490098453
0.005036155124 0.058405709883 0.025210614643
0.008304322144 0.022849394058 0.0430217874
0.01559591022 0.042268653731 0.031239989988
0.009460590869500001 0.034342424672499997 0.0337111572675
3
291866505 442671978 479440850
0.006585307252 0.032333829861 0.011778522586
0.017387935178 0.046866662831 0.01346030691
0.008526399954 0.044957016155 0.016933651367
0.00706178594 0.005344641 0.002635452509
0.014778103273 0.033136971798 0.027330869387
0.006823546596 0.0188392354305 0.0072069875475
3
345949816 112445346 288771578
0.039647268079 0.023784606608 0.026467547375
0.019763278411 0.042210152695 0.021033326524
0.012652752667 0.014077177783 0.007263120274
0.046329656488 0.048702637876 0.024901109562
0.019698554515 0.026335733859 0.013520055291
0.0429884622835 0.036243622242 0.025684328468500002
3
142872358 1721697 1904679
0.029031611155 0.03515016356 0.013256626071
0.020239276904 0.050124885885 0.018516289386
0.010968464688 0.008376169736 0.015122749239
0.011915783783 0.012144267648 0.018389657475
0.039236092296 0.134097393397 0.062455212725
0.020473697469 0.023647215604000002 0.015823141773
3
208875262 447118490 237130150
0.068164954447 0.040802309989 0.065945171094
0.023056455164 0.032263239204 0.027804792319
0.00696110139 0.006711930194 0.006272801958
0.013583884746 0.018602094195 0.009578097041
0.015112660792 0.042224889808 0.021214635197
0.040874419596500004 0.029702202092000002 0.0377616340675
3
375850208 156482115 226333529
0.041654901758 0.010674546973 0.033850836796
0.018994243544 0.01230618005 0.030846232632
0.00598390819 0.004741769373 0.007657965435
0.041037169962 0.013660653503 0.023631015083
0.045001498294 0.013153791049 0.03164111562
0.04134603586 0.012167600237999999 0.0287409259395
3
336530988 195675320 459657229
0.031656262786 0.004249943584 0.011866124563
0.042428494043 0.017310722512 0.016673027328
0.02223208516 0.017988085504 0.018425666534
0.037371190414 0.035077721046 0.015062097935
0.00684312473 0.008136774713 0.008249109428
0.0345137266 0.019663832315 0.013464111248999999
3
390941746 309641243 32523749
0.017157303548 0.027944491622 0.03799738865
0.010880991108 0.018007384966 0.02602486442
0.002862162094 0.008863686524 0.016664064243
0.011339368849 0.033621734594 0.050120691028
0.008603362323 0.013662440551 0.027044173983
0.014248336198499998 0.030783113108 0.044059039839
3
14272842 5231233 273245144
0.007067117187 0.004110587151 0.014002051924
0.019427361601 0.034762350819 0.022288056317
0.007451320581 0.021954633665 0.045174080307
0.019370007513 0.012981753897 0.026553659028
0.020549344386 0.017650392665 0.028823046433
0.013218562350000001 0.008546170524 0.020277855476
3
271105493 279251992 2643449
0.105693334136 0.021137629963 0.040630781398
0.050691593098 0.012190426079 0.023771245329
0.013010466562 0.004647043994 0.005167837666
0.016166082282 0.010580293699 0.005402967296
0.021149174994 0.005062307811 0.006101044133
0.060929708209000004 0.015858961831 0.023016874346999998
3
270556810 268525722 268697770
0.014783036471 0.034312664402 0.019435473752
0.018012390994 0.070422006777 0.021716056987
0.02840285877 0.050417075694 0.007906781802
0.011963898562 0.04253478911 0.007607651957
0.004713559261 0.005823794159 0.005431262091
0.013373467516499999 0.038423726756000004 0.0135215628545
3
74632 268505981 6408
0.017088499249 0.006302178497 0.013850871733
0.044586840304 0.016383983055 0.014068476306
0.082176741634 0.016163104734 0.056215390929
0.048088668882 0.01080028776 0.00833550997
0.033498362604 0.009485669565 0.00698273176
0.0325885840655 0.0085512331285 0.0110931908515
3
617 268437035 426
0.031239935905 0.040842852311 0.015189288069
0.012182141706 0.015981626317 0.04437071908
0.009479552476 0.040066431879 0.020443863809
0.040113117585 0.044600216776 0.031186250994
0.007845582712 0.011140845557 0.006865377178
0.035676526745 0.0427215345435 0.0231877695315
3
268437918 1046 21
0.016134073453 0.021795409222 0.023743107668
0.035074796018 0.019012851027 0.017014611016
0.032775317093 0.017835814159 0.033234321555
0.050922084826 0.016360761181 0.020379826302
0.125773842352 0.031182499906 0.062402919201
0.0335280791395 0.0190780852015 0.022061466985
3
268435848 268435598 268435592
0.069406575079 0.056991413934 0.126389936401
0.020919272881 0.010824332158 0.016050674918
0.025402568728 0.013686853596 0.017788090264
0.01259120689 0.005714805893 0.020976145404
0.004240856245 0.00455854721 0.007400524807
0.0409988909845 0.0313531099135 0.0736830409025
3
268435584 268435459 268435458
0.026968096789 0.017173874781 0.008634105066
0.165905515152 0.039638517363 0.079893544064
0.002944090843 0.007654556265 0.006479347807
0.035384047752 0.025642865467 0.017831717451
0.019470984821 0.008768535532 0.012586766378
0.0311760722705 0.021408370124 0.013232911258500001
