100 250 32 0
0.16702281286473347 -0.06509960486635334 0.07588985153806904 0.10777010369027057 -0.09739844826217575 0.07894762544703775 -0.012606361342729036 0.13569020287587963 -0.1039128431158174 0.09883606303598653 0.09519705192788021 0.1467195027816668 0.10275806803193434 -0.08534771208462613 0.02286488676077334 -0.14552608991015292 -0.018288467630930935 -0.04519989660742374 -0.08289988935468898 -0.1000549541569267 0.06736811832286801 -0.11277307320738264 0.062909118349976 -0.09609617490413519 -0.05997165299739199 -0.04213105934311478 -0.10463258144345873 -0.15068917432582885 0.0722832957013767 -0.01227816007298902 -0.07890226627060393 0.03030185749916997 0.08430625880769381 0.12752599527456035 -0.034000791143538024 -0.030762142959007716 0.09106027000780156 -0.07146228045729305 0.07234094195501582 -0.08690476835433203 -0.03760473140734188 0.12203437743048046 0.05588104538282215 0.040484556522658435 0.06844360677509129 0.15437541750086584 -0.10621178278071644 0.09117241882193214 -0.10878885944554535 0.12923800999304413 0.08980978172516249 0.18665679064035007 -0.092735760143813 0.07342274963019156 -0.04510240830836448 0.07833787672812678 -0.15627098648798723 0.0872063705218224 -0.12351325246899872 0.14469488343995934 -0.11077223740278092 -0.14392326305328845 0.14648488954784494 -0.06179041433727285 0.1296123950541326 0.11035060611875716 0.007059136148537124 -0.004536344310551894 -0.10738356661112729 0.02954938712721234 0.11173904461912915 0.11313655487413589 -0.09373749897837436 -0.08745131684406408 0.10582768439161958 -0.15647099043458357 -0.11045795766484587 -0.18037224218267786 0.04167649491269354 -0.15530245596432707 -0.026799180269536555 0.10374981954156962 0.12172539094616673 -0.05232328976186302 -0.01416666754226905 0.009141992782086196 0.0323245419780463 0.13090011453572503 -0.14703937054123178 0.1359129340051816 -0.08731108629297248 -0.1747808417051821 0.10850573563492326 -0.0512479973348116 -0.06955865171314808 -0.12971964566168587 -0.09485068871580143 -0.09621977979796867 -0.09110051703875525 -0.07414681380735968
63 111 123 126 159 183 189 207 219 222 231 237 243 246 249 252 303 315 318 363 366 378 399 411 414 423 429 435 438 441 444 459 462 474 483 486 489 492 498 504 543 567 573 591 603 606 615 621 627 630 633 636 663 669 693 711 717 723 726 729 732 741 753 756 783 795 798 807 813 819 822 825 828 843 846 858 867 870 873 876 882 888 903 909 915 918 921 924 933 945 948 963 966 969 972 978 984 993 996 1008
1 0 2 30 2 3 -1 8 9 -1 12 13 -1 14 15 1 17 18 -1 19 20 -1 23 24 -1 27 28 -1 29 30 1 31 32 -1 34 35 -1 36 37 1 44 45 -1 48 49 -1 50 51 1 57 58 -1 59 60 1 62 63 1 65 66 -1 69 70 -1 71 72 1 73 74 -1 76 77 -1 78 79 1 84 85 -1 86 87 1 89 90 1 91 92 -1 93 94 1 97 98 1
1 0 4 30 1 3 -1 7 9 -1 10 13 1 11 15 1 16 18 -1 19 21 1 22 24 -1 25 28 1 26 30 1 31 33 1 34 38 -1 36 39 -1 43 45 -1 46 49 1 47 51 1 55 58 1 56 60 1 61 63 -1 64 66 -1 67 70 1 68 72 1 73 75 1 76 80 -1 78 81 -1 82 85 1 83 87 1 88 90 -1 91 95 -1 93 96 -1 97 99 1
1 0 6 30 0 3 -1 4 9 1 5 13 1 6 15 1 16 20 1 17 21 1 22 32 -1 23 33 -1 25 35 -1 26 37 -1 27 38 -1 29 39 -1 40 45 1 41 49 1 42 51 1 52 58 -1 53 60 -1 54 63 -1 64 74 -1 65 75 -1 67 77 -1 68 79 -1 69 80 -1 71 81 -1 82 92 1 83 94 1 84 95 1 86 96 1 88 98 1 89 99 1
1 0 8 30 0 18 -1 1 20 -1 2 21 -1 4 24 -1 5 28 -1 6 30 -1 7 32 -1 8 33 -1 10 35 -1 11 37 -1 12 38 -1 14 39 -1 40 66 1 41 70 1 42 72 1 43 74 1 44 75 1 46 77 1 47 79 1 48 80 1 50 81 1 52 85 1 53 87 1 54 90 1 55 92 1 56 94 1 57 95 1 59 96 1 61 98 1 62 99 1
1 1 3 30 5 6 -1 10 11 -1 12 14 1 13 15 -1 25 26 -1 27 29 1 28 30 -1 34 36 1 35 37 -1 38 39 1 41 42 -1 46 47 -1 48 50 1 49 51 -1 52 53 -1 55 56 -1 57 59 1 58 60 -1 67 68 -1 69 71 1 70 72 -1 76 78 1 77 79 -1 80 81 1 82 83 -1 84 86 1 85 87 -1 91 93 1 92 94 -1 95 96 1
1 1 5 30 4 6 -1 7 11 1 8 14 1 9 15 -1 22 26 1 23 29 1 24 30 -1 31 36 -1 32 37 1 33 39 1 40 42 -1 43 47 1 44 50 1 45 51 -1 52 54 1 55 61 -1 57 62 -1 58 63 1 64 68 1 65 71 1 66 72 -1 73 78 -1 74 79 1 75 81 1 82 88 -1 84 89 -1 85 90 1 91 97 1 92 98 -1 95 99 -1
1 1 7 30 0 6 1 1 11 1 2 14 1 3 15 -1 16 26 -1 17 29 -1 18 30 1 19 36 -1 20 37 1 21 39 1 40 53 -1 41 54 -1 43 56 -1 44 59 -1 45 60 1 46 61 -1 48 62 -1 49 63 1 64 83 1 65 86 1 66 87 -1 67 88 1 69 89 1 70 90 -1 73 93 1 74 94 -1 75 96 -1 76 97 1 77 98 -1 80 99 -1
1 1 9 30 0 42 1 1 47 1 2 50 1 3 51 -1 4 53 1 5 54 1 7 56 1 8 59 1 9 60 -1 10 61 1 12 62 1 13 63 -1 16 68 1 17 71 1 18 72 -1 19 78 1 20 79 -1 21 81 -1 22 83 1 23 86 1 24 87 -1 25 88 1 27 89 1 28 90 -1 31 93 1 32 94 -1 33 96 -1 34 97 1 35 98 -1 38 99 -1
1 2 4 30 1 2 -1 7 8 -1 10 12 1 11 14 -1 16 17 -1 20 21 -1 22 23 -1 25 27 1 26 29 -1 32 33 -1 35 38 1 37 39 -1 43 44 -1 46 48 1 47 50 -1 55 57 1 56 59 -1 61 62 1 64 65 -1 67 69 1 68 71 -1 74 75 -1 77 80 1 79 81 -1 82 84 1 83 86 -1 88 89 1 92 95 1 94 96 -1 98 99 1
1 2 6 30 0 2 -1 4 8 1 5 12 1 6 14 -1 16 19 1 18 21 -1 22 31 -1 24 33 1 25 34 -1 26 36 1 28 38 1 30 39 -1 40 44 1 41 48 1 42 50 -1 52 57 -1 53 59 1 54 62 1 64 73 -1 66 75 1 67 76 -1 68 78 1 70 80 1 72 81 -1 82 91 1 83 93 -1 85 95 -1 87 96 1 88 97 -1 90 99 1
1 2 8 30 0 17 -1 1 19 -1 3 21 1 4 23 -1 5 27 -1 6 29 1 7 31 -1 9 33 1 10 34 -1 11 36 1 13 38 1 15 39 -1 40 65 1 41 69 1 42 71 -1 43 73 1 45 75 -1 46 76 1 47 78 -1 49 80 -1 51 81 1 52 84 1 53 86 -1 54 89 -1 55 91 1 56 93 -1 58 95 -1 60 96 1 61 97 -1 63 99 1
1 3 5 30 4 5 -1 7 10 1 8 12 -1 9 13 -1 22 25 1 23 27 -1 24 28 -1 31 34 1 32 35 1 33 38 -1 40 41 -1 43 46 1 44 48 -1 45 49 -1 53 54 -1 56 61 1 59 62 -1 60 63 -1 64 67 1 65 69 -1 66 70 -1 73 76 1 74 77 1 75 80 -1 83 88 1 86 89 -1 87 90 -1 93 97 1 94 98 1 96 99 -1
1 3 7 30 0 5 1 1 10 1 2 12 -1 3 13 -1 16 25 -1 17 27 1 18 28 1 19 34 1 20 35 1 21 38 -1 40 52 -1 42 54 1 43 55 -1 44 57 1 45 58 1 47 61 1 50 62 -1 51 63 -1 64 82 1 65 84 -1 66 85 -1 68 88 -1 71 89 1 72 90 1 73 91 -1 74 92 -1 75 95 1 78 97 1 79 98 1 81 99 -1
1 3 9 30 0 41 1 1 46 1 2 48 -1 3 49 -1 4 52 1 6 54 -1 7 55 1 8 57 -1 9 58 -1 11 61 -1 14 62 1 15 63 1 16 67 1 17 69 -1 18 70 -1 19 76 -1 20 77 -1 21 80 1 22 82 1 23 84 -1 24 85 -1 26 88 -1 29 89 1 30 90 1 31 91 -1 32 92 -1 33 95 1 36 97 1 37 98 1 39 99 -1
1 4 6 30 0 1 -1 4 7 1 5 10 -1 6 11 -1 17 19 -1 18 20 -1 23 31 1 24 32 1 27 34 -1 28 35 -1 29 36 -1 30 37 -1 40 43 1 41 46 -1 42 47 -1 52 55 1 53 56 1 54 61 -1 65 73 1 66 74 1 69 76 -1 70 77 -1 71 78 -1 72 79 -1 84 91 1 85 92 1 86 93 1 87 94 1 89 97 -1 90 98 -1
1 4 8 30 0 16 -1 2 19 1 3 20 1 4 22 -1 5 25 1 6 26 1 8 31 1 9 32 1 12 34 -1 13 35 -1 14 36 -1 15 37 -1 40 64 1 41 67 -1 42 68 -1 44 73 -1 45 74 -1 48 76 1 49 77 1 50 78 1 51 79 1 52 82 -1 53 83 -1 54 88 1 57 91 1 58 92 1 59 93 1 60 94 1 62 97 -1 63 98 -1
1 5 7 30 0 4 1 1 7 -1 2 8 -1 3 9 -1 16 22 1 17 23 1 18 24 1 19 31 -1 20 32 -1 21 33 -1 41 52 1 42 53 1 46 55 -1 47 56 -1 48 57 -1 49 58 -1 50 59 -1 51 60 -1 67 82 1 68 83 1 69 84 1 70 85 1 71 86 1 72 87 1 76 91 -1 77 92 -1 78 93 -1 79 94 -1 80 95 -1 81 96 -1
1 5 9 30 0 40 1 1 43 -1 2 44 -1 3 45 -1 5 52 -1 6 53 -1 10 55 1 11 56 1 12 57 1 13 58 1 14 59 1 15 60 1 16 64 -1 17 65 -1 18 66 -1 19 73 1 20 74 1 21 75 1 25 82 1 26 83 1 27 84 1 28 85 1 29 86 1 30 87 1 34 91 -1 35 92 -1 36 93 -1 37 94 -1 38 95 -1 39 96 -1
1 6 8 30 1 16 1 2 17 1 3 18 1 7 22 -1 8 23 -1 9 24 -1 10 25 -1 11 26 -1 12 27 -1 13 28 -1 14 29 -1 15 30 -1 43 64 1 44 65 1 45 66 1 46 67 1 47 68 1 48 69 1 49 70 1 50 71 1 51 72 1 55 82 -1 56 83 -1 57 84 -1 58 85 -1 59 86 -1 60 87 -1 61 88 -1 62 89 -1 63 90 -1
1 7 9 30 4 40 1 5 41 1 6 42 1 7 43 1 8 44 1 9 45 1 10 46 1 11 47 1 12 48 1 13 49 1 14 50 1 15 51 1 22 64 -1 23 65 -1 24 66 -1 25 67 -1 26 68 -1 27 69 -1 28 70 -1 29 71 -1 30 72 -1 31 73 -1 32 74 -1 33 75 -1 34 76 -1 35 77 -1 36 78 -1 37 79 -1 38 80 -1 39 81 -1
2 0 1 2 3 9 12 15 1 27 30 1 34 37 1 48 51 1 57 60 1 69 72 1 76 79 1 84 87 1 91 94 1
2 0 1 2 5 9 8 15 1 23 30 1 31 37 -1 44 51 1 57 63 -1 65 72 1 73 79 -1 84 90 -1 91 98 1
2 0 1 2 7 9 2 15 1 17 30 -1 19 37 -1 44 60 -1 48 63 -1 65 87 1 69 90 1 73 94 1 76 98 1
2 0 1 2 9 9 2 51 1 8 60 1 12 63 1 17 72 1 19 79 1 23 87 1 27 90 1 31 94 1 34 98 1
2 0 1 3 4 9 10 15 1 25 30 1 34 39 1 46 51 1 55 60 1 67 72 1 76 81 1 82 87 1 91 96 1
2 0 1 3 6 9 5 15 1 25 37 -1 27 39 1 41 51 1 52 60 -1 67 79 -1 69 81 1 82 94 1 84 96 -1
2 0 1 3 8 9 5 30 -1 10 37 -1 12 39 1 41 72 1 46 79 1 48 81 -1 52 87 1 55 94 1 57 96 -1
2 0 1 4 5 9 7 15 1 22 30 1 31 39 1 43 51 1 55 63 1 64 72 1 73 81 1 82 90 1 91 99 1
2 0 1 4 7 9 1 15 1 16 30 -1 19 39 1 43 60 -1 46 63 1 64 87 1 67 90 -1 73 96 -1 76 99 1
2 0 1 4 9 9 1 51 1 7 60 1 10 63 -1 16 72 1 19 81 -1 22 87 1 25 90 -1 31 96 -1 34 99 1
2 0 1 5 6 9 4 15 1 22 37 1 23 39 1 40 51 1 52 63 1 64 79 1 65 81 1 82 98 1 84 99 1
2 0 1 5 8 9 4 30 -1 7 37 1 8 39 1 40 72 1 43 79 -1 44 81 -1 52 90 -1 55 98 1 57 99 1
2 0 1 6 7 9 0 15 1 16 37 1 17 39 1 40 60 1 41 63 1 64 94 1 65 96 1 67 98 1 69 99 1
2 0 1 6 9 9 0 51 1 4 60 -1 5 63 -1 16 79 -1 17 81 -1 22 94 1 23 96 1 25 98 1 27 99 1
2 0 1 7 8 9 0 30 1 1 37 1 2 39 1 40 87 1 41 90 1 43 94 1 44 96 1 46 98 1 48 99 1
2 0 1 8 9 9 0 72 1 1 79 1 2 81 1 4 87 1 5 90 1 7 94 1 8 96 1 10 98 1 12 99 1
2 0 2 4 6 10 16 21 1 22 33 -1 25 38 1 26 39 -1 64 75 -1 67 80 1 68 81 -1 82 95 -1 83 96 1 88 99 -1
2 0 2 4 8 10 1 21 -1 7 33 -1 10 38 1 11 39 -1 43 75 1 46 80 -1 47 81 1 55 95 -1 56 96 1 61 99 -1
2 0 2 6 8 10 0 21 -1 4 33 1 5 38 1 6 39 -1 40 75 -1 41 80 -1 42 81 1 52 95 1 53 96 -1 54 99 -1
2 0 3 1 2 9 14 13 1 29 28 1 36 35 1 50 49 1 59 58 1 71 70 1 78 77 1 86 85 1 93 92 1
2 0 3 1 4 9 11 13 1 26 28 1 36 38 1 47 49 1 56 58 1 68 70 1 78 80 1 83 85 1 93 95 1
2 0 3 1 6 9 6 13 1 26 35 -1 29 38 1 42 49 1 53 58 -1 68 77 -1 71 80 1 83 92 1 86 95 -1
2 0 3 1 8 9 6 28 -1 11 35 -1 14 38 1 42 70 1 47 77 1 50 80 -1 53 85 1 56 92 1 59 95 -1
2 0 3 2 5 9 8 13 1 23 28 1 31 35 -1 44 49 1 59 63 -1 65 70 1 73 77 -1 86 90 -1 93 98 1
2 0 3 2 7 9 2 13 1 17 28 -1 19 35 -1 44 58 -1 50 63 -1 65 85 1 71 90 1 73 92 1 78 98 1
2 0 3 2 9 9 2 49 1 8 58 1 14 63 1 17 70 1 19 77 1 23 85 1 29 90 1 31 92 1 36 98 1
2 0 3 4 5 9 7 13 1 22 28 1 31 38 -1 43 49 1 56 63 -1 64 70 1 73 80 -1 83 90 -1 93 99 1
2 0 3 4 7 9 1 13 1 16 28 -1 19 38 -1 43 58 -1 47 63 -1 64 85 1 68 90 1 73 95 1 78 99 1
2 0 3 4 9 9 1 49 1 7 58 1 11 63 1 16 70 1 19 80 1 22 85 1 26 90 1 31 95 1 36 99 1
2 0 3 5 6 9 4 13 1 22 35 1 23 38 -1 40 49 1 53 63 -1 64 77 1 65 80 -1 83 98 -1 86 99 1
2 0 3 5 8 9 4 28 -1 7 35 1 8 38 -1 40 70 1 43 77 -1 44 80 1 53 90 1 56 98 -1 59 99 1
2 0 3 6 7 9 0 13 1 16 35 1 17 38 -1 40 58 1 42 63 -1 64 92 1 65 95 -1 68 98 -1 71 99 1
2 0 3 6 9 9 0 49 1 4 58 -1 6 63 1 16 77 -1 17 80 1 22 92 1 23 95 -1 26 98 -1 29 99 1
2 0 3 7 8 9 0 28 1 1 35 1 2 38 -1 40 85 1 42 90 -1 43 92 1 44 95 -1 47 98 -1 50 99 1
2 0 3 8 9 9 0 70 1 1 77 1 2 80 -1 4 85 1 6 90 -1 7 92 1 8 95 -1 11 98 -1 14 99 1
2 0 4 2 6 10 17 20 1 23 32 -1 27 35 1 29 37 -1 65 74 -1 69 77 1 71 79 -1 84 92 -1 86 94 1 89 98 -1
2 0 4 2 8 10 2 20 -1 8 32 -1 12 35 1 14 37 -1 44 74 1 48 77 -1 50 79 1 57 92 -1 59 94 1 62 98 -1
2 0 4 6 8 10 0 20 -1 4 32 1 5 35 -1 6 37 -1 40 74 -1 41 77 1 42 79 1 52 92 -1 53 94 -1 54 98 1
2 0 5 1 2 9 14 9 1 29 24 1 36 32 -1 50 45 1 62 58 -1 71 66 1 78 74 -1 89 85 -1 97 92 1
2 0 5 1 4 9 11 9 1 26 24 1 36 33 1 47 45 1 61 58 1 68 66 1 78 75 1 88 85 1 97 95 1
2 0 5 1 6 9 6 9 1 26 32 1 29 33 1 42 45 1 54 58 1 68 74 1 71 75 1 88 92 1 89 95 1
2 0 5 1 8 9 6 24 -1 11 32 1 14 33 1 42 66 1 47 74 -1 50 75 -1 54 85 -1 61 92 1 62 95 1
2 0 5 2 3 9 12 9 1 27 24 1 34 32 -1 48 45 1 62 60 -1 69 66 1 76 74 -1 89 87 -1 97 94 1
2 0 5 2 7 9 2 9 1 17 24 -1 19 32 1 48 58 1 50 60 -1 69 85 -1 71 87 1 76 92 1 78 94 -1
2 0 5 2 9 9 2 45 1 12 58 -1 14 60 1 17 66 1 19 74 -1 27 85 -1 29 87 1 34 92 1 36 94 -1
2 0 5 3 4 9 10 9 1 25 24 1 34 33 -1 46 45 1 61 60 -1 67 66 1 76 75 -1 88 87 -1 97 96 1
2 0 5 3 6 9 5 9 1 25 32 1 27 33 -1 41 45 1 54 60 -1 67 74 1 69 75 -1 88 94 -1 89 96 1
2 0 5 3 8 9 5 24 -1 10 32 1 12 33 -1 41 66 1 46 74 -1 48 75 1 54 87 1 61 94 -1 62 96 1
2 0 5 4 7 9 1 9 1 16 24 -1 19 33 -1 46 58 -1 47 60 -1 67 85 1 68 87 1 76 95 1 78 96 1
2 0 5 4 9 9 1 45 1 10 58 1 11 60 1 16 66 1 19 75 1 25 85 1 26 87 1 34 95 1 36 96 1
2 0 5 6 7 9 0 9 1 16 32 -1 17 33 -1 41 58 -1 42 60 -1 67 92 1 68 94 1 69 95 1 71 96 1
2 0 5 6 9 9 0 45 1 5 58 1 6 60 1 16 74 1 17 75 1 25 92 1 26 94 1 27 95 1 29 96 1
2 0 5 7 8 9 0 24 1 1 32 -1 2 33 -1 41 85 -1 42 87 -1 46 92 1 47 94 1 48 95 1 50 96 1
2 0 5 8 9 9 0 66 1 1 74 -1 2 75 -1 5 85 -1 6 87 -1 10 92 1 11 94 1 12 95 1 14 96 1
2 0 6 2 4 10 19 18 1 31 24 -1 34 28 1 36 30 -1 73 66 -1 76 70 1 78 72 -1 91 85 -1 93 87 1 97 90 -1
2 0 6 2 8 10 2 18 -1 8 24 1 12 28 1 14 30 -1 44 66 -1 48 70 -1 50 72 1 57 85 1 59 87 -1 62 90 -1
2 0 6 4 8 10 1 18 -1 7 24 1 10 28 -1 11 30 -1 43 66 -1 46 70 1 47 72 1 55 85 -1 56 87 -1 61 90 1
2 0 7 1 2 9 14 3 1 29 18 -1 36 20 -1 59 45 -1 62 49 -1 86 66 1 89 70 1 93 74 1 97 77 1
2 0 7 1 4 9 11 3 1 26 18 -1 36 21 1 56 45 -1 61 49 1 83 66 1 88 70 -1 93 75 -1 97 80 1
2 0 7 1 6 9 6 3 1 26 20 1 29 21 1 53 45 1 54 49 1 83 74 1 86 75 1 88 77 1 89 80 1
2 0 7 1 8 9 6 18 1 11 20 1 14 21 1 53 66 1 54 70 1 56 74 1 59 75 1 61 77 1 62 80 1
2 0 7 2 3 9 12 3 1 27 18 -1 34 20 -1 57 45 -1 62 51 -1 84 66 1 89 72 1 91 74 1 97 79 1
2 0 7 2 5 9 8 3 1 23 18 -1 31 20 1 57 49 1 59 51 -1 84 70 -1 86 72 1 91 77 1 93 79 -1
2 0 7 2 9 9 8 45 -1 12 49 -1 14 51 1 23 66 1 27 70 1 29 72 -1 31 74 1 34 77 1 36 79 -1
2 0 7 3 4 9 10 3 1 25 18 -1 34 21 -1 55 45 -1 61 51 -1 82 66 1 88 72 1 91 75 1 97 81 1
2 0 7 3 6 9 5 3 1 25 20 1 27 21 -1 52 45 1 54 51 -1 82 74 1 84 75 -1 88 79 -1 89 81 1
2 0 7 3 8 9 5 18 1 10 20 1 12 21 -1 52 66 1 54 72 -1 55 74 1 57 75 -1 61 79 -1 62 81 1
2 0 7 4 5 9 7 3 1 22 18 -1 31 21 -1 55 49 -1 56 51 -1 82 70 1 83 72 1 91 80 1 93 81 1
2 0 7 4 9 9 7 45 -1 10 49 1 11 51 1 22 66 1 25 70 -1 26 72 -1 31 75 -1 34 80 1 36 81 1
2 0 7 5 6 9 4 3 1 22 20 -1 23 21 -1 52 49 -1 53 51 -1 82 77 1 83 79 1 84 80 1 86 81 1
2 0 7 5 8 9 4 18 1 7 20 -1 8 21 -1 52 70 -1 53 72 -1 55 77 1 56 79 1 57 80 1 59 81 1
2 0 7 6 9 9 4 45 1 5 49 1 6 51 1 22 74 1 23 75 1 25 77 1 26 79 1 27 80 1 29 81 1
2 0 7 8 9 9 4 66 1 5 70 1 6 72 1 7 74 1 8 75 1 10 77 1 11 79 1 12 80 1 14 81 1
2 0 8 2 4 10 19 3 -1 31 9 -1 34 13 1 36 15 -1 73 45 1 76 49 -1 78 51 1 91 58 -1 93 60 1 97 63 -1
2 0 8 2 6 10 17 3 -1 23 9 1 27 13 1 29 15 -1 65 45 -1 69 49 -1 71 51 1 84 58 1 86 60 -1 89 63 -1
2 0 8 4 6 10 16 3 -1 22 9 1 25 13 -1 26 15 -1 64 45 -1 67 49 1 68 51 1 82 58 -1 83 60 -1 88 63 1
2 0 9 1 2 9 50 3 1 59 9 1 62 13 1 71 18 1 78 20 1 86 24 1 89 28 1 93 32 1 97 35 1
2 0 9 1 4 9 47 3 1 56 9 1 61 13 -1 68 18 1 78 21 -1 83 24 1 88 28 -1 93 33 -1 97 38 1
2 0 9 1 6 9 42 3 1 53 9 -1 54 13 -1 68 20 -1 71 21 -1 83 32 1 86 33 1 88 35 1 89 38 1
2 0 9 1 8 9 42 18 1 47 20 1 50 21 1 53 24 1 54 28 1 56 32 1 59 33 1 61 35 1 62 38 1
2 0 9 2 3 9 48 3 1 57 9 1 62 15 1 69 18 1 76 20 1 84 24 1 89 30 1 91 32 1 97 37 1
2 0 9 2 5 9 44 3 1 57 13 -1 59 15 1 65 18 1 73 20 -1 84 28 -1 86 30 1 91 35 1 93 37 -1
2 0 9 2 7 9 44 9 -1 48 13 -1 50 15 1 65 24 1 69 28 1 71 30 -1 73 32 1 76 35 1 78 37 -1
2 0 9 3 4 9 46 3 1 55 9 1 61 15 1 67 18 1 76 21 1 82 24 1 88 30 1 91 33 1 97 39 1
2 0 9 3 6 9 41 3 1 52 9 -1 54 15 1 67 20 -1 69 21 1 82 32 1 84 33 -1 88 37 -1 89 39 1
2 0 9 3 8 9 41 18 1 46 20 1 48 21 -1 52 24 1 54 30 -1 55 32 1 57 33 -1 61 37 -1 62 39 1
2 0 9 4 5 9 43 3 1 55 13 1 56 15 1 64 18 1 73 21 1 82 28 1 83 30 1 91 38 1 93 39 1
2 0 9 4 7 9 43 9 -1 46 13 1 47 15 1 64 24 1 67 28 -1 68 30 -1 73 33 -1 76 38 1 78 39 1
2 0 9 5 6 9 40 3 1 52 13 1 53 15 1 64 20 1 65 21 1 82 35 1 83 37 1 84 38 1 86 39 1
2 0 9 5 8 9 40 18 1 43 20 -1 44 21 -1 52 28 -1 53 30 -1 55 35 1 56 37 1 57 38 1 59 39 1
2 0 9 6 7 9 40 9 1 41 13 1 42 15 1 64 32 1 65 33 1 67 35 1 68 37 1 69 38 1 71 39 1
2 0 9 7 8 9 40 24 1 41 28 1 42 30 1 43 32 1 44 33 1 46 35 1 47 37 1 48 38 1 50 39 1
2 1 2 3 4 9 10 14 1 25 29 1 35 39 1 46 50 1 55 59 1 67 71 1 77 81 1 82 86 1 92 96 1
2 1 2 3 6 9 5 14 1 25 36 -1 28 39 1 41 50 1 52 59 -1 67 78 -1 70 81 1 82 93 1 85 96 -1
2 1 2 3 8 9 5 29 -1 10 36 -1 13 39 1 41 71 1 46 78 1 49 81 -1 52 86 1 55 93 1 58 96 -1
2 1 2 4 5 9 7 14 1 22 29 1 32 39 1 43 50 1 55 62 1 64 71 1 74 81 1 82 89 1 92 99 1
2 1 2 4 7 9 1 14 1 16 29 -1 20 39 1 43 59 -1 46 62 1 64 86 1 67 89 -1 74 96 -1 77 99 1
2 1 2 4 9 9 1 50 1 7 59 1 10 62 -1 16 71 1 20 81 -1 22 86 1 25 89 -1 32 96 -1 35 99 1
2 1 2 5 6 9 4 14 1 22 36 1 24 39 1 40 50 1 52 62 1 64 78 1 66 81 1 82 97 1 85 99 1
2 1 2 5 8 9 4 29 -1 7 36 1 9 39 1 40 71 1 43 78 -1 45 81 -1 52 89 -1 55 97 1 58 99 1
2 1 2 6 7 9 0 14 1 16 36 1 18 39 1 40 59 1 41 62 1 64 93 1 66 96 1 67 97 1 70 99 1
2 1 2 6 9 9 0 50 1 4 59 -1 5 62 -1 16 78 -1 18 81 -1 22 93 1 24 96 1 25 97 1 28 99 1
2 1 2 7 8 9 0 29 1 1 36 1 3 39 1 40 86 1 41 89 1 43 93 1 45 96 1 46 97 1 49 99 1
2 1 2 8 9 9 0 71 1 1 78 1 3 81 1 4 86 1 5 89 1 7 93 1 9 96 1 10 97 1 13 99 1
2 1 3 5 7 10 40 54 -1 43 61 1 44 62 -1 45 63 1 64 88 -1 65 89 1 66 90 -1 73 97 -1 74 98 1 75 99 -1
2 1 3 5 9 10 4 54 1 7 61 -1 8 62 1 9 63 -1 22 88 -1 23 89 1 24 90 -1 31 97 -1 32 98 1 33 99 -1
2 1 3 7 9 10 0 54 -1 1 61 -1 2 62 1 3 63 -1 16 88 1 17 89 -1 18 90 1 19 97 -1 20 98 1 21 99 -1
2 1 4 2 3 9 12 11 1 27 26 1 38 37 1 48 47 1 57 56 1 69 68 1 80 79 1 84 83 1 95 94 1
2 1 4 2 5 9 8 11 1 23 26 1 33 37 1 44 47 1 57 61 1 65 68 1 75 79 1 84 88 1 95 98 1
2 1 4 2 7 9 2 11 1 17 26 -1 21 37 1 44 56 -1 48 61 1 65 83 1 69 88 -1 75 94 -1 80 98 1
2 1 4 2 9 9 2 47 1 8 56 1 12 61 -1 17 68 1 21 79 -1 23 83 1 27 88 -1 33 94 -1 38 98 1
2 1 4 3 6 9 5 11 1 27 36 -1 28 37 1 41 47 1 52 56 -1 69 78 -1 70 79 1 84 93 1 85 94 -1
2 1 4 3 8 9 5 26 -1 12 36 -1 13 37 1 41 68 1 48 78 1 49 79 -1 52 83 1 57 93 1 58 94 -1
2 1 4 5 6 9 4 11 1 23 36 -1 24 37 1 40 47 1 52 61 -1 65 78 -1 66 79 1 84 97 1 85 98 -1
2 1 4 5 8 9 4 26 -1 8 36 -1 9 37 1 40 68 1 44 78 1 45 79 -1 52 88 1 57 97 1 58 98 -1
2 1 4 6 7 9 0 11 1 17 36 -1 18 37 1 40 56 1 41 61 -1 65 93 -1 66 94 1 69 97 1 70 98 -1
2 1 4 6 9 9 0 47 1 4 56 -1 5 61 1 17 78 1 18 79 -1 23 93 -1 24 94 1 27 97 1 28 98 -1
2 1 4 7 8 9 0 26 1 2 36 -1 3 37 1 40 83 1 41 88 -1 44 93 -1 45 94 1 48 97 1 49 98 -1
2 1 4 8 9 9 0 68 1 2 78 -1 3 79 1 4 83 1 5 88 -1 8 93 -1 9 94 1 12 97 1 13 98 -1
2 1 5 3 7 10 41 53 -1 46 56 1 48 59 -1 49 60 1 67 83 -1 69 86 1 70 87 -1 76 93 -1 77 94 1 80 96 -1
2 1 5 3 9 10 5 53 1 10 56 -1 12 59 1 13 60 -1 25 83 -1 27 86 1 28 87 -1 34 93 -1 35 94 1 38 96 -1
2 1 5 7 9 10 0 53 -1 1 56 1 2 59 1 3 60 -1 16 83 -1 17 86 -1 18 87 1 19 93 1 20 94 -1 21 96 -1
2 1 6 2 3 9 12 6 1 34 26 -1 38 30 1 48 42 1 57 53 -1 76 68 -1 80 72 1 91 83 1 95 87 -1
2 1 6 2 5 9 8 6 1 31 26 1 33 30 1 44 42 1 57 54 1 73 68 1 75 72 1 91 88 1 95 90 1
2 1 6 2 7 9 2 6 1 19 26 1 21 30 1 44 53 1 48 54 1 73 83 1 75 87 1 76 88 1 80 90 1
2 1 6 2 9 9 2 42 1 8 53 -1 12 54 -1 19 68 -1 21 72 -1 31 83 1 33 87 1 34 88 1 38 90 1
2 1 6 3 4 9 10 6 1 34 29 -1 35 30 1 46 42 1 55 53 -1 76 71 -1 77 72 1 91 86 1 92 87 -1
2 1 6 3 8 9 10 26 1 12 29 -1 13 30 1 46 68 -1 48 71 1 49 72 -1 55 83 1 57 86 -1 58 87 1
2 1 6 4 5 9 7 6 1 31 29 -1 32 30 1 43 42 1 55 54 -1 73 71 -1 74 72 1 91 89 1 92 90 -1
2 1 6 4 7 9 1 6 1 19 29 -1 20 30 1 43 53 1 46 54 -1 73 86 -1 74 87 1 76 89 1 77 90 -1
2 1 6 4 9 9 1 42 1 7 53 -1 10 54 1 19 71 1 20 72 -1 31 86 -1 32 87 1 34 89 1 35 90 -1
2 1 6 5 8 9 7 26 -1 8 29 -1 9 30 1 43 68 1 44 71 1 45 72 -1 55 88 1 57 89 1 58 90 -1
2 1 6 7 8 9 1 26 -1 2 29 -1 3 30 1 43 83 1 44 86 1 45 87 -1 46 88 1 48 89 1 49 90 -1
2 1 6 8 9 9 1 68 -1 2 71 -1 3 72 1 7 83 1 8 86 1 9 87 -1 10 88 1 12 89 1 13 90 -1
2 1 7 3 5 10 52 42 -1 55 47 1 57 50 -1 58 51 1 82 68 -1 84 71 1 85 72 -1 91 78 -1 92 79 1 95 81 -1
2 1 7 3 9 10 5 42 -1 10 47 -1 12 50 1 13 51 -1 25 68 1 27 71 -1 28 72 1 34 78 -1 35 79 1 38 81 -1
2 1 7 5 9 10 4 42 -1 7 47 1 8 50 1 9 51 -1 22 68 -1 23 71 -1 24 72 1 31 78 1 32 79 -1 33 81 -1
2 1 8 2 3 9 27 6 -1 34 11 -1 38 15 1 69 42 1 76 47 1 80 51 -1 84 53 1 91 56 1 95 60 -1
2 1 8 2 5 9 23 6 -1 31 11 1 33 15 1 65 42 1 73 47 -1 75 51 -1 84 54 -1 91 61 1 95 63 1
2 1 8 2 7 9 17 6 1 19 11 1 21 15 1 65 53 1 69 54 1 73 56 1 75 60 1 76 61 1 80 63 1
2 1 8 2 9 9 17 42 1 19 47 1 21 51 1 23 53 1 27 54 1 31 56 1 33 60 1 34 61 1 38 63 1
2 1 8 3 4 9 25 6 -1 34 14 -1 35 15 1 67 42 1 76 50 1 77 51 -1 82 53 1 91 59 1 92 60 -1
2 1 8 3 6 9 25 11 1 27 14 -1 28 15 1 67 47 -1 69 50 1 70 51 -1 82 56 1 84 59 -1 85 60 1
2 1 8 4 5 9 22 6 -1 31 14 -1 32 15 1 64 42 1 73 50 1 74 51 -1 82 54 1 91 62 1 92 63 -1
2 1 8 4 7 9 16 6 1 19 14 -1 20 15 1 64 53 1 67 54 -1 73 59 -1 74 60 1 76 62 1 77 63 -1
2 1 8 4 9 9 16 42 1 19 50 -1 20 51 1 22 53 1 25 54 -1 31 59 -1 32 60 1 34 62 1 35 63 -1
2 1 8 5 6 9 22 11 -1 23 14 -1 24 15 1 64 47 1 65 50 1 66 51 -1 82 61 1 84 62 1 85 63 -1
2 1 8 6 7 9 16 11 -1 17 14 -1 18 15 1 64 56 1 65 59 1 66 60 -1 67 61 1 69 62 1 70 63 -1
2 1 8 6 9 9 16 47 -1 17 50 -1 18 51 1 22 56 1 23 59 1 24 60 -1 25 61 1 27 62 1 28 63 -1
2 1 9 3 5 10 52 6 1 55 11 -1 57 14 1 58 15 -1 82 26 -1 84 29 1 85 30 -1 91 36 -1 92 37 1 95 39 -1
2 1 9 3 7 10 41 6 -1 46 11 -1 48 14 1 49 15 -1 67 26 1 69 29 -1 70 30 1 76 36 -1 77 37 1 80 39 -1
2 1 9 5 7 10 40 6 -1 43 11 1 44 14 1 45 15 -1 64 26 -1 65 29 -1 66 30 1 73 36 1 74 37 -1 75 39 -1
2 2 3 4 5 9 7 12 1 22 27 1 32 38 1 43 48 1 56 62 1 64 69 1 74 80 1 83 89 1 94 99 1
2 2 3 4 7 9 1 12 1 16 27 -1 20 38 1 43 57 -1 47 62 1 64 84 1 68 89 -1 74 95 -1 79 99 1
2 2 3 4 9 9 1 48 1 7 57 1 11 62 -1 16 69 1 20 80 -1 22 84 1 26 89 -1 32 95 -1 37 99 1
2 2 3 5 6 9 4 12 1 22 34 1 24 38 1 40 48 1 53 62 1 64 76 1 66 80 1 83 97 1 87 99 1
2 2 3 5 8 9 4 27 -1 7 34 1 9 38 1 40 69 1 43 76 -1 45 80 -1 53 89 -1 56 97 1 60 99 1
2 2 3 6 7 9 0 12 1 16 34 1 18 38 1 40 57 1 42 62 1 64 91 1 66 95 1 68 97 1 72 99 1
2 2 3 6 9 9 0 48 1 4 57 -1 6 62 -1 16 76 -1 18 80 -1 22 91 1 24 95 1 26 97 1 30 99 1
2 2 3 7 8 9 0 27 1 1 34 1 3 38 1 40 84 1 42 89 1 43 91 1 45 95 1 47 97 1 51 99 1
2 2 3 8 9 9 0 69 1 1 76 1 3 80 1 4 84 1 6 89 1 7 91 1 9 95 1 11 97 1 15 99 1
2 2 4 6 8 10 0 19 -1 4 31 1 5 34 -1 6 36 1 40 73 -1 41 76 1 42 78 -1 52 91 -1 53 93 1 54 97 -1
2 2 5 3 4 9 10 8 1 25 23 1 35 33 1 46 44 1 61 59 1 67 65 1 77 75 1 88 86 1 98 96 1
2 2 5 3 6 9 5 8 1 25 31 1 28 33 1 41 44 1 54 59 1 67 73 1 70 75 1 88 93 1 90 96 1
2 2 5 3 8 9 5 23 -1 10 31 1 13 33 1 41 65 1 46 73 -1 49 75 -1 54 86 -1 61 93 1 63 96 1
2 2 5 4 7 9 1 8 1 16 23 -1 20 33 1 46 57 -1 47 59 1 67 84 1 68 86 -1 77 95 -1 79 96 1
2 2 5 4 9 9 1 44 1 10 57 1 11 59 -1 16 65 1 20 75 -1 25 84 1 26 86 -1 35 95 -1 37 96 1
2 2 5 6 7 9 0 8 1 16 31 -1 18 33 1 41 57 -1 42 59 1 67 91 1 68 93 -1 70 95 -1 72 96 1
2 2 5 6 9 9 0 44 1 5 57 1 6 59 -1 16 73 1 18 75 -1 25 91 1 26 93 -1 28 95 -1 30 96 1
2 2 5 7 8 9 0 23 1 1 31 -1 3 33 1 41 84 -1 42 86 1 46 91 1 47 93 -1 49 95 -1 51 96 1
2 2 5 8 9 9 0 65 1 1 73 -1 3 75 1 5 84 -1 6 86 1 10 91 1 11 93 -1 13 95 -1 15 96 1
2 2 6 4 8 10 1 17 -1 7 23 1 10 27 -1 11 29 1 43 65 -1 46 69 1 47 71 -1 55 84 -1 56 86 1 61 89 -1
2 2 7 3 4 9 10 2 1 25 17 -1 35 21 1 55 44 -1 61 50 1 82 65 1 88 71 -1 92 75 -1 98 81 1
2 2 7 3 6 9 5 2 1 25 19 1 28 21 1 52 44 1 54 50 1 82 73 1 85 75 1 88 78 1 90 81 1
2 2 7 3 8 9 5 17 1 10 19 1 13 21 1 52 65 1 54 71 1 55 73 1 58 75 1 61 78 1 63 81 1
2 2 7 4 5 9 7 2 1 22 17 -1 32 21 1 55 48 -1 56 50 1 82 69 1 83 71 -1 92 80 -1 94 81 1
2 2 7 4 9 9 7 44 -1 10 48 1 11 50 -1 22 65 1 25 69 -1 26 71 1 32 75 1 35 80 -1 37 81 1
2 2 7 5 6 9 4 2 1 22 19 -1 24 21 1 52 48 -1 53 50 1 82 76 1 83 78 -1 85 80 -1 87 81 1
2 2 7 5 8 9 4 17 1 7 19 -1 9 21 1 52 69 -1 53 71 1 55 76 1 56 78 -1 58 80 -1 60 81 1
2 2 7 6 9 9 4 44 1 5 48 1 6 50 -1 22 73 1 24 75 -1 25 76 1 26 78 -1 28 80 -1 30 81 1
2 2 7 8 9 9 4 65 1 5 69 1 6 71 -1 7 73 1 9 75 -1 10 76 1 11 78 -1 13 80 -1 15 81 1
2 2 8 4 6 10 16 2 -1 22 8 1 25 12 -1 26 14 1 64 44 -1 67 48 1 68 50 -1 82 57 -1 83 59 1 88 62 -1
2 2 9 3 4 9 46 2 1 55 8 1 61 14 -1 67 17 1 77 21 -1 82 23 1 88 29 -1 92 33 -1 98 39 1
2 2 9 3 6 9 41 2 1 52 8 -1 54 14 -1 67 19 -1 70 21 -1 82 31 1 85 33 1 88 36 1 90 39 1
2 2 9 3 8 9 41 17 1 46 19 1 49 21 1 52 23 1 54 29 1 55 31 1 58 33 1 61 36 1 63 39 1
2 2 9 4 5 9 43 2 1 55 12 1 56 14 -1 64 17 1 74 21 -1 82 27 1 83 29 -1 92 38 -1 94 39 1
2 2 9 4 7 9 43 8 -1 46 12 1 47 14 -1 64 23 1 67 27 -1 68 29 1 74 33 1 77 38 -1 79 39 1
2 2 9 5 6 9 40 2 1 52 12 1 53 14 -1 64 19 1 66 21 -1 82 34 1 83 36 -1 85 38 -1 87 39 1
2 2 9 5 8 9 40 17 1 43 19 -1 45 21 1 52 27 -1 53 29 1 55 34 1 56 36 -1 58 38 -1 60 39 1
2 2 9 6 7 9 40 8 1 41 12 1 42 14 -1 64 31 1 66 33 -1 67 34 1 68 36 -1 70 38 -1 72 39 1
2 2 9 7 8 9 40 23 1 41 27 1 42 29 -1 43 31 1 45 33 -1 46 34 1 47 36 -1 49 38 -1 51 39 1
2 3 4 5 6 9 4 10 1 23 34 1 24 35 1 40 46 1 53 61 1 65 76 1 66 77 1 86 97 1 87 98 1
2 3 4 5 8 9 4 25 -1 8 34 1 9 35 1 40 67 1 44 76 -1 45 77 -1 53 88 -1 59 97 1 60 98 1
2 3 4 6 7 9 0 10 1 17 34 1 18 35 1 40 55 1 42 61 1 65 91 1 66 92 1 71 97 1 72 98 1
2 3 4 6 9 9 0 46 1 4 55 -1 6 61 -1 17 76 -1 18 77 -1 23 91 1 24 92 1 29 97 1 30 98 1
2 3 4 7 8 9 0 25 1 2 34 1 3 35 1 40 82 1 42 88 1 44 91 1 45 92 1 50 97 1 51 98 1
2 3 4 8 9 9 0 67 1 2 76 1 3 77 1 4 82 1 6 88 1 8 91 1 9 92 1 14 97 1 15 98 1
2 3 5 7 9 10 0 52 -1 1 55 1 2 57 -1 3 58 -1 16 82 -1 17 84 1 18 85 1 19 91 -1 20 92 -1 21 95 1
2 3 6 4 5 9 7 5 1 31 27 1 32 28 1 43 41 1 56 54 1 73 69 1 74 70 1 93 89 1 94 90 1
2 3 6 4 7 9 1 5 1 19 27 1 20 28 1 43 52 1 47 54 1 73 84 1 74 85 1 78 89 1 79 90 1
2 3 6 4 9 9 1 41 1 7 52 -1 11 54 -1 19 69 -1 20 70 -1 31 84 1 32 85 1 36 89 1 37 90 1
2 3 6 5 8 9 7 25 -1 8 27 1 9 28 1 43 67 1 44 69 -1 45 70 -1 56 88 -1 59 89 1 60 90 1
2 3 6 7 8 9 1 25 -1 2 27 1 3 28 1 43 82 1 44 84 -1 45 85 -1 47 88 -1 50 89 1 51 90 1
2 3 6 8 9 9 1 67 -1 2 69 1 3 70 1 7 82 1 8 84 -1 9 85 -1 11 88 -1 14 89 1 15 90 1
2 3 7 5 9 10 4 41 -1 7 46 1 8 48 -1 9 49 -1 22 67 -1 23 69 1 24 70 1 31 76 -1 32 77 -1 33 80 1
2 3 8 4 5 9 22 5 -1 31 12 1 32 13 1 64 41 1 73 48 -1 74 49 -1 83 54 -1 93 62 1 94 63 1
2 3 8 4 7 9 16 5 1 19 12 1 20 13 1 64 52 1 68 54 1 73 57 1 74 58 1 78 62 1 79 63 1
2 3 8 4 9 9 16 41 1 19 48 1 20 49 1 22 52 1 26 54 1 31 57 1 32 58 1 36 62 1 37 63 1
2 3 8 5 6 9 22 10 -1 23 12 1 24 13 1 64 46 1 65 48 -1 66 49 -1 83 61 -1 86 62 1 87 63 1
2 3 8 6 7 9 16 10 -1 17 12 1 18 13 1 64 55 1 65 57 -1 66 58 -1 68 61 -1 71 62 1 72 63 1
2 3 8 6 9 9 16 46 -1 17 48 1 18 49 1 22 55 1 23 57 -1 24 58 -1 26 61 -1 29 62 1 30 63 1
2 3 9 5 7 10 40 5 -1 43 10 1 44 12 -1 45 13 -1 64 25 -1 65 27 1 66 28 1 73 34 -1 74 35 -1 75 38 1
2 4 5 6 7 9 0 7 1 17 31 1 18 32 1 41 55 1 42 56 1 69 91 1 70 92 1 71 93 1 72 94 1
2 4 5 6 9 9 0 43 1 5 55 -1 6 56 -1 17 73 -1 18 74 -1 27 91 1 28 92 1 29 93 1 30 94 1
2 4 5 7 8 9 0 22 1 2 31 1 3 32 1 41 82 1 42 83 1 48 91 1 49 92 1 50 93 1 51 94 1
2 4 5 8 9 9 0 64 1 2 73 1 3 74 1 5 82 1 6 83 1 12 91 1 13 92 1 14 93 1 15 94 1
2 4 7 5 6 9 4 1 1 23 19 1 24 20 1 52 46 1 53 47 1 84 76 1 85 77 1 86 78 1 87 79 1
2 4 7 5 8 9 4 16 1 8 19 1 9 20 1 52 67 1 53 68 1 57 76 1 58 77 1 59 78 1 60 79 1
2 4 7 6 9 9 4 43 1 5 46 -1 6 47 -1 23 73 -1 24 74 -1 27 76 1 28 77 1 29 78 1 30 79 1
2 4 7 8 9 9 4 64 1 5 67 -1 6 68 -1 8 73 -1 9 74 -1 12 76 1 13 77 1 14 78 1 15 79 1
2 4 9 5 6 9 40 1 1 52 10 -1 53 11 -1 65 19 -1 66 20 -1 84 34 1 85 35 1 86 36 1 87 37 1
2 4 9 5 8 9 40 16 1 44 19 1 45 20 1 52 25 1 53 26 1 57 34 1 58 35 1 59 36 1 60 37 1
2 4 9 6 7 9 40 7 1 41 10 -1 42 11 -1 65 31 -1 66 32 -1 69 34 1 70 35 1 71 36 1 72 37 1
2 4 9 7 8 9 40 22 1 41 25 -1 42 26 -1 44 31 -1 45 32 -1 48 34 1 49 35 1 50 36 1 51 37 1
2 5 6 7 8 9 1 22 1 2 23 1 3 24 1 46 82 1 47 83 1 48 84 1 49 85 1 50 86 1 51 87 1
2 5 6 8 9 9 1 64 1 2 65 1 3 66 1 10 82 1 11 83 1 12 84 1 13 85 1 14 86 1 15 87 1
2 5 8 6 7 9 16 7 1 17 8 1 18 9 1 67 55 1 68 56 1 69 57 1 70 58 1 71 59 1 72 60 1
2 5 8 6 9 9 16 43 1 17 44 1 18 45 1 25 55 1 26 56 1 27 57 1 28 58 1 29 59 1 30 60 1
2 6 7 8 9 9 7 64 1 8 65 1 9 66 1 10 67 1 11 68 1 12 69 1 13 70 1 14 71 1 15 72 1
2 6 9 7 8 9 43 22 1 44 23 1 45 24 1 46 25 1 47 26 1 48 27 1 49 28 1 50 29 1 51 30 1
