142 112
4 5
12 4
4 12
25 14
0 3
17 1
13 20
9 20
20 9
13 17
17 13
13 20
9 16
16 15
13 16
18 15
15 18
24 11
8 2
11 7
21 24
14 10
3 22
24 11
8 19
11 24
25 14
22 5
6 20
20 9
18 6
6 8
18 6
6 20
20 6
6 18
4 10
21 25
25 12
12 23
23 12
4 5
7 11
5 22
10 4
22 3
5 22
4 10
10 0
0 10
10 0
5 4
4 12
4 5
3 21
21 24
24 11
24 21
21 24
11 7
11 24
3 22
22 17
17 22
5 22
21 3
24 11
19 23
13 20
23 12
16 13
15 16
11 14
4 10
10 4
22 5
15 18
22 17
17 22
5 4
16 15
9 16
1 17
4 5
4 10
5 4
10 0
10 4
0 10
12 4
4 12
17 1
22 5
16 9
1 2
2 8
1 2
8 19
17 1
2 8
1 2
2 1
2 23
23 2
8 6
2 8
19 8
8 6
19 8
8 2
1 17
17 13
13 16
1 17
16 13
3 22
10 14
21 3
25 21
21 25
5 22
3 22
6 20
14 25
3 21
0 3
21 24
10 14
24 7
10 0
0 10
14 25
21 24
3 0
22 3
5 22
3 22
22 17
17 1
3 22
7 11
10 14
