254 88
6 15
4 29
30 7
14 1
23 32
33 8
27 17
3 12
11 19
9 28
13 26
25 24
16 10
0 18
1 2
32 23
8 21
19 11
26 13
28 9
7 30
3 32
31 6
12 9
17 14
11 13
4 21
2 29
8 31
13 33
0 27
18 15
30 7
9 28
14 22
5 29
28 20
12 23
29 2
7 3
21 8
24 4
33 15
9 0
14 17
22 30
4 29
24 21
20 16
23 12
14 1
3 7
13 33
25 24
17 14
32 3
16 10
1 2
30 7
28 20
24 21
2 1
26 25
22 14
21 4
14 22
3 7
18 32
7 30
33 15
0 18
11 13
4 29
16 20
9 28
23 32
25 26
28 9
10 16
8 33
22 30
17 14
20 28
30 7
9 12
18 0
29 2
22 14
4 24
30 22
14 17
22 30
31 8
20 7
13 33
16 22
24 25
12 3
2 26
5 29
25 24
18 15
28 9
6 5
15 18
22 16
8 21
7 20
26 25
14 22
2 1
8 33
10 16
29 5
31 6
5 6
16 10
6 31
2 26
30 22
17 14
21 8
7 30
25 24
22 14
24 25
26 2
31 11
14 17
6 15
8 33
11 19
10 16
13 11
17 27
20 7
14 22
5 6
2 29
6 5
15 33
1 2
30 7
13 26
27 17
2 1
15 6
5 29
16 22
26 13
7 20
6 15
22 16
13 26
10 27
19 1
17 14
26 2
33 13
3 7
5 6
7 3
29 5
1 14
13 26
27 0
5 29
16 10
33 13
2 26
29 4
3 32
1 19
14 17
15 33
26 13
33 15
0 27
19 1
29 2
17 14
22 16
32 23
7 3
32 18
13 11
23 12
33 8
15 6
18 32
8 33
1 19
4 29
27 17
0 18
6 5
23 32
2 1
32 23
13 26
12 23
3 32
26 25
27 10
33 15
29 4
17 14
1 19
18 0
32 3
17 27
10 16
15 33
14 1
19 11
33 13
1 2
25 26
22 14
5 29
2 29
11 19
0 9
15 33
29 2
24 25
16 20
9 0
26 13
27 10
6 15
14 17
4 24
20 7
1 14
17 23
11 13
10 27
15 18
5 29
25 24
19 11
13 26
6 5
24 4
2 1
23 12
25 24
22 14
24 25
5 6
27 10
18 15
32 18
