263 128
33 8
31 8
8 33
11 19
19 11
11 19
14 1
1 2
5 29
2 29
4 21
4 29
23 32
3 12
6 15
32 23
0 18
27 17
32 3
3 7
7 30
3 7
30 7
32 3
3 32
7 3
22 30
18 15
9 28
16 10
13 26
26 13
28 9
12 9
28 20
14 1
22 14
14 17
20 16
14 22
16 20
20 16
11 13
31 6
0 27
9 0
28 9
9 28
29 2
24 4
31 8
33 15
13 33
33 15
13 33
11 13
13 11
13 33
8 21
25 24
12 23
18 32
23 32
23 12
9 12
17 14
14 1
1 2
2 1
1 2
21 4
8 31
11 19
14 22
22 14
22 30
30 22
14 22
21 8
30 7
28 20
24 21
22 30
7 3
31 8
9 28
0 18
25 24
4 24
20 16
24 21
26 25
18 15
18 0
28 20
21 4
4 29
21 4
29 2
4 21
16 22
3 32
7 30
30 22
10 16
20 28
7 3
22 16
28 9
16 10
8 21
5 29
30 7
29 5
22 16
3 32
32 18
32 23
23 32
12 3
23 12
21 8
2 29
6 5
31 6
6 5
5 29
6 5
5 6
6 15
6 31
31 11
30 22
7 30
1 2
2 26
15 33
8 33
26 25
30 22
11 19
2 1
22 14
16 22
14 22
22 16
22 14
20 7
25 24
7 20
26 25
2 26
26 13
25 26
26 2
25 26
1 2
2 29
2 1
26 25
17 14
14 17
6 15
20 7
17 27
27 17
12 23
7 30
15 18
5 6
6 5
3 7
30 7
18 32
15 6
32 23
3 32
17 14
10 27
32 3
29 5
27 0
0 27
27 10
16 10
22 16
10 16
5 29
1 19
29 4
1 14
13 26
26 2
19 1
13 26
2 26
0 18
33 13
1 14
14 17
17 14
27 17
17 14
17 27
22 14
26 13
18 0
13 11
16 20
2 26
0 9
9 0
20 7
25 26
29 2
33 13
11 13
11 19
24 25
2 1
4 29
26 25
15 33
33 15
15 6
6 15
15 33
6 5
14 17
27 10
10 27
27 10
17 23
22 14
1 19
14 1
29 4
4 24
1 2
5 29
2 29
29 2
5 29
25 24
19 11
11 19
33 8
11 13
26 13
8 33
13 26
1 14
23 12
6 5
5 6
24 4
33 15
25 24
24 25
15 18
2 1
18 15
32 18
