139 71
8 19
11 24
25 14
4 5
18 15
17 1
13 20
3 0
19 23
9 16
8 2
14 10
13 17
12 4
0 3
24 21
9 20
16 15
3 0
17 22
17 13
10 4
11 7
14 11
23 12
15 18
20 6
21 25
7 11
21 24
19 23
18 6
13 16
6 8
10 0
25 21
4 5
23 12
5 22
10 4
12 25
24 21
18 6
8 2
22 5
6 20
4 12
7 24
15 18
2 8
4 10
1 2
20 6
12 25
8 19
22 17
13 20
20 6
24 7
4 5
25 21
16 13
20 9
17 1
15 16
6 18
10 4
1 2
17 1
2 8
5 22
1 2
21 25
25 14
9 16
8 2
22 3
6 20
14 11
4 10
20 13
3 0
25 12
11 7
14 11
16 9
5 4
22 3
10 14
12 23
23 19
17 22
20 9
22 5
19 8
4 10
14 25
9 15
2 23
8 6
20 9
10 0
0 10
17 22
5 4
10 14
1 17
3 22
19 8
2 1
14 25
6 20
4 5
10 0
21 3
1 17
17 13
23 2
22 5
10 4
14 11
0 3
25 21
2 8
8 19
22 17
13 16
4 12
0 10
8 2
12 4
21 25
10 14
16 13
1 17
3 22
17 1
10 0
4 12
