137 71
25 14
18 15
8 19
4 5
9 16
11 24
3 0
17 1
13 20
13 17
17 22
17 13
9 20
8 2
19 23
0 3
12 4
14 10
10 0
3 0
24 21
21 25
21 24
24 21
24 11
25 21
21 24
16 15
13 16
15 18
10 4
23 12
18 6
20 6
6 8
19 23
4 5
5 22
10 4
24 7
11 24
7 24
18 6
22 5
6 20
8 19
4 10
12 25
4 12
2 8
1 2
8 19
15 18
22 17
20 6
13 20
4 5
20 6
20 9
6 20
17 1
20 13
12 25
16 13
5 22
22 3
1 2
9 16
15 16
20 9
16 9
9 15
10 4
4 10
14 11
10 14
24 11
2 8
25 21
1 2
23 12
17 1
6 18
21 25
3 0
25 12
25 14
5 4
22 3
14 25
12 23
17 22
22 5
4 10
5 4
10 0
0 10
10 14
10 0
14 11
14 25
4 5
23 19
2 23
19 8
20 9
17 22
3 22
1 17
2 1
8 6
21 3
19 8
23 2
2 8
8 19
8 2
1 17
6 20
10 4
17 13
22 5
4 12
25 21
21 25
0 10
0 3
10 0
13 16
22 17
1 17
16 13
17 1
10 14
12 4
3 22
4 12
