147 78
22 3
16 15
4 5
13 20
25 14
8 2
13 17
11 7
18 15
14 10
6 20
21 25
8 19
24 21
5 22
12 4
2 1
15 16
17 13
22 3
4 12
6 8
20 6
15 18
21 24
10 4
22 17
3 0
24 11
7 24
25 12
13 16
5 22
18 6
13 20
12 23
23 12
4 5
0 10
6 8
18 6
18 15
6 18
17 22
5 22
22 17
5 22
11 7
24 21
14 11
19 23
25 14
8 2
4 10
21 25
25 21
21 25
24 7
21 24
24 7
23 12
20 6
10 0
10 14
12 4
10 4
2 8
8 19
18 15
0 3
9 20
20 9
6 20
20 6
20 9
15 16
22 5
15 18
21 24
14 11
0 10
5 4
3 0
11 24
25 21
17 22
1 17
17 1
1 2
13 17
17 1
1 17
22 3
5 22
10 4
3 21
22 5
9 15
3 0
6 18
16 13
15 16
0 10
2 8
10 0
1 2
17 22
1 17
8 2
2 1
1 2
0 3
10 14
10 4
5 22
16 15
19 8
17 13
16 9
3 21
4 12
1 17
21 25
3 22
22 17
13 16
12 4
2 23
17 1
16 13
24 21
22 5
21 3
23 2
11 24
2 8
8 6
24 11
25 21
6 20
2 8
19 8
3 22
8 19
21 25
2 8
8 2
