141 67
11 24
25 14
24 21
21 24
21 25
24 11
4 5
22 5
3 0
5 22
0 3
12 4
17 1
14 10
8 19
8 2
18 15
9 16
16 15
19 23
23 12
2 1
10 4
10 0
4 5
4 10
13 20
25 21
24 21
13 17
17 13
17 22
21 24
19 23
22 5
12 25
17 22
24 7
0 3
9 20
13 16
4 12
10 4
4 12
20 6
12 25
5 22
4 5
3 0
15 18
11 24
22 17
18 6
6 8
8 19
5 22
20 13
5 4
2 8
1 2
17 1
1 2
8 19
2 8
1 2
14 11
25 21
21 25
22 3
13 20
20 6
17 22
17 1
13 20
10 14
3 0
4 10
0 3
10 0
0 10
10 0
23 12
25 12
12 23
25 14
16 13
22 5
17 22
3 22
1 17
5 4
23 19
21 3
14 25
7 24
17 13
18 6
6 20
20 9
6 18
6 20
2 1
19 8
1 2
0 3
2 23
23 2
22 17
4 5
15 16
10 14
24 11
14 25
9 16
16 9
13 16
20 9
10 4
0 10
4 12
10 0
25 21
8 6
16 13
15 18
19 8
9 15
1 17
20 9
14 11
22 5
2 8
3 22
12 4
6 20
21 25
4 12
8 19
17 1
8 2
10 14
