262 85
14 1
0 18
16 10
30 7
27 17
7 30
33 8
4 29
11 19
19 11
6 15
25 24
23 32
3 12
9 28
24 25
32 23
17 14
3 32
28 9
30 7
8 21
7 3
1 2
3 7
13 26
32 3
12 9
26 13
33 15
31 6
8 31
5 29
2 29
11 13
14 1
29 2
4 21
24 4
13 33
13 11
11 13
21 8
12 23
18 15
9 28
11 19
1 2
28 20
25 24
20 16
23 12
0 27
9 0
4 29
14 22
24 21
33 15
21 4
14 17
2 1
16 20
8 33
18 32
28 20
9 28
31 8
28 9
4 29
9 12
20 28
13 33
24 25
25 24
26 25
24 25
25 26
4 24
24 25
29 2
25 24
30 7
3 7
22 30
7 30
30 7
16 10
30 22
10 16
22 30
16 22
0 18
18 0
5 29
22 14
18 15
14 17
17 27
23 32
6 5
29 5
31 6
5 6
21 8
2 26
22 16
8 33
26 25
7 3
3 32
7 3
3 32
20 7
6 31
15 18
6 15
8 21
21 8
32 23
22 30
14 22
30 22
17 14
22 30
8 21
12 3
10 16
27 17
16 10
10 27
10 16
27 0
32 18
18 32
22 14
14 22
2 1
2 26
26 2
22 30
13 11
11 13
15 33
13 26
23 12
23 32
32 23
5 6
6 5
2 29
29 5
31 11
11 19
26 13
3 32
33 15
15 6
13 26
6 15
33 13
1 2
0 27
15 33
2 1
16 22
5 29
5 6
26 2
22 16
19 1
17 14
16 10
33 8
29 4
1 14
1 19
19 1
14 17
13 26
25 24
24 25
1 19
29 5
17 14
15 33
22 16
33 13
2 26
26 13
13 26
5 6
6 5
27 17
26 25
25 26
15 33
29 2
33 15
24 25
13 11
17 14
4 29
0 18
8 33
2 1
27 10
17 27
12 23
28 9
33 15
10 16
30 7
7 20
7 30
20 7
30 7
7 20
16 20
29 4
1 19
5 29
18 0
15 33
3 7
32 3
27 10
14 1
0 9
1 2
33 13
15 33
19 11
22 14
20 7
14 17
11 13
1 14
2 29
10 27
9 0
26 13
17 23
22 14
29 2
6 15
11 19
2 1
19 11
5 29
23 12
6 5
5 6
15 18
4 24
25 24
24 4
25 24
27 10
18 15
13 26
32 18
24 25
