168 102
25 21
5 22
11 24
4 12
8 19
0 3
17 1
13 20
2 8
15 16
8 2
23 19
22 5
0 10
9 20
14 25
19 23
11 7
24 11
18 15
2 1
21 24
7 11
4 5
16 9
25 12
1 2
17 1
24 7
13 17
5 4
12 25
11 14
2 8
11 7
17 13
5 22
25 21
4 10
14 11
22 3
5 4
21 24
13 20
3 0
20 6
25 21
4 12
6 20
3 22
0 10
12 4
13 20
3 0
22 5
6 18
4 12
20 9
21 3
10 4
25 12
22 17
6 20
9 15
3 0
4 10
21 25
5 22
9 20
15 16
25 12
21 3
4 5
16 15
10 14
17 22
12 23
20 13
1 17
14 10
23 19
3 21
17 1
5 22
13 17
2 1
12 23
10 0
4 5
14 10
22 3
8 2
20 13
0 10
3 21
12 4
13 17
2 1
19 8
9 20
21 25
4 12
17 1
25 14
23 19
13 16
3 21
22 17
23 12
8 19
16 15
14 10
15 9
21 24
22 3
1 17
18 15
10 4
14 25
17 1
3 22
1 2
17 13
2 1
4 5
25 14
1 2
13 16
1 17
16 13
25 21
10 4
5 22
15 16
21 24
22 17
0 10
12 4
10 14
24 11
10 0
23 12
14 10
0 3
19 23
25 14
3 0
8 19
21 25
2 8
24 21
23 2
25 14
8 6
14 11
6 20
21 3
19 23
7 24
1 2
10 14
17 1
8 19
19 8
3 22
24 7
21 25
2 8
