139 67
13 20
25 14
9 16
16 15
18 15
15 18
4 5
3 0
17 1
8 19
11 24
13 17
19 23
8 2
14 10
9 20
0 3
24 21
5 22
10 0
12 4
10 4
23 12
17 22
4 10
17 13
21 25
21 24
22 5
20 6
24 11
13 16
18 6
19 23
25 21
6 8
5 22
20 13
12 25
24 21
21 24
0 3
3 0
4 5
18 6
13 20
8 19
15 18
20 6
4 12
2 8
1 2
8 19
5 22
13 20
6 18
6 20
10 4
24 7
22 17
11 24
20 9
16 13
4 12
15 16
12 25
17 1
14 11
4 5
1 2
7 24
6 20
2 8
10 14
9 16
1 2
25 21
17 1
24 11
5 22
16 9
23 12
5 4
22 3
21 25
25 12
20 9
17 22
22 5
4 10
25 14
3 0
0 10
0 3
10 0
9 15
12 23
23 19
5 4
17 22
14 25
2 23
19 8
0 10
3 22
20 9
1 17
10 14
4 5
21 3
2 1
8 6
14 11
14 25
23 2
2 8
19 8
8 19
8 2
1 17
10 4
6 20
22 5
17 13
0 3
22 17
25 21
4 12
13 16
0 10
10 14
12 4
16 13
10 0
1 17
21 25
17 1
3 22
4 12
