4
mesh_22 22 60 155 65
2790604 4132822 16259 458900 282777 987030 1888405 3147810 3309272 155546 528517 3672866 2722250 16258 725016 3395589 3155744 2921692 793998 344204 3948701 1884309
0 6 5
0 7 4
0 17 3
1 5 1
1 11 1
2 8 3
2 12 3
2 16 4
3 15 3
3 20 5
4 14 4
4 15 5
4 16 3
5 1 5
5 13 2
5 19 2
6 0 1
6 10 5
6 21 2
7 0 2
7 10 4
7 16 4
8 2 4
8 13 2
8 19 3
9 13 2
9 18 4
9 19 5
10 6 2
10 7 5
10 11 5
11 1 1
11 10 2
12 2 5
12 14 4
12 17 1
13 5 4
13 8 1
13 9 5
14 4 2
14 12 4
14 18 1
15 3 3
15 4 3
15 18 2
16 2 3
16 4 5
16 7 1
17 0 1
17 12 2
18 9 5
18 14 5
18 15 2
19 5 4
19 8 2
19 9 3
20 3 1
20 21 1
21 6 3
21 20 4
bridge_26 26 72 189 66
57 4329751 38925664 54688785 36176144 4337697 14931508 33554560 16381040 425984 37905465 35655849 37770281 295488 39990288 1253376 39319398 4329491 1450560 39449956 15987764 52434985 21116960 44695574 2099328 16783376
0 3 3
0 10 1
1 2 1
1 17 2
2 1 3
2 8 1
2 23 3
3 0 3
3 21 4
3 22 4
4 5 4
4 10 4
4 12 2
5 4 4
5 22 3
6 8 5
6 18 4
6 20 4
7 11 4
7 24 5
8 2 4
8 6 3
8 19 1
9 15 3
9 16 4
9 20 4
10 0 1
10 4 5
10 14 3
11 7 1
11 14 3
11 24 5
12 4 4
12 23 3
12 25 4
13 16 2
13 17 4
13 20 2
14 10 3
14 11 2
14 25 5
15 9 1
15 16 3
15 18 5
16 9 3
16 13 2
16 15 2
17 1 1
17 13 4
17 22 1
18 6 2
18 15 3
19 8 4
19 23 3
20 6 2
20 9 4
20 13 3
21 3 5
21 24 3
21 25 1
22 3 3
22 5 5
22 17 4
23 2 4
23 12 3
23 19 2
24 7 2
24 11 1
24 21 4
25 12 3
25 14 3
25 21 4
mesh_30 30 82 227 78
820953984 808452240 605663232 17369384 540038470 837798048 18930710 805322882 853983616 16980761 67584 445550250 540034322 1038607297 270532736 71337360 1072161768 50534673 6586496 108065863 874517844 73662608 831507362 130754820 84486464 12587065 805356802 151585320 4228480 607180102
0 5 1
0 9 4
0 27 2
1 7 3
1 14 1
1 28 5
2 6 5
2 16 3
2 25 3
3 5 5
3 9 5
3 19 4
4 12 5
4 20 5
4 26 2
5 0 4
5 3 5
6 2 3
6 12 4
7 1 3
7 18 4
7 21 4
8 10 5
8 11 3
8 14 1
9 0 2
9 3 2
9 22 3
10 8 5
10 17 5
10 24 2
11 8 3
11 13 2
11 16 1
12 4 4
12 6 3
12 13 5
13 11 1
13 12 2
13 19 5
14 1 5
14 8 4
14 29 2
15 18 1
15 26 5
16 2 3
16 11 1
16 24 5
17 10 4
17 21 1
17 22 2
18 7 4
18 15 5
19 3 2
19 13 2
19 23 4
20 4 1
20 29 2
21 7 1
21 17 1
21 28 4
22 9 3
22 17 2
22 25 2
23 19 4
23 25 5
24 10 5
24 16 4
24 27 3
25 2 4
25 22 4
25 23 4
26 4 1
26 15 5
26 28 2
27 0 1
27 24 2
28 1 1
28 21 4
28 26 3
29 14 5
29 20 3
bridge_34 34 96 261 79
268501504 7715751278 8843837540 4509581512 67117056 704774162 235028836 4300473481 9431470127 483119808 6086151226 10938876162 203216456 11209453659 11374954800 214815936 5378430465 135288329 5749315097 874549609 5512779265 2181038080 1070600 81429705 2854354994 2787139622 11175891035 5377376265 268505096 5398529052 138629768 9162473766 5574939328 8625586448
0 9 1
0 18 5
0 27 5
1 2 1
1 14 4
1 19 2
2 1 4
2 26 3
2 29 2
3 7 1
3 12 2
3 32 4
4 21 4
4 24 3
4 29 5
5 6 1
5 29 1
6 5 3
6 15 3
6 31 3
7 3 5
7 20 4
7 30 4
8 21 1
8 31 3
8 33 5
9 0 4
9 12 4
9 28 1
10 16 4
10 27 5
11 13 1
11 19 1
11 31 4
12 3 3
12 9 3
12 23 5
13 11 5
13 26 1
13 33 5
14 1 1
14 17 2
14 22 5
15 6 2
15 18 5
15 33 1
16 10 5
16 20 2
16 22 3
17 14 2
17 23 4
17 27 5
18 0 5
18 15 1
18 32 1
19 1 4
19 11 2
20 7 4
20 16 2
20 28 4
21 4 2
21 8 3
21 24 3
22 14 1
22 16 1
22 30 1
23 12 3
23 17 3
23 32 1
24 4 2
24 21 2
24 25 1
25 24 1
25 26 3
26 2 4
26 13 3
26 25 5
27 0 5
27 10 3
27 17 4
28 9 2
28 20 5
29 2 4
29 4 4
29 5 3
30 7 2
30 22 1
31 6 2
31 8 4
31 11 1
32 3 3
32 18 1
32 23 1
33 8 1
33 13 3
33 15 3
