213 85
4 12
19 3
23 25
11 16
16 24
2 6
28 1
19 13
25 22
22 17
15 18
21 7
18 7
21 28
25 23
8 11
11 16
10 8
16 11
8 10
0 5
29 14
14 1
5 3
8 14
17 22
3 9
7 21
9 0
3 19
3 9
21 7
1 7
24 27
14 8
8 14
6 12
4 20
29 20
24 16
7 18
4 26
26 4
12 4
4 12
26 15
15 26
10 24
28 21
21 17
28 1
16 2
0 27
3 5
25 22
2 6
6 12
11 8
27 24
24 27
17 10
10 8
18 15
21 7
16 24
17 21
21 17
22 17
1 14
23 19
12 13
27 0
22 25
8 11
11 8
17 10
17 22
10 24
23 25
14 29
11 16
0 9
22 17
9 22
17 21
26 28
28 1
1 28
14 1
21 17
22 17
4 26
13 11
4 12
11 13
8 10
10 24
10 8
8 10
10 8
19 3
19 13
11 16
5 0
18 7
6 2
16 11
12 6
28 21
26 4
1 28
21 7
20 4
4 12
20 4
26 4
7 18
24 16
13 19
11 13
16 11
19 3
19 13
17 22
13 11
27 24
4 26
26 4
6 2
3 5
24 27
21 17
21 7
29 20
12 13
22 25
11 16
20 29
7 21
28 26
19 3
13 19
3 9
19 13
9 3
3 19
3 5
6 12
16 2
11 16
11 8
14 8
2 25
25 23
25 22
22 25
6 2
16 24
28 21
11 16
26 15
1 14
14 29
4 20
20 4
29 14
29 20
20 29
28 1
1 7
7 1
24 10
12 6
11 13
6 12
13 11
12 4
4 12
15 26
10 8
14 1
1 14
26 28
28 26
23 25
9 22
22 9
8 11
24 16
16 2
2 25
25 23
23 25
11 13
13 19
11 16
24 10
28 21
18 15
17 22
11 8
11 13
13 11
24 16
6 2
21 28
22 17
12 6
0 9
9 22
5 0
11 16
16 11
