138 58
7 16
9 13
10 11
5 1
14 4
20 21
15 3
12 17
21 6
17 12
19 9
13 8
18 14
8 13
4 15
3 20
0 7
2 16
10 6
8 19
11 1
9 13
1 5
6 10
11 1
5 13
18 15
19 8
17 0
1 11
16 2
7 0
12 17
11 1
13 9
14 18
5 19
3 15
17 0
12 14
8 2
16 4
11 10
0 17
21 6
1 5
15 18
10 11
13 5
17 0
2 12
14 18
20 21
0 7
14 4
19 8
3 20
17 12
5 1
9 13
2 16
6 10
12 14
18 9
7 0
15 3
21 20
16 2
13 5
11 1
0 6
14 4
1 11
9 18
12 2
3 20
4 14
1 5
11 1
5 13
7 0
21 6
10 11
9 13
14 18
2 12
4 15
20 3
16 7
18 9
7 0
20 21
14 12
16 2
21 20
6 0
7 10
0 6
15 4
2 8
14 18
9 13
18 14
7 16
13 5
8 19
17 0
6 21
0 17
10 7
16 4
8 2
21 20
15 18
5 19
9 13
17 12
14 18
3 15
19 9
5 1
12 17
21 6
13 8
14 12
16 2
7 10
0 17
8 13
18 15
9 19
15 3
2 16
14 18
10 6
18 14
4 15
7 16
