210 88
21 7
28 1
11 16
6 2
7 18
21 28
23 25
4 26
6 12
8 11
29 14
16 24
11 16
15 18
16 11
7 21
0 5
22 17
19 3
25 23
4 12
10 8
2 6
14 1
22 25
28 21
8 14
24 16
18 7
17 22
5 3
6 12
22 17
16 2
4 20
7 21
8 10
21 7
17 21
24 27
3 9
25 22
21 17
12 4
2 6
9 0
10 24
14 8
22 17
8 14
0 27
6 12
27 24
19 13
11 8
17 10
26 4
12 6
24 27
16 2
22 17
17 21
3 19
21 17
10 8
22 17
4 12
16 24
8 11
3 5
11 16
17 10
26 15
23 19
11 8
12 13
10 24
13 11
3 9
28 1
19 13
1 14
19 3
15 26
11 13
8 10
26 28
1 7
11 16
28 1
10 24
27 0
16 11
13 19
29 20
7 18
11 13
0 9
1 28
24 16
8 10
21 7
20 4
19 13
16 11
26 4
21 17
13 11
6 2
11 16
22 17
5 0
27 24
23 25
19 3
14 1
10 8
28 21
16 2
9 22
4 12
24 27
11 16
22 17
2 25
18 15
3 5
8 10
1 28
14 29
12 13
19 3
16 24
25 22
11 8
20 4
28 26
7 18
6 2
21 7
9 22
21 17
29 20
13 19
11 16
14 8
24 10
25 23
12 6
20 29
26 15
11 13
22 25
28 21
3 9
19 13
13 11
24 16
6 12
10 8
9 3
1 14
4 20
15 26
7 21
28 1
20 4
23 25
16 2
12 6
8 11
9 22
14 29
26 28
11 13
1 7
2 25
11 16
22 9
28 26
12 4
7 1
29 14
17 22
24 16
25 23
11 8
13 19
3 5
0 9
28 21
6 2
22 17
4 12
11 13
29 20
13 11
14 1
18 15
11 16
3 19
20 29
5 0
24 10
21 28
9 22
1 14
12 6
23 25
16 11
