135 66
20 21
15 3
10 6
14 4
18 15
3 15
18 14
12 17
9 13
17 12
10 11
5 1
13 8
8 13
19 9
8 19
19 8
9 13
21 6
4 15
3 20
6 10
7 16
12 17
0 7
7 0
0 17
2 16
8 2
2 16
16 2
1 11
1 5
11 1
1 5
5 19
5 13
1 5
13 5
11 10
10 11
14 18
17 0
12 17
12 14
21 6
15 18
20 21
0 7
11 1
14 18
13 9
9 13
18 9
9 18
21 20
3 20
4 14
17 12
12 2
2 12
2 16
12 14
12 2
5 1
6 10
15 3
1 5
13 5
5 13
9 13
21 6
3 20
1 11
6 0
11 1
10 6
0 6
16 4
7 0
20 21
20 3
21 20
10 11
19 8
4 15
17 0
14 18
14 12
12 17
2 16
2 8
15 4
18 9
14 18
18 14
14 18
15 18
18 15
14 18
3 15
15 3
17 12
12 17
14 12
16 7
7 16
7 10
10 6
8 2
16 2
16 4
8 19
9 13
6 21
6 0
10 7
7 10
13 5
18 14
5 1
9 13
13 8
21 6
21 20
2 16
5 19
8 13
19 9
9 19
0 17
17 12
4 15
10 6
7 16
