258 293
5 1
8 19
2 16
4 14
15 3
20 21
3 15
12 2
16 7
19 5
14 18
21 6
4 14
7 16
18 15
6 10
11 1
8 19
4 15
0 7
14 18
19 8
8 2
15 4
19 5
3 20
4 16
19 8
8 2
5 1
14 4
9 19
2 16
1 11
11 10
1 5
12 2
1 11
11 10
1 11
19 8
11 1
2 16
1 11
17 12
13 8
8 13
16 4
13 8
7 16
4 14
0 7
2 16
14 18
18 9
7 16
14 18
18 9
16 4
14 18
2 16
18 14
16 4
14 18
12 14
4 15
17 12
12 14
15 4
4 14
12 17
14 4
17 12
4 16
12 17
16 7
4 16
14 18
18 14
16 7
7 10
14 18
10 11
6 10
10 11
21 6
11 10
11 1
10 11
11 10
1 11
10 7
11 1
1 11
1 5
5 1
7 10
1 5
11 1
16 7
1 11
7 0
11 10
19 5
0 7
4 16
11 1
10 11
5 19
16 4
7 0
19 9
1 5
17 0
6 10
5 1
0 17
9 19
4 16
17 0
16 7
21 6
1 5
11 10
7 16
5 13
19 9
6 10
13 5
9 18
16 7
20 21
21 20
5 13
10 6
18 9
13 8
6 10
8 13
20 21
1 5
5 1
20 3
13 8
9 18
3 20
10 6
11 10
1 5
19 9
15 3
10 11
9 19
4 15
11 10
19 9
10 6
15 3
6 10
19 8
4 15
9 19
1 11
3 20
11 1
10 6
1 11
5 1
6 0
0 6
6 0
17 0
0 17
6 21
21 6
17 0
12 17
17 12
6 21
12 17
14 12
21 20
12 14
14 12
2 12
14 18
18 14
12 2
14 18
18 9
2 12
12 17
17 12
9 19
12 17
17 0
0 17
2 12
18 9
17 0
6 0
14 12
0 6
9 13
12 17
18 9
7 0
6 21
6 0
21 20
0 7
9 13
18 9
6 21
7 0
16 7
21 20
4 16
15 18
18 9
16 7
3 15
7 10
2 16
18 15
10 7
4 16
14 18
15 3
18 9
16 2
7 10
9 13
18 14
10 6
13 8
19 9
8 2
7 10
6 0
0 17
6 21
13 8
6 10
16 7
8 2
17 12
17 0
7 10
13 8
6 0
10 11
16 7
7 16
7 10
2 16
10 11
7 10
