146 80
20 21
15 3
3 15
19 8
10 11
14 18
5 1
7 16
12 17
17 12
12 17
4 14
12 14
21 6
8 19
18 15
15 4
16 2
17 0
10 6
19 8
1 5
1 11
11 1
1 5
5 19
0 7
9 19
6 10
8 2
3 20
18 14
7 0
2 16
0 17
6 0
17 0
11 10
18 15
10 11
19 9
16 7
8 2
12 17
21 6
6 10
21 6
0 6
14 18
17 0
12 2
2 12
12 14
17 12
12 2
14 12
12 17
17 12
4 16
15 18
18 9
8 19
11 1
16 7
1 5
5 1
13 8
18 15
19 8
9 13
10 11
9 18
13 5
15 4
4 15
6 0
7 0
13 9
1 5
2 8
8 2
11 1
16 7
10 11
20 21
21 20
3 20
15 3
3 20
20 3
20 21
21 20
16 4
18 9
5 13
7 10
9 13
18 9
18 14
7 16
4 15
13 5
10 7
14 18
14 12
12 14
5 1
13 8
15 4
8 13
4 16
16 2
16 4
7 10
19 5
10 6
5 1
9 19
6 21
10 6
21 6
6 0
21 20
18 9
5 19
1 11
2 16
11 1
19 8
7 16
15 18
18 15
9 19
0 17
14 18
3 15
12 14
19 5
13 9
14 18
15 3
5 1
17 12
18 14
19 9
4 15
