236 113
28 1
4 26
6 2
4 12
12 6
6 12
12 6
4 20
26 4
21 7
10 8
15 18
0 5
0 27
9 0
11 16
21 28
16 24
19 3
29 14
2 6
6 2
23 25
25 23
28 1
7 18
19 13
5 3
11 16
16 11
8 10
28 21
20 29
29 20
14 1
22 25
23 19
25 22
3 19
26 15
15 26
26 15
26 28
24 27
27 0
10 24
24 27
27 0
0 5
0 27
0 9
16 24
24 16
16 11
8 14
11 13
14 8
16 11
7 21
22 17
17 22
25 22
19 23
2 25
23 25
3 9
19 3
19 23
18 7
24 27
11 16
16 24
24 16
16 11
11 16
12 4
12 13
7 21
9 0
5 0
0 27
9 0
21 7
1 7
8 14
14 1
1 14
8 10
10 8
8 14
14 8
1 28
28 1
14 1
1 14
28 1
6 2
4 12
20 4
29 20
20 4
29 20
17 10
21 17
22 17
17 21
7 21
21 7
17 10
12 13
26 4
4 12
26 4
12 6
14 29
7 1
9 22
22 17
9 22
11 13
29 20
12 4
24 27
20 4
6 12
4 20
16 24
27 0
14 29
3 9
9 3
25 22
1 14
11 16
16 11
16 2
2 6
16 2
11 16
2 6
14 1
7 18
10 24
24 27
10 24
24 27
20 4
12 6
6 12
25 23
21 7
1 14
18 15
22 25
15 26
26 28
28 26
28 21
21 28
28 26
26 15
28 26
26 4
26 28
28 21
9 22
23 25
27 0
0 5
0 27
5 0
8 10
10 17
8 10
14 8
10 17
22 9
17 22
22 17
24 27
0 5
0 9
18 15
27 24
19 3
3 5
19 3
13 11
11 16
24 16
13 11
8 14
11 8
8 11
11 13
1 14
14 29
7 1
11 8
14 1
29 14
14 1
1 14
10 8
8 10
10 8
5 0
9 22
29 20
16 24
24 16
16 11
11 16
16 2
13 11
8 11
12 13
24 16
13 19
6 12
16 2
12 4
2 25
11 13
16 11
11 16
19 13
25 23
4 20
12 6
3 19
6 2
23 25
20 29
4 12
12 6
