139 66
12 17
7 16
14 4
17 12
16 2
15 3
9 13
13 8
8 13
19 9
8 19
20 21
12 14
18 15
14 18
19 8
2 16
5 1
10 11
11 1
1 5
9 13
12 14
8 2
5 13
0 7
17 0
7 0
12 17
17 0
2 12
11 1
1 11
11 1
21 6
10 6
6 10
0 17
3 15
14 18
5 19
17 12
8 2
4 15
18 14
12 2
1 5
13 9
13 5
9 13
15 18
3 20
21 6
17 0
20 21
2 16
4 14
5 1
18 9
2 12
13 5
9 18
12 14
8 2
16 4
9 13
14 18
3 20
11 10
10 11
11 1
6 10
1 11
21 6
0 7
6 0
0 6
1 5
11 1
7 0
2 16
15 3
16 7
14 12
18 9
14 18
10 11
10 6
7 16
3 20
18 14
4 15
19 8
15 4
7 10
17 0
2 8
10 6
15 18
16 2
8 19
6 0
8 2
10 7
16 4
21 20
20 3
20 21
21 20
3 15
6 21
12 17
14 18
17 12
12 17
14 12
18 15
14 18
15 3
21 6
2 16
7 10
5 13
9 13
13 5
5 19
9 13
13 8
19 9
0 17
8 13
5 1
17 12
7 16
18 14
9 19
10 6
21 20
4 15
