164 128
15 3
5 1
8 19
20 21
10 6
2 16
3 15
21 6
10 11
19 8
7 16
15 18
13 5
8 2
9 19
18 14
6 10
4 15
11 1
3 20
1 11
1 5
0 7
5 19
18 15
19 5
14 4
10 11
20 3
21 6
14 18
4 15
18 14
19 8
20 21
3 20
11 1
8 13
1 11
15 4
5 1
11 10
13 9
14 12
10 11
4 15
12 14
1 5
8 13
6 10
13 5
11 1
4 14
15 3
5 1
14 4
21 6
3 20
12 14
5 13
15 3
4 14
20 21
13 5
21 20
14 12
5 1
9 13
20 21
20 3
4 14
5 13
12 17
1 11
11 1
19 5
10 11
16 4
12 14
5 19
14 18
4 16
19 5
16 4
14 4
16 7
7 16
4 14
16 7
0 7
14 18
2 16
14 4
18 9
12 14
7 0
7 16
6 0
18 14
0 6
17 12
16 4
9 18
12 14
0 7
16 2
4 15
14 18
6 0
0 7
18 9
2 16
21 6
15 4
6 21
7 16
18 14
17 0
9 19
2 8
21 6
4 15
2 12
16 7
14 18
7 0
19 5
18 9
2 16
12 17
17 0
12 17
5 1
7 16
0 17
8 2
9 18
17 12
16 7
7 10
19 9
18 14
16 4
9 13
10 7
16 2
15 18
9 19
13 8
14 12
8 13
18 15
2 16
7 10
3 15
14 18
18 14
13 9
15 3
10 6
7 16
4 15
6 21
21 20
