133 71
7 16
9 13
15 3
17 12
14 4
5 1
20 21
10 11
18 14
18 15
14 18
3 20
3 15
21 6
19 9
4 15
16 2
13 8
8 13
9 13
2 16
0 7
1 5
10 6
6 10
21 6
1 11
11 1
11 10
10 11
6 10
1 5
5 13
13 9
8 19
7 0
12 17
17 12
0 17
17 0
12 14
12 17
17 12
0 7
14 18
4 14
19 8
5 19
20 21
3 20
15 3
21 20
3 20
20 3
1 5
15 18
2 12
12 2
2 12
12 14
14 12
13 5
9 13
18 9
9 18
18 14
11 1
5 1
1 5
13 5
5 13
9 13
18 9
1 11
11 1
21 6
6 0
0 6
7 0
20 21
21 20
10 11
8 2
2 16
8 2
19 8
16 4
2 16
16 7
7 16
2 8
8 2
16 2
8 19
4 15
15 4
16 4
2 16
17 0
12 17
17 12
12 17
14 18
18 9
15 18
18 15
14 18
3 15
15 3
4 15
14 12
9 13
13 5
10 7
5 19
9 13
7 10
10 6
10 7
7 16
6 21
5 1
13 8
19 9
8 13
9 19
18 14
6 0
21 6
21 20
0 17
10 6
17 12
