192 150
19 8
2 16
15 3
4 14
12 17
10 11
20 21
8 2
16 7
18 15
14 4
21 20
3 15
6 10
19 8
7 0
1 11
11 1
12 2
1 5
5 1
20 3
9 19
21 20
8 2
21 6
1 11
1 5
2 16
11 1
20 3
19 9
6 10
3 20
8 19
9 13
12 2
13 9
19 8
10 11
5 19
2 16
17 12
19 5
10 6
6 10
12 17
16 4
5 19
1 5
5 1
7 16
11 10
10 11
16 4
5 13
0 7
11 10
4 15
1 11
17 0
11 1
2 16
7 0
1 5
0 17
14 4
10 11
16 7
6 0
16 2
4 15
12 14
17 0
0 6
1 11
14 18
15 18
12 14
4 15
7 0
14 18
6 0
21 6
2 12
15 4
6 0
21 6
18 15
16 4
6 0
9 18
0 6
20 21
4 14
18 9
6 21
0 6
14 12
16 4
9 13
13 5
12 17
14 12
15 4
7 16
9 13
4 14
13 5
2 16
18 9
15 4
8 13
5 19
1 5
2 8
15 18
4 16
5 19
4 14
18 9
16 7
8 13
13 8
5 13
19 8
4 16
13 8
14 12
15 18
5 13
2 8
16 7
3 15
7 0
13 5
12 17
14 12
8 19
0 6
15 3
16 7
4 16
9 13
13 5
16 7
6 21
4 16
0 6
16 4
9 13
5 1
19 9
13 8
8 2
17 0
9 19
12 17
7 0
4 15
17 0
13 8
16 7
12 17
8 2
7 0
14 12
9 18
16 7
6 0
21 6
7 10
16 2
18 9
13 8
6 0
0 17
21 6
10 7
2 16
17 12
6 21
9 18
7 16
21 6
13 9
18 14
21 20
7 10
14 12
18 14
14 18
