202 211
10 6
20 21
1 11
2 16
5 1
10 11
15 3
14 18
21 6
19 9
18 14
16 7
7 16
11 1
3 15
6 10
1 5
4 14
2 16
18 15
0 7
5 1
3 20
15 4
21 6
16 2
1 11
20 3
11 1
11 10
13 5
2 16
10 11
21 20
8 13
12 2
13 8
5 13
4 16
6 10
1 5
8 13
17 12
20 3
11 1
5 13
12 17
2 16
0 6
13 8
1 5
17 12
12 14
16 4
5 1
9 13
7 0
13 9
0 17
19 5
16 7
0 7
11 1
10 11
17 0
0 17
11 1
17 12
10 11
12 14
0 6
11 1
17 12
6 0
12 17
0 6
12 14
21 6
14 18
17 12
18 15
12 14
6 21
15 18
0 6
2 12
4 15
14 12
6 0
8 2
21 6
16 4
12 2
20 21
14 18
7 16
21 6
2 8
4 15
6 0
20 21
8 19
19 8
2 8
19 5
8 2
2 16
5 1
16 7
2 16
1 11
11 1
8 2
16 7
7 0
19 8
0 6
2 8
7 16
8 19
7 0
6 21
2 8
21 6
12 2
6 21
20 21
21 20
8 2
14 12
21 6
2 12
12 14
2 8
8 19
14 18
17 12
12 17
2 16
18 9
17 0
2 8
12 17
14 12
16 7
9 18
17 0
8 19
4 16
16 7
9 13
7 16
12 17
14 12
18 9
16 4
7 10
2 12
13 9
7 0
18 14
16 2
0 17
10 7
9 13
15 18
14 18
5 13
7 16
18 15
13 8
14 12
9 18
13 5
8 2
3 15
7 10
19 9
8 13
15 3
13 9
4 15
5 13
13 9
9 13
18 9
13 8
8 2
2 16
14 18
18 9
9 18
18 14
9 19
14 18
19 5
12 14
5 1
17 12
14 18
5 19
1 11
