203 83
11 16
10 8
29 14
28 1
0 5
15 18
23 25
21 7
19 3
4 26
2 6
16 24
21 28
18 7
5 0
4 20
26 15
19 13
5 3
8 10
14 1
25 22
28 21
6 12
9 0
24 27
11 16
16 11
29 20
7 21
22 17
4 12
25 23
10 24
8 14
3 5
28 1
14 8
24 16
21 17
25 22
1 7
23 19
17 10
26 4
8 14
5 0
15 26
12 4
16 2
11 8
1 14
21 7
7 18
22 25
3 19
14 29
10 8
2 6
0 27
22 17
4 12
26 28
23 25
27 24
21 7
19 3
28 1
18 15
24 27
1 28
17 10
6 12
8 11
16 24
27 0
11 8
0 9
18 7
12 13
21 17
6 2
14 1
17 22
28 21
10 8
11 16
22 17
5 0
4 12
13 11
9 22
21 17
11 13
17 21
8 10
28 21
19 13
11 16
22 17
16 11
13 19
12 6
9 22
1 28
10 24
21 7
14 8
4 12
7 18
3 9
6 2
24 16
11 13
19 13
21 7
1 14
27 24
16 11
7 21
20 4
28 1
13 11
26 4
19 3
29 20
11 16
24 27
4 12
28 26
16 2
3 5
11 8
1 7
20 29
26 15
28 21
11 16
2 25
16 24
12 13
7 1
4 20
19 3
6 2
25 22
15 26
9 3
24 10
13 19
12 6
11 16
20 4
3 5
25 23
29 20
6 12
26 28
18 15
14 29
10 8
24 16
11 13
22 25
28 21
29 14
23 25
9 22
19 13
12 4
16 2
13 11
28 26
3 19
8 11
22 9
24 10
12 6
14 1
29 20
2 25
21 28
11 13
0 9
17 22
4 12
20 29
13 19
25 23
6 2
11 8
24 16
22 17
1 14
9 22
5 0
23 25
11 16
12 6
11 13
13 11
11 16
16 11
