220 98
11 16
23 25
28 1
6 12
21 7
15 18
22 17
29 14
4 20
19 3
0 5
16 24
21 28
7 18
8 11
5 0
3 9
19 13
6 2
10 8
7 21
25 23
4 12
14 1
11 16
24 27
29 20
2 6
16 11
5 3
9 0
24 16
18 7
22 25
8 10
28 21
0 27
4 26
23 19
17 22
6 12
3 5
26 4
16 2
22 17
7 21
27 24
26 15
8 14
28 1
25 22
10 24
14 8
2 6
12 4
21 7
24 27
5 0
17 21
3 19
15 26
21 17
8 14
1 7
22 17
11 8
16 24
6 12
3 5
27 0
17 10
1 14
7 18
26 28
14 29
12 6
16 2
10 8
21 17
28 1
9 3
18 15
1 28
4 12
0 9
2 25
17 10
8 11
6 2
14 1
9 3
12 13
26 4
11 8
20 4
22 17
2 25
21 17
11 16
9 22
13 11
25 23
17 10
6 2
4 12
11 13
13 19
11 16
10 8
16 11
17 21
22 17
21 7
20 4
12 6
28 21
29 20
7 18
25 22
19 3
11 13
8 10
19 13
20 29
1 28
21 17
23 25
9 22
13 11
3 19
4 20
21 7
12 13
11 16
7 21
10 24
0 9
14 8
28 26
19 3
24 16
20 4
3 5
13 19
26 15
6 12
1 14
28 21
27 24
16 2
14 29
24 27
29 14
11 16
12 6
19 3
28 1
11 13
15 26
16 2
1 7
3 19
12 4
16 24
2 25
14 1
29 20
13 19
26 28
18 15
4 12
25 22
20 29
28 21
24 10
7 1
19 3
25 23
11 13
28 26
1 14
3 9
16 11
19 13
24 16
11 8
21 28
22 25
10 8
2 25
11 13
9 22
11 16
16 2
13 11
0 9
8 11
24 10
2 25
11 13
9 3
25 23
6 2
22 9
13 19
3 5
11 8
24 16
12 6
17 22
23 25
11 16
22 17
11 13
3 19
5 0
13 11
9 22
11 16
16 11
