218 101
21 7
15 18
19 3
4 12
29 14
4 26
29 20
4 20
28 1
7 18
19 13
21 28
7 21
28 21
0 5
23 25
5 3
22 17
10 8
26 4
11 16
14 1
16 24
24 27
8 10
25 23
22 25
23 19
8 14
11 16
6 2
6 12
2 6
6 12
3 9
16 11
14 8
8 14
3 19
9 0
9 3
0 27
10 24
24 16
3 9
18 7
9 0
17 22
22 17
17 10
7 21
25 22
28 1
26 15
11 8
21 17
15 26
16 2
2 6
16 2
12 4
21 7
27 24
24 27
1 14
17 21
1 7
14 29
7 18
21 7
18 15
6 12
12 6
4 12
27 0
26 28
22 17
17 10
10 8
8 11
11 8
17 10
10 8
8 10
28 1
0 9
1 28
16 24
3 9
5 0
5 3
14 8
14 1
1 14
11 16
7 18
2 25
6 2
9 3
22 17
20 4
26 4
9 22
21 17
28 21
12 13
22 17
13 11
11 13
11 16
16 11
13 19
9 22
2 25
21 17
21 7
1 28
25 22
25 23
4 12
6 2
28 26
28 21
10 24
7 21
12 6
20 4
29 20
23 25
19 3
20 29
4 20
24 16
14 29
29 14
28 1
26 15
15 26
26 28
28 26
20 4
11 13
28 21
21 28
27 24
29 20
20 29
1 7
19 13
13 11
3 19
19 3
12 13
13 19
11 16
16 2
24 27
11 16
7 1
16 2
0 9
3 5
16 24
6 12
14 1
18 15
11 13
19 3
12 6
12 4
24 10
4 12
10 8
13 19
11 13
2 25
16 11
25 22
24 16
11 13
3 19
1 14
25 23
19 3
2 25
3 9
19 13
22 25
11 16
9 22
16 2
0 9
9 3
11 8
22 9
13 11
8 11
11 13
11 8
2 25
13 19
17 22
24 16
22 17
3 5
24 10
11 13
11 16
13 11
9 22
6 2
11 16
12 6
5 0
3 19
25 23
16 11
23 25
