211 85
11 16
19 3
15 18
23 25
28 1
2 6
29 14
4 12
25 22
22 17
25 23
17 22
25 22
22 25
23 25
0 5
8 11
21 7
16 24
18 7
21 28
28 21
5 3
19 13
10 8
4 20
6 12
7 21
14 1
11 16
16 11
24 27
3 19
8 10
24 16
4 26
3 9
23 19
29 20
26 4
26 15
15 26
12 4
16 2
10 24
28 1
21 7
8 14
21 17
1 7
14 8
17 10
9 0
2 6
3 5
7 18
0 27
4 12
8 14
10 8
17 22
1 14
27 24
3 9
24 27
22 17
21 7
6 2
1 7
14 29
21 17
6 12
26 28
18 15
16 24
27 0
11 8
17 10
28 1
19 3
0 9
1 28
12 13
8 11
17 22
18 7
5 0
10 24
11 8
22 17
14 1
17 21
4 12
22 25
8 10
21 17
11 16
13 11
19 13
9 22
21 7
28 21
11 16
7 18
11 13
12 6
22 17
10 24
13 19
16 11
1 28
24 16
9 22
21 17
4 12
8 10
10 8
8 10
14 8
6 2
21 7
7 21
19 3
27 24
11 13
26 4
28 26
19 13
28 21
16 11
24 27
20 4
3 5
13 11
4 12
11 16
16 2
26 15
19 3
11 16
12 13
20 4
3 9
2 25
29 20
16 24
25 22
11 8
20 29
9 3
13 19
19 13
3 19
6 2
4 20
15 26
24 10
12 6
11 16
25 23
3 5
1 14
18 15
6 12
11 13
28 1
20 4
14 29
29 14
22 25
10 8
26 28
24 16
29 20
1 7
12 4
23 25
28 21
13 11
9 22
16 2
24 16
7 1
24 10
22 9
8 11
12 6
28 26
2 25
11 13
17 22
0 9
21 28
14 1
20 29
4 12
22 17
11 8
13 19
6 2
25 23
9 22
5 0
11 16
23 25
12 6
11 13
1 14
13 11
11 16
16 11
