187 194
4 14
20 21
10 6
21 6
15 3
2 16
7 16
12 17
19 8
10 11
11 1
5 1
1 5
17 12
19 9
3 20
4 16
14 18
12 14
18 15
6 10
3 15
4 14
21 6
8 2
12 17
18 14
17 0
0 17
0 7
17 0
16 4
20 21
19 8
3 20
15 3
3 20
20 3
20 21
21 20
20 3
11 10
8 2
1 11
14 4
10 11
2 16
12 17
11 1
4 15
17 12
10 11
8 2
6 10
15 4
4 16
10 11
16 2
4 15
2 8
6 10
8 13
2 16
15 18
13 5
21 6
8 2
6 0
0 6
13 8
16 2
8 13
20 21
2 16
19 8
8 19
8 2
19 8
2 8
5 13
6 0
17 0
6 21
21 6
6 21
12 17
7 16
13 5
12 2
8 19
19 9
8 2
17 12
9 18
16 2
14 12
19 9
7 16
8 19
19 8
2 8
12 17
12 14
9 18
19 9
17 12
14 12
16 2
9 19
8 2
4 14
12 17
2 8
18 9
15 18
18 9
3 15
9 19
15 3
19 8
19 9
8 19
13 8
19 8
8 13
2 8
16 2
8 2
2 16
16 7
7 10
7 16
16 7
10 7
8 2
2 8
8 19
19 9
5 19
8 19
2 16
9 13
9 18
7 16
7 10
16 2
9 19
16 7
2 8
2 16
8 2
7 16
10 11
19 5
5 19
19 8
19 9
11 10
1 11
2 12
7 10
5 1
16 4
9 18
12 2
10 7
1 11
4 14
2 12
7 10
14 18
4 15
14 12
8 2
10 6
7 16
13 8
12 14
6 0
6 21
8 2
21 20
14 18
0 17
18 14
2 16
17 12
