207 218
4 14
20 21
15 3
10 11
19 8
21 6
2 16
17 12
5 1
12 17
17 12
4 16
10 6
19 9
14 18
8 2
18 15
12 14
15 3
6 10
7 16
18 14
17 0
19 8
3 20
11 1
8 2
1 5
21 6
4 14
0 7
3 15
20 21
11 10
3 20
14 4
17 0
1 11
10 11
0 17
16 4
17 0
15 3
0 17
11 1
2 16
10 11
12 17
3 15
17 12
20 21
8 2
6 10
4 15
21 20
15 4
20 3
10 11
4 16
21 20
20 3
16 2
6 10
3 20
4 15
2 8
2 16
0 6
8 13
15 18
8 2
13 5
21 6
17 0
15 3
0 6
13 8
16 2
20 21
8 13
2 16
19 8
17 0
5 13
8 19
12 17
6 0
7 16
0 6
8 2
13 5
19 8
6 21
2 8
6 0
21 6
8 19
6 21
16 2
19 9
8 2
7 16
9 18
19 8
16 2
19 9
12 2
8 19
9 18
19 8
9 19
17 12
14 12
8 19
12 17
12 14
2 8
19 9
14 12
9 19
8 2
18 9
17 12
2 8
12 17
19 9
16 2
15 18
18 9
3 15
9 19
15 3
3 15
19 8
19 9
8 19
19 8
13 8
8 13
2 8
16 2
8 2
2 16
16 7
7 10
8 2
2 8
7 16
8 19
16 7
10 7
19 9
5 19
9 18
7 16
8 19
19 5
7 10
16 2
16 7
5 19
10 11
2 16
13 5
16 2
9 13
11 10
19 9
13 5
2 8
1 11
16 7
7 10
4 16
9 18
8 2
5 1
7 16
2 12
16 4
19 8
1 11
10 7
12 2
4 16
7 10
2 12
4 14
8 2
10 6
6 0
0 17
14 12
16 4
6 21
13 8
8 2
21 20
14 18
4 16
12 14
7 16
4 15
14 18
17 12
18 14
2 16
