219 81
10 8
11 16
23 25
28 1
15 18
29 14
21 7
0 5
2 6
19 3
4 20
16 24
21 28
18 7
5 3
19 13
8 10
25 22
7 21
14 1
4 12
24 27
11 16
29 20
16 11
3 9
28 21
22 17
18 7
25 23
10 24
6 12
8 14
4 26
17 22
14 8
24 16
9 0
26 4
3 5
21 17
7 18
25 22
26 15
28 1
23 19
17 10
12 4
0 27
8 14
16 2
27 24
11 8
1 14
21 7
22 25
3 9
21 17
4 12
24 27
18 7
15 26
14 29
2 6
17 21
10 8
22 17
23 25
27 0
16 24
17 22
0 9
3 19
1 7
26 28
6 12
21 17
8 11
22 25
17 10
7 18
9 22
19 3
5 0
11 8
12 13
6 2
10 24
17 21
1 7
11 16
18 15
22 17
8 10
16 11
9 22
28 1
21 17
13 11
4 12
1 28
11 13
3 9
13 19
16 11
10 24
22 17
11 16
16 11
26 4
12 6
8 10
14 1
28 21
24 16
4 26
5 3
11 13
20 4
6 2
26 4
21 7
19 13
16 11
27 24
4 12
10 8
1 28
7 18
21 17
13 11
24 27
9 3
11 16
13 19
16 2
3 5
21 7
8 10
26 4
28 21
20 4
11 16
2 25
29 20
4 26
16 24
12 13
19 3
28 26
7 21
6 2
14 8
25 22
20 29
9 3
26 15
4 20
24 10
13 19
12 6
11 16
3 5
25 23
11 8
1 14
14 29
28 1
6 12
1 7
15 26
29 14
20 4
10 8
24 16
11 13
22 25
5 3
7 1
19 13
23 25
9 22
12 4
16 2
13 11
26 28
14 1
29 20
18 15
8 11
22 9
24 10
3 19
12 6
28 21
2 25
20 29
11 13
0 9
17 22
4 12
1 14
13 19
25 23
28 26
6 2
11 8
24 16
22 17
5 0
9 22
21 28
23 25
11 16
12 6
11 13
13 11
11 16
16 11
