138 90
19 8
2 16
5 1
20 21
10 6
21 6
10 11
14 4
12 17
8 19
15 3
3 15
4 14
4 15
6 10
21 6
18 14
12 2
16 7
7 0
7 16
3 20
19 8
1 11
1 5
9 19
11 1
1 5
8 2
18 15
0 7
5 19
2 16
11 10
19 9
15 18
10 11
1 5
7 0
20 21
12 2
8 19
3 20
15 3
9 18
16 4
11 1
19 8
19 5
8 19
6 10
17 12
16 2
21 20
12 17
5 1
14 12
17 0
4 15
0 17
3 20
20 3
21 6
20 21
21 20
12 14
2 8
1 5
6 0
17 0
0 6
7 0
5 19
15 4
1 11
11 1
17 12
10 11
14 18
12 2
16 7
7 16
7 10
10 7
7 10
10 6
6 0
2 8
12 14
12 17
0 17
17 0
8 19
19 5
2 8
12 2
8 13
9 19
5 1
14 12
2 16
18 9
5 19
19 8
12 14
16 4
8 19
9 18
6 21
18 14
14 18
12 17
17 12
21 20
10 6
2 12
16 2
9 19
17 0
21 6
19 8
7 16
18 9
14 12
8 2
15 18
19 9
13 8
8 2
3 15
9 19
18 15
2 16
15 3
14 18
18 14
19 9
4 15
