250 274
2 12
7 10
9 13
4 16
5 1
20 21
21 6
18 9
12 2
15 3
10 11
21 20
9 19
14 18
3 15
2 16
17 12
18 14
11 1
10 6
1 5
5 13
2 8
6 10
3 20
18 9
12 2
8 13
11 10
21 6
10 11
16 2
14 12
2 8
7 16
10 6
1 11
8 19
11 1
2 12
6 10
19 5
12 2
8 19
14 12
19 8
8 2
8 19
2 16
5 1
19 9
16 7
12 2
7 10
9 18
7 0
16 2
18 14
10 11
0 7
14 12
16 7
9 18
7 16
12 17
18 14
7 0
19 9
17 0
0 7
18 9
0 17
18 15
9 19
6 0
17 0
10 6
0 6
15 4
9 18
19 8
17 0
6 10
12 17
19 9
6 0
0 17
6 21
21 6
17 12
12 14
0 6
14 12
17 0
6 0
0 17
14 18
12 14
18 9
6 0
21 6
12 17
14 12
9 19
17 12
14 18
18 9
12 14
0 17
17 12
18 14
0 17
12 17
14 18
17 0
12 14
15 18
0 6
18 15
12 17
14 18
15 3
14 12
6 21
15 18
0 6
18 15
6 0
0 17
17 12
6 0
12 14
0 17
6 0
12 17
14 18
14 12
21 6
17 12
12 14
12 17
14 12
17 0
17 12
18 14
0 17
17 0
15 18
12 17
14 12
3 15
0 6
18 14
14 12
15 18
4 15
18 14
12 17
17 0
0 6
9 18
12 14
6 21
18 14
19 9
6 0
21 6
8 19
14 12
9 18
20 21
2 8
14 18
12 17
4 14
15 18
18 9
12 14
16 4
9 19
14 12
12 17
9 18
17 0
0 6
19 9
6 21
9 18
6 0
10 6
18 14
6 0
0 17
17 12
7 0
12 14
0 17
16 7
7 10
2 16
0 6
17 12
14 18
14 4
18 9
16 7
12 17
12 14
4 15
6 21
9 18
10 6
14 12
21 20
7 10
9 19
21 6
14 18
2 12
18 14
10 6
16 2
19 8
11 10
6 0
0 17
4 14
8 19
18 15
10 7
15 3
5 19
14 12
19 8
7 16
8 2
19 9
14 18
12 14
7 10
18 9
13 8
2 12
14 4
9 19
4 15
8 2
17 12
9 18
2 16
