183 162
15 3
20 21
10 11
2 16
19 8
21 6
14 4
12 17
3 20
18 14
19 9
8 2
16 7
4 15
7 16
1 11
9 13
11 1
3 15
1 5
19 8
12 2
4 14
5 1
20 3
9 19
21 20
18 15
8 2
14 18
1 11
20 21
1 5
15 18
21 6
2 16
19 8
4 15
6 10
20 3
8 19
12 2
21 20
19 8
16 4
21 6
9 19
17 12
6 10
16 2
12 14
4 15
5 19
20 21
2 8
3 20
10 6
12 17
14 18
12 14
18 9
6 10
15 3
9 13
6 0
3 20
11 10
0 6
18 9
1 11
11 10
15 3
10 11
7 0
6 0
4 15
0 7
11 1
10 11
21 6
7 0
16 4
0 17
11 1
1 11
17 0
4 15
11 1
6 10
0 17
1 5
5 19
12 17
19 9
1 5
17 12
16 4
21 6
11 1
7 10
1 5
12 17
5 19
1 11
17 12
20 21
11 10
6 0
21 20
19 5
12 14
4 15
1 11
6 10
5 1
14 12
15 4
6 21
18 14
10 11
5 19
0 6
1 11
19 8
5 1
8 19
9 18
7 0
6 21
6 0
19 5
16 7
18 14
21 20
0 7
2 16
13 8
21 6
17 0
7 16
9 18
12 17
2 12
7 10
16 4
18 9
8 2
14 12
7 0
16 2
17 12
14 18
10 7
18 9
0 17
17 12
7 16
9 19
14 18
7 10
19 5
9 19
5 1
18 9
9 18
19 9
9 19
18 9
14 18
18 9
15 18
9 13
14 18
3 15
13 8
8 2
18 15
15 3
14 18
2 16
13 8
18 14
4 15
