0 35 20 23 48 58
0 42 37 49 31 13
0 4 29 28 27 46
0 56 22 27 24 29
0 54 32 31 23 19
0 5 53 19 34 42
0 62 4 51 24 25
0 2 57 19 29 57
0 13 19 54 40 5
0 10 42 29 26 39
0 17 52 18 5 32
0 9 16 41 58 31
0 41 58 0 59 54
0 54 25 56 57 4
0 11 41 10 18 41
0 7 30 17 27 0
0 3 40 56 11 45
0 41 21 45 34 40
0 44 13 2 36 22
0 18 34 48 54 2
0 24 6 26 23 22
0 25 50 47 61 48
0 53 11 42 53 10
0 1 55 30 5 41
0 15 24 58 50 7
0 55 43 0 55 51
0 54 7 14 13 15
0 13 22 8 14 50
0 2 38 57 43 26
0 62 56 21 1 22
0 10 6 33 17 44
0 60 36 3 18 35
1 5 10 21 31 18
1 20 58 5 4 62
1 57 22 29 34 16
1 32 26 8 7 23
1 27 59 43 36 52
1 53 9 10 29 37
1 4 10 23 22 57
1 46 6 32 30 34
1 50 40 55 57 34
1 12 23 57 62 46
1 42 17 33 31 37
1 30 62 10 6 55
1 62 18 15 12 44
1 54 6 2 46 54
1 8 39 59 41 43
1 0 43 46 20 45
1 13 49 61 60 23
1 30 7 55 10 3
1 16 17 47 42 41
1 7 19 31 9 0
1 24 59 44 4 33
1 8 62 37 38 43
1 41 38 4 54 20
1 7 55 47 22 13
1 54 32 55 36 36
1 6 15 38 42 50
1 5 32 14 54 55
1 25 59 9 40 2
1 0 40 35 15 63
1 54 60 22 28 35
1 21 3 43 13 7
1 63 57 10 23 21
2 18 52 26 48 36
2 57 24 3 22 57
2 34 55 26 8 25
2 30 56 54 30 62
2 1 35 59 9 56
2 44 60 12 22 9
2 33 1 59 2 10
2 62 19 4 1 15
2 31 31 28 16 63
2 34 24 53 14 41
2 51 43 44 15 25
2 29 0 22 37 58
2 31 63 34 56 44
2 37 31 4 19 32
2 36 59 5 38 9
2 51 16 55 44 35
2 21 19 60 35 17
2 6 52 4 32 36
2 63 3 62 54 2
2 45 51 12 47 16
2 47 45 60 12 28
2 58 36 48 49 54
2 16 51 26 0 11
2 21 8 48 60 24
2 0 46 32 16 8
2 6 51 44 42 1
2 45 15 5 35 21
2 49 20 63 31 11
2 55 1 33 39 48
2 4 38 25 55 45
2 12 7 13 63 5
2 52 46 42 56 57
3 39 27 18 17 18
3 9 11 17 28 61
3 36 50 27 17 35
3 7 7 15 15 32
3 26 44 60 6 23
3 46 45 48 25 39
3 54 58 40 14 28
3 29 30 57 58 21
3 52 13 48 28 55
3 11 33 28 30 4
3 20 43 34 19 37
3 55 50 47 24 59
3 46 28 46 17 49
3 16 2 52 46 23
3 15 5 39 39 43
3 12 51 0 50 39
3 50 45 34 14 58
3 57 24 32 47 1
3 41 4 53 35 16
3 23 46 49 44 33
3 61 54 63 2 9
3 10 15 28 46 12
3 21 45 44 36 10
3 46 9 7 14 7
3 38 36 23 54 19
3 31 41 50 1 12
3 37 33 36 35 9
3 19 53 59 41 51
3 15 62 54 46 38
3 2 29 44 57 16
3 49 52 21 23 19
3 38 59 13 60 59
4 32 21 19 33 42
4 61 24 56 55 33
4 26 35 7 48 11
4 4 36 50 23 28
4 52 30 41 43 40
4 34 42 14 19 56
4 7 57 45 58 45
4 39 50 35 23 28
4 35 17 17 16 52
4 35 48 19 3 25
4 23 24 16 12 2
4 39 29 38 13 34
4 15 42 51 55 30
4 23 49 37 4 27
4 47 61 49 47 63
4 57 50 40 3 14
4 58 28 37 13 11
4 20 58 61 33 32
4 57 49 38 50 11
4 36 27 33 28 55
4 8 27 62 54 35
4 62 36 47 44 40
4 2 38 19 59 8
4 44 6 36 58 52
4 7 29 14 48 58
4 56 58 3 0 53
4 19 49 29 32 61
4 15 31 5 41 44
4 22 10 53 4 1
4 5 0 42 50 18
4 1 27 13 1 33
4 8 36 24 34 1
5 54 9 50 62 37
5 47 54 8 38 36
5 55 35 30 3 17
5 1 33 36 2 37
5 63 46 3 28 18
5 9 31 47 42 10
5 35 55 5 14 44
5 37 48 27 22 26
5 25 5 63 24 42
5 59 0 47 42 46
5 20 21 33 44 54
5 15 3 41 63 22
5 18 58 7 38 21
5 2 52 0 35 21
5 29 21 27 19 48
5 53 58 63 18 19
5 27 47 59 62 61
5 20 12 10 8 49
5 45 6 33 51 49
5 14 35 59 16 20
5 15 61 6 8 59
5 36 17 44 11 19
5 21 32 13 54 49
5 37 38 39 59 30
5 38 19 52 13 33
5 7 60 24 11 56
5 63 48 44 42 21
5 34 13 1 9 33
5 11 29 39 11 51
5 12 0 20 36 45
5 43 62 26 44 6
5 33 49 28 37 20
6 13 33 9 12 23
6 46 15 14 22 49
6 1 21 4 57 31
6 26 22 51 17 27
6 6 5 58 50 33
6 15 1 25 16 47
6 47 14 0 39 63
6 21 8 3 18 47
6 59 17 33 26 16
6 46 47 27 45 34
6 42 5 29 46 52
6 48 6 6 61 49
6 24 45 30 35 59
6 58 2 53 18 36
6 27 29 49 60 28
6 31 57 27 27 63
6 4 22 45 5 53
6 39 53 62 11 24
6 32 55 49 46 49
6 11 34 35 40 30
6 55 20 45 52 13
6 23 9 58 28 11
6 19 5 60 31 12
6 5 63 33 61 21
6 5 32 49 28 41
6 28 35 49 40 48
6 34 10 24 60 4
6 18 2 47 11 8
6 57 15 39 36 51
6 2 4 50 38 32
6 13 3 15 56 27
6 60 50 11 1 10
7 61 61 25 3 27
7 48 54 25 1 23
7 56 59 55 2 33
7 49 26 17 49 52
7 14 33 6 61 56
7 32 25 36 52 44
7 38 25 23 43 27
7 10 46 7 6 28
7 44 62 28 55 62
7 38 22 46 22 60
7 56 57 60 25 31
7 62 30 49 16 53
7 28 35 9 63 6
7 7 18 0 38 30
7 57 15 0 13 23
7 30 27 20 53 46
7 48 49 27 47 56
7 33 56 29 7 43
7 27 8 6 37 9
7 31 28 26 10 40
7 24 12 41 39 63
7 20 17 43 38 46
7 24 48 25 62 26
7 28 36 42 26 9
7 55 9 44 52 6
7 47 49 63 5 62
7 48 56 7 4 8
7 7 27 1 41 33
7 11 34 20 10 61
7 34 9 44 55 38
7 9 60 45 27 49
7 62 7 8 40 21
8 22 55 51 16 23
8 0 9 1 3 16
8 29 2 0 19 24
8 22 58 17 22 34
8 44 24 23 41 15
8 32 22 7 49 55
8 0 18 4 35 30
8 40 14 7 20 55
8 34 22 36 30 41
8 16 9 39 29 15
8 40 2 25 23 39
8 53 27 42 13 37
8 18 39 50 35 62
8 62 38 26 58 7
8 0 7 8 60 62
8 21 13 42 35 10
8 53 49 62 8 23
8 42 34 49 27 4
8 22 42 50 62 41
8 36 46 31 17 11
8 41 54 41 3 50
8 19 16 54 53 9
8 5 4 54 51 31
8 9 60 32 58 38
8 61 15 38 38 31
8 52 12 61 1 34
8 15 38 30 52 32
8 14 9 1 0 48
8 26 35 20 39 42
8 26 45 18 15 26
8 13 14 23 34 43
8 9 27 19 47 9
9 45 37 17 5 27
9 14 53 21 8 28
9 5 5 37 49 24
9 13 39 20 50 10
9 0 56 21 41 37
9 18 31 2 60 0
9 22 34 22 37 58
9 43 43 30 59 57
9 48 47 52 6 22
9 30 12 23 10 27
9 60 4 23 50 0
9 28 63 42 61 34
9 60 12 19 24 35
9 32 39 40 15 45
9 35 60 60 2 1
9 28 22 11 59 0
9 52 18 45 15 3
9 38 61 11 61 41
9 56 17 11 14 39
9 20 25 40 11 0
9 53 21 21 33 31
9 39 14 52 29 32
9 10 30 54 7 35
9 42 25 38 46 3
9 19 12 61 20 14
9 35 38 52 31 47
9 22 45 22 43 15
9 60 37 59 44 50
9 49 32 39 21 9
9 16 38 63 58 20
9 52 63 5 45 58
9 13 38 9 37 40
10 9 26 15 62 50
10 54 41 63 60 28
10 31 46 15 51 45
10 28 33 33 28 62
10 36 1 29 4 46
10 1 60 33 27 34
10 59 39 62 6 16
10 44 51 22 53 24
10 56 16 55 8 60
10 39 59 0 50 12
10 48 43 5 11 39
10 17 40 8 21 11
10 44 12 25 48 60
10 0 19 59 30 34
10 50 4 38 10 44
10 30 16 7 15 15
10 12 13 53 22 22
10 50 60 53 52 44
10 55 63 29 28 18
10 49 62 25 59 36
10 35 61 10 25 59
10 48 62 4 63 58
10 30 2 23 52 20
10 41 23 50 48 42
10 63 28 62 34 40
10 11 61 40 5 62
10 60 6 10 1 22
10 31 21 63 21 52
10 2 22 2 46 20
10 57 39 45 0 2
10 30 38 30 56 41
10 19 58 15 35 20
11 25 44 10 23 55
11 18 39 12 47 6
11 34 18 45 4 52
11 6 44 2 5 15
11 15 57 44 58 54
11 50 55 52 31 32
11 24 35 46 14 0
11 6 27 63 33 10
11 14 7 34 19 33
11 45 40 0 43 25
11 19 51 27 37 40
11 14 54 45 18 59
11 38 14 40 45 44
11 34 42 32 30 35
11 39 2 16 62 1
11 38 54 40 8 45
11 27 26 19 19 53
11 16 0 17 39 61
11 54 44 46 25 32
11 8 34 19 13 8
11 32 50 10 41 33
11 54 15 1 34 40
11 39 59 48 27 24
11 19 40 42 56 42
11 20 29 3 23 10
11 54 30 59 40 39
11 30 57 4 53 31
11 58 24 34 63 63
11 34 36 20 35 54
11 36 23 45 11 18
11 0 33 45 0 35
11 53 58 40 28 15
12 56 16 45 38 4
12 47 61 50 27 22
12 61 2 23 21 55
12 34 18 29 10 43
12 22 31 42 46 56
12 49 48 53 44 62
12 11 1 44 5 50
12 37 47 8 63 8
12 25 9 8 9 32
12 22 59 33 11 38
12 63 59 8 51 15
12 14 12 56 37 60
12 30 61 39 4 53
12 49 43 58 2 46
12 1 39 36 14 10
12 43 20 7 11 6
12 26 23 2 63 34
12 38 51 51 46 23
12 56 46 6 55 27
12 13 20 52 32 3
12 44 53 43 49 48
12 2 18 39 11 55
12 24 45 31 18 12
12 49 61 11 20 7
12 57 11 59 12 10
12 13 20 54 47 29
12 43 39 62 8 19
12 49 51 56 5 50
12 63 22 16 30 22
12 30 2 27 57 32
12 46 35 11 28 35
12 8 53 11 24 56
13 41 51 14 7 63
13 61 4 23 27 63
13 33 30 59 36 37
13 52 7 21 46 45
13 42 21 47 20 40
13 59 11 60 37 47
13 40 10 21 13 46
13 36 61 57 24 35
13 14 52 53 6 39
13 17 51 16 58 42
13 12 3 38 46 10
13 42 6 20 18 55
13 52 52 10 52 63
13 62 2 35 12 37
13 45 17 21 4 51
13 8 37 63 46 51
13 54 28 29 29 41
13 8 4 11 35 0
13 24 30 31 9 41
13 56 55 2 63 22
13 20 52 24 47 40
13 60 28 21 53 39
13 6 50 6 52 59
13 26 38 49 43 28
13 50 54 19 63 14
13 18 4 58 7 7
13 33 44 26 12 29
13 27 45 48 2 12
13 34 4 22 9 24
13 18 30 34 21 50
13 37 2 63 28 59
13 17 9 18 14 52
14 46 18 28 61 31
14 9 21 56 5 53
14 10 58 54 2 12
14 2 16 38 2 35
14 59 3 5 12 22
14 28 50 55 10 40
14 52 11 56 14 30
14 7 48 60 47 47
14 10 20 13 0 29
14 56 8 35 54 5
14 50 54 41 61 60
14 59 44 61 60 15
14 16 40 19 59 36
14 38 61 21 19 45
14 10 23 54 45 61
14 55 49 2 22 8
14 44 43 56 31 36
14 58 8 10 57 26
14 26 4 5 36 3
14 10 43 46 62 13
14 9 25 32 49 29
14 14 26 16 46 6
14 48 28 55 60 51
14 3 0 35 27 0
14 34 58 46 16 38
14 27 15 47 53 17
14 22 58 43 27 23
14 3 0 49 21 34
14 5 25 63 49 30
14 5 60 4 3 38
14 62 13 16 28 39
14 37 52 31 10 56
15 21 19 11 6 48
15 18 58 49 26 21
15 59 5 45 16 50
15 9 3 30 2 36
15 29 10 40 8 61
15 17 39 61 61 16
15 62 19 58 60 55
15 29 37 6 27 17
15 1 24 43 30 2
15 25 31 52 50 22
15 22 49 48 44 6
15 34 46 51 13 44
15 1 55 13 55 1
15 62 53 5 38 28
15 63 5 7 45 11
15 17 56 0 34 9
15 43 8 2 12 37
15 21 41 30 40 21
15 27 46 54 25 7
15 3 10 38 53 4
15 32 55 22 56 63
15 15 16 46 6 20
15 7 42 32 15 35
15 22 28 0 40 30
15 25 3 53 6 3
15 42 48 3 13 37
15 24 38 60 41 59
15 10 13 57 33 0
15 24 11 6 49 13
15 23 34 18 50 48
15 8 16 38 25 21
15 20 38 21 36 39
16 56 63 36 60 43
16 8 14 18 60 56
16 29 53 26 33 1
16 60 54 35 49 13
16 23 49 56 23 26
16 59 13 18 50 15
16 9 9 40 58 46
16 22 41 16 29 16
16 4 18 3 43 57
16 63 24 36 30 17
16 35 41 35 24 45
16 29 63 18 22 21
16 4 32 0 41 14
16 52 63 44 6 38
16 0 51 34 62 36
16 14 5 8 28 17
16 29 16 44 44 58
16 25 27 22 30 18
16 19 23 20 39 48
16 1 34 43 54 0
16 57 63 8 36 15
16 16 35 7 20 27
16 5 43 47 27 23
16 58 35 62 6 19
16 23 57 37 55 52
16 57 39 18 41 11
16 29 57 56 53 55
16 3 17 32 36 23
16 18 48 10 11 46
16 63 37 31 53 5
16 26 58 24 7 54
16 34 31 10 3 59
17 15 12 34 5 61
17 42 44 40 7 20
17 12 1 61 26 17
17 18 40 6 53 28
17 41 50 22 19 39
17 13 49 18 24 59
17 1 28 25 4 20
17 60 58 13 16 30
17 10 43 6 9 36
17 48 42 36 17 36
17 1 29 3 61 11
17 20 37 41 20 47
17 20 0 4 53 51
17 41 48 9 35 4
17 32 37 41 43 5
17 30 49 38 56 12
17 13 59 26 0 17
17 20 52 24 63 24
17 39 8 30 5 51
17 7 7 31 43 18
17 31 42 12 17 31
17 24 62 54 23 50
17 48 41 38 24 43
17 39 1 43 55 59
17 44 4 54 63 21
17 35 57 14 59 33
17 49 7 12 3 44
17 2 59 18 11 42
17 7 22 26 38 36
17 21 39 30 46 49
17 8 12 22 47 18
17 11 59 21 32 2
18 55 44 60 29 38
18 45 59 5 52 59
18 32 47 35 53 55
18 0 12 8 21 47
18 38 32 25 8 11
18 47 37 62 44 22
18 30 32 8 31 43
18 31 54 50 63 37
18 55 42 6 11 37
18 59 13 1 62 58
18 16 0 21 52 10
18 58 25 35 41 54
18 20 43 51 49 1
18 63 27 10 45 18
18 29 47 21 17 44
18 34 34 48 39 10
18 35 18 45 20 24
18 2 7 51 49 60
18 12 41 49 55 41
18 47 17 48 63 35
18 7 18 13 52 46
18 38 40 56 48 25
18 29 57 34 20 59
18 25 20 4 43 45
18 45 26 16 37 46
18 18 2 24 7 6
18 33 11 40 39 50
18 48 37 8 26 63
18 24 12 28 27 39
18 60 38 15 26 52
18 14 56 47 19 7
18 31 26 30 31 57
19 33 2 61 40 34
19 59 57 37 54 52
19 48 50 4 15 63
19 47 4 52 48 63
19 61 33 25 58 35
19 26 16 2 3 57
19 62 41 54 21 54
19 23 22 61 25 59
19 14 42 13 25 61
19 34 53 19 3 19
19 53 3 55 30 50
19 43 51 10 59 43
19 31 44 63 14 38
19 8 14 18 60 19
19 46 55 37 49 61
19 57 35 59 44 44
19 28 30 40 27 2
19 37 8 22 30 27
19 22 13 12 52 55
19 60 60 49 54 52
19 14 7 59 26 19
19 61 56 24 33 58
19 46 3 8 51 16
19 42 13 52 24 25
19 62 53 33 59 39
19 53 17 25 46 58
19 58 14 47 24 61
19 2 25 45 46 25
19 51 19 42 54 17
19 1 8 15 20 62
19 39 45 61 43 4
19 52 24 9 1 46
20 57 29 39 15 57
20 23 40 23 27 17
20 32 29 19 41 2
20 4 47 13 57 10
20 8 18 52 58 21
20 29 10 50 44 36
20 17 10 26 3 24
20 18 11 19 46 1
20 43 13 14 19 3
20 4 17 32 22 43
20 29 6 35 52 24
20 56 55 4 0 38
20 24 46 11 60 45
20 51 23 5 8 36
20 19 60 6 32 3
20 35 16 26 30 9
20 29 32 62 24 15
20 45 54 58 51 3
20 33 11 12 61 25
20 0 24 4 6 50
20 37 43 23 1 2
20 47 21 9 10 5
20 57 54 58 20 8
20 41 26 54 22 21
20 13 25 56 47 2
20 29 1 13 6 53
20 43 46 13 2 13
20 7 44 47 25 48
20 2 14 24 4 25
20 51 10 53 62 43
20 39 55 10 0 55
20 63 35 22 21 21
21 27 30 51 29 53
21 54 18 51 39 37
21 31 28 57 47 24
21 55 61 1 45 49
21 38 30 35 15 6
21 51 24 10 51 47
21 0 1 46 28 40
21 23 14 23 59 62
21 17 1 55 18 5
21 0 25 20 33 10
21 30 20 20 35 16
21 40 14 44 24 9
21 35 26 14 59 1
21 16 19 3 35 12
21 20 33 26 23 14
21 37 49 42 31 57
21 26 9 31 3 40
21 41 54 53 16 32
21 7 43 15 28 17
21 7 5 47 9 32
21 58 0 30 31 26
21 45 41 52 6 54
21 62 44 23 42 30
21 31 38 27 47 28
21 25 40 31 61 22
21 48 41 17 24 32
21 4 25 6 56 43
21 41 52 3 60 31
21 57 13 12 32 15
21 13 31 59 5 53
21 5 30 8 13 43
21 4 22 48 60 24
22 59 37 41 1 42
22 55 48 42 1 62
22 24 14 47 23 14
22 20 30 2 48 63
22 55 43 4 39 7
22 15 36 16 61 60
22 32 4 55 49 51
22 29 41 53 56 52
22 16 41 22 40 21
22 51 18 56 54 50
22 54 51 6 10 46
22 50 50 50 30 4
22 6 55 22 14 45
22 31 34 40 2 62
22 45 8 62 42 57
22 9 3 51 5 35
22 27 12 3 29 19
22 38 11 39 62 47
22 60 22 27 19 26
22 21 59 28 30 53
22 24 32 51 9 23
22 50 2 9 62 40
22 42 56 62 21 6
22 35 13 8 17 4
22 37 60 35 51 25
22 63 32 41 19 56
22 10 32 39 41 41
22 48 36 56 20 37
22 41 14 5 33 46
22 12 56 34 45 49
22 12 11 11 5 16
22 20 9 54 35 63
23 18 21 0 33 59
23 55 10 2 32 44
23 42 4 20 16 49
23 12 37 31 55 62
23 44 1 24 52 15
23 33 58 2 34 52
23 50 12 39 18 30
23 15 40 47 57 24
23 26 3 35 2 36
23 43 57 4 56 51
23 41 20 28 27 19
23 51 0 21 25 0
23 7 41 1 39 47
23 33 23 41 63 51
23 23 21 38 21 63
23 61 14 9 38 62
23 56 11 0 47 40
23 0 9 13 11 3
23 14 42 7 34 41
23 51 45 0 6 39
23 1 16 29 62 60
23 6 53 61 23 8
23 9 31 51 39 63
23 39 57 42 26 9
23 57 6 16 9 61
23 17 7 58 36 58
23 47 33 15 29 38
23 33 60 62 60 13
23 9 56 49 20 38
23 21 42 26 56 10
23 50 50 57 27 29
23 8 35 15 57 37
24 16 50 50 10 27
24 52 52 29 59 41
24 12 45 18 21 3
24 28 4 5 8 21
24 42 31 52 53 18
24 45 0 22 20 27
24 47 6 7 54 24
24 2 61 41 15 55
24 56 10 1 43 26
24 47 33 53 41 16
24 4 22 9 21 17
24 45 16 57 30 40
24 55 17 20 37 43
24 3 15 32 19 27
24 16 44 29 56 26
24 46 29 1 15 11
24 43 4 49 25 27
24 0 3 45 52 20
24 17 56 62 17 60
24 38 8 17 59 24
24 10 63 62 41 55
24 32 19 40 34 29
24 30 45 48 40 9
24 60 38 63 28 11
24 24 37 14 59 10
24 16 60 0 48 13
24 58 11 33 13 7
24 58 20 27 41 14
24 38 55 26 14 17
24 18 29 1 43 4
24 45 36 37 24 16
24 53 51 28 38 8
25 19 4 5 7 58
25 32 29 6 30 15
25 61 13 53 13 47
25 63 3 23 32 55
25 46 15 20 23 39
25 5 7 41 16 37
25 34 1 25 55 13
25 39 24 54 2 37
25 8 36 34 3 18
25 21 35 15 13 63
25 15 47 2 22 24
25 44 10 12 27 61
25 28 63 21 55 25
25 12 51 18 18 24
25 19 0 33 61 6
25 26 45 59 40 21
25 56 63 43 17 28
25 36 45 20 22 4
25 27 46 37 57 9
25 3 62 9 34 7
25 40 2 1 63 4
25 27 58 9 28 37
25 30 0 55 4 42
25 60 33 12 60 42
25 51 28 31 32 53
25 11 55 58 35 62
25 57 15 62 10 47
25 59 56 18 12 29
25 31 38 18 59 19
25 58 6 17 4 50
25 53 27 18 16 62
25 13 10 36 31 52
26 11 15 32 34 31
26 55 48 63 28 18
26 32 34 43 48 48
26 4 8 18 37 5
26 60 1 59 7 16
26 6 56 23 38 61
26 59 34 36 24 32
26 52 60 28 7 58
26 60 49 22 12 25
26 40 30 26 2 56
26 55 26 1 8 60
26 53 55 60 6 24
26 21 26 51 48 2
26 54 61 37 53 61
26 16 16 36 63 57
26 6 24 7 16 38
26 20 19 42 27 42
26 30 46 36 56 50
26 43 7 39 0 5
26 10 22 30 21 12
26 52 13 45 12 3
26 32 33 15 43 36
26 16 23 58 13 44
26 39 33 38 9 23
26 43 62 44 58 56
26 20 43 6 45 3
26 38 37 33 9 37
26 48 9 56 11 54
26 55 37 22 9 13
26 19 55 39 51 15
26 56 36 39 31 21
26 30 10 60 21 11
27 41 5 60 5 35
27 62 26 61 19 20
27 54 58 30 29 58
27 38 57 35 5 0
27 42 11 50 52 24
27 31 60 25 15 45
27 9 19 32 52 36
27 9 23 34 32 46
27 46 27 29 34 57
27 21 44 21 52 11
27 54 56 51 33 60
27 27 44 4 38 4
27 22 41 1 32 17
27 55 23 37 0 34
27 6 63 57 32 23
27 33 56 63 4 63
27 49 32 54 22 13
27 54 40 15 56 8
27 63 5 21 7 14
27 16 50 63 39 31
27 43 6 49 55 13
27 11 9 17 21 41
27 9 60 12 27 29
27 2 8 7 29 44
27 36 42 49 37 4
27 14 4 17 30 4
27 5 0 37 28 2
27 44 6 57 51 47
27 1 14 53 57 45
27 63 59 61 26 18
27 54 7 8 2 14
27 6 36 7 48 55
28 53 28 42 23 35
28 63 5 32 22 0
28 1 32 60 54 21
28 60 10 23 57 44
28 27 51 16 48 47
28 7 21 24 3 21
28 4 48 39 25 47
28 59 14 23 52 5
28 50 46 13 14 29
28 48 61 31 30 1
28 20 16 41 59 6
28 27 40 51 51 47
28 20 63 15 12 40
28 42 39 10 49 8
28 8 7 21 32 14
28 50 46 22 11 51
28 63 49 57 59 39
28 5 3 3 43 60
28 59 44 46 33 22
28 42 0 56 10 25
28 13 31 42 30 3
28 10 12 36 18 43
28 50 62 35 0 15
28 36 42 40 37 57
28 35 14 33 26 21
28 28 32 53 53 11
28 39 17 27 19 30
28 62 60 27 6 40
28 26 11 32 35 56
28 1 16 2 39 9
28 27 2 11 53 62
28 16 35 13 56 24
29 18 15 41 0 11
29 9 52 40 50 11
29 35 27 17 26 5
29 8 59 2 44 52
29 50 49 13 17 55
29 8 63 25 55 35
29 28 14 55 33 24
29 44 3 12 34 26
29 4 25 26 50 9
29 15 57 21 33 48
29 14 43 41 6 15
29 54 43 52 48 54
29 39 54 42 19 55
29 39 62 61 1 16
29 34 49 10 51 10
29 27 40 55 18 29
29 18 62 32 53 51
29 45 47 44 32 63
29 27 62 47 54 31
29 40 25 9 62 46
29 12 41 10 55 10
29 62 56 39 63 57
29 42 29 42 55 59
29 48 7 1 59 5
29 1 26 10 47 47
29 9 12 3 38 46
29 58 9 40 57 29
29 51 2 1 57 44
29 25 47 29 20 19
29 23 33 35 63 1
29 0 33 9 42 4
29 38 7 12 44 56
30 14 62 33 45 39
30 38 44 1 50 38
30 55 22 11 12 48
30 25 62 10 32 53
30 19 36 30 8 3
30 2 10 25 32 3
30 7 44 2 54 44
30 11 60 50 44 52
30 9 42 14 26 15
30 24 36 59 8 1
30 2 17 43 45 1
30 6 44 14 4 48
30 11 1 7 17 1
30 46 3 32 42 14
30 47 21 55 63 0
30 52 11 31 57 53
30 23 5 26 45 58
30 28 34 41 30 32
30 16 62 41 40 15
30 45 5 38 48 59
30 39 13 4 1 8
30 11 61 37 49 1
30 21 53 60 0 6
30 4 42 47 57 47
30 60 29 39 59 14
30 1 55 47 11 6
30 36 40 38 25 28
30 53 41 17 61 32
30 53 45 53 1 3
30 5 5 0 14 3
30 51 47 43 58 49
30 39 7 42 33 38
31 31 52 58 15 46
31 22 17 16 1 25
31 36 53 47 20 42
31 5 39 51 59 22
31 23 27 20 48 19
31 51 17 11 33 26
31 44 12 27 41 43
31 12 61 4 33 52
31 24 9 19 31 57
31 3 42 52 48 4
31 27 54 43 7 17
31 21 23 4 41 63
31 36 60 41 16 45
31 40 29 38 55 41
31 51 32 8 52 51
31 21 63 53 5 60
31 19 62 14 9 60
31 10 21 32 16 34
31 32 2 50 22 45
31 31 6 1 43 48
31 39 19 30 20 45
31 62 35 27 25 17
31 43 10 56 14 2
31 36 2 55 52 35
31 20 62 11 21 63
31 12 41 18 18 48
31 18 26 27 34 12
31 19 5 25 11 38
31 18 30 40 3 59
31 59 20 17 32 0
31 37 33 53 49 14
31 31 32 48 49 7
32 37 47 63 15 47
32 33 1 59 62 12
32 43 48 52 55 13
32 5 17 27 58 14
32 36 44 51 0 10
32 57 61 32 42 19
32 18 61 52 11 11
32 23 51 58 53 28
32 32 50 21 36 52
32 53 28 14 26 25
32 4 8 16 16 37
32 3 36 2 8 46
32 60 51 37 49 8
32 57 50 41 55 4
32 14 59 33 35 58
32 4 46 44 9 42
32 40 22 61 60 5
32 24 33 3 48 15
32 14 24 16 47 41
32 35 35 31 29 44
32 47 60 3 53 16
32 58 26 29 52 51
32 16 23 55 9 23
32 3 57 2 25 8
32 43 16 56 59 47
32 40 19 23 50 15
32 19 51 15 49 56
32 37 61 36 16 46
32 0 22 22 63 20
32 4 3 19 41 50
32 63 35 15 63 54
32 43 53 32 53 11
33 14 24 1 57 21
33 51 20 1 16 12
33 32 12 45 60 19
33 63 38 17 1 0
33 13 57 36 16 12
33 44 31 56 51 61
33 5 58 45 40 44
33 3 38 62 7 59
33 37 44 39 15 30
33 49 19 15 43 23
33 44 21 26 40 43
33 29 17 23 56 5
33 16 57 45 49 56
33 50 36 3 23 54
33 63 15 6 57 49
33 3 7 50 40 18
33 35 46 2 55 31
33 43 19 3 42 33
33 48 37 28 7 22
33 36 46 5 25 39
33 28 27 24 54 21
33 61 25 21 51 23
33 1 54 8 8 50
33 14 31 51 41 48
33 44 54 7 37 9
33 53 38 31 18 24
33 24 27 44 45 60
33 47 56 42 33 33
33 17 20 3 6 36
33 35 49 8 10 28
33 41 29 43 4 7
33 5 0 57 45 30
34 10 30 7 13 57
34 56 43 26 56 39
34 30 18 58 62 43
34 29 52 38 62 59
34 25 1 43 34 27
34 7 28 6 56 29
34 61 0 40 49 20
34 43 55 8 4 11
34 33 55 6 45 50
34 39 42 33 22 1
34 15 56 40 5 45
34 40 17 1 39 34
34 52 29 18 27 24
34 27 2 25 48 53
34 41 22 23 46 26
34 40 60 23 36 62
34 26 45 30 13 30
34 33 51 36 37 31
34 46 16 58 13 27
34 49 40 52 41 25
34 34 40 25 58 47
34 5 53 58 21 44
34 26 4 58 36 44
34 31 14 17 2 51
34 30 44 12 27 55
34 59 10 25 60 50
34 1 62 11 38 7
34 62 54 22 62 23
34 34 46 30 0 29
34 38 48 54 23 6
34 50 31 1 51 58
34 11 29 17 0 7
35 57 31 45 40 16
35 46 27 5 46 34
35 56 31 57 18 9
35 59 31 11 28 49
35 49 15 57 5 17
35 24 5 37 47 50
35 42 58 5 34 16
35 19 27 28 20 12
35 37 6 36 35 49
35 14 2 48 10 30
35 23 26 36 18 17
35 6 6 27 19 55
35 1 13 21 15 29
35 17 14 48 25 49
35 6 63 42 17 0
35 4 26 0 7 7
35 60 39 23 63 13
35 21 20 20 60 36
35 0 41 15 34 41
35 9 28 61 3 40
35 57 27 53 0 25
35 63 48 5 39 41
35 33 37 54 45 33
35 43 58 24 38 26
35 54 19 9 8 18
35 34 6 2 13 13
35 9 18 24 19 52
35 58 39 46 6 16
35 53 31 47 12 26
35 3 3 28 27 42
35 38 10 28 45 42
35 51 9 5 46 42
36 30 31 10 38 56
36 17 57 9 44 15
36 5 3 58 14 5
36 8 14 59 12 5
36 48 2 36 34 59
36 31 30 41 60 41
36 12 38 26 15 49
36 19 38 20 37 48
36 40 6 21 48 63
36 48 2 29 33 17
36 6 0 43 14 51
36 7 18 7 1 48
36 15 19 33 2 41
36 10 56 53 54 31
36 35 25 40 27 27
36 35 58 29 25 13
36 22 30 16 18 7
36 41 59 38 29 56
36 15 2 51 56 61
36 25 9 18 25 48
36 22 28 18 36 13
36 46 54 24 30 17
36 45 62 13 32 29
36 33 19 18 41 28
36 3 31 9 0 49
36 11 56 43 27 53
36 24 1 52 29 59
36 50 26 1 1 29
36 14 47 60 15 28
36 56 58 55 42 61
36 24 49 63 63 51
36 42 16 34 46 47
37 56 19 37 15 47
37 35 59 54 42 8
37 43 31 24 61 43
37 7 53 39 35 8
37 61 1 31 35 53
37 37 42 29 37 20
37 3 56 18 51 1
37 62 52 30 1 10
37 27 33 53 15 38
37 16 26 57 44 60
37 60 13 31 39 36
37 61 0 62 44 51
37 6 48 63 24 28
37 26 14 38 61 28
37 59 6 19 50 43
37 54 57 12 38 44
37 57 17 9 7 45
37 57 1 12 14 32
37 29 43 19 29 15
37 61 0 24 51 53
37 42 17 37 57 45
37 58 17 37 43 4
37 36 27 34 39 18
37 12 24 31 62 62
37 58 57 3 21 53
37 31 23 61 12 28
37 53 13 2 63 34
37 32 13 31 23 40
37 4 51 24 8 11
37 5 44 46 25 17
37 29 20 45 8 38
37 28 43 8 29 12
38 4 56 25 59 43
38 45 9 25 47 37
38 1 40 14 32 52
38 18 13 51 6 3
38 0 20 22 38 57
38 20 34 30 27 40
38 25 43 50 38 1
38 59 61 40 2 9
38 26 28 57 58 43
38 22 47 44 18 29
38 57 12 63 13 9
38 52 27 19 55 27
38 38 11 16 62 18
38 56 47 35 13 20
38 25 14 51 33 29
38 40 49 16 29 36
38 22 29 61 14 43
38 18 18 11 62 44
38 7 0 57 10 12
38 55 4 1 59 17
38 20 47 34 52 41
38 28 25 47 35 25
38 0 32 48 53 25
38 40 36 61 16 29
38 2 20 33 54 60
38 19 55 57 14 61
38 49 40 31 16 36
38 35 1 24 17 25
38 48 36 29 13 27
38 45 8 17 55 1
38 25 54 63 28 10
38 31 52 60 26 48
39 21 34 46 58 45
39 11 10 19 28 52
39 11 15 44 0 30
39 0 45 42 10 51
39 13 16 44 38 40
39 23 57 60 48 27
39 49 32 56 39 33
39 26 16 32 0 49
39 59 48 47 31 60
39 30 0 55 55 52
39 36 42 15 10 14
39 50 61 19 4 28
39 43 12 14 57 44
39 9 27 46 41 33
39 55 63 12 43 12
39 25 23 54 60 3
39 1 57 45 20 21
39 11 38 43 18 2
39 32 12 47 47 12
39 22 42 36 0 51
39 61 61 54 7 8
39 38 23 2 35 35
39 11 26 22 34 33
39 37 37 35 33 24
39 42 56 34 41 54
39 56 11 54 44 59
39 55 11 44 40 56
39 52 1 25 40 42
39 15 52 13 38 54
39 30 13 51 56 2
39 27 9 41 40 55
39 32 50 13 53 18
40 10 25 60 46 61
40 40 50 14 54 10
40 12 47 15 31 35
40 49 29 14 6 2
40 38 0 60 19 0
40 4 63 54 7 34
40 19 15 51 41 50
40 43 33 28 24 0
40 53 28 3 54 47
40 58 14 7 53 32
40 25 23 36 57 6
40 53 47 56 29 46
40 30 62 51 2 2
40 44 28 16 15 7
40 28 8 55 32 22
40 52 12 55 27 3
40 51 34 48 24 53
40 19 49 3 54 58
40 49 44 29 54 54
40 60 32 7 63 54
40 17 11 19 14 58
40 62 20 54 42 34
40 51 24 30 37 26
40 62 63 33 29 26
40 49 18 10 25 32
40 25 63 53 24 40
40 33 31 3 28 49
40 56 43 35 46 26
40 32 53 28 60 0
40 59 46 27 36 2
40 57 29 27 12 26
40 8 25 14 0 13
41 29 4 22 25 3
41 46 15 9 51 31
41 46 30 28 63 52
41 23 2 55 32 8
41 2 30 48 50 20
41 49 3 14 17 6
41 11 24 48 40 51
41 58 46 22 19 9
41 13 24 46 14 25
41 53 30 33 17 61
41 40 21 47 31 2
41 56 51 46 21 46
41 3 55 14 45 56
41 2 42 55 11 60
41 55 22 45 7 29
41 43 26 34 5 44
41 4 18 62 52 19
41 38 1 44 23 8
41 35 18 35 10 9
41 25 34 37 32 0
41 30 13 25 8 61
41 6 62 23 26 33
41 15 2 15 42 10
41 8 25 31 30 32
41 12 34 56 57 53
41 55 43 26 19 58
41 57 5 14 13 7
41 50 50 41 9 37
41 30 19 52 51 55
41 16 18 30 55 49
41 2 8 50 47 34
41 63 2 8 44 49
42 6 31 0 29 35
42 48 48 46 26 1
42 63 54 47 51 12
42 59 7 17 52 22
42 40 50 28 26 9
42 8 59 1 16 32
42 30 12 10 51 54
42 55 24 12 2 28
42 24 24 56 42 7
42 25 35 29 4 42
42 33 28 11 26 54
42 22 39 58 37 53
42 15 29 34 6 48
42 29 47 35 26 27
42 28 17 5 7 2
42 51 47 6 30 45
42 16 32 53 7 20
42 3 33 50 53 19
42 54 9 32 48 3
42 3 36 0 16 28
42 22 57 35 9 1
42 49 61 48 26 26
42 53 38 27 21 28
42 39 54 43 19 22
42 16 50 27 11 60
42 62 55 61 21 51
42 6 4 49 39 9
42 40 34 46 22 59
42 11 18 52 2 25
42 1 30 43 11 12
42 61 37 56 20 29
42 59 0 7 59 39
43 46 28 38 12 6
43 58 20 49 13 22
43 20 63 61 25 38
43 30 34 48 61 13
43 52 36 2 1 12
43 31 25 39 44 11
43 46 56 15 23 40
43 25 18 34 32 39
43 44 21 12 16 48
43 23 10 60 23 34
43 62 33 32 33 47
43 21 8 48 54 61
43 54 43 44 22 46
43 13 7 59 56 35
43 25 11 8 7 50
43 36 43 12 34 16
43 48 7 19 58 6
43 17 61 43 17 51
43 59 34 15 37 13
43 32 45 27 33 0
43 11 28 23 0 30
43 6 8 32 43 55
43 3 42 24 35 39
43 54 50 20 36 27
43 36 53 59 61 57
43 37 51 19 30 31
43 56 24 3 10 49
43 18 34 53 49 38
43 55 28 15 7 47
43 33 44 16 39 16
43 52 42 2 50 32
43 2 7 52 7 30
44 2 44 8 6 6
44 26 34 61 52 46
44 16 21 32 47 22
44 42 40 43 39 37
44 35 18 23 2 62
44 63 59 32 30 58
44 41 18 37 45 25
44 21 28 14 4 5
44 54 47 34 14 62
44 26 61 55 14 38
44 34 37 25 5 21
44 37 32 57 44 10
44 12 41 46 28 36
44 19 15 57 4 9
44 46 60 34 33 29
44 5 37 11 61 6
44 10 15 12 50 5
44 13 48 38 34 56
44 50 5 9 48 51
44 45 39 50 46 48
44 47 21 11 2 24
44 37 13 22 53 6
44 14 10 61 26 34
44 10 27 37 9 24
44 5 9 19 35 9
44 8 18 50 18 13
44 14 46 51 38 30
44 9 8 48 7 63
44 26 6 48 44 16
44 41 52 43 12 0
44 10 35 29 58 60
44 39 10 25 17 41
45 23 63 23 40 53
45 53 36 37 58 35
45 48 54 54 26 30
45 0 51 54 12 18
45 28 52 38 62 30
45 32 13 59 22 62
45 22 53 58 57 25
45 21 39 55 21 19
45 50 47 55 9 28
45 24 60 51 19 14
45 30 11 10 27 0
45 15 21 32 54 62
45 31 48 32 20 12
45 36 34 49 24 53
45 57 49 9 14 57
45 43 23 7 31 14
45 52 11 63 5 3
45 35 34 3 25 61
45 2 52 22 33 38
45 16 45 26 36 5
45 24 32 28 52 2
45 49 21 39 17 45
45 9 0 5 31 3
45 61 19 35 49 8
45 42 34 18 31 27
45 33 14 6 41 35
45 28 60 34 10 17
45 23 12 17 51 34
45 56 22 19 32 61
45 54 23 28 25 35
45 34 39 15 9 28
45 55 52 0 16 19
46 61 20 20 62 43
46 7 63 14 21 46
46 47 23 49 63 4
46 20 29 61 15 40
46 62 12 16 51 59
46 13 63 6 55 49
46 27 32 52 61 17
46 3 10 63 20 8
46 43 47 37 42 0
46 32 40 26 43 51
46 26 4 30 36 33
46 52 22 20 5 19
46 35 26 39 25 35
46 37 15 6 50 61
46 39 57 46 26 20
46 10 48 36 24 40
46 47 6 35 9 63
46 47 61 40 31 25
46 40 22 0 54 15
46 38 53 36 44 43
46 18 27 50 12 4
46 3 2 59 38 50
46 47 30 5 3 34
46 15 15 16 62 55
46 56 45 37 42 29
46 21 63 24 41 30
46 14 13 27 50 28
46 48 16 9 38 5
46 0 35 61 51 21
46 27 26 20 43 17
46 27 3 25 49 11
46 42 60 46 57 39
47 32 18 16 45 5
47 59 8 61 46 50
47 6 48 24 56 7
47 60 50 12 1 27
47 26 10 55 22 54
47 36 29 31 40 0
47 31 0 26 42 29
47 33 52 26 40 53
47 5 44 13 47 14
47 28 62 12 45 5
47 17 62 21 30 26
47 51 17 16 9 10
47 40 35 10 5 8
47 21 51 5 36 2
47 14 53 16 6 0
47 33 52 62 18 13
47 23 61 25 55 60
47 36 7 34 34 45
47 28 24 41 41 23
47 15 6 3 32 10
47 38 40 29 20 32
47 8 40 12 45 26
47 4 11 36 24 3
47 53 23 16 23 24
47 51 37 36 17 49
47 28 57 28 22 8
47 30 8 38 50 54
47 45 48 16 36 46
47 23 51 20 15 30
47 49 27 50 48 15
47 28 6 30 3 6
47 23 55 17 21 17
48 62 48 62 33 7
48 47 49 13 28 9
48 31 19 1 31 56
48 61 10 11 26 37
48 29 26 1 40 21
48 40 4 9 47 54
48 56 47 54 18 33
48 13 54 54 36 9
48 40 63 33 0 61
48 44 42 1 15 36
48 37 23 26 31 33
48 6 52 20 29 21
48 44 19 24 61 25
48 8 26 4 6 55
48 40 53 4 1 24
48 19 6 37 20 11
48 58 7 9 0 26
48 47 26 55 40 42
48 12 45 57 48 40
48 62 42 47 15 8
48 29 12 52 19 57
48 25 45 13 47 8
48 0 14 29 17 11
48 37 53 23 28 58
48 52 42 7 40 31
48 9 22 12 45 39
48 22 19 46 49 1
48 41 39 53 24 60
48 33 48 18 51 22
48 59 2 60 60 54
48 6 22 8 37 9
48 18 37 58 18 32
49 61 60 54 20 57
49 54 55 42 47 7
49 3 22 63 52 19
49 11 38 62 34 14
49 15 28 41 29 8
49 27 47 62 52 18
49 27 48 5 37 46
49 45 6 16 9 39
49 29 51 10 56 53
49 51 7 49 62 40
49 18 25 46 35 48
49 29 57 48 37 27
49 37 53 37 59 20
49 63 60 14 62 17
49 4 56 1 8 5
49 33 23 28 4 41
49 3 50 48 40 35
49 34 25 18 38 13
49 15 1 63 16 37
49 57 53 31 7 13
49 41 23 32 45 63
49 2 33 59 36 53
49 2 49 3 53 56
49 9 30 38 18 61
49 47 29 30 47 42
49 53 53 62 3 41
49 17 3 43 61 16
49 17 41 9 35 18
49 16 35 23 56 48
49 33 53 50 58 22
49 1 18 13 57 30
49 17 42 28 27 32
50 59 12 38 5 7
50 50 4 34 15 4
50 17 33 57 12 49
50 41 9 9 2 57
50 58 54 5 44 38
50 60 58 59 61 48
50 8 0 25 4 14
50 12 41 3 36 43
50 37 20 6 59 56
50 46 28 55 37 63
50 9 33 17 31 1
50 51 6 17 39 6
50 25 62 4 42 58
50 8 59 39 43 1
50 21 37 63 49 26
50 17 36 60 60 52
50 26 56 49 28 33
50 45 46 46 30 53
50 4 63 45 17 56
50 2 26 40 36 54
50 26 54 21 40 36
50 60 1 26 13 19
50 34 35 13 12 61
50 37 1 2 57 21
50 25 20 58 4 48
50 45 7 17 51 44
50 16 15 3 51 50
50 33 50 34 57 31
50 4 47 44 11 27
50 31 47 49 46 57
50 5 11 37 14 17
50 23 35 7 10 19
51 63 3 51 23 7
51 1 13 27 8 3
51 12 54 47 1 50
51 16 42 13 53 15
51 23 41 39 11 15
51 12 23 25 31 55
51 21 2 2 5 17
51 17 5 57 1 24
51 11 7 62 21 7
51 38 52 32 29 20
51 27 49 29 32 7
51 0 26 28 24 13
51 41 35 60 39 26
51 19 50 58 14 37
51 30 3 13 35 13
51 45 45 37 25 26
51 58 1 56 51 33
51 21 55 24 10 12
51 11 37 37 6 27
51 50 27 56 53 32
51 53 41 52 22 59
51 22 38 30 15 23
51 11 8 16 48 4
51 35 26 52 41 1
51 32 36 49 35 39
51 47 58 44 5 11
51 55 8 41 6 57
51 28 25 14 29 56
51 55 45 2 9 5
51 24 18 49 19 23
51 21 55 42 39 27
51 48 14 47 33 35
52 48 8 51 47 19
52 25 28 0 50 36
52 52 20 43 42 14
52 24 35 14 25 46
52 42 38 35 37 48
52 48 35 11 57 19
52 50 47 41 5 62
52 39 53 36 50 61
52 51 57 17 52 53
52 40 16 31 21 4
52 19 33 30 42 2
52 21 49 42 43 4
52 45 62 57 46 49
52 13 47 13 39 45
52 1 4 20 29 9
52 47 53 11 17 61
52 44 62 11 22 38
52 34 11 46 46 62
52 40 17 2 4 63
52 7 5 57 42 53
52 49 47 38 23 28
52 63 63 43 11 23
52 59 37 24 2 36
52 48 20 59 41 49
52 0 31 41 61 34
52 22 57 12 43 25
52 63 46 46 56 2
52 23 3 54 40 1
52 34 43 18 4 58
52 11 58 8 3 40
52 2 33 8 39 39
52 23 28 28 52 58
53 43 19 56 2 15
53 8 27 33 8 32
53 28 17 10 43 39
53 51 52 63 26 20
53 39 16 24 55 47
53 58 41 24 31 35
53 26 34 55 0 30
53 61 11 21 8 12
53 52 45 4 50 16
53 9 34 31 7 18
53 39 60 0 40 0
53 11 41 20 60 39
53 6 33 8 16 5
53 60 22 14 56 54
53 44 61 16 33 31
53 56 33 34 58 47
53 33 61 49 42 2
53 46 31 56 29 16
53 9 29 60 58 12
53 54 60 37 18 52
53 27 41 16 56 42
53 9 8 36 10 45
53 38 43 63 4 28
53 62 61 58 54 62
53 10 3 49 6 18
53 46 32 50 58 42
53 24 58 31 37 29
53 52 41 33 8 34
53 12 27 41 59 47
53 35 38 35 21 44
53 49 55 36 59 60
53 0 43 44 44 30
54 58 19 0 17 11
54 42 32 13 61 30
54 50 27 0 20 18
54 10 40 34 4 46
54 58 21 52 49 6
54 47 18 35 3 33
54 35 30 62 47 11
54 46 16 12 10 16
54 28 13 9 36 42
54 1 5 1 24 33
54 3 31 34 33 60
54 34 12 33 39 57
54 45 45 20 17 3
54 17 7 46 10 6
54 43 48 44 43 18
54 25 22 11 28 34
54 8 0 45 12 45
54 40 46 15 49 25
54 24 49 61 12 26
54 51 45 29 10 5
54 61 54 31 44 51
54 17 40 48 3 38
54 15 62 33 37 57
54 61 23 7 8 33
54 13 4 4 10 18
54 47 60 58 60 48
54 45 48 7 58 19
54 17 16 20 31 54
54 10 54 49 9 14
54 17 16 38 63 5
54 22 36 55 59 40
54 34 9 58 34 13
55 7 23 20 4 38
55 59 51 59 54 13
55 2 14 29 53 48
55 20 33 43 56 49
55 4 49 61 13 58
55 2 4 51 8 26
55 27 29 14 42 16
55 3 28 43 8 60
55 9 8 50 54 11
55 21 37 6 1 7
55 43 45 41 29 12
55 10 15 57 3 14
55 56 48 28 33 63
55 52 15 4 12 20
55 24 30 42 9 56
55 5 29 46 5 16
55 31 30 7 38 22
55 43 40 20 29 10
55 44 30 41 57 42
55 17 63 36 56 16
55 46 56 60 31 7
55 3 48 42 21 60
55 12 51 34 38 16
55 39 24 47 32 20
55 62 30 14 17 29
55 40 24 58 17 54
55 60 50 25 37 22
55 29 16 10 8 14
55 18 21 7 6 33
55 36 32 34 58 53
55 26 32 48 57 23
55 4 39 34 25 59
56 39 51 31 31 44
56 46 17 20 18 56
56 37 3 11 50 16
56 51 39 36 50 21
56 36 19 40 42 14
56 35 25 21 63 29
56 28 1 48 0 14
56 7 0 27 58 50
56 16 4 50 0 31
56 29 38 38 49 5
56 6 9 58 12 2
56 61 1 8 36 15
56 14 58 32 61 47
56 45 9 12 4 31
56 35 50 0 49 51
56 48 39 48 26 33
56 54 21 39 34 18
56 53 31 13 31 12
56 20 28 58 23 20
56 51 12 45 25 48
56 49 26 44 34 45
56 2 46 58 45 53
56 12 25 39 38 30
56 40 46 24 49 50
56 35 30 6 16 9
56 1 14 60 50 8
56 29 37 53 3 4
56 46 37 12 18 42
56 10 30 18 47 2
56 12 62 32 1 30
56 59 20 35 7 40
56 5 35 4 34 39
57 54 4 17 60 63
57 60 17 10 23 51
57 33 39 27 55 62
57 14 36 62 32 14
57 37 41 46 47 36
57 0 9 4 21 23
57 36 20 30 50 24
57 23 5 22 37 52
57 4 8 43 24 49
57 6 33 30 19 26
57 8 52 45 54 26
57 44 19 51 61 54
57 0 37 42 28 23
57 25 5 26 5 59
57 47 37 57 46 57
57 58 52 19 24 5
57 12 58 22 49 3
57 3 32 21 4 35
57 23 47 29 51 42
57 10 42 53 63 19
57 40 43 59 38 5
57 56 10 9 53 14
57 55 46 19 62 39
57 60 41 22 41 29
57 58 31 33 3 8
57 53 56 8 45 44
57 13 34 49 13 41
57 41 10 53 55 2
57 44 50 5 63 8
57 63 42 0 1 34
57 28 52 26 50 56
57 24 16 29 29 5
58 19 32 24 57 22
58 50 34 46 42 4
58 50 21 4 22 60
58 20 33 1 4 62
58 4 1 48 48 5
58 7 50 17 18 2
58 32 59 59 25 10
58 57 39 28 28 20
58 48 16 63 47 14
58 36 3 6 20 22
58 13 24 0 46 13
58 46 15 60 51 26
58 32 39 62 22 34
58 44 51 27 62 30
58 28 39 6 7 46
58 22 39 15 39 22
58 21 59 57 54 37
58 63 36 46 8 57
58 33 50 18 9 32
58 42 24 13 23 27
58 58 5 49 59 52
58 42 62 35 3 33
58 61 22 29 42 61
58 34 20 30 42 42
58 26 54 42 3 1
58 60 37 60 7 25
58 39 17 39 45 59
58 57 53 39 14 54
58 52 9 43 19 43
58 58 58 29 3 31
58 41 2 45 37 43
58 6 10 35 10 52
59 39 46 5 45 38
59 17 8 24 37 8
59 6 55 6 17 8
59 36 34 56 13 15
59 20 43 54 18 18
59 10 24 50 11 23
59 34 34 4 26 32
59 11 26 33 24 38
59 3 44 15 31 62
59 42 59 61 13 41
59 44 14 22 43 6
59 14 25 4 28 18
59 27 15 62 16 12
59 47 1 0 6 22
59 12 52 23 39 1
59 5 46 2 51 7
59 7 40 57 44 58
59 25 32 25 0 23
59 6 0 50 2 19
59 49 20 3 53 57
59 31 3 28 13 31
59 51 13 62 48 43
59 31 24 6 44 29
59 3 20 63 37 60
59 61 49 59 43 12
59 37 40 58 40 29
59 46 61 55 2 31
59 52 28 41 11 50
59 56 59 19 61 60
59 49 59 40 11 17
59 1 11 17 10 27
59 61 29 15 6 47
60 17 48 11 51 29
60 10 6 60 30 19
60 49 2 15 26 58
60 41 27 5 12 52
60 32 21 15 19 0
60 40 54 32 9 52
60 2 10 52 32 56
60 20 5 29 33 58
60 52 11 12 58 45
60 15 24 19 23 62
60 10 40 38 19 41
60 3 59 57 10 28
60 41 35 21 13 42
60 17 21 34 36 60
60 25 41 60 33 55
60 8 28 52 27 42
60 8 5 40 44 7
60 3 21 56 48 42
60 1 12 35 15 20
60 49 56 20 9 31
60 16 8 5 22 60
60 0 45 39 1 56
60 51 63 14 23 43
60 26 45 53 12 34
60 38 36 38 50 13
60 3 26 27 62 4
60 22 11 14 15 0
60 55 38 42 9 31
60 26 15 31 17 3
60 13 36 45 3 51
60 11 35 7 46 22
60 44 56 6 2 20
61 38 10 50 22 38
61 44 18 45 44 14
61 0 63 33 58 20
61 60 49 42 36 36
61 41 23 22 14 58
61 7 21 26 3 31
61 15 39 7 47 58
61 61 7 46 45 31
61 37 43 27 30 41
61 13 15 53 43 37
61 14 53 48 29 38
61 41 27 11 24 55
61 17 23 39 5 31
61 62 21 53 34 14
61 45 20 4 27 27
61 27 41 30 56 62
61 33 8 63 36 41
61 45 42 47 44 23
61 50 60 44 19 53
61 15 1 0 25 38
61 57 25 16 41 51
61 6 15 16 32 38
61 53 23 58 12 37
61 42 6 11 58 13
61 18 54 40 42 37
61 11 1 3 22 6
61 60 11 61 20 6
61 45 44 36 62 10
61 33 40 40 18 50
61 36 19 52 8 55
61 13 48 21 35 20
61 32 59 57 11 31
62 22 13 44 21 28
62 62 53 51 23 57
62 5 56 50 7 22
62 13 39 40 26 20
62 42 44 62 50 50
62 13 12 9 45 6
62 49 17 22 62 32
62 36 55 42 55 4
62 47 25 40 35 2
62 18 5 37 24 59
62 20 44 45 10 3
62 51 3 17 60 17
62 15 5 52 61 6
62 46 44 19 0 49
62 49 44 13 0 26
62 26 17 9 16 27
62 19 59 18 17 12
62 42 16 39 14 7
62 7 31 20 11 33
62 17 46 28 20 18
62 61 25 19 22 41
62 37 6 24 34 54
62 19 13 1 56 37
62 58 23 59 52 25
62 14 36 5 61 47
62 29 57 56 2 14
62 19 4 5 20 1
62 61 8 11 15 36
62 48 52 18 26 45
62 52 23 33 12 63
62 43 29 44 57 23
62 53 21 57 56 40
63 31 0 37 29 0
63 23 20 52 48 32
63 28 11 23 59 23
63 28 12 43 43 6
63 23 25 9 34 1
63 22 31 28 9 54
63 57 29 60 32 4
63 36 45 59 30 42
63 50 47 38 1 52
63 51 36 6 1 44
63 53 40 2 45 34
63 29 14 13 26 3
63 61 59 2 48 46
63 59 6 61 2 2
63 63 15 61 39 30
63 12 49 31 30 57
63 19 19 9 21 36
63 30 62 27 45 18
63 47 39 17 63 12
63 19 31 31 58 24
63 44 55 24 42 25
63 58 3 10 20 10
63 41 22 12 3 11
63 5 14 50 23 34
63 50 38 43 61 56
63 40 5 17 18 4
63 22 25 12 36 33
63 18 58 62 1 19
63 18 5 3 19 17
63 50 9 11 32 43
63 43 57 30 43 20
63 41 51 56 20 59
