0 55 25 35 6 7
0 50 20 49 29 54
0 33 59 44 0 1
0 21 28 16 16 26
0 42 45 5 8 52
0 29 39 7 28 39
0 29 7 32 20 34
0 21 27 28 61 38
0 10 17 16 24 6
0 28 34 42 5 12
0 53 34 40 14 26
0 11 28 33 13 18
0 23 33 15 59 56
0 21 23 41 37 35
0 11 22 21 38 5
0 33 15 62 60 4
0 33 17 60 18 36
0 15 13 43 48 39
0 18 42 51 30 39
0 6 60 32 9 55
0 9 56 18 27 34
0 12 21 23 49 49
0 32 56 62 59 48
0 23 9 58 3 4
0 37 5 58 31 7
0 11 63 58 32 58
0 17 35 26 53 21
0 52 30 45 4 46
0 52 39 18 28 28
0 16 53 27 48 9
0 26 38 7 18 57
0 35 16 49 6 61
0 43 4 2 61 7
0 41 49 27 40 16
0 15 35 50 58 63
0 43 28 46 50 45
0 51 2 59 9 39
0 57 9 35 27 45
0 33 8 26 20 21
0 32 50 4 34 24
0 30 9 45 40 20
0 53 3 25 4 50
0 59 31 10 53 8
0 21 51 14 28 18
0 30 50 8 50 34
0 11 26 59 9 43
0 33 47 32 6 36
0 3 55 20 1 54
0 19 27 58 38 17
0 39 37 39 58 19
0 54 15 29 30 32
0 58 7 58 62 39
0 59 35 51 31 34
0 60 20 36 2 63
0 13 39 32 17 60
0 30 58 14 62 14
0 59 54 3 38 58
0 43 27 24 48 55
0 15 15 17 58 40
0 36 35 62 38 59
0 21 10 9 46 43
0 21 6 32 8 15
0 56 53 33 31 31
0 17 7 38 3 11
1 15 48 49 20 21
1 23 24 52 62 40
1 56 56 46 16 57
1 30 55 10 11 23
1 1 7 30 1 40
1 8 58 38 33 14
1 24 29 40 12 59
1 48 12 7 53 19
1 1 52 49 32 53
1 52 58 13 39 44
1 23 34 40 51 54
1 17 52 50 5 50
1 57 11 42 16 27
1 28 62 62 11 17
1 51 56 42 23 39
1 18 21 11 17 2
1 32 21 54 59 48
1 33 34 25 9 30
1 39 21 46 0 24
1 9 20 50 28 15
1 10 27 24 5 30
1 56 5 32 15 54
1 19 36 16 42 32
1 5 61 39 50 43
1 39 30 2 55 63
1 15 2 36 45 3
1 11 10 34 62 2
1 6 62 54 33 28
1 43 3 46 1 5
1 62 32 42 19 55
1 36 26 63 52 59
1 56 18 19 57 48
1 37 39 63 28 33
1 58 44 49 8 59
1 63 25 25 62 38
1 24 3 61 53 41
1 48 58 7 62 7
1 44 37 8 56 47
1 59 5 52 8 12
1 13 11 10 55 59
1 63 17 24 30 2
1 58 41 5 11 52
1 45 15 45 41 63
1 52 5 44 59 37
1 40 49 50 17 35
1 61 2 8 4 6
1 48 8 57 46 41
1 15 57 25 42 6
1 33 27 47 62 45
1 50 28 1 38 20
1 11 15 1 23 9
1 34 42 32 12 2
1 48 42 22 61 34
1 0 35 26 28 51
1 58 46 60 5 60
1 41 15 39 40 58
1 10 40 13 63 55
1 43 30 41 25 21
1 14 21 53 3 21
1 22 50 24 33 39
1 4 39 56 60 7
1 42 29 54 6 33
1 63 0 44 8 52
1 58 31 13 46 35
2 25 40 30 25 62
2 31 31 18 39 6
2 20 55 61 1 59
2 16 59 9 57 57
2 12 56 8 56 33
2 52 2 50 51 4
2 61 13 31 57 17
2 61 57 48 7 35
2 40 58 41 3 52
2 46 10 50 13 59
2 17 26 29 23 41
2 19 31 46 32 52
2 0 53 11 60 30
2 14 23 35 41 44
2 43 37 57 47 15
2 58 13 43 52 24
2 36 13 20 44 38
2 44 23 2 32 7
2 47 61 45 9 21
2 16 42 27 33 2
2 23 28 48 54 40
2 62 47 46 25 6
2 21 31 56 10 62
2 29 59 22 49 51
2 20 50 27 45 51
2 25 9 3 38 48
2 54 33 29 42 16
2 16 46 60 36 46
2 28 56 40 7 7
2 50 39 48 35 33
2 15 38 51 8 16
2 2 19 11 31 2
2 24 59 30 16 8
2 35 16 7 24 17
2 35 45 6 43 51
2 40 47 0 35 20
2 16 37 24 12 60
2 37 25 46 30 50
2 13 53 40 10 51
2 53 51 0 38 51
2 4 35 4 43 33
2 35 36 15 57 40
2 58 14 0 3 35
2 51 57 4 27 22
2 50 33 8 39 29
2 18 22 1 19 39
2 62 43 38 62 16
2 27 39 27 62 38
2 37 5 23 15 50
2 12 9 37 50 59
2 20 8 25 35 0
2 26 28 15 34 3
2 26 42 42 60 33
2 41 25 55 7 35
2 15 6 50 63 63
2 28 8 18 35 31
2 48 18 2 55 27
2 37 42 57 28 6
2 31 23 8 36 27
2 57 44 48 47 0
2 63 0 63 8 20
2 28 10 11 55 61
2 42 53 23 30 60
2 41 32 20 19 16
3 49 4 58 30 44
3 45 63 21 53 56
3 18 43 5 40 18
3 18 13 9 53 1
3 1 3 48 48 4
3 34 61 2 11 63
3 17 14 37 28 42
3 38 10 26 45 2
3 59 3 3 14 60
3 57 21 13 5 2
3 27 23 17 56 17
3 16 60 48 26 8
3 55 5 13 6 31
3 63 46 26 31 3
3 53 58 38 34 25
3 28 57 33 51 52
3 55 16 0 35 57
3 18 24 16 17 36
3 10 61 48 32 28
3 45 7 52 34 2
3 56 54 56 20 50
3 25 44 54 37 59
3 51 6 2 63 60
3 46 24 18 54 5
3 4 38 51 59 40
3 52 5 36 52 3
3 49 2 38 16 51
3 28 14 54 8 34
3 10 12 15 40 11
3 23 25 14 12 59
3 28 45 58 7 27
3 62 19 21 42 49
3 7 59 58 6 12
3 46 32 43 3 54
3 49 61 47 59 4
3 45 53 11 34 46
3 25 59 57 8 2
3 25 45 59 14 29
3 29 2 1 14 17
3 4 17 35 5 7
3 57 34 61 21 0
3 8 4 27 27 50
3 49 18 39 20 41
3 63 51 41 54 5
3 7 4 36 22 2
3 6 7 60 49 35
3 57 60 3 39 56
3 61 20 52 37 23
3 5 26 35 4 20
3 42 51 23 22 26
3 51 46 46 29 7
3 16 6 44 9 40
3 41 26 4 6 24
3 43 23 47 56 20
3 6 44 0 44 4
3 15 11 3 42 34
3 57 49 27 38 13
3 56 8 56 14 23
3 15 12 47 30 57
3 0 42 21 33 28
3 11 32 10 25 31
3 7 59 40 58 63
3 53 14 50 26 22
3 6 61 37 45 39
4 54 46 19 0 51
4 13 46 23 8 13
4 24 31 3 33 24
4 37 56 4 25 13
4 50 23 46 13 2
4 14 6 56 57 5
4 30 26 36 5 43
4 30 22 17 49 25
4 7 8 4 62 34
4 23 61 63 13 19
4 54 56 2 29 15
4 43 41 9 10 17
4 44 47 47 27 17
4 26 29 59 58 49
4 31 1 19 2 6
4 54 5 25 48 41
4 14 59 32 1 21
4 41 60 51 27 51
4 39 55 43 56 18
4 7 6 1 43 37
4 48 50 36 43 45
4 60 22 29 50 16
4 57 59 51 24 35
4 15 12 45 45 7
4 48 28 32 58 23
4 19 36 18 58 1
4 44 11 29 26 42
4 17 21 31 34 63
4 16 41 12 34 62
4 46 3 63 32 10
4 3 9 52 49 37
4 34 35 54 40 55
4 3 45 25 41 7
4 9 37 35 34 29
4 21 22 4 52 38
4 10 54 0 32 26
4 38 62 23 41 25
4 15 4 22 45 4
4 40 49 59 12 19
4 33 30 42 15 3
4 58 35 48 36 9
4 9 4 2 16 13
4 51 59 35 8 20
4 4 56 29 55 41
4 46 22 56 8 11
4 16 14 41 59 49
4 9 20 23 30 39
4 1 43 29 9 57
4 22 24 41 1 8
4 3 58 8 9 31
4 13 58 41 37 58
4 43 20 50 18 12
4 54 61 31 42 24
4 24 22 23 35 27
4 33 45 53 49 55
4 59 31 39 17 35
4 62 6 16 27 28
4 29 6 26 14 14
4 0 37 46 18 41
4 50 54 49 13 39
4 39 52 24 51 13
4 55 11 21 55 62
4 58 31 5 0 35
4 43 35 51 16 26
5 57 54 27 34 59
5 24 25 40 55 27
5 22 1 0 5 10
5 33 25 21 45 13
5 50 61 12 15 27
5 12 7 42 37 40
5 55 17 54 23 19
5 58 8 5 37 10
5 11 35 50 23 10
5 53 52 39 17 2
5 37 37 51 33 24
5 16 48 52 5 37
5 30 1 28 14 45
5 8 59 55 28 38
5 53 31 9 18 11
5 60 37 17 7 33
5 21 0 5 2 18
5 51 59 29 1 34
5 37 21 33 57 12
5 57 28 3 20 19
5 5 49 59 53 20
5 52 28 38 16 6
5 0 51 60 13 23
5 31 55 51 35 47
5 62 53 44 40 42
5 5 19 45 43 6
5 44 59 36 12 43
5 36 12 52 7 36
5 28 54 41 30 52
5 35 55 6 23 51
5 20 57 9 15 11
5 53 27 1 46 36
5 49 33 63 11 34
5 53 3 30 58 36
5 2 40 41 60 45
5 0 8 53 1 61
5 30 22 60 59 58
5 11 56 30 2 14
5 36 39 63 23 25
5 23 38 14 12 58
5 6 19 38 44 7
5 11 47 18 48 0
5 51 9 56 36 54
5 45 15 30 20 14
5 57 21 1 38 1
5 38 25 36 28 31
5 28 26 12 59 56
5 39 49 4 55 27
5 10 13 20 22 63
5 4 62 8 32 28
5 55 2 42 47 50
5 31 54 27 44 19
5 5 56 5 34 58
5 0 40 51 43 22
5 20 45 22 8 48
5 36 38 54 61 53
5 35 31 9 63 54
5 43 32 1 6 32
5 19 9 4 38 32
5 53 29 21 5 24
5 38 29 60 22 0
5 21 62 27 56 38
5 19 56 43 9 25
5 21 48 18 44 10
6 39 51 32 55 34
6 0 5 34 29 61
6 29 24 21 58 49
6 51 58 48 4 42
6 46 52 12 12 36
6 8 9 27 20 63
6 7 23 8 17 53
6 51 60 20 6 57
6 19 53 6 15 24
6 47 56 9 33 53
6 56 31 10 61 27
6 15 14 5 16 63
6 7 6 21 46 9
6 30 55 4 45 21
6 49 51 45 40 28
6 2 0 18 28 51
6 48 57 28 14 61
6 23 8 14 50 25
6 40 53 31 61 46
6 50 42 23 2 51
6 8 18 6 63 62
6 47 18 61 1 34
6 59 27 4 27 19
6 45 38 41 7 15
6 13 59 28 53 20
6 3 57 53 58 61
6 62 45 23 60 24
6 47 40 34 12 45
6 2 40 38 11 47
6 12 35 50 4 2
6 60 49 37 55 38
6 22 56 19 42 54
6 33 19 18 16 22
6 21 11 28 16 59
6 63 62 28 5 17
6 34 36 1 8 51
6 57 51 46 14 61
6 17 19 57 24 29
6 38 48 6 18 43
6 63 57 2 13 4
6 60 7 57 27 27
6 40 39 26 16 55
6 59 52 49 15 6
6 51 42 23 1 35
6 22 33 43 54 8
6 0 16 45 56 8
6 9 40 54 7 27
6 20 55 44 51 61
6 34 1 22 54 31
6 31 28 12 8 55
6 1 16 14 45 56
6 63 44 26 11 24
6 54 54 10 32 60
6 10 49 30 60 34
6 47 55 1 11 11
6 41 58 24 38 24
6 55 39 54 45 50
6 10 17 39 32 58
6 58 28 13 10 45
6 20 27 31 7 14
6 58 60 22 1 62
6 29 17 63 2 34
6 43 24 43 16 22
6 59 40 2 3 48
7 56 58 42 8 45
7 29 55 35 62 58
7 29 6 30 38 4
7 59 38 24 60 18
7 46 45 46 55 18
7 46 10 28 15 57
7 61 16 42 53 46
7 0 6 61 41 54
7 7 61 33 21 26
7 4 47 7 57 19
7 10 46 50 21 23
7 48 40 21 7 20
7 30 9 61 30 11
7 54 30 14 5 56
7 50 60 58 22 21
7 19 29 30 9 50
7 1 63 42 0 26
7 19 9 9 26 45
7 52 27 0 39 15
7 8 49 19 0 30
7 44 38 24 55 4
7 0 24 17 22 13
7 31 55 40 19 20
7 53 61 0 63 9
7 51 38 48 21 43
7 8 23 48 44 7
7 44 10 53 9 12
7 55 38 49 47 43
7 56 24 2 47 50
7 10 24 40 52 24
7 9 9 29 36 28
7 56 7 23 8 39
7 22 9 11 9 44
7 46 32 61 13 57
7 14 46 14 25 24
7 32 55 52 44 31
7 60 48 36 20 27
7 29 40 35 31 18
7 33 61 41 24 61
7 48 1 23 30 17
7 31 5 17 55 17
7 36 3 28 46 18
7 61 20 53 38 16
7 11 36 11 63 53
7 15 41 40 26 61
7 62 58 17 3 7
7 1 12 14 44 24
7 49 24 35 44 53
7 23 31 63 12 53
7 26 26 7 6 13
7 63 17 37 31 9
7 48 19 0 16 37
7 27 52 11 15 36
7 35 7 43 57 28
7 19 8 41 27 9
7 15 62 13 33 32
7 28 13 55 39 13
7 11 11 30 7 11
7 4 52 27 11 15
7 12 3 13 55 6
7 21 3 54 16 48
7 14 59 21 31 46
7 46 7 39 6 1
7 50 36 44 25 54
8 10 34 50 54 5
8 58 63 26 40 63
8 26 31 48 20 13
8 32 37 27 35 57
8 0 61 48 38 44
8 16 22 48 44 32
8 16 37 34 6 56
8 30 41 4 41 25
8 52 12 59 61 5
8 5 17 3 37 39
8 29 5 58 1 44
8 62 57 2 18 33
8 59 46 46 43 19
8 15 44 31 61 37
8 23 3 43 47 30
8 5 55 30 28 9
8 56 63 19 11 32
8 60 0 8 21 40
8 41 48 25 14 25
8 45 63 29 59 42
8 23 33 40 57 39
8 20 4 16 5 38
8 16 12 15 50 40
8 4 29 32 14 49
8 50 24 0 8 41
8 0 57 63 45 24
8 13 28 45 36 7
8 2 15 41 53 24
8 9 43 46 20 14
8 10 29 40 12 21
8 58 45 23 14 38
8 4 13 7 41 10
8 48 55 34 11 47
8 1 27 44 22 17
8 41 51 53 8 59
8 12 2 53 43 8
8 35 14 20 36 56
8 51 9 57 60 21
8 20 19 41 52 7
8 6 14 2 55 43
8 25 41 41 22 38
8 18 22 23 55 62
8 52 27 55 54 48
8 6 10 18 26 20
8 34 45 48 46 47
8 5 60 51 50 57
8 48 59 47 62 24
8 62 56 42 13 60
8 0 52 7 44 52
8 39 15 10 52 30
8 30 17 5 4 35
8 54 49 10 18 20
8 34 33 42 13 2
8 18 0 58 41 52
8 33 10 19 35 20
8 46 6 57 23 63
8 42 13 11 12 22
8 62 8 15 33 31
8 21 45 18 55 36
8 28 40 26 56 27
8 41 35 13 0 14
8 7 26 42 54 56
8 54 21 28 32 10
8 12 24 37 40 57
9 21 22 6 57 20
9 48 51 21 47 52
9 29 12 31 29 51
9 3 2 24 27 35
9 27 40 38 18 55
9 8 62 53 56 36
9 38 46 19 60 55
9 4 32 38 53 55
9 26 23 17 39 16
9 2 18 24 27 33
9 27 18 53 5 48
9 63 17 7 22 4
9 62 7 19 56 16
9 41 56 61 30 58
9 8 4 59 16 34
9 10 39 19 18 14
9 11 50 4 7 47
9 63 55 27 52 45
9 14 10 12 7 20
9 59 34 38 34 24
9 11 20 49 47 1
9 26 39 22 44 7
9 55 13 22 13 44
9 28 47 21 38 44
9 59 32 15 51 17
9 47 19 11 17 7
9 61 32 56 27 14
9 8 35 42 15 46
9 38 29 29 53 60
9 37 51 33 46 0
9 37 23 54 54 63
9 23 58 33 60 31
9 14 58 6 22 43
9 26 24 11 46 19
9 3 31 38 16 28
9 3 35 36 9 46
9 56 52 63 44 31
9 2 56 8 17 39
9 60 7 19 61 5
9 9 17 24 16 52
9 20 47 55 24 42
9 22 20 12 7 33
9 44 29 30 62 17
9 9 1 31 3 16
9 7 20 57 47 28
9 59 5 7 34 55
9 17 29 20 18 15
9 33 28 23 11 14
9 50 23 30 60 1
9 34 12 43 17 49
9 44 20 51 15 30
9 24 14 13 40 25
9 3 27 7 46 33
9 2 38 52 23 9
9 33 26 11 27 7
9 11 42 0 55 36
9 56 12 3 19 46
9 37 33 20 35 18
9 17 34 18 32 53
9 56 5 39 21 45
9 43 37 16 18 23
9 20 53 3 36 61
9 7 43 5 47 1
9 58 49 53 6 58
10 45 26 3 7 36
10 31 0 22 19 44
10 63 24 55 47 39
10 4 12 23 21 5
10 12 5 37 14 28
10 9 52 8 10 2
10 23 34 21 63 26
10 35 46 34 36 2
10 10 34 38 47 6
10 52 17 0 56 38
10 6 59 45 44 53
10 22 48 28 58 30
10 19 39 9 53 42
10 46 35 4 17 52
10 45 54 12 27 51
10 37 43 58 51 7
10 8 57 7 8 47
10 37 22 38 24 10
10 61 60 63 13 8
10 28 45 8 5 16
10 38 8 12 30 5
10 40 62 34 11 30
10 36 4 7 22 62
10 32 22 11 6 21
10 4 37 13 24 13
10 26 48 43 42 52
10 29 8 3 40 9
10 20 13 10 58 19
10 14 54 21 15 12
10 57 56 47 12 49
10 62 36 5 0 18
10 35 24 2 19 35
10 48 13 19 35 0
10 24 40 48 63 10
10 34 63 3 50 53
10 52 45 55 27 47
10 49 7 11 57 16
10 26 3 56 22 40
10 19 34 14 20 36
10 49 12 24 27 20
10 61 54 22 56 37
10 42 60 63 57 3
10 1 15 32 39 32
10 30 16 47 1 4
10 19 63 52 21 45
10 22 16 35 39 0
10 31 52 14 16 58
10 13 40 62 24 58
10 29 9 33 4 20
10 40 10 42 30 9
10 22 37 32 15 43
10 7 59 34 40 4
10 20 16 25 41 55
10 17 34 15 37 20
10 21 32 23 29 49
10 10 7 18 48 6
10 30 31 39 26 46
10 3 52 33 47 29
10 30 43 62 42 50
10 53 32 33 63 41
10 7 29 30 18 30
10 53 54 31 51 18
10 8 10 24 42 12
10 3 0 63 62 6
11 1 1 25 5 29
11 63 10 14 56 59
11 28 40 24 26 24
11 19 12 29 59 21
11 9 22 51 43 10
11 42 23 60 52 40
11 30 16 10 25 2
11 62 61 5 2 29
11 47 0 25 6 36
11 44 42 50 25 39
11 3 53 11 60 20
11 17 14 46 18 7
11 2 42 60 43 59
11 12 63 16 60 55
11 55 54 25 45 39
11 15 63 48 36 17
11 52 41 43 15 37
11 11 17 22 29 28
11 48 5 27 51 26
11 2 8 61 61 33
11 14 54 62 42 47
11 10 8 50 35 44
11 40 46 31 57 15
11 32 29 10 0 53
11 61 48 60 37 54
11 39 61 47 14 27
11 45 11 3 46 56
11 34 56 12 0 46
11 52 21 53 39 15
11 62 38 63 20 29
11 27 4 13 33 0
11 8 35 55 47 38
11 47 19 54 46 12
11 27 46 12 25 8
11 52 44 42 61 11
11 7 35 37 63 48
11 10 46 16 48 37
11 31 23 26 27 26
11 11 54 20 15 37
11 49 57 32 44 34
11 60 10 17 50 10
11 29 4 26 12 63
11 31 0 63 10 38
11 53 37 43 28 22
11 24 52 1 58 47
11 46 46 35 0 59
11 5 63 57 29 58
11 16 62 26 26 27
11 35 18 12 6 55
11 56 31 54 56 42
11 37 39 57 13 40
11 41 52 13 35 61
11 46 8 43 59 36
11 63 31 36 26 3
11 10 23 26 29 49
11 33 3 7 24 12
11 3 54 41 3 47
11 46 13 6 14 15
11 14 59 25 42 63
11 16 32 9 60 41
11 43 48 27 50 37
11 43 62 63 15 9
11 8 3 42 50 32
11 59 32 34 1 21
12 19 32 20 41 35
12 57 5 15 53 45
12 58 40 57 46 59
12 38 51 32 12 24
12 56 17 44 4 25
12 62 51 14 16 11
12 56 33 48 33 18
12 47 16 15 50 29
12 36 0 28 13 6
12 42 3 61 34 30
12 46 22 33 6 36
12 57 52 16 60 35
12 15 10 24 20 14
12 61 38 50 38 3
12 9 12 52 61 35
12 62 2 8 29 24
12 38 41 25 31 30
12 0 28 38 60 19
12 53 60 58 24 30
12 39 58 39 62 15
12 16 24 33 39 58
12 54 35 2 61 6
12 47 0 37 41 15
12 27 51 17 34 58
12 31 42 55 10 12
12 2 4 4 32 42
12 10 39 2 23 57
12 11 50 7 48 47
12 28 21 3 21 18
12 49 10 9 23 58
12 40 3 17 47 2
12 25 59 34 40 56
12 23 46 14 46 60
12 53 29 58 42 15
12 40 60 2 45 6
12 40 33 16 58 53
12 59 52 53 28 5
12 5 55 51 12 14
12 44 42 38 51 7
12 0 29 35 18 54
12 8 34 1 13 6
12 37 1 0 60 58
12 56 42 16 22 62
12 55 63 54 54 0
12 60 21 45 30 46
12 4 12 63 33 56
12 50 2 3 43 39
12 36 24 42 20 11
12 43 14 14 44 13
12 30 55 55 51 52
12 1 26 21 10 14
12 3 12 14 51 59
12 22 2 49 21 25
12 19 25 13 1 9
12 51 47 11 23 3
12 2 35 5 51 32
12 39 59 13 55 31
12 22 7 30 52 44
12 17 50 18 40 52
12 10 32 28 19 14
12 8 18 38 37 4
12 17 16 1 22 45
12 0 20 63 38 60
12 32 52 17 32 55
13 25 22 31 48 42
13 24 29 54 4 5
13 51 47 18 40 59
13 41 29 17 39 51
13 32 60 32 29 45
13 6 43 26 52 11
13 12 5 36 22 29
13 6 48 16 30 63
13 20 36 17 50 46
13 13 54 49 61 32
13 34 13 3 47 49
13 36 54 63 24 7
13 15 14 47 49 61
13 21 22 7 36 13
13 27 56 28 58 15
13 17 4 31 45 42
13 56 32 9 32 21
13 18 52 55 47 34
13 3 6 56 0 49
13 45 15 38 44 49
13 46 42 47 23 36
13 36 49 3 52 13
13 36 9 63 52 29
13 27 50 56 58 31
13 46 38 9 3 0
13 14 3 18 14 33
13 38 52 41 2 5
13 13 29 10 43 63
13 17 45 15 43 11
13 12 15 23 39 50
13 22 12 0 49 8
13 48 2 6 30 37
13 55 26 27 6 9
13 8 7 49 5 60
13 5 31 23 7 6
13 33 33 10 49 46
13 13 6 13 30 20
13 31 44 11 59 50
13 30 11 11 41 48
13 35 35 56 37 33
13 36 48 55 45 31
13 61 11 47 13 25
13 25 59 51 43 52
13 7 63 50 1 22
13 41 40 11 57 39
13 0 19 15 8 44
13 60 44 8 11 28
13 18 54 1 30 23
13 20 5 54 54 57
13 29 51 41 20 13
13 35 3 1 39 33
13 20 15 58 11 1
13 48 42 22 5 0
13 45 18 37 28 16
13 20 47 56 3 9
13 22 33 21 51 56
13 24 63 47 2 53
13 13 55 1 43 4
13 25 18 8 10 13
13 61 12 50 4 32
13 23 53 16 17 22
13 57 36 61 31 3
13 28 49 13 24 3
13 32 7 32 61 63
14 57 15 50 60 14
14 59 33 7 31 59
14 16 18 36 44 16
14 23 39 58 47 46
14 20 21 51 21 0
14 53 13 16 54 17
14 38 40 17 41 30
14 52 57 60 30 12
14 37 15 43 26 11
14 3 32 59 35 3
14 51 1 52 23 14
14 27 18 34 29 41
14 54 62 16 10 51
14 25 5 62 33 54
14 20 22 34 0 10
14 46 25 31 51 61
14 18 16 35 36 19
14 38 40 61 16 2
14 9 14 34 13 19
14 26 14 6 60 1
14 16 40 20 17 25
14 14 57 0 48 21
14 31 63 48 61 1
14 3 15 3 61 32
14 19 51 30 24 24
14 62 60 41 51 39
14 2 43 56 29 49
14 20 34 47 61 49
14 35 12 47 50 26
14 42 26 47 4 42
14 45 60 57 17 12
14 6 54 53 41 2
14 44 55 15 53 50
14 60 18 37 5 5
14 44 53 21 40 19
14 25 6 25 35 21
14 39 39 36 45 41
14 25 30 22 57 43
14 17 63 46 59 17
14 29 51 28 30 19
14 61 14 7 24 50
14 45 30 49 20 60
14 23 44 18 1 28
14 47 15 23 22 58
14 12 21 50 4 16
14 61 53 41 59 53
14 53 16 29 1 10
14 42 54 3 22 53
14 50 31 3 34 52
14 61 17 33 19 19
14 52 54 49 37 55
14 19 31 33 45 1
14 1 22 48 14 55
14 43 45 12 49 10
14 19 48 60 18 49
14 26 61 51 14 27
14 46 55 49 32 33
14 40 28 2 5 61
14 40 28 53 49 13
14 41 33 10 63 4
14 38 50 7 23 63
14 0 16 41 15 0
14 5 38 28 55 47
14 2 15 59 47 43
15 21 17 3 30 46
15 9 18 42 43 49
15 39 41 59 7 44
15 33 43 62 10 54
15 4 8 42 16 47
15 1 17 35 12 25
15 16 8 63 1 53
15 1 9 38 33 40
15 13 3 55 31 38
15 40 14 39 46 6
15 26 12 3 13 16
15 51 48 27 10 58
15 18 3 34 28 58
15 60 54 19 2 7
15 60 50 26 50 2
15 11 25 20 18 44
15 42 62 23 58 37
15 32 56 23 27 29
15 61 31 25 9 44
15 9 54 52 29 32
15 25 43 55 37 58
15 24 19 37 5 47
15 59 30 1 18 23
15 59 56 59 39 44
15 32 5 11 21 1
15 46 4 59 4 63
15 44 48 46 62 53
15 47 27 56 9 49
15 12 9 37 19 5
15 28 38 8 44 23
15 16 44 42 60 35
15 43 58 12 28 55
15 39 33 44 37 7
15 2 13 23 57 50
15 48 12 10 56 18
15 33 48 20 51 52
15 46 50 55 55 37
15 20 6 54 42 57
15 7 27 33 37 18
15 59 36 38 19 48
15 60 23 27 48 58
15 32 1 62 48 6
15 56 59 62 22 56
15 58 12 35 53 41
15 17 1 20 29 51
15 15 37 16 46 12
15 5 41 40 53 36
15 42 21 56 61 13
15 1 43 29 51 20
15 27 51 37 22 63
15 32 48 2 51 13
15 14 63 28 2 59
15 53 16 51 43 31
15 54 43 2 45 62
15 15 61 19 52 53
15 19 42 21 25 7
15 45 36 57 17 5
15 62 56 22 62 12
15 37 1 35 0 47
15 5 36 25 43 15
15 24 2 49 14 53
15 47 41 38 7 17
15 63 20 34 25 46
15 45 14 45 44 41
16 61 14 10 14 32
16 63 30 25 35 26
16 60 44 41 55 3
16 19 29 27 13 18
16 63 11 24 51 33
16 44 15 52 49 38
16 18 60 55 24 46
16 6 20 5 25 29
16 26 35 57 8 27
16 42 14 31 12 58
16 24 50 0 26 16
16 47 23 26 60 29
16 27 46 9 39 38
16 5 12 57 21 50
16 5 28 22 58 45
16 1 62 43 9 9
16 54 15 21 41 35
16 40 1 6 51 62
16 63 55 63 22 38
16 16 58 61 6 62
16 14 46 51 30 18
16 51 43 58 19 52
16 12 52 42 54 59
16 14 58 54 39 7
16 3 27 1 54 5
16 18 13 28 49 14
16 14 57 30 27 9
16 60 63 45 14 7
16 27 1 0 56 27
16 58 39 60 57 46
16 20 45 21 3 34
16 8 18 27 31 52
16 5 9 47 14 19
16 37 33 43 27 60
16 22 26 24 62 57
16 63 50 49 51 13
16 44 52 19 62 21
16 33 21 5 43 57
16 50 27 52 28 19
16 26 28 48 33 63
16 31 26 13 34 26
16 8 30 40 40 36
16 28 19 24 33 45
16 35 30 26 44 14
16 36 9 60 39 61
16 49 47 42 25 17
16 57 27 18 40 19
16 8 3 48 31 41
16 28 55 37 63 31
16 16 13 27 39 37
16 26 6 40 63 26
16 28 60 44 9 28
16 43 47 40 44 33
16 62 13 47 3 44
16 28 40 2 19 8
16 43 53 24 4 52
16 59 16 35 41 3
16 60 3 28 2 2
16 44 30 33 43 40
16 25 14 44 49 52
16 42 39 44 46 25
16 51 28 62 35 35
16 40 49 11 23 14
16 11 9 6 37 54
17 23 48 18 53 13
17 63 27 46 37 15
17 60 41 40 37 43
17 32 26 60 58 24
17 36 51 2 18 44
17 17 15 19 53 44
17 14 41 62 61 37
17 27 27 43 50 46
17 56 31 3 53 36
17 37 12 43 29 53
17 23 60 24 57 42
17 9 15 40 13 44
17 29 27 47 11 10
17 52 15 37 8 25
17 48 4 19 18 36
17 43 36 41 21 0
17 53 35 44 49 15
17 60 20 48 9 56
17 13 22 11 27 5
17 49 44 43 8 15
17 18 10 8 41 25
17 50 28 1 59 36
17 34 18 59 9 48
17 44 44 5 46 47
17 27 53 13 50 45
17 55 49 47 14 50
17 18 11 7 19 42
17 58 6 26 18 13
17 16 38 62 16 22
17 24 46 5 32 13
17 5 2 34 58 30
17 40 58 19 48 35
17 48 58 53 17 18
17 45 42 13 52 56
17 9 17 6 10 56
17 3 16 44 59 61
17 47 43 34 16 11
17 10 15 56 62 14
17 53 23 9 25 7
17 27 51 8 61 10
17 35 44 33 40 36
17 12 57 12 15 31
17 5 62 44 0 36
17 31 41 57 1 61
17 37 8 19 0 15
17 55 32 35 54 62
17 52 5 33 38 26
17 54 20 26 28 19
17 7 51 8 4 26
17 23 6 33 24 36
17 61 17 4 10 11
17 41 4 58 5 25
17 8 11 5 45 24
17 27 10 58 25 43
17 32 63 42 58 25
17 25 35 43 24 22
17 59 62 46 18 54
17 16 49 19 32 63
17 23 18 32 16 57
17 2 53 48 57 50
17 22 30 19 54 19
17 32 27 25 63 28
17 5 0 52 25 33
17 52 11 40 27 53
18 44 58 31 63 51
18 35 52 48 50 50
18 19 7 22 53 46
18 18 57 24 17 24
18 33 60 45 24 29
18 50 41 22 34 11
18 27 44 48 44 49
18 31 51 1 50 38
18 21 58 59 51 52
18 62 62 56 39 8
18 17 56 13 48 43
18 45 11 22 50 37
18 4 17 8 31 62
18 46 3 39 38 47
18 60 25 32 19 2
18 22 30 29 22 10
18 33 4 29 9 4
18 37 6 3 8 12
18 34 44 45 17 25
18 17 57 31 29 51
18 7 13 36 56 8
18 54 2 0 34 14
18 12 59 11 19 44
18 7 27 61 12 23
18 63 30 59 61 15
18 53 32 45 44 35
18 44 58 62 46 3
18 11 42 29 40 59
18 44 37 40 51 35
18 14 8 34 27 22
18 5 31 33 56 9
18 11 18 32 19 27
18 63 1 17 28 31
18 17 62 34 40 53
18 5 37 57 33 63
18 39 56 33 57 21
18 32 48 55 44 37
18 59 1 31 32 32
18 38 49 58 17 46
18 17 1 40 28 6
18 4 26 0 58 19
18 19 0 56 12 16
18 9 16 58 16 14
18 62 30 48 13 0
18 63 45 6 56 43
18 34 39 14 3 5
18 1 16 12 45 59
18 2 18 55 17 45
18 47 1 62 1 7
18 14 61 4 46 30
18 60 30 19 12 38
18 50 49 7 36 43
18 22 48 59 47 36
18 39 55 15 23 34
18 0 37 52 16 40
18 9 39 62 50 52
18 10 48 58 27 42
18 18 53 16 31 3
18 3 63 63 36 51
18 22 20 44 13 41
18 37 18 63 44 14
18 31 62 61 36 12
18 14 40 45 37 47
18 4 35 37 44 9
19 36 34 12 14 29
19 29 7 29 44 1
19 31 14 57 20 44
19 47 9 47 48 58
19 27 37 41 58 9
19 36 37 14 17 8
19 10 16 9 63 60
19 20 59 55 63 9
19 36 37 49 4 42
19 46 30 47 57 0
19 37 28 32 32 23
19 13 36 4 11 35
19 28 35 24 4 30
19 42 23 56 53 55
19 54 46 52 45 9
19 20 18 38 38 0
19 59 45 48 46 62
19 38 18 35 26 0
19 13 45 58 36 12
19 29 49 8 45 59
19 14 41 33 15 63
19 36 37 10 8 17
19 57 52 29 63 24
19 41 32 36 39 34
19 19 36 38 47 18
19 61 35 53 48 38
19 21 6 24 13 37
19 49 39 53 13 46
19 25 3 37 5 21
19 17 0 30 3 11
19 32 27 7 53 10
19 34 11 12 54 32
19 50 30 19 52 0
19 21 60 17 10 38
19 48 30 9 1 35
19 55 47 20 37 2
19 22 15 51 15 43
19 6 37 53 53 47
19 29 28 4 17 41
19 13 47 11 62 0
19 17 34 63 16 15
19 20 47 62 0 54
19 3 57 52 5 28
19 56 16 8 63 57
19 61 37 52 19 54
19 18 49 2 38 15
19 57 3 2 6 58
19 26 21 21 29 29
19 54 31 53 52 22
19 62 8 19 35 3
19 61 56 61 54 44
19 20 5 51 30 42
19 35 27 37 49 28
19 38 2 4 21 53
19 6 51 33 30 63
19 6 4 9 23 17
19 59 18 14 31 9
19 57 26 0 31 31
19 1 21 28 17 24
19 9 34 29 11 10
19 27 16 30 21 61
19 61 47 61 23 46
19 11 38 59 31 24
19 39 55 45 40 51
20 62 38 32 1 10
20 60 39 62 0 48
20 53 25 30 59 35
20 59 57 52 14 5
20 37 38 14 50 5
20 62 48 39 47 5
20 35 20 57 15 55
20 35 5 27 16 16
20 37 48 9 42 38
20 20 16 11 15 12
20 26 27 7 19 33
20 12 26 13 36 62
20 29 7 25 8 50
20 41 9 18 4 43
20 27 52 0 27 45
20 55 39 51 46 38
20 25 16 51 8 49
20 7 33 6 38 48
20 4 42 33 51 9
20 0 11 37 6 46
20 2 36 60 53 38
20 12 52 63 38 0
20 29 54 19 23 54
20 36 57 44 59 58
20 55 38 45 39 34
20 3 58 8 4 22
20 18 56 5 38 35
20 2 41 25 14 36
20 18 48 60 63 46
20 5 60 11 52 27
20 28 25 45 62 20
20 43 55 39 45 41
20 22 58 44 62 19
20 3 40 33 48 35
20 26 62 49 27 15
20 45 2 14 31 39
20 40 36 8 42 25
20 55 20 6 16 40
20 45 30 24 37 13
20 10 57 30 37 24
20 23 3 21 46 32
20 26 8 0 44 58
20 41 29 49 20 22
20 26 58 3 60 1
20 4 13 15 27 5
20 35 11 37 13 20
20 19 51 49 15 21
20 48 8 44 8 12
20 53 30 50 38 39
20 15 32 42 19 50
20 14 22 50 37 22
20 14 2 28 32 51
20 17 63 39 28 26
20 33 4 37 33 0
20 47 27 28 12 33
20 42 44 24 23 15
20 4 4 20 3 20
20 44 35 61 35 42
20 42 19 42 35 56
20 7 13 47 41 19
20 40 23 5 15 21
20 24 24 12 8 0
20 43 44 51 3 8
20 31 18 35 5 36
21 26 28 53 62 36
21 47 45 10 58 43
21 55 63 50 24 55
21 34 52 21 44 7
21 56 61 50 14 19
21 17 7 34 31 47
21 56 40 14 43 48
21 7 14 26 43 61
21 25 63 55 17 58
21 25 27 13 19 20
21 36 24 29 49 45
21 58 36 57 14 63
21 40 41 54 5 10
21 32 7 29 37 21
21 15 11 34 21 23
21 14 6 43 18 61
21 56 20 32 44 59
21 20 46 14 12 28
21 22 35 43 4 23
21 55 43 0 2 11
21 8 15 33 41 29
21 12 15 42 23 22
21 62 55 52 57 58
21 53 50 59 26 21
21 26 46 23 63 50
21 24 8 13 33 44
21 63 40 7 31 31
21 39 44 62 13 29
21 49 8 8 16 29
21 9 2 16 26 30
21 21 20 54 15 37
21 10 4 51 36 17
21 31 21 20 40 33
21 38 30 41 43 32
21 16 37 34 54 29
21 43 10 3 0 54
21 12 38 56 19 51
21 60 31 41 45 38
21 22 54 50 48 0
21 17 0 36 0 62
21 53 10 16 43 15
21 33 44 33 57 48
21 2 54 1 43 10
21 9 32 28 40 54
21 44 15 34 50 54
21 13 41 52 15 11
21 46 5 25 4 56
21 44 18 50 20 62
21 60 48 9 55 21
21 63 49 2 5 54
21 54 63 0 59 51
21 19 13 15 37 57
21 8 31 26 61 61
21 6 50 43 8 32
21 31 36 34 1 12
21 59 24 27 34 19
21 10 34 26 19 19
21 13 9 33 43 3
21 18 20 57 1 29
21 18 27 4 44 55
21 29 61 3 32 52
21 35 61 26 23 5
21 44 19 37 36 62
21 61 51 31 10 49
22 55 56 49 43 12
22 21 32 34 58 56
22 3 43 5 55 1
22 16 46 8 17 26
22 7 46 15 9 2
22 52 29 1 37 23
22 55 58 49 22 58
22 58 0 4 31 15
22 54 12 16 45 31
22 3 24 31 14 57
22 51 36 33 27 26
22 45 21 38 25 25
22 9 29 32 61 60
22 40 32 48 13 34
22 45 39 57 11 62
22 5 32 51 53 36
22 58 30 30 44 25
22 63 20 11 40 40
22 41 55 42 24 61
22 14 24 41 33 34
22 2 25 63 60 28
22 54 42 38 54 49
22 40 19 7 57 25
22 60 32 51 21 19
22 37 26 24 3 31
22 19 24 48 12 39
22 34 14 36 26 22
22 42 47 60 38 9
22 10 45 59 52 9
22 37 37 32 20 27
22 8 61 45 26 62
22 54 60 22 16 12
22 4 16 37 45 31
22 50 16 63 47 2
22 8 20 26 29 35
22 17 63 0 43 58
22 29 18 11 35 15
22 6 33 43 26 35
22 26 54 58 20 39
22 48 7 21 46 10
22 43 5 7 50 37
22 1 16 17 44 9
22 34 17 50 41 59
22 29 48 41 58 52
22 50 53 13 51 6
22 41 21 14 39 31
22 56 8 35 48 44
22 51 0 34 6 22
22 16 27 37 48 52
22 5 0 27 35 20
22 16 59 28 5 23
22 49 63 23 56 40
22 2 25 34 32 57
22 57 3 4 26 30
22 25 59 8 11 58
22 17 61 11 24 22
22 32 32 36 32 37
22 19 55 1 9 5
22 14 9 9 30 13
22 30 1 61 5 56
22 29 44 53 23 59
22 2 19 32 54 44
22 59 63 6 36 7
22 32 54 59 43 60
23 31 35 37 14 8
23 25 20 4 41 62
23 41 60 55 51 27
23 52 57 39 60 61
23 42 44 45 51 37
23 13 27 6 46 2
23 25 55 13 27 62
23 6 43 41 10 2
23 10 16 17 56 49
23 6 30 20 43 47
23 31 4 10 53 16
23 57 61 42 30 22
23 21 17 36 62 6
23 32 21 30 54 5
23 36 43 36 53 58
23 60 4 15 28 27
23 42 6 3 1 21
23 15 63 60 3 58
23 60 20 2 59 5
23 4 33 6 11 28
23 21 30 61 35 39
23 59 11 5 5 53
23 35 11 54 62 37
23 24 5 43 44 16
23 49 11 33 24 34
23 36 31 39 5 52
23 62 47 38 63 41
23 6 6 15 32 33
23 22 20 52 44 20
23 54 28 40 56 26
23 29 4 28 11 54
23 18 21 56 18 13
23 31 12 54 59 0
23 35 51 46 36 49
23 8 6 57 26 5
23 44 51 61 29 53
23 4 2 1 6 32
23 62 11 51 5 18
23 19 17 36 0 47
23 36 17 35 9 42
23 25 50 40 27 42
23 52 48 52 16 12
23 50 47 14 3 12
23 11 39 10 5 7
23 38 30 39 31 50
23 47 12 29 53 48
23 32 45 14 52 16
23 23 50 49 29 40
23 6 46 23 12 35
23 44 30 39 53 42
23 30 19 57 54 29
23 34 13 22 46 58
23 8 53 33 19 13
23 1 46 41 49 63
23 35 19 6 54 14
23 43 46 56 31 4
23 30 10 5 8 16
23 7 49 4 1 15
23 53 61 36 25 37
23 13 5 33 40 45
23 25 19 52 30 32
23 33 43 61 3 19
23 49 14 40 29 22
23 55 35 56 2 54
24 18 19 29 13 13
24 16 7 10 52 46
24 39 15 61 34 24
24 63 46 9 32 39
24 10 35 11 21 36
24 17 14 31 57 57
24 6 38 55 59 6
24 15 5 11 31 60
24 17 32 4 41 46
24 48 38 36 21 31
24 46 43 63 56 33
24 49 4 43 7 49
24 27 26 37 4 27
24 47 38 46 45 11
24 59 63 59 51 23
24 18 56 52 53 2
24 21 23 19 21 32
24 25 61 37 43 43
24 32 4 23 10 8
24 46 15 39 43 51
24 14 53 41 15 49
24 45 24 32 22 45
24 48 53 2 51 46
24 0 43 7 45 39
24 48 33 30 4 42
24 37 37 36 12 13
24 14 49 6 19 17
24 59 41 47 50 0
24 1 33 2 30 48
24 43 33 12 61 34
24 57 13 24 18 61
24 30 22 40 1 23
24 62 16 22 25 59
24 31 59 52 23 3
24 53 9 59 35 28
24 57 35 40 14 42
24 17 8 36 21 22
24 57 28 62 14 30
24 45 1 19 40 14
24 50 33 44 62 62
24 33 8 47 40 12
24 22 43 11 11 19
24 33 47 20 13 31
24 39 5 25 27 55
24 30 1 19 36 28
24 20 14 45 19 22
24 58 51 5 40 5
24 34 4 61 48 6
24 31 25 22 22 50
24 1 47 35 39 39
24 50 43 13 4 28
24 42 0 53 15 47
24 60 6 1 39 20
24 27 31 28 30 32
24 63 34 21 59 3
24 44 43 9 45 49
24 23 15 21 41 0
24 40 52 4 42 28
24 43 51 29 61 43
24 61 10 62 3 5
24 39 40 20 37 12
24 26 25 50 37 33
24 58 59 50 39 61
24 55 4 9 22 7
25 4 47 30 48 27
25 44 28 58 51 47
25 52 11 9 61 2
25 52 25 19 6 32
25 6 22 36 55 32
25 26 8 44 2 37
25 54 50 6 58 0
25 43 29 5 43 14
25 49 49 30 8 33
25 56 27 37 56 12
25 12 55 49 4 14
25 8 63 51 59 10
25 60 20 52 63 3
25 21 26 15 54 49
25 6 26 4 37 16
25 4 37 54 13 3
25 28 39 58 32 59
25 40 30 14 2 32
25 55 62 26 46 52
25 6 56 36 26 43
25 51 50 33 38 49
25 36 28 19 44 56
25 12 11 8 11 46
25 47 37 28 35 40
25 45 62 17 44 18
25 17 45 63 45 6
25 35 27 46 0 44
25 2 14 16 59 39
25 45 4 47 58 30
25 56 38 41 7 15
25 61 49 23 48 28
25 8 0 62 0 36
25 27 13 8 15 39
25 16 50 14 63 17
25 35 11 54 56 33
25 58 47 57 59 57
25 20 29 28 0 47
25 61 53 11 43 20
25 31 22 47 5 43
25 50 43 49 12 18
25 54 44 17 20 42
25 48 46 6 19 16
25 50 7 7 58 3
25 34 62 29 33 40
25 36 25 63 18 42
25 0 10 33 2 40
25 4 11 38 26 49
25 0 41 37 8 59
25 34 37 53 25 27
25 58 11 27 41 15
25 19 19 14 46 18
25 3 7 59 46 62
25 44 27 39 25 46
25 18 38 11 51 49
25 13 19 36 7 14
25 56 37 62 29 45
25 16 51 55 28 1
25 5 50 62 57 37
25 59 8 15 34 18
25 4 49 53 13 17
25 28 39 51 30 58
25 44 1 5 59 7
25 37 11 44 40 49
25 5 18 18 62 34
26 62 58 55 42 5
26 1 7 37 38 7
26 15 43 55 26 10
26 35 55 56 24 44
26 27 2 15 53 45
26 7 41 32 22 57
26 30 52 50 45 34
26 23 20 4 8 1
26 58 14 2 32 55
26 29 2 61 52 21
26 7 59 49 8 42
26 10 32 47 57 18
26 24 7 43 24 40
26 2 61 26 19 32
26 63 51 17 53 6
26 22 16 13 31 14
26 48 18 46 23 27
26 57 16 32 27 19
26 41 31 10 12 39
26 23 5 4 7 53
26 50 7 35 0 20
26 12 43 24 50 32
26 23 47 27 54 0
26 5 47 9 48 51
26 59 41 21 33 48
26 5 50 3 1 13
26 24 44 29 37 1
26 7 25 28 1 25
26 10 40 21 22 0
26 58 31 32 34 48
26 56 36 55 20 43
26 8 45 61 15 60
26 39 18 24 4 30
26 1 18 30 56 44
26 13 56 25 25 39
26 29 61 19 5 35
26 35 12 38 42 50
26 28 19 19 40 11
26 51 15 39 51 63
26 34 62 13 28 37
26 39 37 57 36 30
26 30 11 31 52 45
26 10 49 60 2 56
26 24 42 26 15 14
26 52 50 44 22 54
26 9 39 45 54 56
26 45 9 10 46 50
26 63 53 17 28 11
26 30 11 41 52 10
26 52 60 57 40 56
26 18 45 9 33 26
26 20 32 32 54 21
26 32 16 2 1 59
26 55 61 46 2 62
26 28 18 46 20 8
26 24 44 45 34 1
26 23 28 54 46 62
26 23 51 42 22 31
26 7 10 6 4 41
26 13 2 24 18 17
26 18 38 49 15 10
26 29 23 29 56 54
26 13 57 39 55 23
26 23 8 40 37 13
27 27 6 62 37 44
27 42 29 33 53 13
27 24 61 34 36 23
27 37 58 5 30 52
27 34 20 34 59 53
27 0 34 45 23 40
27 50 43 35 11 11
27 32 62 31 20 63
27 21 4 21 21 13
27 4 31 27 24 57
27 12 17 45 1 4
27 2 27 37 2 22
27 47 1 15 22 58
27 3 50 37 48 32
27 45 7 61 0 43
27 46 41 49 12 59
27 35 21 37 53 20
27 52 19 35 26 0
27 18 15 24 26 26
27 32 20 11 21 18
27 9 24 60 63 20
27 35 37 58 38 46
27 51 33 29 41 2
27 63 26 52 38 22
27 62 9 15 47 34
27 59 55 17 28 41
27 28 45 35 10 30
27 40 0 4 31 33
27 13 48 3 13 38
27 30 40 60 36 49
27 49 63 0 36 38
27 34 37 34 63 7
27 25 38 8 61 47
27 25 40 20 9 26
27 3 1 22 20 54
27 30 34 62 15 11
27 29 48 14 55 1
27 22 49 59 30 26
27 45 55 28 14 31
27 14 46 49 12 56
27 19 60 54 58 21
27 60 35 25 7 56
27 41 37 44 24 47
27 61 62 60 2 28
27 2 23 14 52 31
27 58 62 42 10 59
27 24 47 2 34 10
27 22 6 17 63 18
27 31 39 49 49 8
27 49 56 4 60 57
27 18 40 2 26 40
27 56 40 31 11 49
27 25 20 26 17 31
27 31 56 17 1 0
27 28 51 56 32 55
27 13 27 27 55 40
27 57 25 20 30 61
27 42 42 3 11 26
27 35 45 13 8 57
27 63 37 40 19 37
27 17 8 62 56 18
27 17 53 42 28 9
27 63 7 2 5 59
27 9 60 51 52 1
28 40 0 62 22 21
28 37 45 5 20 47
28 0 17 62 41 34
28 37 10 22 1 23
28 1 36 29 23 8
28 16 14 17 10 20
28 42 42 50 35 40
28 2 54 16 61 24
28 15 44 30 23 48
28 16 58 37 57 60
28 30 37 15 52 54
28 54 60 47 18 27
28 52 51 40 20 22
28 34 5 50 35 28
28 10 42 24 46 48
28 36 17 54 24 2
28 34 29 28 61 60
28 37 2 17 30 27
28 2 26 31 29 58
28 43 10 24 51 36
28 27 35 31 10 63
28 47 29 31 37 41
28 39 53 5 52 14
28 56 59 30 61 18
28 27 50 25 54 29
28 33 2 31 54 45
28 27 54 28 26 49
28 47 21 12 15 47
28 41 50 19 43 30
28 62 9 20 16 34
28 59 38 54 9 25
28 13 7 36 27 43
28 47 34 60 56 29
28 27 63 7 12 37
28 36 28 30 52 17
28 13 10 25 2 22
28 14 13 11 17 60
28 40 36 17 61 44
28 37 9 10 9 25
28 34 50 29 15 14
28 3 47 46 31 23
28 1 2 49 48 59
28 32 30 18 9 10
28 46 3 17 13 28
28 61 43 21 31 9
28 8 59 1 33 38
28 33 52 39 1 37
28 55 11 1 39 2
28 29 34 16 62 20
28 13 62 46 38 45
28 3 12 12 39 7
28 12 16 33 42 60
28 19 52 16 24 37
28 57 5 25 7 49
28 38 4 19 24 62
28 39 15 30 37 60
28 38 20 7 57 28
28 45 4 54 34 62
28 23 24 57 42 61
28 31 18 45 54 27
28 16 16 1 44 19
28 25 49 45 63 23
28 3 40 19 23 19
28 31 34 28 60 17
29 60 6 28 48 48
29 61 24 49 41 0
29 49 38 44 3 63
29 43 13 2 20 25
29 58 22 49 23 63
29 1 19 43 0 11
29 25 6 55 10 62
29 57 19 22 49 14
29 34 32 33 52 46
29 12 41 58 48 40
29 38 5 49 19 42
29 39 0 1 48 33
29 8 30 35 60 43
29 16 54 18 58 23
29 53 5 47 4 36
29 18 55 1 7 30
29 55 46 18 10 21
29 9 62 56 26 4
29 23 25 38 6 17
29 3 13 33 5 30
29 36 62 60 48 34
29 13 40 31 0 8
29 48 51 8 61 51
29 7 28 39 44 8
29 43 45 20 13 27
29 7 58 12 57 52
29 48 42 9 5 56
29 45 20 10 4 28
29 24 24 29 17 7
29 19 24 6 41 22
29 50 57 20 61 17
29 3 15 51 22 8
29 58 57 57 49 19
29 54 58 55 7 30
29 55 45 23 26 55
29 53 2 42 16 0
29 9 0 26 23 61
29 42 22 11 35 22
29 39 43 48 59 41
29 14 12 16 25 51
29 57 34 36 27 1
29 55 45 49 1 9
29 53 26 22 33 20
29 19 1 61 52 4
29 40 1 49 24 29
29 51 55 30 6 60
29 57 47 58 21 54
29 57 2 14 32 35
29 62 40 58 0 40
29 54 35 14 30 6
29 62 25 24 11 31
29 26 2 61 50 61
29 57 46 38 63 31
29 43 22 49 51 6
29 54 32 18 4 59
29 9 48 16 3 56
29 49 59 18 2 4
29 59 34 22 4 12
29 56 31 26 40 48
29 10 48 27 19 59
29 44 33 48 63 60
29 24 56 25 12 46
29 4 58 57 0 32
29 32 48 7 57 62
30 46 48 50 57 35
30 48 28 0 36 3
30 41 29 44 54 40
30 13 21 8 58 50
30 47 62 3 63 29
30 34 7 51 42 11
30 57 16 29 14 30
30 7 31 46 25 16
30 9 12 52 43 32
30 12 2 13 32 32
30 12 56 51 33 55
30 30 23 48 4 29
30 29 24 61 28 56
30 1 50 25 11 18
30 15 31 18 40 4
30 29 33 39 19 45
30 4 28 34 38 5
30 8 58 15 8 12
30 9 42 34 47 34
30 24 32 52 60 28
30 58 31 25 9 13
30 52 39 59 9 42
30 40 55 44 29 14
30 29 23 17 49 10
30 39 62 27 10 47
30 4 42 7 43 13
30 7 15 59 58 8
30 32 57 59 26 57
30 63 5 8 49 16
30 39 38 46 1 9
30 20 1 38 0 38
30 16 0 52 3 57
30 48 36 36 33 40
30 24 12 41 60 39
30 51 61 22 52 59
30 9 49 6 22 11
30 2 26 47 2 13
30 50 53 18 28 51
30 17 6 38 60 44
30 49 11 28 58 34
30 17 58 9 63 23
30 57 32 48 57 53
30 18 60 9 15 63
30 41 44 56 59 11
30 54 55 46 22 17
30 32 43 57 25 56
30 22 58 7 11 41
30 62 13 6 3 48
30 46 47 19 39 32
30 36 35 4 54 11
30 2 28 48 43 41
30 24 23 18 52 2
30 47 18 18 26 44
30 42 38 53 42 21
30 26 17 55 37 23
30 60 61 41 32 51
30 6 1 31 50 24
30 34 44 18 54 20
30 57 2 43 13 51
30 46 28 21 51 46
30 44 10 35 12 40
30 26 42 23 41 27
30 42 9 7 39 25
30 50 27 36 54 43
31 18 37 8 52 54
31 12 26 10 49 15
31 17 52 37 26 53
31 23 40 60 36 59
31 44 24 56 12 52
31 52 23 25 9 60
31 48 20 54 38 43
31 25 6 61 36 45
31 62 54 19 9 42
31 18 6 55 57 31
31 40 52 28 12 8
31 25 53 56 52 3
31 13 11 63 61 3
31 35 61 19 35 4
31 39 9 52 55 53
31 29 32 56 60 61
31 8 41 31 50 23
31 2 16 29 32 23
31 51 36 39 51 33
31 15 5 41 22 54
31 39 11 61 51 25
31 19 3 26 51 61
31 39 53 42 62 18
31 12 33 20 30 3
31 20 31 4 21 30
31 57 8 18 35 20
31 24 0 46 21 53
31 43 33 20 63 34
31 28 20 25 61 63
31 56 37 49 52 42
31 9 22 44 44 1
31 4 43 8 31 39
31 8 37 28 14 16
31 58 39 23 54 12
31 32 14 13 48 7
31 1 21 48 23 4
31 38 6 27 51 60
31 11 32 7 34 23
31 44 61 41 25 1
31 60 10 30 12 18
31 27 22 59 52 57
31 14 39 58 33 56
31 55 36 6 37 4
31 25 10 52 62 63
31 30 50 30 16 52
31 34 8 29 52 29
31 50 25 41 45 63
31 35 7 63 18 43
31 12 18 45 48 27
31 42 35 56 23 51
31 53 62 51 44 41
31 3 27 61 22 34
31 30 0 59 39 41
31 16 14 39 1 13
31 24 36 45 20 33
31 32 41 2 10 60
31 45 37 8 6 5
31 54 3 30 19 37
31 14 16 3 50 21
31 63 24 17 29 44
31 47 60 16 26 7
31 21 49 7 35 30
31 2 8 26 1 44
31 32 57 35 42 31
32 55 19 27 6 63
32 22 51 59 35 29
32 55 59 46 35 15
32 43 53 48 60 6
32 25 1 41 45 4
32 17 50 26 1 46
32 14 22 55 8 2
32 42 3 6 26 43
32 16 3 49 36 16
32 14 19 43 29 30
32 23 11 62 19 47
32 24 54 45 13 63
32 56 51 31 26 5
32 15 4 50 49 59
32 8 40 0 4 18
32 8 31 59 9 24
32 47 60 48 63 33
32 56 63 1 0 46
32 3 24 13 35 27
32 30 13 40 45 55
32 63 47 36 36 4
32 4 38 20 0 59
32 24 12 54 3 16
32 16 52 2 21 43
32 34 22 3 2 4
32 53 59 40 0 61
32 54 0 60 36 49
32 10 32 43 63 26
32 47 29 45 29 12
32 31 34 39 3 2
32 44 42 15 3 14
32 36 38 32 30 57
32 47 21 44 50 46
32 47 55 45 15 37
32 52 25 7 18 54
32 34 16 28 54 13
32 25 53 62 60 9
32 16 58 5 54 19
32 10 5 59 20 41
32 38 23 53 13 57
32 21 63 32 2 55
32 58 15 24 6 37
32 26 4 17 59 8
32 10 4 62 61 52
32 41 10 42 22 55
32 12 44 30 23 59
32 14 53 60 26 16
32 3 60 32 60 34
32 48 9 44 10 62
32 40 22 58 34 49
32 59 21 36 10 5
32 40 52 24 58 34
32 41 50 6 7 27
32 52 32 25 30 15
32 53 60 32 58 41
32 10 48 46 52 16
32 37 39 59 48 26
32 0 13 10 28 18
32 63 7 24 54 54
32 43 15 17 24 29
32 6 29 13 3 61
32 52 57 31 20 60
32 52 14 31 2 43
32 9 21 1 53 2
33 12 30 51 54 20
33 19 9 46 3 11
33 49 18 36 56 10
33 16 5 25 19 48
33 5 12 17 35 26
33 30 62 7 17 17
33 19 56 4 32 48
33 49 43 52 62 33
33 61 21 34 17 36
33 20 56 49 22 60
33 52 36 26 45 21
33 56 15 23 18 56
33 21 30 20 60 60
33 63 21 16 7 17
33 34 46 53 23 54
33 50 24 62 42 38
33 35 33 13 1 28
33 52 55 61 45 51
33 50 7 55 23 23
33 39 10 19 42 30
33 17 34 22 53 14
33 37 55 29 0 23
33 36 46 34 42 35
33 12 5 58 47 43
33 22 30 23 55 39
33 0 23 36 55 51
33 60 11 2 53 19
33 42 59 56 52 0
33 56 44 27 54 62
33 60 52 8 3 60
33 18 5 25 29 40
33 11 62 0 6 25
33 53 26 27 34 1
33 26 11 48 39 62
33 2 34 12 28 51
33 30 32 45 62 33
33 5 8 32 20 41
33 35 28 15 0 28
33 7 27 35 53 49
33 10 46 25 52 48
33 52 47 59 31 25
33 7 34 59 52 38
33 19 51 61 56 11
33 7 30 32 36 11
33 24 12 6 40 6
33 63 45 13 11 41
33 49 55 47 42 44
33 60 19 59 34 42
33 15 42 0 25 52
33 5 31 62 0 10
33 35 48 38 27 9
33 0 33 22 27 12
33 51 47 56 15 48
33 30 27 7 38 14
33 2 44 63 25 61
33 60 8 16 56 20
33 47 4 50 36 42
33 11 35 33 26 14
33 29 6 16 48 8
33 20 46 50 13 44
33 22 30 28 9 43
33 49 29 28 10 59
33 29 19 25 16 62
33 48 62 30 17 63
34 12 42 8 35 55
34 2 45 50 2 32
34 23 44 62 40 59
34 57 50 27 53 1
34 38 19 49 29 26
34 41 54 20 41 24
34 37 21 53 19 25
34 2 20 15 20 61
34 1 0 38 27 39
34 5 40 27 35 40
34 6 24 5 30 35
34 38 41 47 38 53
34 41 8 25 60 36
34 6 14 21 30 39
34 33 5 14 42 46
34 19 29 22 46 48
34 18 26 37 16 41
34 62 2 46 40 27
34 51 30 12 56 32
34 19 53 4 34 25
34 45 63 23 57 15
34 30 24 2 7 11
34 41 34 16 33 41
34 6 44 18 55 25
34 56 41 60 47 45
34 4 33 37 19 47
34 56 11 31 53 40
34 42 63 0 33 26
34 36 36 6 16 22
34 43 61 8 5 3
34 43 23 53 8 1
34 33 43 21 4 42
34 19 28 14 18 62
34 37 32 43 40 12
34 24 47 43 30 43
34 13 25 15 7 39
34 48 48 60 56 63
34 6 41 18 35 5
34 40 12 57 2 19
34 12 28 63 55 56
34 14 61 34 54 25
34 3 56 33 50 50
34 36 23 58 38 42
34 10 4 18 0 3
34 46 23 37 33 13
34 29 10 54 17 8
34 13 62 30 29 51
34 21 3 50 24 1
34 25 24 41 3 26
34 46 1 22 59 41
34 51 44 56 38 4
34 3 51 3 54 57
34 9 5 41 14 51
34 11 1 55 51 11
34 33 2 29 56 18
34 58 23 34 28 30
34 36 46 14 51 10
34 56 55 37 26 39
34 42 41 58 31 7
34 55 6 44 22 2
34 63 32 18 2 11
34 31 50 20 19 43
34 9 14 50 3 16
34 33 43 34 58 32
35 52 37 18 33 49
35 56 36 54 49 61
35 62 23 54 19 8
35 46 26 37 52 47
35 33 8 42 14 5
35 30 29 63 47 6
35 56 38 50 38 3
35 2 4 43 47 28
35 51 56 12 61 13
35 4 31 44 1 4
35 37 40 63 38 50
35 49 63 32 57 51
35 62 31 20 55 11
35 33 13 43 20 45
35 58 10 43 44 4
35 31 57 1 15 16
35 0 52 50 46 28
35 22 36 40 39 43
35 31 48 40 28 55
35 41 47 19 7 62
35 5 27 30 41 5
35 19 43 34 49 33
35 0 1 32 16 38
35 1 2 52 43 50
35 63 20 60 38 42
35 63 27 12 35 16
35 33 4 46 21 55
35 48 7 48 47 22
35 9 43 28 16 16
35 8 7 32 42 17
35 3 41 8 3 50
35 9 50 0 55 36
35 3 32 15 23 29
35 40 21 57 8 0
35 0 28 57 47 31
35 50 15 28 13 48
35 41 51 15 8 52
35 57 6 36 18 57
35 22 19 63 40 36
35 19 52 52 37 63
35 61 45 4 57 18
35 5 31 36 20 53
35 24 20 40 6 36
35 33 31 26 21 55
35 4 36 47 25 25
35 14 43 56 54 1
35 28 59 14 0 56
35 15 16 52 25 15
35 30 20 13 45 28
35 3 17 62 3 44
35 26 26 20 34 32
35 1 1 22 21 48
35 37 10 10 41 41
35 4 44 22 10 28
35 16 59 58 54 10
35 58 15 49 8 52
35 36 50 8 11 18
35 19 0 53 43 17
35 55 50 61 37 0
35 2 18 58 16 8
35 59 23 16 7 43
35 24 25 23 29 42
35 45 26 54 12 51
35 28 20 6 54 18
36 38 60 7 9 55
36 11 31 31 34 28
36 26 8 18 29 29
36 0 30 19 30 4
36 23 20 33 39 35
36 10 39 15 40 13
36 28 46 32 49 7
36 27 33 45 29 40
36 1 2 58 53 13
36 38 33 54 10 23
36 10 3 53 20 53
36 54 6 33 55 24
36 37 32 63 31 49
36 26 60 26 10 23
36 55 34 0 6 58
36 44 21 43 57 55
36 7 8 20 45 20
36 25 53 1 18 48
36 10 16 27 62 9
36 55 59 8 62 30
36 0 60 63 15 37
36 46 3 34 44 3
36 15 53 57 7 58
36 12 39 27 10 9
36 32 19 24 24 43
36 24 37 12 26 41
36 3 53 49 6 12
36 51 42 50 34 40
36 30 20 59 61 48
36 6 11 3 29 28
36 48 1 3 48 37
36 31 38 23 58 30
36 2 9 49 24 55
36 27 6 38 44 8
36 30 58 35 49 40
36 18 60 8 53 6
36 16 42 41 4 35
36 45 29 1 22 6
36 45 5 14 6 53
36 31 0 6 19 26
36 14 33 25 17 40
36 33 17 38 0 60
36 49 30 10 17 45
36 42 57 1 59 55
36 9 35 55 18 54
36 18 8 50 45 61
36 0 16 54 17 20
36 35 58 8 61 15
36 34 53 39 3 45
36 60 13 46 4 18
36 6 15 55 33 44
36 3 27 61 17 6
36 2 38 5 37 39
36 10 10 3 44 41
36 13 53 14 48 27
36 8 14 21 26 62
36 31 26 5 48 0
36 28 27 14 11 45
36 52 3 43 24 42
36 8 47 5 48 31
36 34 13 25 25 58
36 5 45 36 33 26
36 34 4 8 13 15
36 59 62 47 61 8
37 38 8 11 33 56
37 40 39 3 36 10
37 61 53 5 25 15
37 15 30 50 12 53
37 42 6 42 24 63
37 38 60 37 9 48
37 6 45 57 62 23
37 55 22 12 1 32
37 16 18 55 12 4
37 17 17 22 24 26
37 41 7 18 9 10
37 45 48 48 21 52
37 19 18 36 0 8
37 52 58 60 42 51
37 30 0 46 2 25
37 25 14 11 7 33
37 11 63 53 43 29
37 25 31 17 8 33
37 46 23 30 11 52
37 53 47 36 2 17
37 41 1 51 20 54
37 1 53 37 50 43
37 31 39 54 63 31
37 54 63 30 59 12
37 36 44 31 32 16
37 27 2 37 42 17
37 53 48 43 33 23
37 12 4 46 10 13
37 18 28 22 45 38
37 12 25 43 31 5
37 36 7 43 48 43
37 33 38 38 31 34
37 3 45 42 2 22
37 63 39 45 5 37
37 53 60 33 9 47
37 55 35 14 21 20
37 38 29 14 36 46
37 20 25 32 37 39
37 42 57 39 21 20
37 51 26 15 18 11
37 34 45 61 62 6
37 39 44 60 43 50
37 7 20 10 54 30
37 30 26 63 46 53
37 33 28 8 46 40
37 39 29 19 34 34
37 43 33 57 24 60
37 36 17 9 4 34
37 16 45 22 16 37
37 30 35 18 62 10
37 13 31 2 55 57
37 59 10 47 49 46
37 42 47 17 44 34
37 12 17 26 35 17
37 48 2 13 41 51
37 18 0 36 0 18
37 25 38 55 51 24
37 27 49 24 63 47
37 7 48 5 55 30
37 47 50 56 1 49
37 59 15 32 44 9
37 15 57 33 28 32
37 36 26 8 5 35
37 56 11 36 49 31
38 21 16 60 43 30
38 47 41 54 11 44
38 25 8 7 42 49
38 53 2 63 4 59
38 37 38 44 6 34
38 36 34 47 52 5
38 39 39 59 59 49
38 7 36 22 10 27
38 59 14 53 33 35
38 43 40 3 45 0
38 24 3 2 39 38
38 21 11 12 45 4
38 22 13 63 43 28
38 1 57 38 31 53
38 36 33 12 15 44
38 0 20 38 11 33
38 56 25 35 4 36
38 55 3 59 30 1
38 6 21 9 42 9
38 30 44 33 43 29
38 4 7 5 10 62
38 53 19 53 58 56
38 10 50 61 23 38
38 59 30 12 27 7
38 46 62 43 30 49
38 1 42 56 39 32
38 33 1 3 35 40
38 1 33 47 51 9
38 2 60 11 60 57
38 33 28 45 29 51
38 62 49 34 18 21
38 61 16 7 3 29
38 36 22 3 1 27
38 34 13 18 5 4
38 7 50 8 42 40
38 0 2 49 58 5
38 26 44 30 27 44
38 12 61 45 1 60
38 37 21 12 51 19
38 49 61 51 9 33
38 5 10 42 62 35
38 57 10 16 27 38
38 57 41 31 42 26
38 33 25 3 27 38
38 51 49 26 27 49
38 15 53 22 16 4
38 19 3 40 28 47
38 58 5 39 39 24
38 45 60 38 9 33
38 46 59 2 23 26
38 10 16 61 50 3
38 24 9 13 15 51
38 61 44 2 47 38
38 8 59 20 28 42
38 50 58 3 18 23
38 61 34 50 57 51
38 40 24 46 50 26
38 41 15 25 52 28
38 22 50 6 21 18
38 60 8 40 61 2
38 3 54 37 25 16
38 6 63 17 8 10
38 48 16 4 51 38
38 47 23 9 23 7
39 9 41 13 14 5
39 4 7 17 26 26
39 21 10 11 38 46
39 55 6 63 62 10
39 34 21 2 22 27
39 35 56 28 37 50
39 17 36 57 9 23
39 18 56 44 0 31
39 53 11 41 11 50
39 17 36 30 7 36
39 27 33 45 37 3
39 57 53 6 30 27
39 51 61 2 17 57
39 15 17 29 42 33
39 11 57 41 29 35
39 55 13 20 26 6
39 42 2 33 49 26
39 41 36 49 19 0
39 50 36 57 63 37
39 6 11 43 35 58
39 39 24 23 52 18
39 46 48 63 30 63
39 40 4 61 29 19
39 51 1 31 51 48
39 36 24 54 31 54
39 0 24 39 42 8
39 35 11 26 41 1
39 22 54 6 14 28
39 61 59 17 47 27
39 61 8 23 10 56
39 26 15 5 5 50
39 18 50 22 63 50
39 14 42 21 43 36
39 58 54 1 53 38
39 20 6 19 0 32
39 20 45 48 45 5
39 7 47 49 16 30
39 40 16 38 28 19
39 36 26 44 12 1
39 49 7 9 27 35
39 17 6 44 30 58
39 60 52 25 26 50
39 29 7 17 41 47
39 14 13 40 7 32
39 41 15 1 41 23
39 20 11 42 21 47
39 22 33 26 2 20
39 57 31 10 55 56
39 1 9 23 14 36
39 7 1 12 56 29
39 9 13 41 57 15
39 7 38 19 36 59
39 13 11 50 16 30
39 32 39 27 24 25
39 8 43 61 14 47
39 54 43 37 39 57
39 0 41 54 39 17
39 55 60 53 32 10
39 46 51 37 42 13
39 14 47 36 61 62
39 54 51 59 33 39
39 8 44 3 62 22
39 54 58 57 60 38
39 45 38 58 8 21
40 19 1 29 23 42
40 1 58 29 10 17
40 38 49 48 29 32
40 38 0 27 22 17
40 54 23 30 45 30
40 39 41 16 30 13
40 36 24 38 51 31
40 30 29 63 26 36
40 28 47 60 44 57
40 56 32 39 62 49
40 34 29 48 13 52
40 51 55 12 23 55
40 18 47 18 19 35
40 32 16 5 42 17
40 60 21 19 1 11
40 43 32 4 33 60
40 11 55 36 49 51
40 44 2 42 31 34
40 7 36 33 39 53
40 21 37 35 56 55
40 35 57 53 3 7
40 19 48 41 59 48
40 55 26 13 44 35
40 6 24 9 19 10
40 46 2 57 25 22
40 26 36 13 59 2
40 53 33 5 48 47
40 13 56 52 31 42
40 20 12 30 41 31
40 8 4 8 28 6
40 11 17 59 6 46
40 53 37 20 25 34
40 40 3 55 23 34
40 43 35 63 21 16
40 9 8 41 60 62
40 27 1 0 28 1
40 22 0 47 7 52
40 11 58 39 50 3
40 22 8 19 0 57
40 35 18 31 15 1
40 3 26 62 3 10
40 5 47 46 55 19
40 10 63 26 14 5
40 21 17 53 56 35
40 48 51 63 53 55
40 14 27 8 7 23
40 12 44 40 22 12
40 60 51 46 13 16
40 36 34 23 62 57
40 28 25 43 32 2
40 53 49 45 12 54
40 24 38 63 10 9
40 44 41 11 18 40
40 52 26 10 30 20
40 47 18 19 12 25
40 45 23 3 32 22
40 56 13 56 20 27
40 31 47 63 43 23
40 2 12 39 12 21
40 2 39 11 47 3
40 61 36 27 49 56
40 62 33 5 49 61
40 10 27 6 57 43
40 40 32 39 30 63
41 37 49 9 11 61
41 22 48 8 27 2
41 44 29 7 3 36
41 43 19 55 39 52
41 15 2 15 18 1
41 8 25 47 49 60
41 12 58 23 36 6
41 18 45 47 46 17
41 51 17 55 39 49
41 25 48 40 12 58
41 33 41 35 51 58
41 32 62 47 7 0
41 44 43 38 41 14
41 51 34 24 54 30
41 22 34 41 10 6
41 59 50 49 5 1
41 59 12 44 30 4
41 23 42 30 31 19
41 15 1 27 49 40
41 0 57 17 24 58
41 27 54 26 59 45
41 4 52 50 3 28
41 32 25 61 36 39
41 61 39 45 0 17
41 58 28 6 56 49
41 23 59 17 18 9
41 47 29 38 12 19
41 51 58 26 62 15
41 39 6 20 20 52
41 15 29 17 56 21
41 58 44 58 5 53
41 44 55 44 43 63
41 50 56 16 31 47
41 9 22 3 20 9
41 21 33 7 24 16
41 49 38 28 59 45
41 18 48 43 55 61
41 47 27 61 37 13
41 7 36 11 57 50
41 54 35 15 49 44
41 25 34 55 1 62
41 20 47 39 27 35
41 41 36 57 30 52
41 50 17 37 49 24
41 26 57 59 58 22
41 19 10 46 53 63
41 44 25 9 32 45
41 15 47 23 42 33
41 26 2 42 3 57
41 46 45 6 47 15
41 28 43 50 5 31
41 53 46 16 60 23
41 1 14 29 48 61
41 46 52 5 63 17
41 53 31 24 21 23
41 2 62 55 49 42
41 47 35 54 55 44
41 22 51 15 45 3
41 12 47 59 41 17
41 27 22 20 30 17
41 38 29 17 16 5
41 18 62 53 59 25
41 1 62 4 5 61
41 52 60 16 19 26
42 62 25 13 50 60
42 35 9 39 58 63
42 37 17 6 34 62
42 51 39 29 35 7
42 29 34 15 13 29
42 21 35 59 20 22
42 16 21 47 52 10
42 3 15 6 41 24
42 16 12 8 57 21
42 61 58 39 15 26
42 4 49 33 40 61
42 0 1 7 40 61
42 29 53 19 16 32
42 43 13 60 63 0
42 31 39 63 40 60
42 37 49 43 29 38
42 28 49 27 32 1
42 24 23 27 12 41
42 41 3 51 27 7
42 45 6 11 63 46
42 9 24 48 58 0
42 50 57 61 5 22
42 58 19 34 14 38
42 8 44 35 57 0
42 55 8 39 10 60
42 38 57 31 60 57
42 20 9 50 12 50
42 11 50 4 37 50
42 16 21 28 41 51
42 15 36 4 10 5
42 59 10 4 11 18
42 38 16 21 2 52
42 24 25 59 7 23
42 8 37 48 36 0
42 44 3 56 59 23
42 62 25 0 19 12
42 52 27 42 45 6
42 43 46 48 55 5
42 6 25 36 5 33
42 37 15 42 25 2
42 16 57 44 47 50
42 3 21 27 55 27
42 17 5 49 41 10
42 12 48 53 53 11
42 63 10 45 17 37
42 47 33 21 20 29
42 1 49 12 4 63
42 44 12 50 3 0
42 46 17 26 17 27
42 18 23 22 0 38
42 52 50 16 1 15
42 12 0 21 58 32
42 55 54 12 22 56
42 1 9 57 5 30
42 54 51 21 34 63
42 59 22 46 51 59
42 26 45 26 18 8
42 17 49 6 42 37
42 44 2 12 35 48
42 51 44 32 53 53
42 6 41 1 53 52
42 33 8 46 61 63
42 24 26 51 8 48
42 28 54 12 8 21
43 62 22 44 43 24
43 19 2 22 45 15
43 29 28 38 49 19
43 18 33 7 33 54
43 54 44 32 25 46
43 60 57 5 39 0
43 17 44 56 42 30
43 48 38 38 57 2
43 49 47 2 55 21
43 0 49 62 33 46
43 7 46 27 0 4
43 27 35 0 9 48
43 57 57 45 52 1
43 17 61 62 57 44
43 32 7 25 61 45
43 16 10 46 13 17
43 37 29 37 58 1
43 47 10 5 56 62
43 47 20 55 9 24
43 56 20 45 29 42
43 11 43 61 11 21
43 1 14 14 36 15
43 13 39 40 58 56
43 28 59 61 38 45
43 26 6 18 49 20
43 38 12 0 7 39
43 30 43 15 42 27
43 15 14 9 15 41
43 1 51 21 35 12
43 6 24 9 27 61
43 4 30 34 41 48
43 31 8 32 44 47
43 38 46 7 37 10
43 23 19 46 10 45
43 33 1 7 23 20
43 54 48 29 14 3
43 53 42 4 15 56
43 34 37 10 7 53
43 18 28 7 12 21
43 58 29 52 52 45
43 17 63 25 47 18
43 21 10 11 10 37
43 61 7 12 13 23
43 41 13 36 57 12
43 30 34 57 50 4
43 50 16 27 7 15
43 45 53 27 59 23
43 41 30 56 20 1
43 55 46 27 26 3
43 36 50 20 6 33
43 20 22 60 13 44
43 15 11 12 43 1
43 29 11 35 8 19
43 26 40 61 31 27
43 16 24 14 21 54
43 22 52 57 4 54
43 52 27 37 2 53
43 40 3 29 45 55
43 38 12 55 28 50
43 11 42 25 4 51
43 53 38 35 47 52
43 53 20 28 52 48
43 47 19 24 13 57
43 52 41 35 5 11
44 35 46 12 28 32
44 37 28 44 63 48
44 38 34 45 33 35
44 7 3 31 10 62
44 8 31 27 22 33
44 54 38 26 47 18
44 28 42 47 7 37
44 63 40 0 29 46
44 8 41 36 11 37
44 2 27 22 27 32
44 57 58 20 59 3
44 23 58 33 39 61
44 3 5 51 11 11
44 20 22 21 34 19
44 45 53 21 10 51
44 50 47 58 36 24
44 31 38 59 11 56
44 37 30 14 45 14
44 38 21 52 63 60
44 20 48 47 38 56
44 49 33 61 11 17
44 49 8 61 17 13
44 62 19 31 5 48
44 6 26 19 16 18
44 13 60 37 26 39
44 10 13 15 34 5
44 51 12 10 43 37
44 5 61 57 24 62
44 29 39 18 61 40
44 43 31 52 3 5
44 47 42 20 36 42
44 25 21 27 34 3
44 30 34 5 36 49
44 0 63 16 35 36
44 38 52 32 22 33
44 54 60 7 8 11
44 48 5 39 14 52
44 25 29 63 59 13
44 15 62 40 25 47
44 12 47 59 3 16
44 6 21 24 18 38
44 3 22 10 17 34
44 41 39 4 23 49
44 28 24 6 39 37
44 11 10 12 48 22
44 29 21 23 40 18
44 30 15 35 32 30
44 59 30 12 4 45
44 14 0 28 23 40
44 34 19 5 29 9
44 58 62 38 29 28
44 39 36 35 23 52
44 37 2 24 32 18
44 46 41 41 17 11
44 21 57 8 21 59
44 39 25 32 1 26
44 49 43 49 49 24
44 33 56 39 56 48
44 21 22 3 33 32
44 25 22 26 28 42
44 19 20 21 40 14
44 40 2 29 63 11
44 1 18 9 46 61
44 14 47 56 48 54
45 3 43 23 48 4
45 57 4 54 46 58
45 46 29 58 20 46
45 60 14 25 25 23
45 31 39 46 60 39
45 41 13 10 58 21
45 52 17 54 38 36
45 44 54 2 31 27
45 1 26 20 12 9
45 25 28 52 40 13
45 16 63 41 31 8
45 29 21 35 2 44
45 46 18 22 42 43
45 45 60 41 32 41
45 51 17 17 28 8
45 39 24 26 24 26
45 52 10 56 44 53
45 24 25 13 42 57
45 60 61 39 38 32
45 21 19 32 11 26
45 38 45 15 51 25
45 33 3 2 13 47
45 14 30 24 28 1
45 40 7 25 60 41
45 5 49 52 9 6
45 16 56 62 6 29
45 8 29 15 8 44
45 50 17 28 47 5
45 23 40 0 39 25
45 56 14 19 25 14
45 17 23 16 61 16
45 42 9 50 20 1
45 55 39 1 19 6
45 57 4 10 8 58
45 16 37 44 19 16
45 42 39 59 43 62
45 40 36 33 38 6
45 8 16 54 57 48
45 26 9 35 12 48
45 49 63 2 53 60
45 4 32 14 46 46
45 60 3 24 55 38
45 37 53 33 11 21
45 51 0 58 41 62
45 42 14 48 33 47
45 46 52 60 57 60
45 54 43 60 48 27
45 41 13 50 29 35
45 61 36 62 42 40
45 47 11 44 29 36
45 24 6 10 36 19
45 7 23 17 26 41
45 28 12 62 25 9
45 45 46 15 17 4
45 61 28 19 57 9
45 13 23 40 34 45
45 10 19 14 32 4
45 1 26 60 38 45
45 31 4 56 10 21
45 8 63 60 15 15
45 39 54 44 60 11
45 52 61 48 31 31
45 0 42 22 39 7
45 59 44 53 44 43
46 35 29 56 25 21
46 61 34 59 35 59
46 23 3 57 40 21
46 25 43 40 1 18
46 53 9 12 33 22
46 5 16 2 21 49
46 5 51 57 52 24
46 29 59 40 14 8
46 27 23 10 56 5
46 20 23 3 43 9
46 43 57 38 7 33
46 17 50 30 60 56
46 38 9 1 20 18
46 22 0 30 41 16
46 48 44 54 58 22
46 19 56 20 6 9
46 10 26 26 39 39
46 21 14 4 8 21
46 22 25 6 59 27
46 12 53 39 55 12
46 25 19 23 10 31
46 24 26 52 46 35
46 12 17 35 22 33
46 59 37 58 12 10
46 27 56 47 51 7
46 50 18 23 56 23
46 42 61 10 40 33
46 9 38 44 58 23
46 34 63 16 11 58
46 35 44 32 24 1
46 38 23 37 15 14
46 20 37 20 30 8
46 37 50 42 2 54
46 18 31 31 25 34
46 62 40 24 58 5
46 40 0 24 15 15
46 30 35 61 41 9
46 48 12 24 27 31
46 13 56 31 42 58
46 23 42 55 59 31
46 63 44 11 45 15
46 46 33 15 45 63
46 39 5 49 31 0
46 18 43 29 3 12
46 43 4 62 39 59
46 26 62 0 36 35
46 28 44 48 9 33
46 44 61 16 63 59
46 9 4 4 62 33
46 37 25 61 61 54
46 58 63 4 63 25
46 63 23 42 25 47
46 23 28 39 47 8
46 46 42 62 58 24
46 7 0 16 2 37
46 19 13 1 11 23
46 42 37 1 47 25
46 0 17 20 57 3
46 42 14 48 41 3
46 40 37 42 42 28
46 49 21 50 31 18
46 6 16 44 6 27
46 38 56 51 47 42
46 48 7 5 32 47
47 22 15 46 3 53
47 12 45 40 3 0
47 13 33 52 60 15
47 25 59 44 13 43
47 49 58 30 9 19
47 4 63 55 47 6
47 48 37 35 39 34
47 34 39 9 39 29
47 12 58 62 22 42
47 34 57 49 8 1
47 26 40 54 59 1
47 58 55 47 47 50
47 63 22 10 45 43
47 1 14 18 48 7
47 57 18 30 19 30
47 48 25 21 63 58
47 7 39 9 17 21
47 23 55 21 62 29
47 42 15 31 56 12
47 9 22 22 17 53
47 37 56 22 34 27
47 20 41 26 38 54
47 39 11 60 46 25
47 49 14 14 55 29
47 31 57 35 28 19
47 20 63 32 34 11
47 28 34 6 25 37
47 62 12 27 48 15
47 8 41 13 33 0
47 62 61 32 60 56
47 2 57 30 45 60
47 41 9 3 23 28
47 38 37 0 53 39
47 20 11 33 34 57
47 51 36 52 27 32
47 61 21 23 47 33
47 63 45 12 35 58
47 10 5 53 39 29
47 4 26 11 32 25
47 57 62 21 41 25
47 54 3 9 41 42
47 45 40 57 11 38
47 10 19 21 11 41
47 13 26 46 34 49
47 3 35 45 43 2
47 56 26 15 42 6
47 11 21 31 3 47
47 21 13 36 35 26
47 15 20 18 62 33
47 11 20 51 32 61
47 27 42 15 4 53
47 17 18 44 3 45
47 33 59 57 5 6
47 15 30 10 25 32
47 18 21 7 61 48
47 59 30 53 15 16
47 54 45 45 41 10
47 3 5 61 4 17
47 42 10 10 61 35
47 6 47 36 35 50
47 54 34 18 62 54
47 23 18 34 31 6
47 9 34 10 61 8
47 5 33 58 12 23
48 49 23 9 18 43
48 57 24 5 1 44
48 30 12 49 57 18
48 58 47 55 39 55
48 14 50 43 50 56
48 32 30 8 61 29
48 24 11 46 49 6
48 5 30 48 43 12
48 34 14 29 3 32
48 7 0 11 56 57
48 11 30 60 40 50
48 29 44 16 3 23
48 49 12 19 42 60
48 31 39 17 51 12
48 1 3 18 53 44
48 6 35 20 41 20
48 34 39 10 52 22
48 34 24 12 58 30
48 16 47 9 56 41
48 17 23 35 19 11
48 55 15 51 34 3
48 63 61 12 63 26
48 56 47 60 9 54
48 44 4 50 32 51
48 30 18 0 54 0
48 49 34 12 0 6
48 3 17 31 46 32
48 32 49 6 47 35
48 50 28 35 1 45
48 51 15 58 55 2
48 61 17 56 19 8
48 25 17 29 12 57
48 18 10 32 46 53
48 36 34 7 45 41
48 15 11 47 7 24
48 4 34 20 0 21
48 57 24 30 49 28
48 14 9 27 11 49
48 53 62 2 13 12
48 48 34 13 37 8
48 5 6 46 10 6
48 23 42 16 44 28
48 28 45 31 33 58
48 18 28 27 11 11
48 33 24 33 12 30
48 13 32 6 8 2
48 56 50 53 48 11
48 40 23 53 21 6
48 20 9 10 36 2
48 15 54 9 25 55
48 36 5 51 21 28
48 62 45 2 13 32
48 19 7 48 38 33
48 36 10 10 8 37
48 9 12 13 38 57
48 35 61 29 26 58
48 51 26 56 50 26
48 41 39 16 48 1
48 54 43 62 26 1
48 38 2 35 43 50
48 41 37 1 23 31
48 19 6 15 15 62
48 50 29 45 62 24
48 60 19 11 42 5
49 33 28 9 2 28
49 22 3 57 20 35
49 6 4 1 21 9
49 51 50 22 46 60
49 44 35 63 46 29
49 34 30 62 5 0
49 4 28 26 18 5
49 43 22 42 53 28
49 50 57 12 60 29
49 21 22 47 35 62
49 6 61 46 14 54
49 4 19 12 7 42
49 11 49 28 5 17
49 9 36 10 48 55
49 30 22 26 21 23
49 34 42 11 55 30
49 50 61 61 34 6
49 4 41 24 51 19
49 7 58 51 17 25
49 40 35 13 29 26
49 32 42 11 52 14
49 14 24 37 41 12
49 10 6 15 43 50
49 19 27 58 35 18
49 30 41 55 16 24
49 27 14 0 59 22
49 0 45 61 58 40
49 26 22 6 21 22
49 45 40 18 28 7
49 48 13 21 63 58
49 30 31 0 27 54
49 25 19 60 21 24
49 45 40 28 25 29
49 43 9 23 54 17
49 0 35 25 56 15
49 41 38 6 56 37
49 36 10 62 40 34
49 42 21 15 17 14
49 32 18 26 15 33
49 63 15 1 0 55
49 6 27 5 49 57
49 17 0 33 62 61
49 49 57 34 42 17
49 49 8 1 54 56
49 63 40 31 1 43
49 3 60 25 26 36
49 62 19 20 14 7
49 21 1 2 17 36
49 34 27 63 19 6
49 21 0 58 25 11
49 14 40 22 28 25
49 51 48 20 28 42
49 57 58 51 54 22
49 54 47 29 18 9
49 39 17 45 40 45
49 42 1 49 19 28
49 40 15 3 51 29
49 35 58 2 50 1
49 51 20 41 54 33
49 41 46 0 59 54
49 59 13 24 61 19
49 10 54 62 0 20
49 21 36 30 39 21
49 24 38 55 26 12
50 32 29 24 55 51
50 35 33 6 31 60
50 40 42 10 15 43
50 39 17 3 33 37
50 19 13 58 44 14
50 62 1 34 12 38
50 62 49 47 57 42
50 55 63 49 14 36
50 1 23 33 33 53
50 6 20 51 60 12
50 36 57 58 14 8
50 58 6 1 2 34
50 54 26 3 36 53
50 30 40 20 11 40
50 51 16 62 22 62
50 25 38 32 41 60
50 28 51 13 33 35
50 27 53 56 46 1
50 41 49 10 26 10
50 63 49 59 16 52
50 41 4 15 18 24
50 16 6 6 54 55
50 12 5 34 40 34
50 29 54 8 16 53
50 53 6 35 21 24
50 7 16 52 24 38
50 7 57 39 52 35
50 15 43 4 56 41
50 38 49 53 47 53
50 42 1 62 23 22
50 13 3 39 55 33
50 40 12 52 20 35
50 35 0 54 12 62
50 32 26 15 61 37
50 6 54 20 57 17
50 6 8 21 29 41
50 58 33 60 13 7
50 25 46 54 33 54
50 58 61 13 36 8
50 1 42 20 22 47
50 4 21 33 15 58
50 48 3 54 63 55
50 27 40 43 10 1
50 33 27 21 49 22
50 14 27 32 58 3
50 2 26 38 6 27
50 9 2 10 48 19
50 40 5 57 40 57
50 4 19 30 6 22
50 29 26 6 36 16
50 16 9 23 34 51
50 32 19 52 49 30
50 8 29 60 9 35
50 41 44 17 53 61
50 29 22 58 13 29
50 49 30 16 6 9
50 46 63 19 21 24
50 43 44 23 29 0
50 29 62 12 60 17
50 38 7 43 23 14
50 22 56 55 48 24
50 1 34 23 9 4
50 35 58 47 63 12
50 7 60 35 50 11
51 19 11 16 18 1
51 30 56 13 46 26
51 3 10 11 43 55
51 49 25 31 24 51
51 27 45 62 12 21
51 28 55 50 52 14
51 53 35 58 55 10
51 22 21 0 47 9
51 28 40 39 49 12
51 11 26 18 2 52
51 21 28 31 42 26
51 5 53 40 63 29
51 24 49 16 26 43
51 57 0 34 27 7
51 10 7 1 32 35
51 47 18 34 2 25
51 10 50 1 14 1
51 42 48 5 4 18
51 13 48 60 27 33
51 5 30 9 16 55
51 57 25 16 2 29
51 8 36 61 39 16
51 55 20 40 21 9
51 49 19 20 6 16
51 6 48 63 45 4
51 39 41 0 25 60
51 37 60 12 1 62
51 47 4 39 25 29
51 44 18 44 7 48
51 27 39 53 30 10
51 52 51 2 33 31
51 58 26 6 53 16
51 5 52 1 45 3
51 35 25 15 45 28
51 32 40 1 57 2
51 32 41 10 33 54
51 11 42 47 18 19
51 16 22 46 62 9
51 22 35 4 10 23
51 44 60 63 27 12
51 29 55 51 36 16
51 36 62 10 44 35
51 15 22 18 34 36
51 13 52 16 27 52
51 24 26 1 14 23
51 0 35 31 49 8
51 49 59 20 59 56
51 21 49 47 44 44
51 8 22 58 6 60
51 51 27 60 62 17
51 44 27 19 7 19
51 30 35 3 6 60
51 43 40 20 17 49
51 5 32 55 59 25
51 39 15 15 20 5
51 62 18 36 48 38
51 1 1 31 26 39
51 28 23 11 62 51
51 31 46 23 22 9
51 41 39 13 13 48
51 24 11 48 0 43
51 20 3 48 4 36
51 61 45 41 62 11
51 27 30 56 5 29
52 8 24 47 37 19
52 10 50 34 4 41
52 23 51 37 50 33
52 61 40 11 21 32
52 7 18 0 29 10
52 40 32 39 37 38
52 11 48 51 41 27
52 50 10 60 38 7
52 53 54 34 29 22
52 57 17 47 17 46
52 11 57 5 40 40
52 2 14 37 36 29
52 25 54 34 27 38
52 29 23 51 25 29
52 0 42 56 12 18
52 43 43 30 19 27
52 23 5 23 24 11
52 2 12 12 56 45
52 50 50 0 21 39
52 48 57 60 18 36
52 25 15 35 28 13
52 45 29 8 14 20
52 46 11 29 14 34
52 14 25 45 9 4
52 25 18 60 3 23
52 29 51 22 6 44
52 17 22 61 63 15
52 53 4 60 22 49
52 47 0 32 34 3
52 29 7 57 8 2
52 38 18 44 56 62
52 43 13 3 35 48
52 3 42 28 49 1
52 3 56 11 2 59
52 39 16 52 46 45
52 32 42 23 60 54
52 31 24 56 1 7
52 15 45 26 54 13
52 55 52 54 15 5
52 11 60 25 39 54
52 53 48 59 25 25
52 26 55 18 6 14
52 32 50 9 36 14
52 52 56 5 20 47
52 52 53 45 37 0
52 53 59 13 12 51
52 62 62 30 0 6
52 33 19 54 49 59
52 55 60 21 4 24
52 36 38 6 18 3
52 43 49 49 49 28
52 21 57 34 33 25
52 5 54 39 38 44
52 11 22 57 38 34
52 48 34 15 29 25
52 55 48 21 10 24
52 49 30 62 0 32
52 40 6 18 45 13
52 44 41 2 11 25
52 18 8 34 53 39
52 60 63 40 50 15
52 4 17 22 53 4
52 51 5 19 4 52
52 1 31 49 58 20
53 10 33 63 59 44
53 45 5 5 61 23
53 25 46 54 46 54
53 62 47 22 28 18
53 24 34 51 60 37
53 60 5 52 31 53
53 2 13 42 28 45
53 1 16 58 6 26
53 12 59 37 55 45
53 26 11 38 26 63
53 58 12 51 17 39
53 39 48 20 31 50
53 35 51 38 35 43
53 44 47 52 35 31
53 38 18 3 22 26
53 61 41 46 10 48
53 59 24 29 42 22
53 53 25 28 7 2
53 11 60 42 23 20
53 34 55 13 54 50
53 6 36 25 39 58
53 24 4 17 9 47
53 32 32 43 23 63
53 6 25 36 58 26
53 0 57 22 37 43
53 38 41 26 49 26
53 33 16 44 58 21
53 4 32 63 11 24
53 2 17 59 10 31
53 25 50 0 22 32
53 26 52 57 10 11
53 14 45 5 30 49
53 50 18 17 0 22
53 4 5 4 28 48
53 36 16 54 52 4
53 20 61 22 25 7
53 21 8 10 6 40
53 14 14 29 34 31
53 4 9 40 35 56
53 53 43 35 60 57
53 59 43 62 24 62
53 51 38 7 60 46
53 49 2 17 55 11
53 31 1 6 3 42
53 31 32 3 60 40
53 9 7 8 23 10
53 12 24 60 31 34
53 23 54 38 22 39
53 62 23 23 33 4
53 37 25 11 12 55
53 31 20 5 58 31
53 15 40 22 42 18
53 4 30 62 29 56
53 62 14 41 25 57
53 30 22 23 34 50
53 15 4 30 26 62
53 3 21 60 22 0
53 59 49 41 61 63
53 12 22 59 62 45
53 59 14 28 47 19
53 46 54 34 33 48
53 50 6 25 28 0
53 60 8 5 46 54
53 61 23 49 50 27
54 0 59 34 21 44
54 58 29 61 44 13
54 46 59 49 32 42
54 52 19 31 55 13
54 24 20 0 5 22
54 61 56 6 32 28
54 16 34 14 51 29
54 27 51 2 42 4
54 29 23 32 15 37
54 7 29 0 4 43
54 26 61 38 36 36
54 50 54 8 35 37
54 7 61 32 29 39
54 32 2 57 50 3
54 42 51 58 58 29
54 13 14 45 32 55
54 15 8 19 11 47
54 56 25 14 42 63
54 0 53 20 15 53
54 58 40 38 42 39
54 0 60 43 33 4
54 30 46 39 9 2
54 42 36 1 46 57
54 17 61 11 63 12
54 41 25 39 51 20
54 19 11 48 10 1
54 12 54 58 60 45
54 38 33 44 10 19
54 58 7 12 38 39
54 38 34 28 59 14
54 40 22 29 41 47
54 24 54 53 62 32
54 49 15 28 46 49
54 11 60 12 59 34
54 47 60 10 18 39
54 26 33 13 31 56
54 32 55 50 26 21
54 50 9 13 39 36
54 11 6 4 19 47
54 22 44 27 29 50
54 50 1 35 51 17
54 17 41 51 16 48
54 5 40 30 19 27
54 56 34 35 39 1
54 57 10 30 55 9
54 48 27 12 16 62
54 15 61 18 45 25
54 43 13 14 36 20
54 28 53 51 4 34
54 13 9 41 32 9
54 11 28 24 17 56
54 49 43 26 45 55
54 41 41 63 42 34
54 56 9 43 20 35
54 53 24 21 1 5
54 43 50 58 0 42
54 63 59 31 21 35
54 47 37 5 21 48
54 56 3 40 20 59
54 61 30 44 47 11
54 31 2 42 21 60
54 16 9 45 57 47
54 20 40 49 60 55
54 1 49 27 21 34
55 15 13 36 21 38
55 15 2 16 12 56
55 48 47 16 55 25
55 11 4 48 56 42
55 27 43 25 51 40
55 2 54 57 36 25
55 4 27 36 55 2
55 1 27 12 3 39
55 12 12 52 30 2
55 42 32 53 7 0
55 42 40 11 46 9
55 8 10 28 52 32
55 4 57 11 34 16
55 26 56 61 50 17
55 27 1 7 46 51
55 42 2 62 24 26
55 59 3 23 31 44
55 31 57 62 25 37
55 34 53 40 55 1
55 48 14 40 18 53
55 47 50 42 51 23
55 11 30 50 40 63
55 27 33 45 41 7
55 35 17 61 63 6
55 51 45 53 7 4
55 27 14 49 32 10
55 1 50 1 11 15
55 61 37 38 1 63
55 49 58 53 48 57
55 43 63 47 54 50
55 4 23 53 7 10
55 15 35 12 2 10
55 17 63 45 31 4
55 34 32 52 18 6
55 51 38 34 40 43
55 5 9 16 9 27
55 55 0 46 36 38
55 4 48 54 27 21
55 43 9 43 5 8
55 2 60 31 48 9
55 54 34 16 29 54
55 21 43 7 27 47
55 18 9 28 58 43
55 37 53 48 25 44
55 50 44 36 4 15
55 21 25 39 22 56
55 63 29 14 2 12
55 20 55 40 27 26
55 18 14 24 43 8
55 40 17 49 38 42
55 38 30 2 16 44
55 28 17 48 36 43
55 38 55 36 49 49
55 57 6 43 29 51
55 39 3 37 13 53
55 4 60 42 38 55
55 51 19 14 28 41
55 10 0 52 13 53
55 37 23 61 62 24
55 6 19 59 5 45
55 60 5 39 13 57
55 13 61 13 25 57
55 12 4 40 18 10
55 21 7 36 34 15
56 59 8 46 49 44
56 59 56 54 15 4
56 38 9 62 47 35
56 59 58 37 54 0
56 63 38 43 3 45
56 45 7 1 30 7
56 8 24 38 47 43
56 38 17 6 26 34
56 44 19 5 13 34
56 23 28 32 11 20
56 22 28 47 17 16
56 60 15 37 32 23
56 12 26 60 20 61
56 13 20 48 24 47
56 38 31 13 44 21
56 13 25 11 41 19
56 17 0 30 22 47
56 44 14 53 16 63
56 28 9 17 10 54
56 42 51 4 41 0
56 30 8 54 15 31
56 46 51 0 52 6
56 53 12 42 47 2
56 40 6 60 39 6
56 52 56 32 57 29
56 23 3 35 43 61
56 34 23 53 8 13
56 47 58 56 23 52
56 45 29 34 29 52
56 36 29 48 60 36
56 50 4 57 16 9
56 45 1 52 62 41
56 47 55 32 53 15
56 63 48 6 1 26
56 43 13 58 4 54
56 54 21 60 0 42
56 49 59 17 36 3
56 42 0 25 37 24
56 43 19 27 20 54
56 3 9 41 19 46
56 52 26 33 40 3
56 47 62 29 24 14
56 48 43 50 18 9
56 24 20 53 15 27
56 51 22 14 34 61
56 58 1 55 42 6
56 14 42 2 10 41
56 60 5 15 31 51
56 5 9 54 26 22
56 60 46 13 6 38
56 41 16 44 29 32
56 55 38 44 49 50
56 41 39 37 8 10
56 50 31 16 62 44
56 50 18 38 13 2
56 39 11 20 3 61
56 39 12 17 48 52
56 33 25 24 2 18
56 55 63 2 37 46
56 36 33 26 48 60
56 28 0 12 48 24
56 45 5 36 61 31
56 58 51 50 10 32
56 40 52 42 56 1
57 23 40 27 34 49
57 51 27 44 28 12
57 37 24 55 41 19
57 24 1 23 49 33
57 48 31 30 61 17
57 16 3 1 41 62
57 61 46 21 6 50
57 14 49 17 35 25
57 22 45 25 37 13
57 46 47 13 22 28
57 56 24 21 35 63
57 3 44 12 55 4
57 41 37 53 63 37
57 42 19 58 47 12
57 26 39 47 20 27
57 35 31 26 32 9
57 33 59 17 16 44
57 55 1 63 13 14
57 2 57 18 22 21
57 52 57 42 28 59
57 54 4 35 25 53
57 14 52 29 8 11
57 33 52 2 26 53
57 25 46 4 19 40
57 3 53 55 4 44
57 49 2 31 8 14
57 46 53 14 42 12
57 7 62 24 17 4
57 23 0 33 60 56
57 32 39 19 24 41
57 23 21 18 53 52
57 19 41 50 59 41
57 16 22 19 22 20
57 61 36 9 51 22
57 6 36 24 46 4
57 61 6 55 18 49
57 33 15 22 56 8
57 39 55 62 24 8
57 39 10 56 60 7
57 58 63 14 50 20
57 33 7 25 50 6
57 18 47 4 5 15
57 20 57 11 10 16
57 11 52 43 9 63
57 28 10 1 6 26
57 17 7 40 38 23
57 17 4 35 3 3
57 2 53 10 27 7
57 35 30 40 50 15
57 0 0 8 40 39
57 22 6 44 50 10
57 22 61 21 58 22
57 4 41 12 51 45
57 32 19 5 21 41
57 58 22 0 63 14
57 4 56 45 43 8
57 11 38 30 39 23
57 48 28 29 31 36
57 1 60 2 30 45
57 8 54 51 14 45
57 35 42 38 35 39
57 32 24 0 4 44
57 57 26 40 6 4
57 0 1 52 18 46
58 45 12 28 17 8
58 11 43 35 34 27
58 24 33 47 47 8
58 54 41 55 56 0
58 6 12 35 62 59
58 21 12 48 48 36
58 13 49 9 38 48
58 18 52 16 22 56
58 54 22 33 46 57
58 42 49 45 9 50
58 5 29 36 6 36
58 9 31 22 17 6
58 56 52 29 61 58
58 51 28 26 1 41
58 16 34 1 47 16
58 14 42 53 34 18
58 9 50 21 0 16
58 3 35 8 58 51
58 50 62 53 26 42
58 2 53 16 34 21
58 13 45 29 59 60
58 41 25 52 46 58
58 33 21 25 4 57
58 55 37 22 35 22
58 9 29 39 6 46
58 15 13 42 35 14
58 60 54 0 37 52
58 2 47 37 29 48
58 21 61 57 33 8
58 29 7 34 50 13
58 45 47 45 27 16
58 5 41 23 25 48
58 34 20 33 56 52
58 2 53 41 38 28
58 23 3 0 19 31
58 52 12 4 2 29
58 36 37 21 18 31
58 22 21 51 16 61
58 60 55 58 13 31
58 39 51 51 7 47
58 53 61 51 49 11
58 13 54 38 31 19
58 12 23 24 14 36
58 30 59 7 44 24
58 31 29 50 17 41
58 39 39 43 20 10
58 55 62 10 19 19
58 6 60 58 61 16
58 0 29 0 9 42
58 48 6 46 0 53
58 25 55 45 28 2
58 48 28 19 31 28
58 55 17 6 44 38
58 36 20 37 17 3
58 25 45 13 48 5
58 34 37 22 57 41
58 23 38 14 44 18
58 26 7 0 26 28
58 2 62 48 34 62
58 44 44 58 48 38
58 12 63 59 37 1
58 0 32 15 37 60
58 20 10 16 13 14
58 14 63 28 34 42
59 35 11 60 30 30
59 8 56 27 35 23
59 46 59 55 24 14
59 22 19 61 38 15
59 44 58 39 57 46
59 31 46 16 63 34
59 49 44 40 15 40
59 43 46 56 30 22
59 29 17 15 17 46
59 41 54 19 24 62
59 21 28 49 23 31
59 61 4 28 46 20
59 38 45 32 45 37
59 1 17 51 59 2
59 20 54 60 25 2
59 23 44 36 58 41
59 23 27 55 23 16
59 23 5 2 6 56
59 58 38 40 2 30
59 35 35 38 2 14
59 52 33 50 8 60
59 28 61 15 5 50
59 13 0 4 28 41
59 24 25 8 55 50
59 61 34 34 4 48
59 39 46 36 32 54
59 8 59 18 54 26
59 0 55 7 56 3
59 17 63 55 6 59
59 37 32 17 2 46
59 62 31 60 14 59
59 9 2 18 50 11
59 46 53 56 18 49
59 38 31 5 29 3
59 38 36 34 31 56
59 13 62 14 47 18
59 19 46 51 59 43
59 6 48 54 7 54
59 29 7 33 56 51
59 54 40 25 20 63
59 54 45 9 48 6
59 9 15 21 53 49
59 9 40 4 46 26
59 44 14 9 50 13
59 57 48 34 56 8
59 57 54 43 49 8
59 47 52 32 24 37
59 58 10 59 60 15
59 41 52 14 56 46
59 20 13 41 20 17
59 63 3 40 20 57
59 35 4 31 43 60
59 28 13 43 51 22
59 60 28 59 49 60
59 26 11 41 41 20
59 13 50 50 33 0
59 0 35 31 33 40
59 13 46 37 17 48
59 61 31 15 34 17
59 45 49 28 25 1
59 20 59 1 12 12
59 62 34 7 23 15
59 47 28 29 9 8
59 21 61 44 59 30
60 11 5 45 63 5
60 31 0 30 59 40
60 37 35 51 5 12
60 49 51 27 31 54
60 60 60 41 40 33
60 28 46 35 50 26
60 6 58 3 36 32
60 5 11 23 9 12
60 47 63 60 61 20
60 35 2 56 13 11
60 26 59 12 14 12
60 11 2 43 41 22
60 49 10 56 18 16
60 27 2 10 32 34
60 12 49 3 1 4
60 27 37 53 50 55
60 11 57 24 6 48
60 45 2 39 47 59
60 21 9 59 28 61
60 54 45 36 20 30
60 22 21 43 7 61
60 0 49 3 63 30
60 31 42 42 41 24
60 34 63 4 57 61
60 54 51 9 21 2
60 56 13 46 12 44
60 32 62 62 38 60
60 54 36 17 19 40
60 34 36 9 38 20
60 37 31 47 47 13
60 34 56 22 3 31
60 51 49 62 10 46
60 63 6 16 37 55
60 33 28 46 2 51
60 11 25 25 11 15
60 63 17 19 38 36
60 57 14 4 16 56
60 15 36 44 4 16
60 32 62 52 7 46
60 39 43 47 11 41
60 22 18 18 26 57
60 51 1 52 9 40
60 22 50 33 23 30
60 46 11 31 50 42
60 61 37 19 33 25
60 5 48 3 37 22
60 27 54 53 11 53
60 13 1 52 6 36
60 40 15 9 57 50
60 7 25 58 46 60
60 35 62 46 24 63
60 30 53 32 32 25
60 61 0 55 15 18
60 15 63 28 21 60
60 35 32 6 6 30
60 7 25 60 4 7
60 33 32 25 37 52
60 63 19 42 40 61
60 34 41 9 36 8
60 27 18 45 33 12
60 12 50 5 7 47
60 45 0 55 18 8
60 26 4 13 28 7
60 39 36 24 10 28
61 22 2 33 8 50
61 31 45 42 32 62
61 63 25 41 56 50
61 26 15 35 61 41
61 23 21 27 0 58
61 44 44 15 54 28
61 36 2 39 19 27
61 36 17 22 46 22
61 44 24 38 54 59
61 19 62 45 32 11
61 28 39 9 61 14
61 50 20 4 47 1
61 27 58 15 34 58
61 52 60 25 52 14
61 54 1 23 49 4
61 9 33 50 25 30
61 26 59 57 7 2
61 18 58 51 18 37
61 26 20 23 17 31
61 53 12 56 52 53
61 47 29 31 37 25
61 20 5 0 58 58
61 45 13 56 60 46
61 5 42 34 9 45
61 7 56 15 11 23
61 24 52 42 23 61
61 5 20 20 40 46
61 52 23 54 56 59
61 61 19 13 1 12
61 46 21 23 41 8
61 59 33 39 14 41
61 29 38 11 0 21
61 60 14 61 59 17
61 45 8 59 22 55
61 60 36 30 53 8
61 60 42 1 51 25
61 52 52 63 59 57
61 54 13 56 62 4
61 15 62 7 43 42
61 1 36 59 61 3
61 39 61 38 14 52
61 42 25 41 27 20
61 38 56 53 62 38
61 5 60 7 15 30
61 52 36 10 43 50
61 34 50 46 40 4
61 18 36 7 50 10
61 61 23 57 28 32
61 59 15 46 14 34
61 55 24 48 36 45
61 27 16 8 45 13
61 13 35 31 7 8
61 42 3 22 57 10
61 32 18 57 24 3
61 40 47 3 0 30
61 44 32 45 3 17
61 11 57 10 14 42
61 5 46 29 9 55
61 10 3 22 11 52
61 11 7 63 39 36
61 50 19 33 31 31
61 62 9 26 7 29
61 55 55 60 44 51
61 26 28 9 36 14
62 13 33 53 44 38
62 27 16 17 2 5
62 6 13 43 5 38
62 51 0 38 9 39
62 56 1 6 60 29
62 5 55 42 7 21
62 52 20 4 9 3
62 42 3 8 55 3
62 18 57 3 23 27
62 6 17 2 6 59
62 9 49 31 6 41
62 56 8 56 52 29
62 46 10 44 42 21
62 28 18 47 13 37
62 40 1 9 53 40
62 27 12 63 39 38
62 24 58 1 52 47
62 2 36 59 16 9
62 47 14 55 3 0
62 22 48 22 56 33
62 20 29 1 52 1
62 31 0 4 62 19
62 5 53 28 7 61
62 45 27 15 2 5
62 21 43 24 30 16
62 50 14 13 7 37
62 56 32 12 28 0
62 7 0 59 46 16
62 14 34 1 34 33
62 14 48 6 55 3
62 21 49 40 47 30
62 56 46 9 48 53
62 11 3 20 26 10
62 35 27 26 54 40
62 57 29 14 24 8
62 9 52 28 4 45
62 62 55 40 50 3
62 49 34 21 38 33
62 21 44 53 29 22
62 17 0 55 50 26
62 9 51 10 3 24
62 42 39 38 16 42
62 62 32 56 2 30
62 57 59 35 47 62
62 33 14 0 2 55
62 58 42 28 22 3
62 2 18 44 54 56
62 49 21 10 9 13
62 14 32 54 45 42
62 45 33 34 59 40
62 54 8 39 19 47
62 26 52 46 50 57
62 59 18 36 37 62
62 47 55 61 19 10
62 32 52 44 2 3
62 22 7 25 57 45
62 20 23 34 36 5
62 53 34 26 37 60
62 15 1 57 19 51
62 39 45 51 47 4
62 33 46 7 2 50
62 32 10 17 50 55
62 44 59 52 32 40
62 43 38 17 2 31
63 5 46 14 21 1
63 28 62 16 20 47
63 40 60 18 24 17
63 23 38 5 32 21
63 18 26 24 31 38
63 45 42 58 53 30
63 25 59 54 0 27
63 41 35 20 53 55
63 62 52 20 15 31
63 27 30 0 24 13
63 24 60 55 12 5
63 59 40 37 49 13
63 16 16 0 21 26
63 60 9 31 20 10
63 2 31 40 35 26
63 0 41 19 2 60
63 29 8 62 29 56
63 56 30 17 54 8
63 19 13 18 6 48
63 1 43 10 45 37
63 55 37 6 14 2
63 42 33 27 21 12
63 50 51 53 24 41
63 26 62 56 4 58
63 28 42 9 1 43
63 20 41 47 18 24
63 37 0 16 37 34
63 62 53 4 50 4
63 43 31 5 32 62
63 0 30 47 52 2
63 0 54 14 62 52
63 3 31 18 5 23
63 31 55 10 9 3
63 47 41 18 28 3
63 58 27 27 23 13
63 14 35 17 2 16
63 2 1 54 42 35
63 46 32 29 30 11
63 0 58 15 17 18
63 48 56 5 11 20
63 28 6 7 63 11
63 39 1 62 34 5
63 17 33 24 4 55
63 10 63 40 40 39
63 60 41 11 2 52
63 42 48 29 46 56
63 63 22 42 2 29
63 8 12 25 23 53
63 23 26 14 10 14
63 24 52 19 39 31
63 31 41 21 17 61
63 32 16 21 17 28
63 49 53 14 27 39
63 19 51 20 1 9
63 48 61 44 29 43
63 10 10 9 16 50
63 8 6 29 49 46
63 1 22 41 33 49
63 47 43 39 37 51
63 58 52 2 24 59
63 36 33 59 57 21
63 9 46 21 8 61
63 7 34 26 63 38
63 40 4 43 14 22
