0.000000000000000000e+00 3.926990816987241395e-01 0.000000000000000000e+00 3.808000000000000000e+03 -4.033013615419689391e-02 6.460405179273119858e-01
0.000000000000000000e+00 3.926990816987241395e-01 1.000000000000000000e+00 3.920000000000000000e+03 -3.920538570651343341e-02 6.366213034681837968e-01
0.000000000000000000e+00 3.926990816987241395e-01 2.000000000000000000e+00 3.856000000000000000e+03 -3.994418559718600908e-02 6.448448831581145013e-01
0.000000000000000000e+00 3.926990816987241395e-01 3.000000000000000000e+00 3.920000000000000000e+03 -4.056033272485970453e-02 6.463773302629411965e-01
0.000000000000000000e+00 3.926990816987241395e-01 4.000000000000000000e+00 3.888000000000000000e+03 -4.029190035319632490e-02 6.463543555293007614e-01
0.000000000000000000e+00 3.926990816987241395e-01 5.000000000000000000e+00 4.032000000000000000e+03 -4.123547191015503044e-02 6.545065256848573432e-01
0.000000000000000000e+00 3.926990816987241395e-01 6.000000000000000000e+00 3.952000000000000000e+03 -4.044707944285128726e-02 6.480252513637415612e-01
0.000000000000000000e+00 3.926990816987241395e-01 7.000000000000000000e+00 4.160000000000000000e+03 -4.032510549276249051e-02 6.449359271696326612e-01
0.000000000000000000e+00 3.926990816987241395e-01 8.000000000000000000e+00 4.192000000000000000e+03 -3.946033486865813122e-02 6.390261903637640684e-01
0.000000000000000000e+00 3.926990816987241395e-01 9.000000000000000000e+00 4.000000000000000000e+03 -3.988531816214649361e-02 6.444674202334020885e-01
0.000000000000000000e+00 3.926990816987241395e-01 1.000000000000000000e+01 4.192000000000000000e+03 -4.094706083424007326e-02 6.517711121257454554e-01
0.000000000000000000e+00 3.926990816987241395e-01 1.100000000000000000e+01 4.176000000000000000e+03 -3.946246420798291132e-02 6.392517496334741978e-01
0.000000000000000000e+00 3.926990816987241395e-01 1.200000000000000000e+01 4.096000000000000000e+03 -3.935986931128292177e-02 6.401252157350518779e-01
0.000000000000000000e+00 3.926990816987241395e-01 1.300000000000000000e+01 4.096000000000000000e+03 -4.064143728989681043e-02 6.492511878722357910e-01
0.000000000000000000e+00 3.926990816987241395e-01 1.400000000000000000e+01 4.320000000000000000e+03 -3.992206586106352567e-02 6.446314174805970465e-01
0.000000000000000000e+00 3.926990816987241395e-01 1.500000000000000000e+01 4.176000000000000000e+03 -4.037495146138910668e-02 6.473049476235311905e-01
0.000000000000000000e+00 3.926990816987241395e-01 1.600000000000000000e+01 4.256000000000000000e+03 -4.048342268495476459e-02 6.475950331514682690e-01
0.000000000000000000e+00 3.926990816987241395e-01 1.700000000000000000e+01 4.272000000000000000e+03 -4.000219259389809628e-02 6.407372655423784202e-01
0.000000000000000000e+00 3.926990816987241395e-01 1.800000000000000000e+01 4.048000000000000000e+03 -4.000383808898153731e-02 6.436156668227971389e-01
0.000000000000000000e+00 3.926990816987241395e-01 1.900000000000000000e+01 4.064000000000000000e+03 -4.059340119141552350e-02 6.463529711661391008e-01
0.000000000000000000e+00 3.926990816987241395e-01 2.000000000000000000e+01 4.064000000000000000e+03 -4.001016287721489290e-02 6.444611383238053604e-01
0.000000000000000000e+00 3.926990816987241395e-01 2.100000000000000000e+01 4.160000000000000000e+03 -4.042382159489645715e-02 6.516290065356898920e-01
0.000000000000000000e+00 3.926990816987241395e-01 2.200000000000000000e+01 4.128000000000000000e+03 -4.079794467339364905e-02 6.496114053709832747e-01
0.000000000000000000e+00 3.926990816987241395e-01 2.300000000000000000e+01 4.112000000000000000e+03 -4.064202496208958737e-02 6.464219565245067356e-01
0.000000000000000000e+00 3.926990816987241395e-01 2.400000000000000000e+01 3.968000000000000000e+03 -4.098404209031739076e-02 6.501876779295805431e-01
0.000000000000000000e+00 3.926990816987241395e-01 2.500000000000000000e+01 4.064000000000000000e+03 -4.042356384089995647e-02 6.485728438450494293e-01
0.000000000000000000e+00 3.926990816987241395e-01 2.600000000000000000e+01 4.000000000000000000e+03 -4.070482334884473891e-02 6.480344552006083170e-01
0.000000000000000000e+00 3.926990816987241395e-01 2.700000000000000000e+01 3.920000000000000000e+03 -4.052321326671606827e-02 6.453651445341139770e-01
0.000000000000000000e+00 3.926990816987241395e-01 2.800000000000000000e+01 4.016000000000000000e+03 -3.988903260674060008e-02 6.449234942739825449e-01
0.000000000000000000e+00 3.926990816987241395e-01 2.900000000000000000e+01 4.064000000000000000e+03 -3.962191578628337929e-02 6.424078759618964130e-01
0.000000000000000000e+00 3.926990816987241395e-01 3.000000000000000000e+01 4.112000000000000000e+03 -3.943793587982802329e-02 6.359777469915078862e-01
0.000000000000000000e+00 3.926990816987241395e-01 3.100000000000000000e+01 4.000000000000000000e+03 -4.031153504602656007e-02 6.467363681753087734e-01
0.000000000000000000e+00 3.926990816987241395e-01 3.200000000000000000e+01 3.632000000000000000e+03 -4.128668657821701893e-02 6.503320797601517267e-01
0.000000000000000000e+00 3.926990816987241395e-01 3.300000000000000000e+01 4.128000000000000000e+03 -4.084696606658064222e-02 6.473183002792144425e-01
0.000000000000000000e+00 3.926990816987241395e-01 3.400000000000000000e+01 4.112000000000000000e+03 -4.020476225773400580e-02 6.442102922270674936e-01
0.000000000000000000e+00 3.926990816987241395e-01 3.500000000000000000e+01 3.888000000000000000e+03 -4.104774197554083431e-02 6.523357238793798807e-01
0.000000000000000000e+00 3.926990816987241395e-01 3.600000000000000000e+01 4.096000000000000000e+03 -4.107391286650846629e-02 6.522294694988358676e-01
0.000000000000000000e+00 3.926990816987241395e-01 3.700000000000000000e+01 3.888000000000000000e+03 -4.094832373772962913e-02 6.483455335656227447e-01
0.000000000000000000e+00 3.926990816987241395e-01 3.800000000000000000e+01 4.112000000000000000e+03 -4.026483409694403548e-02 6.475117175161234639e-01
0.000000000000000000e+00 3.926990816987241395e-01 3.900000000000000000e+01 4.304000000000000000e+03 -3.995681841982490906e-02 6.446934607242916782e-01
0.000000000000000000e+00 3.926990816987241395e-01 4.000000000000000000e+01 4.208000000000000000e+03 -4.031813991508328976e-02 6.427297446032317341e-01
0.000000000000000000e+00 3.926990816987241395e-01 4.100000000000000000e+01 4.224000000000000000e+03 -4.155247787131700204e-02 6.543023942233334722e-01
0.000000000000000000e+00 3.926990816987241395e-01 4.200000000000000000e+01 4.272000000000000000e+03 -4.003493728140470470e-02 6.440944661302444585e-01
0.000000000000000000e+00 3.926990816987241395e-01 4.300000000000000000e+01 4.224000000000000000e+03 -4.081404005176899469e-02 6.487658265844413741e-01
0.000000000000000000e+00 3.926990816987241395e-01 4.400000000000000000e+01 4.112000000000000000e+03 -3.999485293789938750e-02 6.423419716734540819e-01
0.000000000000000000e+00 3.926990816987241395e-01 4.500000000000000000e+01 4.144000000000000000e+03 -4.010957988457020812e-02 6.430599667961613974e-01
0.000000000000000000e+00 3.926990816987241395e-01 4.600000000000000000e+01 4.032000000000000000e+03 -4.112265936534989508e-02 6.512666062956397051e-01
0.000000000000000000e+00 3.926990816987241395e-01 4.700000000000000000e+01 4.160000000000000000e+03 -4.105685814932769073e-02 6.529358602460504368e-01
0.000000000000000000e+00 3.926990816987241395e-01 4.800000000000000000e+01 4.288000000000000000e+03 -4.109791352060943731e-02 6.511147480752308425e-01
0.000000000000000000e+00 3.926990816987241395e-01 4.900000000000000000e+01 4.400000000000000000e+03 -4.117752601310410016e-02 6.516369952310686608e-01
0.000000000000000000e+00 3.926990816987241395e-01 5.000000000000000000e+01 4.304000000000000000e+03 -4.012078907832052760e-02 6.444036358414185761e-01
0.000000000000000000e+00 3.926990816987241395e-01 5.100000000000000000e+01 4.192000000000000000e+03 -4.034618672334147615e-02 6.445414571466095977e-01
0.000000000000000000e+00 3.926990816987241395e-01 5.200000000000000000e+01 4.080000000000000000e+03 -4.042181860184945741e-02 6.456000341410609300e-01
0.000000000000000000e+00 3.926990816987241395e-01 5.300000000000000000e+01 4.112000000000000000e+03 -3.999911354087543752e-02 6.444084198685590126e-01
0.000000000000000000e+00 3.926990816987241395e-01 5.400000000000000000e+01 4.080000000000000000e+03 -3.954829468884400734e-02 6.378036191208027450e-01
0.000000000000000000e+00 3.926990816987241395e-01 5.500000000000000000e+01 4.128000000000000000e+03 -4.085885491580790868e-02 6.527066886661261336e-01
0.000000000000000000e+00 3.926990816987241395e-01 5.600000000000000000e+01 4.128000000000000000e+03 -4.046922990149580401e-02 6.473283489686693093e-01
0.000000000000000000e+00 3.926990816987241395e-01 5.700000000000000000e+01 4.192000000000000000e+03 -3.990966666753222730e-02 6.421330808739889040e-01
0.000000000000000000e+00 3.926990816987241395e-01 5.800000000000000000e+01 3.968000000000000000e+03 -3.993208326772469674e-02 6.460618723444936373e-01
0.000000000000000000e+00 3.926990816987241395e-01 5.900000000000000000e+01 4.032000000000000000e+03 -3.966324650073287800e-02 6.404954239567430818e-01
0.000000000000000000e+00 3.926990816987241395e-01 6.000000000000000000e+01 3.824000000000000000e+03 -3.993885084257544488e-02 6.446985024851130675e-01
0.000000000000000000e+00 3.926990816987241395e-01 6.100000000000000000e+01 3.888000000000000000e+03 -4.044014352989180189e-02 6.460128766335321293e-01
0.000000000000000000e+00 3.926990816987241395e-01 6.200000000000000000e+01 3.856000000000000000e+03 -4.092219038789696173e-02 6.528480678731474196e-01
0.000000000000000000e+00 3.926990816987241395e-01 6.300000000000000000e+01 4.016000000000000000e+03 -4.062758446770126097e-02 6.483278719651056621e-01
1.000000000000000000e+00 7.853981633974482790e-01 0.000000000000000000e+00 4.384000000000000000e+03 -5.103084630739967986e-02 6.161505286293467165e-01
1.000000000000000000e+00 7.853981633974482790e-01 1.000000000000000000e+00 4.288000000000000000e+03 -5.051843678693579420e-02 6.131609186681181711e-01
1.000000000000000000e+00 7.853981633974482790e-01 2.000000000000000000e+00 4.288000000000000000e+03 -5.071139910605278883e-02 6.164575526749694889e-01
1.000000000000000000e+00 7.853981633974482790e-01 3.000000000000000000e+00 4.304000000000000000e+03 -5.110119897682036116e-02 6.150180948886623256e-01
1.000000000000000000e+00 7.853981633974482790e-01 4.000000000000000000e+00 4.352000000000000000e+03 -5.180336456736553408e-02 6.198272562424423926e-01
1.000000000000000000e+00 7.853981633974482790e-01 5.000000000000000000e+00 4.176000000000000000e+03 -5.120412514100142198e-02 6.188643480535482855e-01
1.000000000000000000e+00 7.853981633974482790e-01 6.000000000000000000e+00 4.256000000000000000e+03 -5.070157129098376569e-02 6.157295750573266169e-01
1.000000000000000000e+00 7.853981633974482790e-01 7.000000000000000000e+00 4.368000000000000000e+03 -5.069932464047805648e-02 6.164009844688880246e-01
1.000000000000000000e+00 7.853981633974482790e-01 8.000000000000000000e+00 4.272000000000000000e+03 -5.084622099441613724e-02 6.146984847295442478e-01
1.000000000000000000e+00 7.853981633974482790e-01 9.000000000000000000e+00 4.016000000000000000e+03 -5.170399069130109798e-02 6.181740412242413552e-01
1.000000000000000000e+00 7.853981633974482790e-01 1.000000000000000000e+01 4.224000000000000000e+03 -5.138468448600999605e-02 6.182405635348807715e-01
1.000000000000000000e+00 7.853981633974482790e-01 1.100000000000000000e+01 4.336000000000000000e+03 -5.238901974038077253e-02 6.212077558914147479e-01
1.000000000000000000e+00 7.853981633974482790e-01 1.200000000000000000e+01 4.176000000000000000e+03 -5.053926633579684802e-02 6.129055725997527571e-01
1.000000000000000000e+00 7.853981633974482790e-01 1.300000000000000000e+01 4.288000000000000000e+03 -5.083995325710823077e-02 6.167167894957104046e-01
1.000000000000000000e+00 7.853981633974482790e-01 1.400000000000000000e+01 4.176000000000000000e+03 -5.046805670438130054e-02 6.122935272612385349e-01
1.000000000000000000e+00 7.853981633974482790e-01 1.500000000000000000e+01 4.160000000000000000e+03 -5.086457047726446190e-02 6.152468739073043702e-01
1.000000000000000000e+00 7.853981633974482790e-01 1.600000000000000000e+01 4.304000000000000000e+03 -5.029573774442527151e-02 6.117473579228125402e-01
1.000000000000000000e+00 7.853981633974482790e-01 1.700000000000000000e+01 4.384000000000000000e+03 -5.090404679443898822e-02 6.150935163547190943e-01
1.000000000000000000e+00 7.853981633974482790e-01 1.800000000000000000e+01 4.256000000000000000e+03 -5.106448492903661179e-02 6.168442831828409023e-01
1.000000000000000000e+00 7.853981633974482790e-01 1.900000000000000000e+01 4.192000000000000000e+03 -5.163968671269758559e-02 6.223445508420560879e-01
1.000000000000000000e+00 7.853981633974482790e-01 2.000000000000000000e+01 4.192000000000000000e+03 -5.063131506387500563e-02 6.132352300934116318e-01
1.000000000000000000e+00 7.853981633974482790e-01 2.100000000000000000e+01 4.176000000000000000e+03 -5.130831845496010291e-02 6.175293898796941905e-01
1.000000000000000000e+00 7.853981633974482790e-01 2.200000000000000000e+01 4.160000000000000000e+03 -5.084931489320804188e-02 6.154959462714212348e-01
1.000000000000000000e+00 7.853981633974482790e-01 2.300000000000000000e+01 4.320000000000000000e+03 -5.077210101176390933e-02 6.147702923080821114e-01
1.000000000000000000e+00 7.853981633974482790e-01 2.400000000000000000e+01 4.240000000000000000e+03 -5.094356126390221784e-02 6.187008012964290149e-01
1.000000000000000000e+00 7.853981633974482790e-01 2.500000000000000000e+01 4.256000000000000000e+03 -5.131851069934656451e-02 6.179906783161158712e-01
1.000000000000000000e+00 7.853981633974482790e-01 2.600000000000000000e+01 4.112000000000000000e+03 -5.082676439663386114e-02 6.150305178663302286e-01
1.000000000000000000e+00 7.853981633974482790e-01 2.700000000000000000e+01 3.984000000000000000e+03 -5.222054700159007440e-02 6.219843372102658030e-01
1.000000000000000000e+00 7.853981633974482790e-01 2.800000000000000000e+01 4.032000000000000000e+03 -5.067426446093848541e-02 6.159066427813805200e-01
1.000000000000000000e+00 7.853981633974482790e-01 2.900000000000000000e+01 3.920000000000000000e+03 -5.012913814646151323e-02 6.122513414470249771e-01
1.000000000000000000e+00 7.853981633974482790e-01 3.000000000000000000e+01 4.064000000000000000e+03 -5.000523104174171146e-02 6.106925432771336260e-01
1.000000000000000000e+00 7.853981633974482790e-01 3.100000000000000000e+01 3.936000000000000000e+03 -5.069900741638792840e-02 6.162125505271073278e-01
1.000000000000000000e+00 7.853981633974482790e-01 3.200000000000000000e+01 3.936000000000000000e+03 -5.098848600864769320e-02 6.152621301767338124e-01
1.000000000000000000e+00 7.853981633974482790e-01 3.300000000000000000e+01 3.968000000000000000e+03 -5.047739901068950402e-02 6.125500507561286723e-01
1.000000000000000000e+00 7.853981633974482790e-01 3.400000000000000000e+01 3.872000000000000000e+03 -5.023408860169231022e-02 6.118348158991830932e-01
1.000000000000000000e+00 7.853981633974482790e-01 3.500000000000000000e+01 4.128000000000000000e+03 -5.217141321241397511e-02 6.230326484365523720e-01
1.000000000000000000e+00 7.853981633974482790e-01 3.600000000000000000e+01 4.128000000000000000e+03 -5.031662657992540949e-02 6.127775994367129497e-01
1.000000000000000000e+00 7.853981633974482790e-01 3.700000000000000000e+01 4.192000000000000000e+03 -5.112560248381076144e-02 6.157408867937043118e-01
1.000000000000000000e+00 7.853981633974482790e-01 3.800000000000000000e+01 4.304000000000000000e+03 -5.000932336884585105e-02 6.124530595478574480e-01
1.000000000000000000e+00 7.853981633974482790e-01 3.900000000000000000e+01 4.160000000000000000e+03 -5.117066115731459114e-02 6.177721275208259977e-01
1.000000000000000000e+00 7.853981633974482790e-01 4.000000000000000000e+01 4.240000000000000000e+03 -4.961153047913287317e-02 6.112940251416866255e-01
1.000000000000000000e+00 7.853981633974482790e-01 4.100000000000000000e+01 3.968000000000000000e+03 -5.059238538431771320e-02 6.154487294269347375e-01
1.000000000000000000e+00 7.853981633974482790e-01 4.200000000000000000e+01 4.192000000000000000e+03 -5.230818763746564876e-02 6.222701083465689287e-01
1.000000000000000000e+00 7.853981633974482790e-01 4.300000000000000000e+01 4.384000000000000000e+03 -5.055325311238478836e-02 6.152580853674010086e-01
1.000000000000000000e+00 7.853981633974482790e-01 4.400000000000000000e+01 4.176000000000000000e+03 -5.210483641634559154e-02 6.214595540631793202e-01
1.000000000000000000e+00 7.853981633974482790e-01 4.500000000000000000e+01 4.208000000000000000e+03 -5.088501838262143168e-02 6.160503236967845853e-01
1.000000000000000000e+00 7.853981633974482790e-01 4.600000000000000000e+01 4.336000000000000000e+03 -5.247397852671656371e-02 6.213547916380600666e-01
1.000000000000000000e+00 7.853981633974482790e-01 4.700000000000000000e+01 4.288000000000000000e+03 -5.051084060414613025e-02 6.162110927323916076e-01
1.000000000000000000e+00 7.853981633974482790e-01 4.800000000000000000e+01 4.272000000000000000e+03 -5.063933589858057166e-02 6.107256707532422446e-01
1.000000000000000000e+00 7.853981633974482790e-01 4.900000000000000000e+01 4.192000000000000000e+03 -5.112789247875584170e-02 6.192990893129423080e-01
1.000000000000000000e+00 7.853981633974482790e-01 5.000000000000000000e+01 4.416000000000000000e+03 -4.980742707401553809e-02 6.104967830302304721e-01
1.000000000000000000e+00 7.853981633974482790e-01 5.100000000000000000e+01 4.192000000000000000e+03 -5.079073131377269401e-02 6.136606116572234093e-01
1.000000000000000000e+00 7.853981633974482790e-01 5.200000000000000000e+01 4.320000000000000000e+03 -5.087386142575222453e-02 6.163698465640853330e-01
1.000000000000000000e+00 7.853981633974482790e-01 5.300000000000000000e+01 4.320000000000000000e+03 -5.022685352855552759e-02 6.113880170462868691e-01
1.000000000000000000e+00 7.853981633974482790e-01 5.400000000000000000e+01 4.208000000000000000e+03 -5.200891960403195707e-02 6.201663628500372338e-01
1.000000000000000000e+00 7.853981633974482790e-01 5.500000000000000000e+01 4.208000000000000000e+03 -4.940027726633541838e-02 6.084139205047021104e-01
1.000000000000000000e+00 7.853981633974482790e-01 5.600000000000000000e+01 4.144000000000000000e+03 -5.180440722415829286e-02 6.202623653889277611e-01
1.000000000000000000e+00 7.853981633974482790e-01 5.700000000000000000e+01 4.192000000000000000e+03 -5.056185757795448460e-02 6.150041978874378756e-01
1.000000000000000000e+00 7.853981633974482790e-01 5.800000000000000000e+01 4.128000000000000000e+03 -5.149246574405690058e-02 6.186074970649416693e-01
1.000000000000000000e+00 7.853981633974482790e-01 5.900000000000000000e+01 4.080000000000000000e+03 -5.146451783839188499e-02 6.211527500108069422e-01
1.000000000000000000e+00 7.853981633974482790e-01 6.000000000000000000e+01 4.144000000000000000e+03 -5.157602843227227646e-02 6.182533294975808280e-01
1.000000000000000000e+00 7.853981633974482790e-01 6.100000000000000000e+01 4.224000000000000000e+03 -5.109789153044288351e-02 6.149657538089512432e-01
1.000000000000000000e+00 7.853981633974482790e-01 6.200000000000000000e+01 4.336000000000000000e+03 -5.061537817807949119e-02 6.162635091911390361e-01
1.000000000000000000e+00 7.853981633974482790e-01 6.300000000000000000e+01 4.176000000000000000e+03 -5.084894644617829473e-02 6.166533148501541772e-01
2.000000000000000000e+00 1.178097245096172418e+00 0.000000000000000000e+00 4.384000000000000000e+03 -2.074810687773800608e-02 5.060661963453908507e-01
2.000000000000000000e+00 1.178097245096172418e+00 1.000000000000000000e+00 4.112000000000000000e+03 -2.386295053876770489e-02 5.345578857981428955e-01
2.000000000000000000e+00 1.178097245096172418e+00 2.000000000000000000e+00 3.968000000000000000e+03 -2.465741453584556486e-02 5.391576640377853114e-01
2.000000000000000000e+00 1.178097245096172418e+00 3.000000000000000000e+00 4.096000000000000000e+03 -2.290420416848645488e-02 5.235609604856805710e-01
2.000000000000000000e+00 1.178097245096172418e+00 4.000000000000000000e+00 4.256000000000000000e+03 -1.924789589913107266e-02 4.902381120111544699e-01
2.000000000000000000e+00 1.178097245096172418e+00 5.000000000000000000e+00 4.032000000000000000e+03 -2.550133161176229915e-02 5.442505059911819654e-01
2.000000000000000000e+00 1.178097245096172418e+00 6.000000000000000000e+00 4.304000000000000000e+03 -2.304665124060773645e-02 5.305575216667103300e-01
2.000000000000000000e+00 1.178097245096172418e+00 7.000000000000000000e+00 4.272000000000000000e+03 -2.560214645089628135e-02 5.375368249147016719e-01
2.000000000000000000e+00 1.178097245096172418e+00 8.000000000000000000e+00 4.176000000000000000e+03 -2.181168949906760191e-02 5.183221189468306678e-01
2.000000000000000000e+00 1.178097245096172418e+00 9.000000000000000000e+00 4.224000000000000000e+03 -2.195947334492307640e-02 5.232024199421804189e-01
2.000000000000000000e+00 1.178097245096172418e+00 1.000000000000000000e+01 4.352000000000000000e+03 -1.842300885268961450e-02 4.918317367497097026e-01
2.000000000000000000e+00 1.178097245096172418e+00 1.100000000000000000e+01 4.304000000000000000e+03 -2.220695182492223030e-02 5.279104621936611119e-01
2.000000000000000000e+00 1.178097245096172418e+00 1.200000000000000000e+01 4.416000000000000000e+03 -2.343110490065150944e-02 5.305228769010781331e-01
2.000000000000000000e+00 1.178097245096172418e+00 1.300000000000000000e+01 4.464000000000000000e+03 -2.426939759106167341e-02 5.342330522238177837e-01
2.000000000000000000e+00 1.178097245096172418e+00 1.400000000000000000e+01 4.160000000000000000e+03 -2.073486501579510644e-02 5.097750027970565645e-01
2.000000000000000000e+00 1.178097245096172418e+00 1.500000000000000000e+01 2.704000000000000000e+03 -2.711627744143542754e-02 5.534793764990624254e-01
2.000000000000000000e+00 1.178097245096172418e+00 1.600000000000000000e+01 4.432000000000000000e+03 -2.464169549888216640e-02 5.345757046876674634e-01
2.000000000000000000e+00 1.178097245096172418e+00 1.700000000000000000e+01 4.560000000000000000e+03 -2.295350441520275717e-02 5.298339384412236175e-01
2.000000000000000000e+00 1.178097245096172418e+00 1.800000000000000000e+01 4.336000000000000000e+03 -2.524203540618539035e-02 5.454020939303244608e-01
2.000000000000000000e+00 1.178097245096172418e+00 1.900000000000000000e+01 4.400000000000000000e+03 -2.444492007975277922e-02 5.369511747566312332e-01
2.000000000000000000e+00 1.178097245096172418e+00 2.000000000000000000e+01 4.400000000000000000e+03 -2.676813840254054638e-02 5.585794170405901093e-01
2.000000000000000000e+00 1.178097245096172418e+00 2.100000000000000000e+01 4.416000000000000000e+03 -2.476383630124831883e-02 5.469782461727289435e-01
2.000000000000000000e+00 1.178097245096172418e+00 2.200000000000000000e+01 4.416000000000000000e+03 -2.379882222339675668e-02 5.376220797707965682e-01
2.000000000000000000e+00 1.178097245096172418e+00 2.300000000000000000e+01 4.608000000000000000e+03 -2.256673554278118554e-02 5.217984982957906137e-01
2.000000000000000000e+00 1.178097245096172418e+00 2.400000000000000000e+01 4.496000000000000000e+03 -2.292259446712895110e-02 5.300746877560449377e-01
2.000000000000000000e+00 1.178097245096172418e+00 2.500000000000000000e+01 4.544000000000000000e+03 -2.415844950149336617e-02 5.302652186450590444e-01
2.000000000000000000e+00 1.178097245096172418e+00 2.600000000000000000e+01 4.672000000000000000e+03 -1.771292257862917829e-02 4.895947682629374631e-01
2.000000000000000000e+00 1.178097245096172418e+00 2.700000000000000000e+01 4.192000000000000000e+03 -2.156585385802436625e-02 5.115515130323424753e-01
2.000000000000000000e+00 1.178097245096172418e+00 2.800000000000000000e+01 4.592000000000000000e+03 -2.243592413221849949e-02 5.299087466379025502e-01
2.000000000000000000e+00 1.178097245096172418e+00 2.900000000000000000e+01 4.624000000000000000e+03 -2.374066862382842591e-02 5.291934880213873260e-01
2.000000000000000000e+00 1.178097245096172418e+00 3.000000000000000000e+01 4.368000000000000000e+03 -2.680074960073570989e-02 5.567352990981838667e-01
2.000000000000000000e+00 1.178097245096172418e+00 3.100000000000000000e+01 4.400000000000000000e+03 -2.515027684223553051e-02 5.441819128726256283e-01
2.000000000000000000e+00 1.178097245096172418e+00 3.200000000000000000e+01 4.576000000000000000e+03 -2.066918074354121004e-02 5.063227347278944634e-01
2.000000000000000000e+00 1.178097245096172418e+00 3.300000000000000000e+01 4.528000000000000000e+03 -2.360001576626648973e-02 5.307081833777487212e-01
2.000000000000000000e+00 1.178097245096172418e+00 3.400000000000000000e+01 4.560000000000000000e+03 -2.197328679710163629e-02 5.146725848662444536e-01
2.000000000000000000e+00 1.178097245096172418e+00 3.500000000000000000e+01 4.496000000000000000e+03 -2.279409036966446866e-02 5.236572141543049952e-01
2.000000000000000000e+00 1.178097245096172418e+00 3.600000000000000000e+01 4.432000000000000000e+03 -2.011741736609581541e-02 5.050015956031072006e-01
2.000000000000000000e+00 1.178097245096172418e+00 3.700000000000000000e+01 4.464000000000000000e+03 -2.205693250157789165e-02 5.209533521018890889e-01
2.000000000000000000e+00 1.178097245096172418e+00 3.800000000000000000e+01 4.416000000000000000e+03 -2.400000734167549027e-02 5.313671609207797353e-01
2.000000000000000000e+00 1.178097245096172418e+00 3.900000000000000000e+01 4.448000000000000000e+03 -2.423307669914777016e-02 5.319378076108737252e-01
2.000000000000000000e+00 1.178097245096172418e+00 4.000000000000000000e+01 4.640000000000000000e+03 -2.410870895860832419e-02 5.353606287322649759e-01
2.000000000000000000e+00 1.178097245096172418e+00 4.100000000000000000e+01 4.432000000000000000e+03 -2.298190722573829892e-02 5.305368398930454532e-01
2.000000000000000000e+00 1.178097245096172418e+00 4.200000000000000000e+01 4.240000000000000000e+03 -2.464877767449017917e-02 5.385942998036080676e-01
2.000000000000000000e+00 1.178097245096172418e+00 4.300000000000000000e+01 4.288000000000000000e+03 -2.063103909124375593e-02 5.163743849660591412e-01
2.000000000000000000e+00 1.178097245096172418e+00 4.400000000000000000e+01 4.224000000000000000e+03 -2.505282969436864460e-02 5.506542766393981436e-01
2.000000000000000000e+00 1.178097245096172418e+00 4.500000000000000000e+01 4.272000000000000000e+03 -2.307856315076414755e-02 5.283978550458636736e-01
2.000000000000000000e+00 1.178097245096172418e+00 4.600000000000000000e+01 4.352000000000000000e+03 -2.139736673964946420e-02 5.119809030334165900e-01
2.000000000000000000e+00 1.178097245096172418e+00 4.700000000000000000e+01 4.464000000000000000e+03 -2.350043504700228061e-02 5.330917874332012918e-01
2.000000000000000000e+00 1.178097245096172418e+00 4.800000000000000000e+01 4.256000000000000000e+03 -2.161675008104665605e-02 5.143691653614840265e-01
2.000000000000000000e+00 1.178097245096172418e+00 4.900000000000000000e+01 4.048000000000000000e+03 -1.982167556605641742e-02 5.077714079673154579e-01
2.000000000000000000e+00 1.178097245096172418e+00 5.000000000000000000e+01 4.176000000000000000e+03 -1.631672529438628685e-02 4.885039103925944426e-01
2.000000000000000000e+00 1.178097245096172418e+00 5.100000000000000000e+01 4.080000000000000000e+03 -2.336594153515014413e-02 5.276526245220661826e-01
2.000000000000000000e+00 1.178097245096172418e+00 5.200000000000000000e+01 4.224000000000000000e+03 -2.088260232721300680e-02 4.991449105311041023e-01
2.000000000000000000e+00 1.178097245096172418e+00 5.300000000000000000e+01 4.368000000000000000e+03 -2.058992270093132348e-02 5.175586721814545710e-01
2.000000000000000000e+00 1.178097245096172418e+00 5.400000000000000000e+01 4.272000000000000000e+03 -2.515426744839730638e-02 5.402041088491347232e-01
2.000000000000000000e+00 1.178097245096172418e+00 5.500000000000000000e+01 4.176000000000000000e+03 -2.478046928283056741e-02 5.388306691916820990e-01
2.000000000000000000e+00 1.178097245096172418e+00 5.600000000000000000e+01 4.048000000000000000e+03 -2.540578615141809993e-02 5.398050333439126103e-01
2.000000000000000000e+00 1.178097245096172418e+00 5.700000000000000000e+01 4.336000000000000000e+03 -2.196464182616017849e-02 5.174915104924151521e-01
2.000000000000000000e+00 1.178097245096172418e+00 5.800000000000000000e+01 4.288000000000000000e+03 -2.364853013380670624e-02 5.281088419631067010e-01
2.000000000000000000e+00 1.178097245096172418e+00 5.900000000000000000e+01 4.432000000000000000e+03 -2.216359544428993592e-02 5.253477336866330116e-01
2.000000000000000000e+00 1.178097245096172418e+00 6.000000000000000000e+01 4.272000000000000000e+03 -2.322464254798952549e-02 5.319268775692650442e-01
2.000000000000000000e+00 1.178097245096172418e+00 6.100000000000000000e+01 4.448000000000000000e+03 -2.017597593175216725e-02 5.096293985446380681e-01
2.000000000000000000e+00 1.178097245096172418e+00 6.200000000000000000e+01 4.336000000000000000e+03 -2.513362053704393945e-02 5.353095029351160328e-01
2.000000000000000000e+00 1.178097245096172418e+00 6.300000000000000000e+01 4.752000000000000000e+03 -2.183844233339675076e-02 5.167023055629698103e-01
