0 14 28 37 15 39
0 37 20 18 14 0
0 33 2 60 5 30
0 47 3 11 8 21
0 8 52 34 57 32
0 36 32 24 62 51
0 34 27 48 36 35
0 1 0 61 1 31
0 35 11 2 30 49
0 3 8 35 49 60
0 51 13 4 39 4
0 43 50 61 59 50
0 32 48 30 31 1
0 43 3 4 17 40
0 40 60 18 51 14
0 52 32 34 13 12
0 0 9 13 43 63
0 20 41 61 31 50
0 59 0 24 50 60
0 53 47 48 17 0
0 33 15 53 62 40
0 54 37 48 32 24
0 2 4 32 30 30
0 16 10 32 57 16
0 2 54 20 50 57
0 9 25 15 61 28
0 47 0 9 31 34
0 63 28 24 22 49
0 7 7 21 17 25
0 9 16 26 28 5
0 51 40 32 18 30
0 30 8 15 5 12
0 13 31 47 54 31
0 51 19 57 18 43
0 13 2 38 60 19
0 21 28 52 32 1
0 6 55 19 5 57
0 13 48 2 59 34
0 30 47 52 51 20
0 18 62 63 18 62
0 33 13 26 5 59
0 11 44 5 20 43
0 51 2 48 60 6
0 48 54 48 4 38
0 50 35 63 52 3
0 15 57 55 49 52
0 48 7 24 51 36
0 47 49 61 47 16
0 32 60 60 57 0
0 61 56 25 25 40
0 4 6 50 61 43
0 57 49 7 17 11
0 25 52 14 12 11
0 50 46 40 46 6
0 43 4 53 58 40
0 7 42 62 24 5
0 24 31 25 56 25
0 8 43 52 1 9
0 57 8 21 28 29
0 11 8 60 57 19
0 32 25 60 51 47
0 31 37 14 58 46
0 50 54 37 52 33
0 53 59 57 46 56
1 51 27 21 15 9
1 62 14 16 3 25
1 47 26 29 24 7
1 54 31 1 45 46
1 5 41 36 53 37
1 54 5 47 9 11
1 38 60 0 35 17
1 37 33 60 24 43
1 17 44 58 46 49
1 62 29 50 42 44
1 50 53 54 1 3
1 18 58 49 48 50
1 26 45 30 47 8
1 12 22 62 19 61
1 40 1 47 49 6
1 29 53 57 26 54
1 42 2 39 29 43
1 9 63 9 35 4
1 58 17 51 20 39
1 1 42 22 24 35
1 3 11 63 20 2
1 16 31 34 36 38
1 8 45 61 41 18
1 41 3 41 53 32
1 59 9 21 35 63
1 26 46 35 59 39
1 26 36 12 57 63
1 21 4 36 18 25
1 41 5 55 1 45
1 2 38 4 39 55
1 55 53 15 24 38
1 42 20 48 15 40
1 45 28 33 37 6
1 58 19 40 11 28
1 15 2 56 16 11
1 27 41 30 60 29
1 16 47 44 63 17
1 57 21 48 4 58
1 50 56 28 33 54
1 51 26 10 34 20
1 37 55 5 26 6
1 27 14 61 63 32
1 51 36 55 23 4
1 23 34 39 6 39
1 49 29 51 3 45
1 17 32 0 48 14
1 29 26 11 32 6
1 32 20 6 2 58
1 4 40 44 30 4
1 0 15 12 7 44
1 33 32 31 3 32
1 25 36 31 31 45
1 40 16 53 42 43
1 43 17 32 63 4
1 27 2 23 60 40
1 42 29 15 59 23
1 6 46 10 34 23
1 41 51 10 58 39
1 13 15 47 27 21
1 13 44 51 8 23
1 26 37 29 40 49
1 29 28 47 13 35
1 8 61 42 18 35
1 0 11 40 22 54
2 61 44 46 42 13
2 48 14 13 30 35
2 56 46 5 48 52
2 27 16 46 18 26
2 23 32 10 9 34
2 20 12 62 55 17
2 11 22 63 39 58
2 20 49 54 34 6
2 31 51 17 52 29
2 11 48 26 42 34
2 52 35 44 51 56
2 7 24 2 40 2
2 20 24 37 25 37
2 54 55 22 9 48
2 19 48 25 17 39
2 7 11 53 36 61
2 61 40 35 26 45
2 55 43 30 51 49
2 19 33 58 26 47
2 18 54 30 9 5
2 13 19 37 23 2
2 49 6 40 21 46
2 30 59 44 46 52
2 0 16 54 31 34
2 61 11 41 62 15
2 21 12 15 46 24
2 59 25 31 50 50
2 43 35 43 59 42
2 29 33 4 26 57
2 30 61 62 36 25
2 13 37 57 17 61
2 15 26 35 54 46
2 19 42 23 5 1
2 28 45 18 40 53
2 45 21 53 19 55
2 27 34 22 6 17
2 53 7 1 31 8
2 9 42 29 52 60
2 38 13 42 43 36
2 12 44 2 31 14
2 26 20 48 0 15
2 3 53 20 60 58
2 21 53 59 20 42
2 44 63 56 4 2
2 62 17 24 37 21
2 45 25 55 22 56
2 21 48 4 7 5
2 40 46 55 48 16
2 59 53 58 24 33
2 5 16 21 58 48
2 27 45 24 36 18
2 20 18 57 20 19
2 14 18 62 15 57
2 46 58 61 44 5
2 21 57 22 55 16
2 25 4 52 20 40
2 37 47 14 34 30
2 40 0 42 61 54
2 38 46 0 44 52
2 16 52 51 4 53
2 14 23 61 52 58
2 58 14 25 4 19
2 10 30 25 42 8
2 13 33 13 44 14
3 17 47 3 39 24
3 30 63 26 18 2
3 23 13 32 61 11
3 18 15 2 22 45
3 14 25 22 63 47
3 16 0 41 7 32
3 12 38 63 33 1
3 14 2 20 29 55
3 49 14 2 13 11
3 34 0 10 11 34
3 2 0 2 23 63
3 27 18 44 37 56
3 17 11 9 37 54
3 42 0 9 34 6
3 34 55 3 24 20
3 26 21 19 18 14
3 63 52 52 1 46
3 33 24 62 6 57
3 61 49 18 25 23
3 28 24 15 36 62
3 23 18 10 47 63
3 22 9 24 2 35
3 13 6 50 17 17
3 6 51 62 55 51
3 31 10 5 10 54
3 43 0 1 42 34
3 6 42 21 40 29
3 7 43 52 54 26
3 39 33 52 47 32
3 39 55 55 37 15
3 61 13 1 50 63
3 47 53 12 19 53
3 32 43 13 63 15
3 25 21 14 49 62
3 17 3 49 16 31
3 45 8 22 39 49
3 25 54 5 9 38
3 6 46 44 10 10
3 29 31 16 30 16
3 6 23 13 57 37
3 29 17 13 36 35
3 5 39 29 43 17
3 5 25 6 61 53
3 20 20 28 27 10
3 50 37 49 39 38
3 38 9 39 59 19
3 10 22 31 13 34
3 52 24 45 28 56
3 15 6 14 38 29
3 29 7 21 7 14
3 60 6 13 52 1
3 46 25 59 12 61
3 14 62 0 47 10
3 7 15 55 18 43
3 23 24 52 23 57
3 40 26 18 16 19
3 9 22 6 11 5
3 55 7 46 33 42
3 55 42 23 30 56
3 53 15 11 51 9
3 46 19 19 29 35
3 8 50 38 32 19
3 18 51 11 38 33
3 49 14 41 43 32
4 32 44 6 2 40
4 14 9 14 36 21
4 17 29 53 12 38
4 1 1 38 31 6
4 8 56 63 33 36
4 42 7 1 25 23
4 35 39 14 10 33
4 10 61 62 6 25
4 59 26 25 6 33
4 36 56 11 24 25
4 54 20 37 39 0
4 57 2 11 7 25
4 60 24 8 12 32
4 46 53 1 45 22
4 25 55 52 8 8
4 18 15 46 6 44
4 17 41 15 9 7
4 54 59 8 0 57
4 23 6 14 25 49
4 1 6 48 43 51
4 37 46 53 49 33
4 14 9 52 8 10
4 56 41 34 17 55
4 55 32 33 45 57
4 34 61 54 54 37
4 37 18 56 29 9
4 36 27 44 4 13
4 12 47 43 30 48
4 3 19 39 7 62
4 25 11 57 4 0
4 1 31 20 17 47
4 37 62 1 43 5
4 5 35 42 5 41
4 30 46 60 34 62
4 27 39 14 11 41
4 53 21 60 20 25
4 34 41 58 62 22
4 35 27 60 5 58
4 34 4 6 6 4
4 14 39 30 41 46
4 12 61 24 4 61
4 50 5 31 57 36
4 49 4 41 57 8
4 9 38 16 44 61
4 58 41 46 53 37
4 15 44 60 31 60
4 53 37 27 60 36
4 31 55 34 54 34
4 54 26 11 27 21
4 55 8 58 2 59
4 37 51 10 21 26
4 32 62 57 9 25
4 8 59 1 1 19
4 62 1 44 57 9
4 17 6 20 46 59
4 2 3 57 11 36
4 54 17 50 62 0
4 49 7 54 31 35
4 24 52 59 5 58
4 40 24 41 28 13
4 9 54 12 22 45
4 58 56 45 28 41
4 10 10 54 1 32
4 35 60 39 39 8
5 51 18 58 8 5
5 31 8 0 9 32
5 51 44 13 12 30
5 12 0 5 44 47
5 30 23 13 25 56
5 50 32 20 4 25
5 11 48 17 13 55
5 49 57 20 38 15
5 63 6 13 52 43
5 38 52 34 63 24
5 33 22 55 54 59
5 2 45 6 42 3
5 35 6 34 7 33
5 38 50 25 27 14
5 0 55 44 25 41
5 37 29 37 6 60
5 12 46 51 19 51
5 43 34 11 32 6
5 6 10 8 36 17
5 15 51 7 50 59
5 58 61 24 48 8
5 42 11 13 2 54
5 60 9 0 44 61
5 52 62 26 28 52
5 9 41 32 14 44
5 10 3 18 12 12
5 52 0 48 52 49
5 27 19 50 15 4
5 34 25 37 56 22
5 45 14 39 20 60
5 16 59 6 25 18
5 0 16 63 9 17
5 55 1 10 11 24
5 2 10 2 16 57
5 5 54 20 49 28
5 16 49 46 33 57
5 54 14 2 15 34
5 34 54 55 50 54
5 21 48 13 2 8
5 58 47 44 28 56
5 41 38 46 55 50
5 14 14 51 25 3
5 54 33 60 28 12
5 0 55 54 16 13
5 63 33 13 8 13
5 17 59 25 10 32
5 44 60 23 62 45
5 36 15 6 13 43
5 34 31 7 18 13
5 44 7 17 61 37
5 32 56 55 8 3
5 34 30 15 33 50
5 21 6 45 26 54
5 44 58 6 26 48
5 52 8 46 6 1
5 40 41 40 0 23
5 16 35 38 41 51
5 4 44 17 29 58
5 6 38 14 37 37
5 32 23 7 5 47
5 30 48 24 19 56
5 26 55 6 3 56
5 7 14 58 17 49
5 36 54 27 44 17
6 58 17 26 41 2
6 5 20 28 63 33
6 44 56 63 46 58
6 17 4 17 53 53
6 12 2 27 54 57
6 56 3 60 3 2
6 61 14 4 39 33
6 13 7 56 59 28
6 18 25 47 58 62
6 28 28 29 63 20
6 20 59 48 9 52
6 10 51 26 57 36
6 28 49 44 18 27
6 13 46 50 2 19
6 56 52 33 26 29
6 8 29 9 30 30
6 42 6 24 36 12
6 9 31 47 30 47
6 49 49 33 18 51
6 38 6 45 19 18
6 51 60 16 6 2
6 50 0 62 5 9
6 6 52 31 1 0
6 20 23 23 54 54
6 0 50 21 43 41
6 56 53 45 53 33
6 0 2 46 3 0
6 48 19 29 26 62
6 40 51 28 3 11
6 6 34 63 48 28
6 7 9 45 63 23
6 9 39 45 14 56
6 28 59 16 43 8
6 10 37 9 39 31
6 41 3 48 18 44
6 29 0 5 9 47
6 61 26 39 21 58
6 26 24 37 41 11
6 32 60 39 28 0
6 50 34 55 28 49
6 43 45 46 50 31
6 52 39 33 58 59
6 45 14 22 23 59
6 21 44 44 38 49
6 31 48 16 48 36
6 5 56 7 46 33
6 7 53 21 32 4
6 20 16 33 35 9
6 49 30 55 14 9
6 58 10 20 58 40
6 41 60 60 7 3
6 26 15 29 14 1
6 52 35 44 27 14
6 0 15 57 12 30
6 16 14 1 38 5
6 25 18 20 20 35
6 11 52 6 46 34
6 11 34 3 16 2
6 12 1 57 24 61
6 7 53 29 60 56
6 44 11 48 1 7
6 19 50 41 49 22
6 12 58 35 62 24
6 50 49 42 17 47
7 28 28 40 8 51
7 11 18 58 12 10
7 40 34 43 31 46
7 62 33 33 44 43
7 35 31 33 31 61
7 2 6 24 27 12
7 24 57 25 49 62
7 33 1 27 0 42
7 33 26 60 29 2
7 19 9 18 30 10
7 35 30 12 19 59
7 63 33 42 21 27
7 15 45 55 9 50
7 58 24 12 18 18
7 45 3 38 22 12
7 19 30 6 49 2
7 34 54 9 9 42
7 18 49 24 35 52
7 50 7 48 22 7
7 49 60 10 29 19
7 22 56 18 16 19
7 43 6 43 17 44
7 37 37 10 41 41
7 63 40 23 40 57
7 36 3 49 15 19
7 61 37 5 60 21
7 6 53 12 41 27
7 19 32 38 37 23
7 38 55 55 38 7
7 0 63 48 63 49
7 31 20 12 37 20
7 52 19 29 52 5
7 8 5 62 59 23
7 63 19 57 30 33
7 53 13 59 16 33
7 39 33 62 46 44
7 6 9 63 39 39
7 48 58 39 48 49
7 60 37 0 1 29
7 51 37 34 60 20
7 0 12 15 60 43
7 36 40 31 58 2
7 25 56 36 46 62
7 47 46 60 41 50
7 39 59 32 55 35
7 28 56 35 62 39
7 50 20 62 11 5
7 21 59 56 39 1
7 46 54 27 23 58
7 23 22 63 49 49
7 31 44 5 39 13
7 63 31 8 9 62
7 2 1 15 63 36
7 37 30 10 4 54
7 46 58 60 38 30
7 37 57 38 40 26
7 49 2 18 23 23
7 45 3 52 23 7
7 27 51 31 20 15
7 40 16 8 19 15
7 3 15 36 49 44
7 16 54 48 3 27
7 37 56 12 62 24
7 62 12 28 17 37
8 50 42 4 4 22
8 34 46 32 14 24
8 20 15 4 61 55
8 38 11 60 37 40
8 24 11 48 5 40
8 60 63 43 17 23
8 6 56 17 21 9
8 34 59 46 40 16
8 0 10 40 6 2
8 5 51 36 16 30
8 28 6 15 4 28
8 2 35 20 55 45
8 20 35 14 51 26
8 25 53 37 51 20
8 32 6 33 48 32
8 57 13 19 38 61
8 57 47 43 4 40
8 62 61 51 28 54
8 23 36 25 29 61
8 48 30 30 35 1
8 26 37 50 37 49
8 43 51 50 59 14
8 2 59 58 60 14
8 7 47 61 2 14
8 52 23 38 24 39
8 42 63 63 2 21
8 25 29 38 63 36
8 36 40 29 34 20
8 63 4 34 41 63
8 10 6 7 26 15
8 27 15 35 60 17
8 16 34 5 27 7
8 14 24 6 16 4
8 35 33 11 36 60
8 30 38 39 27 47
8 18 22 40 27 16
8 7 57 20 18 38
8 23 13 24 3 45
8 60 53 12 52 49
8 1 23 10 16 54
8 1 39 28 4 53
8 48 35 15 45 51
8 20 11 22 22 8
8 13 47 16 26 13
8 39 54 50 5 36
8 43 9 13 25 44
8 9 42 54 51 10
8 10 5 16 40 54
8 46 34 59 36 47
8 21 15 18 27 27
8 23 52 34 50 44
8 56 34 33 63 57
8 38 9 35 63 44
8 23 31 9 63 45
8 44 10 24 35 0
8 43 57 42 44 48
8 32 3 12 9 28
8 62 38 30 50 7
8 3 43 32 6 17
8 44 52 53 13 36
8 58 50 59 40 47
8 34 38 31 37 15
8 58 4 41 27 22
8 21 54 35 22 34
9 62 33 38 56 8
9 17 29 61 34 39
9 19 2 45 20 58
9 59 54 27 53 39
9 54 2 51 57 4
9 5 18 22 15 41
9 40 31 50 38 6
9 53 2 24 42 30
9 1 6 29 56 51
9 52 31 10 58 34
9 7 13 18 3 22
9 59 27 9 61 8
9 39 40 3 36 30
9 57 17 14 27 50
9 28 39 32 60 44
9 37 55 57 2 20
9 8 17 60 21 63
9 21 2 39 26 22
9 35 44 21 35 63
9 9 48 40 45 51
9 59 16 3 51 51
9 49 11 0 43 47
9 29 15 32 35 15
9 51 52 32 2 31
9 5 32 20 33 44
9 32 39 1 0 39
9 18 17 18 51 21
9 53 25 58 52 42
9 29 4 16 42 17
9 31 9 11 39 61
9 5 3 51 62 39
9 3 35 45 57 10
9 49 22 8 8 10
9 53 33 1 47 54
9 61 36 7 30 45
9 2 50 30 33 24
9 28 37 61 23 61
9 47 62 62 36 10
9 59 61 30 40 59
9 43 27 46 9 27
9 59 22 15 60 1
9 8 7 38 28 61
9 28 30 7 56 63
9 2 57 7 45 57
9 4 18 23 58 35
9 40 42 56 10 36
9 31 60 59 32 31
9 13 33 1 55 12
9 56 10 34 1 44
9 34 18 42 54 17
9 26 58 53 28 48
9 3 24 2 19 14
9 37 9 19 59 43
9 13 21 44 41 40
9 9 3 13 19 16
9 4 60 36 40 9
9 16 56 16 5 40
9 4 49 19 11 14
9 49 16 52 40 4
9 25 9 13 0 5
9 6 6 42 44 11
9 39 52 13 0 15
9 57 12 9 37 48
9 38 11 54 6 28
10 48 11 37 57 14
10 31 50 2 49 6
10 10 43 24 37 60
10 11 5 30 58 29
10 17 14 35 3 39
10 5 38 51 44 41
10 20 43 17 44 34
10 48 8 37 57 60
10 20 48 17 13 57
10 12 47 19 61 41
10 31 34 35 20 27
10 24 52 59 62 42
10 47 12 5 23 42
10 41 15 19 2 0
10 34 63 19 34 42
10 19 59 55 24 16
10 49 63 4 9 18
10 19 55 61 8 17
10 6 63 29 32 6
10 8 43 18 14 20
10 11 31 51 21 32
10 5 10 14 11 37
10 56 9 33 63 50
10 18 60 62 3 34
10 50 19 33 63 49
10 32 48 1 40 21
10 49 2 41 51 12
10 34 44 49 1 22
10 42 18 17 22 57
10 37 30 38 25 29
10 9 35 23 8 27
10 53 0 4 8 38
10 22 62 15 31 44
10 7 33 1 60 15
10 42 23 7 22 45
10 53 52 63 28 29
10 50 49 39 41 0
10 60 63 54 32 52
10 10 60 23 52 59
10 24 16 35 63 15
10 15 28 53 28 1
10 46 25 55 28 23
10 3 62 16 35 50
10 55 34 5 48 55
10 59 21 12 25 54
10 20 11 36 57 23
10 54 63 36 42 43
10 26 16 50 43 10
10 51 18 42 5 52
10 17 12 12 9 47
10 8 61 6 50 45
10 63 27 57 12 4
10 0 35 51 51 23
10 41 4 9 20 26
10 3 51 16 16 53
10 32 36 30 41 10
10 31 37 30 36 0
10 40 13 10 38 48
10 6 56 35 37 58
10 52 44 62 8 15
10 43 34 14 12 18
10 17 29 39 34 58
10 52 34 47 13 10
10 61 56 49 50 3
11 6 21 62 18 23
11 37 32 27 5 41
11 19 47 32 12 13
11 57 5 2 45 5
11 48 8 5 0 60
11 38 58 41 33 8
11 33 47 24 63 0
11 19 36 16 52 63
11 7 10 0 25 23
11 23 2 63 40 28
11 38 44 52 15 37
11 59 45 1 46 6
11 43 44 7 16 16
11 44 30 42 43 44
11 16 0 15 42 27
11 57 31 3 7 20
11 53 15 9 50 42
11 17 8 38 13 62
11 15 18 15 7 2
11 22 30 60 12 31
11 11 46 50 47 3
11 38 32 19 55 36
11 55 42 31 21 53
11 39 30 60 44 41
11 48 35 16 12 15
11 43 45 37 39 20
11 2 9 17 11 51
11 8 22 19 48 45
11 59 32 22 20 54
11 9 18 54 3 53
11 8 53 60 21 55
11 47 58 48 46 55
11 55 58 0 4 8
11 26 40 28 26 25
11 50 60 32 51 23
11 5 33 52 10 60
11 54 61 46 24 41
11 12 57 51 37 5
11 3 10 38 57 56
11 38 29 32 18 35
11 40 26 11 52 19
11 6 44 53 40 10
11 48 39 46 57 24
11 58 31 5 18 56
11 27 42 42 47 20
11 30 52 39 55 58
11 56 16 57 53 22
11 3 47 3 31 19
11 16 49 43 48 57
11 26 14 61 26 14
11 52 61 18 39 8
11 35 37 4 40 33
11 41 32 1 34 54
11 44 43 8 43 54
11 8 12 20 36 62
11 4 22 42 39 7
11 8 21 4 54 11
11 19 30 29 28 38
11 16 3 44 0 1
11 53 50 21 41 17
11 20 60 43 55 45
11 31 7 35 55 57
11 29 43 14 27 22
11 23 51 41 27 14
12 55 20 49 57 48
12 4 56 52 17 51
12 7 59 20 58 58
12 22 24 60 11 55
12 21 20 35 58 56
12 22 57 13 48 29
12 13 53 27 18 48
12 14 33 21 29 52
12 28 0 33 12 0
12 63 7 48 21 53
12 30 5 41 18 4
12 40 50 13 42 46
12 45 53 48 46 9
12 46 52 16 22 48
12 20 0 47 3 27
12 50 2 59 0 2
12 36 26 24 35 22
12 46 12 22 6 7
12 45 3 4 16 18
12 48 26 22 60 29
12 5 22 0 13 46
12 51 45 47 29 12
12 38 31 26 19 21
12 57 22 29 42 30
12 63 44 18 11 44
12 53 58 39 8 30
12 2 6 55 25 38
12 62 46 59 28 44
12 38 44 51 29 59
12 54 10 35 34 23
12 2 41 8 52 34
12 4 42 24 37 62
12 31 46 52 2 7
12 3 37 12 7 47
12 28 30 58 3 58
12 0 8 30 21 25
12 41 37 11 9 47
12 40 22 59 60 48
12 53 21 51 17 61
12 32 20 28 50 16
12 36 53 58 56 29
12 12 58 58 24 32
12 15 30 10 47 41
12 62 51 12 22 18
12 21 58 37 39 23
12 15 50 51 55 21
12 0 1 38 38 3
12 5 50 25 8 43
12 58 30 28 55 9
12 49 48 27 36 24
12 34 43 7 18 39
12 34 57 11 39 12
12 30 9 19 8 15
12 21 48 18 55 24
12 1 14 16 3 17
12 17 5 49 47 39
12 13 1 1 13 2
12 19 54 15 61 32
12 46 21 18 62 20
12 56 51 44 4 61
12 54 23 27 16 42
12 12 4 12 53 34
12 27 24 53 46 13
12 33 20 58 53 62
13 47 46 24 56 31
13 11 59 26 53 27
13 12 8 10 14 41
13 20 34 24 2 12
13 62 11 31 43 35
13 23 53 16 14 20
13 37 36 26 18 36
13 23 12 11 43 34
13 63 1 48 15 49
13 0 48 19 1 40
13 2 18 48 12 13
13 47 50 10 57 41
13 21 33 1 7 22
13 44 21 4 18 60
13 18 37 29 39 30
13 47 58 2 29 39
13 32 14 49 51 1
13 59 8 52 25 61
13 44 16 7 44 62
13 12 1 17 46 58
13 63 52 20 29 41
13 21 20 3 49 5
13 43 17 51 49 54
13 9 29 46 38 49
13 38 45 28 21 31
13 3 7 23 50 34
13 48 32 63 42 17
13 13 46 12 54 36
13 12 20 53 1 33
13 59 0 37 32 0
13 55 28 26 41 16
13 10 42 58 43 45
13 27 11 0 29 29
13 27 17 0 47 43
13 15 63 3 47 36
13 35 26 31 52 31
13 47 26 43 22 21
13 23 36 40 56 48
13 20 26 54 41 0
13 33 4 10 7 34
13 11 48 63 38 19
13 47 16 60 7 18
13 15 22 7 31 13
13 41 43 55 14 21
13 28 38 55 15 40
13 12 55 0 11 49
13 34 31 13 26 40
13 43 28 26 55 12
13 13 26 40 18 58
13 58 20 46 5 29
13 7 2 24 37 58
13 25 28 40 32 32
13 55 17 48 30 27
13 5 15 27 43 32
13 45 3 18 23 42
13 19 29 29 17 11
13 9 38 15 24 39
13 52 58 48 21 36
13 11 58 42 16 33
13 35 56 19 47 36
13 63 25 58 13 63
13 62 4 59 10 20
13 63 34 22 23 13
13 10 63 41 32 38
14 10 5 20 50 1
14 11 35 61 2 3
14 61 30 53 47 32
14 44 6 52 44 55
14 50 6 59 16 1
14 22 21 52 22 50
14 3 15 49 49 13
14 53 23 49 51 7
14 41 25 26 20 42
14 43 11 63 47 1
14 27 6 39 24 51
14 46 39 1 9 58
14 41 0 30 28 56
14 15 58 17 21 4
14 59 24 9 5 51
14 51 52 15 51 62
14 38 58 1 63 8
14 38 49 34 44 31
14 22 56 49 24 22
14 17 22 26 22 49
14 21 55 37 18 5
14 18 59 12 48 10
14 54 31 5 8 42
14 35 15 35 58 9
14 59 7 44 3 18
14 26 29 55 61 59
14 41 17 59 27 6
14 0 47 4 33 13
14 25 51 7 53 31
14 34 4 9 56 32
14 12 2 35 44 54
14 53 45 45 21 7
14 21 52 57 56 49
14 60 58 21 26 41
14 40 25 42 23 18
14 11 5 30 22 41
14 58 2 55 38 29
14 54 52 45 36 40
14 52 55 25 31 5
14 50 60 9 33 14
14 53 33 7 21 6
14 32 58 54 24 46
14 56 6 56 32 16
14 27 5 62 5 36
14 25 39 53 26 57
14 28 62 29 62 37
14 28 48 61 15 10
14 56 44 40 0 1
14 51 50 53 5 53
14 51 53 47 18 36
14 43 21 58 1 6
14 3 47 18 47 42
14 14 22 61 2 32
14 61 8 49 42 26
14 12 58 47 15 36
14 33 54 60 15 29
14 29 19 0 22 34
14 56 13 23 26 50
14 44 24 25 7 50
14 35 23 61 44 45
14 34 62 8 44 24
14 35 55 42 0 59
14 23 38 34 32 45
14 52 7 12 62 10
15 54 3 52 42 62
15 21 51 18 21 42
15 47 56 27 28 38
15 37 15 35 14 18
15 47 5 8 35 24
15 6 57 10 32 46
15 30 32 3 37 21
15 4 63 32 47 26
15 9 5 44 60 6
15 1 18 40 15 13
15 53 38 46 18 40
15 23 34 14 10 45
15 33 17 1 20 41
15 39 29 56 5 59
15 4 7 38 31 11
15 32 16 37 34 52
15 4 9 6 32 27
15 58 8 1 27 21
15 7 60 53 60 1
15 3 28 21 21 63
15 17 4 45 20 18
15 18 4 13 36 28
15 49 32 51 1 30
15 0 61 31 61 26
15 61 41 4 49 31
15 44 23 10 54 3
15 27 54 7 45 56
15 39 40 16 13 5
15 48 14 49 21 50
15 13 40 35 38 50
15 3 30 53 8 9
15 13 50 4 38 17
15 13 41 33 12 38
15 10 42 36 45 39
15 22 26 2 0 9
15 10 26 48 53 17
15 41 27 36 56 31
15 10 26 44 59 56
15 32 45 39 63 50
15 37 33 2 44 12
15 61 61 27 37 63
15 21 28 47 62 39
15 34 45 14 22 1
15 17 44 44 43 60
15 53 40 36 62 62
15 57 53 23 0 61
15 46 2 34 40 60
15 30 19 19 62 24
15 5 30 4 59 41
15 14 25 18 1 21
15 15 59 28 29 19
15 55 36 40 13 45
15 15 7 62 14 58
15 53 27 15 3 49
15 34 57 63 54 8
15 4 36 26 7 60
15 25 55 39 23 15
15 15 24 31 60 6
15 46 35 39 13 25
15 19 24 63 32 6
15 45 35 3 27 52
15 28 53 16 63 1
15 18 43 21 33 27
15 55 46 20 59 1
16 30 41 8 3 41
16 36 33 41 8 15
16 34 43 27 17 1
16 46 22 62 33 63
16 12 62 23 2 46
16 51 26 19 8 7
16 4 18 44 2 7
16 61 28 58 11 62
16 6 37 59 47 10
16 40 53 51 50 59
16 24 27 17 13 5
16 46 59 46 18 49
16 11 61 40 6 2
16 46 22 37 16 48
16 2 27 37 42 23
16 47 17 4 4 42
16 49 27 15 0 32
16 14 56 22 60 58
16 7 33 22 23 2
16 43 38 50 22 26
16 34 36 34 0 3
16 43 3 24 48 13
16 31 43 28 54 55
16 13 15 63 16 38
16 10 3 8 56 55
16 61 53 55 52 6
16 15 5 29 40 39
16 42 0 17 15 9
16 24 32 10 43 41
16 56 26 48 24 47
16 10 18 13 24 40
16 52 27 13 5 2
16 6 3 39 58 32
16 51 43 5 2 0
16 34 62 61 1 31
16 29 50 19 47 33
16 44 20 45 39 7
16 40 12 43 47 19
16 63 42 43 53 28
16 49 41 46 47 15
16 59 57 44 1 7
16 36 18 33 14 18
16 33 46 50 20 27
16 15 17 23 54 45
16 41 27 46 24 62
16 53 29 22 12 29
16 38 20 43 22 55
16 56 28 54 33 41
16 27 29 11 46 10
16 30 16 61 25 62
16 5 41 14 21 25
16 22 32 61 58 59
16 42 40 51 17 24
16 29 59 44 23 16
16 14 54 7 57 3
16 51 31 41 34 51
16 46 56 43 45 41
16 23 17 0 1 15
16 45 49 44 23 55
16 57 56 27 24 15
16 20 48 3 28 34
16 60 41 34 58 1
16 51 23 56 13 62
16 21 44 29 37 45
17 45 61 49 16 36
17 38 43 21 46 26
17 31 49 63 54 58
17 61 61 11 2 27
17 40 21 34 52 11
17 21 22 18 19 61
17 62 62 7 61 40
17 22 12 37 49 46
17 21 34 16 58 19
17 16 47 62 31 11
17 20 52 32 27 7
17 3 41 31 12 3
17 7 30 47 5 28
17 35 51 39 49 2
17 22 54 41 51 61
17 13 63 2 19 11
17 36 10 21 33 19
17 2 43 8 2 2
17 11 38 48 47 48
17 17 26 49 47 53
17 45 26 9 32 40
17 44 28 48 55 35
17 2 39 27 7 11
17 49 54 19 13 9
17 22 53 2 17 15
17 53 12 45 8 22
17 48 46 8 46 3
17 0 11 24 46 52
17 17 12 20 9 38
17 16 38 30 58 20
17 24 8 14 16 7
17 46 0 45 45 52
17 58 15 23 49 4
17 39 61 2 61 1
17 47 58 52 46 21
17 36 40 29 30 28
17 33 28 14 30 61
17 20 12 25 42 8
17 54 60 6 32 7
17 36 15 25 30 19
17 47 49 43 34 2
17 52 19 48 3 44
17 16 27 58 44 55
17 4 61 24 40 23
17 17 38 3 45 16
17 56 63 60 35 31
17 39 16 40 24 57
17 45 23 43 41 42
17 25 20 35 28 57
17 2 4 19 25 28
17 58 42 48 27 43
17 44 17 19 25 41
17 55 26 51 42 49
17 58 36 12 53 24
17 57 21 31 35 11
17 47 23 25 25 57
17 49 28 63 33 30
17 42 40 40 30 38
17 32 60 55 55 22
17 7 47 42 45 45
17 43 21 51 19 27
17 5 54 18 28 60
17 29 49 5 4 35
17 9 40 8 15 20
18 22 61 46 52 44
18 9 7 56 52 18
18 1 29 55 30 29
18 11 38 41 19 19
18 6 37 33 41 9
18 15 0 60 56 29
18 42 9 2 46 52
18 2 52 56 4 24
18 13 11 49 24 36
18 21 10 17 0 45
18 35 45 23 45 63
18 54 47 20 39 8
18 25 31 51 1 40
18 23 60 49 10 40
18 28 11 48 57 8
18 58 20 40 45 49
18 15 34 43 62 21
18 54 34 17 44 25
18 56 1 29 54 1
18 20 18 29 28 35
18 21 32 40 38 53
18 9 40 39 35 30
18 17 10 49 40 47
18 9 2 39 24 51
18 50 6 19 11 24
18 1 23 43 35 34
18 32 37 3 23 35
18 59 33 17 12 18
18 30 27 20 0 37
18 9 8 34 57 52
18 58 31 58 50 20
18 27 20 12 29 53
18 59 51 28 52 24
18 19 60 14 23 61
18 62 16 32 50 39
18 48 47 0 5 25
18 34 10 1 44 18
18 22 51 32 15 54
18 54 40 10 1 32
18 36 15 10 21 52
18 33 19 15 2 13
18 17 46 20 13 35
18 22 59 29 4 6
18 49 41 47 1 33
18 58 28 61 54 16
18 62 37 36 14 52
18 43 37 61 44 57
18 26 0 8 61 54
18 36 37 23 16 34
18 30 22 10 59 12
18 13 57 11 45 63
18 21 7 3 12 48
18 61 48 49 63 54
18 42 54 19 17 8
18 8 46 40 10 27
18 26 15 18 46 37
18 21 33 18 63 60
18 36 22 39 7 59
18 7 8 40 48 25
18 37 38 51 22 5
18 27 10 5 49 16
18 43 46 21 49 63
18 53 13 56 10 53
18 45 58 57 34 15
19 20 44 22 25 8
19 2 35 42 57 55
19 40 19 59 51 41
19 5 5 25 3 24
19 19 15 49 0 55
19 21 18 31 53 14
19 38 42 14 40 46
19 40 62 47 55 59
19 60 39 7 40 26
19 37 23 59 20 20
19 62 39 3 25 16
19 47 13 1 46 45
19 33 22 3 6 35
19 22 39 45 38 33
19 44 61 14 18 30
19 49 21 25 7 26
19 59 53 21 13 1
19 44 53 36 61 63
19 13 24 51 31 22
19 45 30 57 40 28
19 33 44 13 34 29
19 23 50 42 3 39
19 3 15 47 16 34
19 16 20 23 49 48
19 50 36 46 42 51
19 53 36 41 51 26
19 32 62 26 12 23
19 55 59 46 30 19
19 39 38 4 0 10
19 54 48 61 16 8
19 19 8 17 21 29
19 24 59 22 15 61
19 37 24 32 35 48
19 16 63 54 45 13
19 42 27 14 10 35
19 12 0 28 35 37
19 11 26 42 4 38
19 17 55 57 22 2
19 1 54 39 53 56
19 7 16 26 29 6
19 0 16 52 4 60
19 36 48 32 45 44
19 39 51 24 8 48
19 63 25 49 22 42
19 10 15 19 33 42
19 35 10 46 45 62
19 58 28 14 45 40
19 26 49 22 14 5
19 14 32 48 59 10
19 62 52 49 8 3
19 28 57 5 47 22
19 55 22 13 37 49
19 32 53 25 50 35
19 5 55 10 63 40
19 35 26 0 42 61
19 48 30 51 11 35
19 36 22 56 0 43
19 48 55 59 27 29
19 44 45 15 21 25
19 60 29 32 27 26
19 23 17 29 7 51
19 33 12 61 29 38
19 54 47 40 12 36
19 40 63 11 46 63
20 55 17 38 23 24
20 54 55 41 7 44
20 32 57 23 63 12
20 5 40 43 30 51
20 16 38 11 6 54
20 54 31 34 21 57
20 62 7 7 49 21
20 52 39 28 23 49
20 4 7 26 32 19
20 39 17 57 4 5
20 30 32 10 45 34
20 32 16 63 60 22
20 11 17 3 4 36
20 8 43 20 62 7
20 27 16 41 40 40
20 5 13 31 29 7
20 56 62 17 1 62
20 29 46 54 26 20
20 21 61 22 56 6
20 31 16 62 62 38
20 51 17 17 39 0
20 38 46 46 59 60
20 47 37 50 40 59
20 60 41 20 25 58
20 11 37 5 3 53
20 18 36 26 49 45
20 1 37 31 2 61
20 63 9 10 58 26
20 38 43 51 6 28
20 2 42 49 45 27
20 10 29 18 39 37
20 11 45 58 46 12
20 57 11 28 44 30
20 54 12 16 11 39
20 41 18 2 41 1
20 11 16 29 0 60
20 16 2 39 39 50
20 2 54 26 50 0
20 16 28 11 59 27
20 56 39 46 47 57
20 39 29 45 23 54
20 16 50 5 61 49
20 19 7 10 4 57
20 10 35 15 52 61
20 55 43 54 49 3
20 1 7 15 58 38
20 35 61 34 10 60
20 32 46 29 52 32
20 42 17 17 14 35
20 61 37 25 55 23
20 56 49 59 4 44
20 11 47 53 11 24
20 24 19 27 0 15
20 55 50 43 34 40
20 13 27 57 0 9
20 34 37 5 20 1
20 53 14 26 19 47
20 43 31 7 20 49
20 61 40 45 57 20
20 14 3 40 3 4
20 26 27 38 35 62
20 22 43 45 33 14
20 61 29 1 21 37
20 9 0 28 35 39
21 37 41 6 12 15
21 54 4 53 54 30
21 19 22 6 1 44
21 29 25 30 23 16
21 38 16 62 37 60
21 20 31 3 53 18
21 12 20 17 43 7
21 38 33 33 11 19
21 43 41 1 34 4
21 44 17 62 18 3
21 62 50 56 29 62
21 58 9 4 14 19
21 33 4 27 24 11
21 27 60 39 38 54
21 37 9 57 57 18
21 28 35 6 36 61
21 17 23 29 44 17
21 61 16 28 53 11
21 17 53 47 29 15
21 40 16 23 7 35
21 4 17 54 52 51
21 8 45 50 51 4
21 2 28 43 4 45
21 10 26 22 53 43
21 30 4 58 57 14
21 5 57 25 1 32
21 35 14 36 61 41
21 1 10 32 23 47
21 45 19 63 30 21
21 56 29 25 14 1
21 14 24 60 51 54
21 6 39 12 6 14
21 60 60 34 54 41
21 62 8 59 36 47
21 4 40 59 58 12
21 53 14 6 62 45
21 39 32 13 23 57
21 41 5 63 49 39
21 62 23 20 2 56
21 25 42 2 33 5
21 59 10 32 29 8
21 28 24 37 53 54
21 57 63 8 3 63
21 20 30 43 49 24
21 1 51 41 62 14
21 58 37 37 11 61
21 47 10 28 1 42
21 4 38 44 20 43
21 36 39 29 14 21
21 60 17 57 24 12
21 46 35 57 54 48
21 15 51 47 41 43
21 38 42 4 38 52
21 38 56 56 3 0
21 53 23 33 45 11
21 57 41 54 24 57
21 25 61 3 21 48
21 0 19 4 59 35
21 34 18 0 48 34
21 54 39 63 13 12
21 57 54 59 23 4
21 20 50 5 62 32
21 49 43 15 45 12
21 52 46 52 1 10
22 30 53 6 16 19
22 21 18 36 28 23
22 31 59 53 13 43
22 62 31 56 39 30
22 52 29 8 28 25
22 17 20 8 54 44
22 33 26 40 6 24
22 2 32 26 0 8
22 63 10 28 50 59
22 51 40 46 29 5
22 3 60 42 48 44
22 50 54 54 0 37
22 28 12 44 60 56
22 56 7 49 17 13
22 24 9 38 43 3
22 56 23 63 38 36
22 16 23 37 49 12
22 16 52 15 50 21
22 13 11 46 29 26
22 32 18 1 12 37
22 39 19 27 19 32
22 20 44 12 20 35
22 11 48 11 18 22
22 24 1 49 62 25
22 10 30 30 3 26
22 23 63 52 46 38
22 39 2 16 43 50
22 42 39 49 55 20
22 48 56 22 13 37
22 33 4 10 4 26
22 32 44 62 42 25
22 15 7 9 36 36
22 25 47 55 51 43
22 61 22 4 47 35
22 49 43 20 2 7
22 16 21 33 16 44
22 42 63 60 17 60
22 29 48 19 7 28
22 57 0 40 16 4
22 38 45 26 62 27
22 9 5 45 58 37
22 5 31 26 57 44
22 47 9 18 63 24
22 38 62 17 43 39
22 5 45 53 57 55
22 57 20 61 26 39
22 23 51 6 34 37
22 48 5 42 20 8
22 17 12 24 25 11
22 60 20 18 36 56
22 25 33 57 18 0
22 36 33 60 50 61
22 26 32 51 4 33
22 6 49 11 32 13
22 8 22 18 22 5
22 54 34 14 31 61
22 47 57 15 10 5
22 50 49 56 61 53
22 8 21 21 36 51
22 46 61 36 45 23
22 50 32 30 1 18
22 53 48 42 44 6
22 48 62 52 58 35
22 22 32 48 9 61
23 24 9 40 58 58
23 33 4 16 42 7
23 29 33 24 33 49
23 37 36 14 36 54
23 15 40 52 1 28
23 11 23 61 46 51
23 44 12 36 44 29
23 21 55 59 30 50
23 46 58 53 45 28
23 9 8 58 63 6
23 8 0 55 58 60
23 44 42 48 23 44
23 25 43 27 41 18
23 28 37 1 35 20
23 28 62 10 40 4
23 35 38 33 57 56
23 4 19 57 53 2
23 34 15 54 11 45
23 24 0 61 36 53
23 58 12 31 24 11
23 2 52 18 18 50
23 20 7 5 2 8
23 40 3 8 48 55
23 0 20 50 47 3
23 41 24 27 53 18
23 56 2 6 35 60
23 25 41 54 24 11
23 22 38 4 62 55
23 16 22 5 28 9
23 9 0 22 47 60
23 31 11 11 35 36
23 6 32 54 57 25
23 19 6 58 24 41
23 8 62 6 33 23
23 36 62 19 1 20
23 57 2 37 58 46
23 3 39 30 17 1
23 44 56 51 61 50
23 6 54 55 7 28
23 14 30 12 60 1
23 36 14 3 31 13
23 54 54 0 43 51
23 11 6 11 17 20
23 61 9 58 47 27
23 15 52 27 41 6
23 43 11 23 5 31
23 26 12 17 25 41
23 48 51 24 44 12
23 32 27 47 56 50
23 14 5 4 31 47
23 55 21 59 6 21
23 56 49 5 34 31
23 15 30 55 50 56
23 32 55 31 29 5
23 30 33 18 27 21
23 9 32 28 24 53
23 3 56 31 0 48
23 57 29 28 27 11
23 49 57 56 61 35
23 41 2 8 59 54
23 41 21 54 2 3
23 60 43 22 24 17
23 40 25 27 29 58
23 24 63 9 51 49
24 34 24 3 52 33
24 46 17 17 42 5
24 21 55 35 43 14
24 33 38 35 52 1
24 61 20 23 52 57
24 48 29 5 41 28
24 21 55 63 59 3
24 10 52 36 31 36
24 0 0 9 58 15
24 22 30 15 51 60
24 32 62 19 13 18
24 4 47 19 58 0
24 25 41 25 41 29
24 3 40 35 41 28
24 42 26 2 45 27
24 61 44 3 56 60
24 59 5 2 26 36
24 50 27 38 44 58
24 62 32 37 41 26
24 30 50 18 34 24
24 39 2 34 21 53
24 33 44 35 15 20
24 28 36 18 26 37
24 12 1 53 33 17
24 15 35 45 57 11
24 33 27 21 21 11
24 46 33 14 37 10
24 61 28 57 37 57
24 25 19 24 59 63
24 59 0 10 62 10
24 39 19 18 2 16
24 33 39 57 22 14
24 12 14 9 23 7
24 9 62 6 23 46
24 61 44 30 12 50
24 22 45 46 8 63
24 22 27 38 23 63
24 36 11 45 50 28
24 56 7 31 46 57
24 50 59 1 38 35
24 1 57 57 26 32
24 63 1 54 47 59
24 3 9 47 46 8
24 55 6 27 28 10
24 38 24 62 30 27
24 57 24 43 11 49
24 38 11 62 27 0
24 8 30 63 39 17
24 10 35 19 61 38
24 18 55 57 56 40
24 24 17 39 2 56
24 32 24 21 5 43
24 33 2 51 23 12
24 44 48 36 12 21
24 20 52 44 32 3
24 35 36 38 8 26
24 62 56 46 17 46
24 26 39 30 26 49
24 51 59 43 40 20
24 25 53 4 53 0
24 51 40 15 43 23
24 35 7 31 41 3
24 43 29 56 19 22
24 17 26 4 59 15
25 35 62 38 60 47
25 23 22 15 24 4
25 13 60 61 60 22
25 51 35 33 20 38
25 11 6 5 39 35
25 37 13 38 27 19
25 18 30 0 8 46
25 62 48 14 15 30
25 63 8 35 1 37
25 4 27 50 54 41
25 17 29 7 34 9
25 50 55 50 55 55
25 43 59 9 2 19
25 1 24 0 24 24
25 24 45 59 44 59
25 30 46 58 13 4
25 35 27 15 28 37
25 50 61 62 48 29
25 11 45 8 40 48
25 61 36 62 59 25
25 49 42 27 22 7
25 50 4 21 13 19
25 13 34 15 4 16
25 61 5 39 51 25
25 62 4 21 30 62
25 54 39 31 2 38
25 18 9 48 32 30
25 20 54 9 13 18
25 10 36 34 16 52
25 1 57 17 11 36
25 31 32 55 45 43
25 7 36 9 2 8
25 41 40 30 63 35
25 0 50 4 42 18
25 44 25 28 20 3
25 7 45 21 51 51
25 63 37 12 51 29
25 14 21 47 14 10
25 55 60 47 55 18
25 52 27 13 51 29
25 33 41 4 20 19
25 39 40 41 15 49
25 17 2 12 19 1
25 31 10 7 10 37
25 3 49 35 47 45
25 33 16 40 17 7
25 56 9 0 45 49
25 25 28 4 24 62
25 42 31 49 60 41
25 41 5 32 6 29
25 29 25 41 60 4
25 12 28 61 39 3
25 34 15 6 15 52
25 21 60 25 58 63
25 34 27 0 1 23
25 31 14 3 36 48
25 44 15 40 10 28
25 29 61 6 10 33
25 33 47 28 29 55
25 25 21 2 26 33
25 43 45 27 6 39
25 27 21 11 55 31
25 51 62 38 50 6
25 16 28 18 24 24
26 36 4 54 12 2
26 34 1 59 23 46
26 18 21 20 40 10
26 12 57 56 45 40
26 10 57 16 33 4
26 47 54 59 49 24
26 1 46 15 23 54
26 19 49 26 28 13
26 42 42 12 32 28
26 15 52 3 26 56
26 24 55 11 14 26
26 11 58 2 24 50
26 51 19 44 23 49
26 46 12 40 0 63
26 46 8 45 10 3
26 47 11 3 54 2
26 61 21 48 38 54
26 42 53 36 15 4
26 4 36 32 22 3
26 20 42 26 52 43
26 37 25 23 34 26
26 52 30 45 43 11
26 57 42 41 34 27
26 17 59 28 33 23
26 20 51 36 27 44
26 57 41 40 7 20
26 14 63 28 63 9
26 59 7 18 50 19
26 33 13 41 23 9
26 28 9 47 57 53
26 25 19 35 31 28
26 3 37 57 18 48
26 48 52 28 60 13
26 10 18 21 14 38
26 51 57 41 54 10
26 25 44 21 32 31
26 6 30 32 13 36
26 1 60 55 25 21
26 37 57 0 4 51
26 29 8 14 60 0
26 7 12 20 58 54
26 1 38 20 34 42
26 63 56 13 46 13
26 15 23 39 4 53
26 58 12 60 55 52
26 32 29 7 11 8
26 3 57 19 20 4
26 41 63 36 23 52
26 11 17 18 6 61
26 47 37 58 9 35
26 52 35 2 29 56
26 14 45 58 0 26
26 44 62 4 59 53
26 9 39 59 40 11
26 14 25 27 52 62
26 8 56 61 20 39
26 28 50 11 15 16
26 53 55 45 34 31
26 50 19 40 47 32
26 16 19 33 22 51
26 52 42 32 43 8
26 60 50 29 24 50
26 0 58 45 1 58
26 29 46 23 1 17
27 37 58 54 31 12
27 30 63 25 6 30
27 30 23 14 59 52
27 62 43 28 3 7
27 10 14 35 31 62
27 41 14 34 27 42
27 45 7 12 60 42
27 37 45 28 51 46
27 61 57 8 29 45
27 57 21 31 13 25
27 44 36 23 35 34
27 7 37 23 4 18
27 63 59 8 2 53
27 12 32 7 56 46
27 31 23 22 53 12
27 27 45 5 31 37
27 29 28 49 20 41
27 47 5 16 10 10
27 57 56 27 18 18
27 7 58 24 31 4
27 47 42 30 41 40
27 41 38 11 9 54
27 15 38 52 4 4
27 27 8 12 39 14
27 43 48 25 31 33
27 53 36 35 55 18
27 38 13 6 19 37
27 46 62 21 8 24
27 1 52 50 46 7
27 5 29 12 16 31
27 51 25 37 50 20
27 9 61 20 52 47
27 44 63 18 35 50
27 33 59 33 31 59
27 0 20 38 37 6
27 14 56 31 11 48
27 49 35 33 9 52
27 27 53 59 19 33
27 7 20 34 23 34
27 1 59 63 48 61
27 35 61 43 1 22
27 50 57 47 4 11
27 10 59 26 52 10
27 27 0 12 17 14
27 45 6 10 31 40
27 28 56 59 3 63
27 32 19 41 47 55
27 6 38 63 57 57
27 8 10 53 48 39
27 27 32 16 13 20
27 6 27 6 40 41
27 55 8 58 62 12
27 2 7 43 16 16
27 12 55 10 50 59
27 4 51 27 22 35
27 7 41 28 52 63
27 45 18 46 14 58
27 35 22 51 54 58
27 11 61 43 41 47
27 44 41 8 15 27
27 1 63 61 2 23
27 14 40 8 56 40
27 26 19 55 7 12
27 48 19 15 33 43
28 50 6 16 37 7
28 63 56 61 8 23
28 63 4 53 14 10
28 11 15 35 5 17
28 2 58 43 54 17
28 40 7 9 41 44
28 25 1 12 33 6
28 14 28 57 11 22
28 62 19 42 63 56
28 33 24 58 38 49
28 40 50 52 58 51
28 0 22 33 61 44
28 6 3 59 40 12
28 6 11 9 53 63
28 17 36 3 39 36
28 27 57 1 41 15
28 8 13 41 31 41
28 61 33 58 33 34
28 39 54 29 47 51
28 24 11 61 2 37
28 7 44 55 55 31
28 56 26 42 20 52
28 50 48 46 62 52
28 55 40 39 23 44
28 11 32 29 19 33
28 9 7 3 8 53
28 63 53 7 35 63
28 17 10 20 10 52
28 25 1 6 4 14
28 11 38 56 7 9
28 54 24 35 7 21
28 21 1 48 3 21
28 43 48 34 0 34
28 53 12 18 48 51
28 60 6 61 15 2
28 56 22 40 13 23
28 1 10 55 61 43
28 54 1 60 35 42
28 18 52 36 37 2
28 11 63 60 41 21
28 39 59 52 42 49
28 26 4 32 11 3
28 50 1 51 53 57
28 40 59 45 63 46
28 54 22 23 43 25
28 19 19 7 14 50
28 31 25 50 35 8
28 6 38 8 1 4
28 35 56 59 54 25
28 42 13 6 18 6
28 25 26 63 55 9
28 45 3 45 16 50
28 55 23 32 40 4
28 54 22 1 61 27
28 29 28 58 48 55
28 58 61 52 21 6
28 39 23 29 27 39
28 10 61 59 6 39
28 35 5 20 56 46
28 12 38 58 58 52
28 42 4 4 17 4
28 27 63 7 56 26
28 16 17 1 3 16
28 17 51 24 0 57
29 57 42 53 51 28
29 48 60 42 0 13
29 20 26 20 11 52
29 0 42 2 54 33
29 14 42 25 7 0
29 48 4 21 49 12
29 53 40 9 31 45
29 24 11 9 14 36
29 62 17 52 39 28
29 24 47 16 7 54
29 10 18 61 27 60
29 45 47 11 55 32
29 6 5 42 34 11
29 5 63 53 3 29
29 41 40 55 41 39
29 28 54 0 21 35
29 36 47 56 55 51
29 21 32 60 61 16
29 52 38 34 16 25
29 41 29 60 28 48
29 58 48 53 27 53
29 14 31 6 1 45
29 28 45 46 28 18
29 36 28 46 48 37
29 61 33 55 37 57
29 34 49 6 61 26
29 51 14 31 35 62
29 45 44 16 33 27
29 36 27 19 3 56
29 11 42 12 52 18
29 57 21 62 38 13
29 24 8 2 37 44
29 22 51 5 40 52
29 37 58 56 15 51
29 9 41 12 40 37
29 59 50 33 44 11
29 9 50 15 6 51
29 59 42 1 59 14
29 49 6 20 14 12
29 35 51 48 8 9
29 33 63 26 60 29
29 18 58 11 26 29
29 31 41 34 38 11
29 25 60 24 53 2
29 39 4 52 28 24
29 40 31 62 59 24
29 0 29 43 52 33
29 7 29 61 31 31
29 24 23 33 10 10
29 24 35 3 47 17
29 51 14 44 9 52
29 42 61 4 58 0
29 61 14 58 26 15
29 43 36 36 36 37
29 34 43 12 51 23
29 44 28 28 48 26
29 36 21 11 31 21
29 58 61 39 23 50
29 2 33 43 30 36
29 17 31 27 56 43
29 19 27 43 24 22
29 39 20 44 31 22
29 31 7 46 22 25
29 14 46 45 54 63
30 41 62 17 35 2
30 22 41 7 13 15
30 25 0 32 59 6
30 24 7 21 32 5
30 35 15 54 26 38
30 6 47 25 29 46
30 53 1 63 40 44
30 33 23 39 45 6
30 29 16 38 14 58
30 55 43 24 58 7
30 58 49 42 53 29
30 34 12 54 31 43
30 31 62 32 13 24
30 43 37 36 0 56
30 63 12 50 18 28
30 44 34 41 34 42
30 36 40 50 32 11
30 51 41 36 22 49
30 47 53 23 10 50
30 27 34 28 47 4
30 54 22 49 35 28
30 25 46 56 16 39
30 23 28 22 10 40
30 48 58 3 10 39
30 23 33 39 45 26
30 54 57 32 55 24
30 59 10 60 52 5
30 12 10 50 28 9
30 2 9 36 1 43
30 29 27 42 41 24
30 63 6 48 30 15
30 31 6 12 49 30
30 21 26 41 24 28
30 61 3 56 50 31
30 42 26 54 22 19
30 18 5 20 5 60
30 55 15 62 6 35
30 6 19 32 30 53
30 45 28 43 56 34
30 19 28 54 15 56
30 40 5 59 51 33
30 40 56 59 0 22
30 1 13 18 6 47
30 48 9 30 24 33
30 45 61 27 62 44
30 33 59 8 25 25
30 13 3 10 15 12
30 49 2 17 6 4
30 17 57 27 59 17
30 0 16 22 20 15
30 18 25 10 16 63
30 11 39 19 9 34
30 5 33 4 58 38
30 6 46 43 50 38
30 62 38 62 62 1
30 35 1 33 9 16
30 8 39 57 30 0
30 35 31 38 57 31
30 25 2 36 55 60
30 18 4 38 57 31
30 28 53 51 6 5
30 11 25 28 27 50
30 54 28 26 11 62
30 34 61 61 12 49
31 59 49 46 46 0
31 27 42 3 46 20
31 31 36 21 57 60
31 40 41 45 15 55
31 3 15 52 61 62
31 0 43 30 48 27
31 49 53 44 12 54
31 19 28 54 46 39
31 17 29 21 47 38
31 38 32 20 0 44
31 14 11 53 61 2
31 2 7 19 57 22
31 50 61 30 43 30
31 22 17 45 26 51
31 34 37 42 31 16
31 13 63 47 35 2
31 57 31 43 15 24
31 14 16 9 36 62
31 46 62 56 2 55
31 60 57 38 11 22
31 4 8 2 39 10
31 22 12 10 2 22
31 43 34 60 63 28
31 12 57 10 41 4
31 4 18 44 5 22
31 63 19 17 35 42
31 39 62 46 47 8
31 32 63 52 30 9
31 51 7 3 59 26
31 61 8 50 39 30
31 39 2 32 61 5
31 15 51 60 2 11
31 47 15 41 18 1
31 15 25 8 14 1
31 24 19 10 13 34
31 7 61 36 57 48
31 63 41 36 35 14
31 44 6 2 8 44
31 33 62 1 24 49
31 19 30 55 48 49
31 55 47 24 35 35
31 16 51 31 1 2
31 62 7 47 46 13
31 34 45 61 56 2
31 49 36 6 39 3
31 35 58 7 8 30
31 35 28 49 53 31
31 42 18 1 10 28
31 25 24 11 30 10
31 6 47 14 55 53
31 0 3 52 22 2
31 20 37 10 44 61
31 31 61 2 35 54
31 41 28 25 63 5
31 3 12 11 25 37
31 62 25 7 9 48
31 32 10 49 24 21
31 4 59 31 10 55
31 45 0 21 48 14
31 11 13 47 62 14
31 40 5 16 16 59
31 63 16 50 5 46
31 38 37 56 1 38
31 5 59 51 52 9
32 0 58 0 50 6
32 30 36 59 39 25
32 56 39 51 1 40
32 51 56 17 30 16
32 1 6 49 61 45
32 54 10 5 57 60
32 3 8 48 32 3
32 36 54 35 60 17
32 19 13 24 61 18
32 29 38 40 40 28
32 18 21 2 61 35
32 0 44 10 38 6
32 53 31 38 48 57
32 38 35 38 17 42
32 7 30 35 33 49
32 42 44 30 34 21
32 55 45 27 35 17
32 0 19 15 9 24
32 33 14 24 10 49
32 15 21 36 37 32
32 14 26 31 35 1
32 40 47 53 49 54
32 49 36 55 17 41
32 26 36 58 46 53
32 61 13 5 51 9
32 3 30 9 41 63
32 45 39 17 16 47
32 17 44 21 13 24
32 42 40 55 61 54
32 51 5 61 63 25
32 0 51 55 53 36
32 30 46 63 55 16
32 0 45 17 10 58
32 33 12 31 41 38
32 35 62 47 30 1
32 5 1 27 32 59
32 21 35 7 30 12
32 4 60 0 35 46
32 11 4 50 24 16
32 4 19 17 24 35
32 33 43 55 44 10
32 19 21 21 46 63
32 59 57 40 44 28
32 12 16 44 8 47
32 25 40 33 2 17
32 37 27 8 49 4
32 34 56 13 25 46
32 60 32 57 45 28
32 37 21 8 26 32
32 48 42 16 13 53
32 43 41 9 40 11
32 61 63 47 17 62
32 23 2 11 21 30
32 55 56 17 11 32
32 14 9 25 22 19
32 6 4 34 28 40
32 54 19 51 26 51
32 5 44 28 61 2
32 37 51 14 51 33
32 14 37 27 14 22
32 22 1 49 48 27
32 24 22 46 27 20
32 17 61 18 22 51
32 8 19 8 12 40
33 11 42 4 35 53
33 60 34 29 50 62
33 35 33 31 60 51
33 39 34 54 29 29
33 1 29 4 14 37
33 1 57 28 11 58
33 40 42 44 20 23
33 42 37 43 53 38
33 52 31 5 42 23
33 56 49 30 26 48
33 28 14 63 57 58
33 29 19 13 33 18
33 38 8 49 23 7
33 13 1 10 9 49
33 29 51 9 14 52
33 63 42 48 38 36
33 46 2 21 60 15
33 43 53 22 25 1
33 46 21 53 1 56
33 5 16 63 5 53
33 14 8 36 5 59
33 44 54 50 61 54
33 45 20 53 4 2
33 15 54 5 53 53
33 61 56 42 11 21
33 44 50 48 16 46
33 58 63 25 11 53
33 34 48 34 56 51
33 52 26 49 59 27
33 31 25 53 5 22
33 6 7 30 3 25
33 26 26 9 56 12
33 28 62 5 21 3
33 16 39 29 53 19
33 55 26 53 62 23
33 7 46 52 10 57
33 60 12 48 48 12
33 5 5 31 15 61
33 59 46 25 25 16
33 14 16 3 58 27
33 21 30 42 37 36
33 44 59 30 19 28
33 39 36 27 62 11
33 60 5 58 59 22
33 18 56 41 20 7
33 14 35 50 34 61
33 55 34 10 59 9
33 49 54 22 44 19
33 39 53 56 2 18
33 32 5 62 61 38
33 13 45 38 63 8
33 37 40 7 25 5
33 3 62 61 9 48
33 37 45 43 58 38
33 59 18 6 5 7
33 60 15 35 7 30
33 34 33 59 54 44
33 29 48 38 62 42
33 18 49 1 9 54
33 54 53 25 59 20
33 17 60 55 35 45
33 53 52 14 44 19
33 29 8 58 42 50
33 34 49 14 3 13
34 3 60 51 43 51
34 27 52 35 23 44
34 20 24 55 12 45
34 41 39 63 5 25
34 20 27 13 10 4
34 23 6 53 45 20
34 53 6 4 56 58
34 16 5 60 55 47
34 53 60 32 58 36
34 1 63 57 42 40
34 49 22 48 45 60
34 51 60 6 43 32
34 33 43 20 34 40
34 11 47 17 58 32
34 58 36 41 17 8
34 30 51 11 32 3
34 3 19 21 33 9
34 14 39 21 44 54
34 1 6 2 14 14
34 29 30 43 23 11
34 61 3 37 50 59
34 46 27 20 7 56
34 45 57 40 29 35
34 8 1 23 28 57
34 46 2 51 42 8
34 47 46 33 14 21
34 45 40 37 47 33
34 50 4 57 21 47
34 27 7 12 17 32
34 19 29 5 3 47
34 43 48 23 32 24
34 57 41 63 38 53
34 48 49 6 7 48
34 55 38 40 63 43
34 25 53 19 9 52
34 4 29 48 23 63
34 21 17 41 63 2
34 3 12 11 33 32
34 19 60 31 20 39
34 40 16 0 34 3
34 50 27 39 27 25
34 61 18 27 12 56
34 60 63 23 49 47
34 52 44 41 7 41
34 47 38 28 47 57
34 16 62 3 43 26
34 29 58 12 21 30
34 33 23 5 36 7
34 10 6 58 26 52
34 14 17 34 20 20
34 15 32 28 48 55
34 58 24 49 32 12
34 33 10 36 51 41
34 45 0 28 6 56
34 26 13 3 2 31
34 10 29 60 2 18
34 17 59 0 52 62
34 25 30 2 15 34
34 29 16 49 25 17
34 63 51 53 6 23
34 5 38 49 39 40
34 28 3 26 42 20
34 18 13 49 12 51
34 53 38 26 5 33
35 18 21 32 4 18
35 0 19 35 10 47
35 58 36 43 62 48
35 25 60 55 36 33
35 48 26 39 34 33
35 12 21 37 61 45
35 55 25 37 18 43
35 36 26 28 57 8
35 53 50 50 54 8
35 60 60 54 9 9
35 19 28 11 12 7
35 38 17 2 50 15
35 7 34 18 60 33
35 49 10 60 27 49
35 48 13 53 31 12
35 26 49 22 15 12
35 37 2 19 31 17
35 16 47 12 5 7
35 52 40 0 60 51
35 27 22 1 41 46
35 59 18 15 5 24
35 23 30 20 13 32
35 31 62 61 17 42
35 22 37 52 6 26
35 26 3 38 25 41
35 7 10 48 17 19
35 55 23 53 57 22
35 1 41 44 14 15
35 24 45 25 10 17
35 32 29 63 53 43
35 36 26 34 49 35
35 28 26 21 17 49
35 27 45 0 37 49
35 6 59 17 25 22
35 52 37 15 3 61
35 54 24 29 39 17
35 48 17 31 25 13
35 59 22 47 40 57
35 45 48 19 51 4
35 36 22 50 52 51
35 41 23 15 7 21
35 36 34 52 55 54
35 5 31 20 38 44
35 30 33 1 3 55
35 52 37 51 23 36
35 10 27 22 29 62
35 34 8 63 36 43
35 58 55 57 23 2
35 31 38 56 29 23
35 45 41 39 9 6
35 59 42 1 45 56
35 7 29 14 51 23
35 1 21 10 45 54
35 42 4 16 12 50
35 10 20 35 25 50
35 22 62 4 38 21
35 56 13 7 42 29
35 39 57 27 21 0
35 31 44 49 62 39
35 24 2 24 42 47
35 37 18 30 16 34
35 46 45 50 44 27
35 24 48 54 38 13
35 59 23 43 47 36
36 42 38 9 53 51
36 52 13 1 12 6
36 16 38 30 56 34
36 25 54 52 9 12
36 46 0 10 14 4
36 60 10 4 16 35
36 18 11 51 6 42
36 17 40 35 22 12
36 46 34 20 19 12
36 23 13 3 58 31
36 29 1 39 57 55
36 49 25 15 35 21
36 10 16 22 4 29
36 35 49 6 48 27
36 3 58 26 20 34
36 48 52 28 9 34
36 40 28 24 43 62
36 21 50 16 55 8
36 57 4 54 53 0
36 9 49 42 48 48
36 47 8 43 63 40
36 62 29 41 42 1
36 55 13 19 36 6
36 60 45 53 59 56
36 61 12 41 35 27
36 1 5 12 23 2
36 26 3 5 37 20
36 50 9 2 56 30
36 37 26 28 45 39
36 7 52 13 8 48
36 46 11 38 31 13
36 8 60 1 18 22
36 30 47 34 49 48
36 51 60 39 46 15
36 33 41 47 4 32
36 32 35 50 47 0
36 60 42 8 38 5
36 17 18 52 53 36
36 29 49 14 43 59
36 32 7 40 55 8
36 21 2 0 38 14
36 48 44 27 50 9
36 37 51 27 21 57
36 0 5 6 56 50
36 1 13 2 14 54
36 7 26 43 37 9
36 59 48 55 0 61
36 53 29 36 15 30
36 22 51 42 31 44
36 30 45 5 42 59
36 35 19 42 13 51
36 62 40 27 18 56
36 42 59 17 19 13
36 25 60 34 59 63
36 44 46 17 23 33
36 15 0 60 25 33
36 61 47 0 47 42
36 43 32 33 49 39
36 53 25 50 36 55
36 39 9 42 3 3
36 35 57 50 35 11
36 12 41 7 5 50
36 48 43 7 5 13
36 63 7 23 33 26
37 9 43 3 7 61
37 11 34 31 12 54
37 31 63 46 61 21
37 45 44 50 14 38
37 30 6 27 10 6
37 49 39 36 60 39
37 26 32 56 51 38
37 8 15 4 46 30
37 41 50 13 9 28
37 41 39 40 52 1
37 52 27 41 7 13
37 40 15 5 36 13
37 39 27 51 45 11
37 46 57 40 9 37
37 17 11 35 31 53
37 12 20 62 49 29
37 22 59 43 54 20
37 50 40 26 15 47
37 22 62 12 49 42
37 57 38 58 55 34
37 60 48 8 0 44
37 45 31 40 9 55
37 7 48 2 39 31
37 0 14 47 61 8
37 6 57 56 6 4
37 2 56 51 19 52
37 48 62 43 38 3
37 51 25 12 53 58
37 21 42 50 39 34
37 21 44 15 28 61
37 59 23 19 49 12
37 40 33 12 33 36
37 18 11 22 2 21
37 23 3 11 24 16
37 62 14 20 53 19
37 15 23 14 32 55
37 60 63 32 46 57
37 12 0 24 54 33
37 48 63 17 38 36
37 14 45 33 32 30
37 4 48 42 2 43
37 13 17 9 61 15
37 13 37 3 36 45
37 35 16 53 33 22
37 31 54 6 8 6
37 44 13 35 58 53
37 53 56 43 23 17
37 63 54 43 58 28
37 51 16 18 42 41
37 1 48 11 30 61
37 56 39 1 6 11
37 46 28 63 5 30
37 22 13 21 54 5
37 52 18 32 16 6
37 11 23 29 33 43
37 56 41 34 45 56
37 46 22 19 38 55
37 29 51 38 49 7
37 36 0 20 39 38
37 63 51 11 9 11
37 8 8 0 32 58
37 7 36 42 12 38
37 53 14 39 59 32
37 44 4 17 5 50
38 48 50 30 15 56
38 13 11 36 56 55
38 4 25 36 26 5
38 17 63 50 34 25
38 35 14 37 21 4
38 10 36 34 30 47
38 43 58 59 37 14
38 5 36 22 38 1
38 21 33 55 62 24
38 5 32 24 50 30
38 14 13 21 21 63
38 36 60 46 51 15
38 55 34 59 52 31
38 39 3 17 12 13
38 18 21 2 59 17
38 47 38 33 39 38
38 32 33 35 31 38
38 21 48 35 50 3
38 52 63 10 29 35
38 38 50 58 52 0
38 26 26 25 29 15
38 23 40 48 18 8
38 25 27 54 62 11
38 17 61 0 33 51
38 36 56 21 21 37
38 26 61 18 58 16
38 49 39 39 0 1
38 30 7 43 16 19
38 59 13 13 29 59
38 24 55 3 28 47
38 10 18 53 29 8
38 56 40 0 52 33
38 3 55 20 19 34
38 56 11 13 2 17
38 60 32 28 16 54
38 24 10 23 54 47
38 48 0 11 55 44
38 59 37 63 29 38
38 40 41 54 24 40
38 25 13 3 6 23
38 0 13 7 8 20
38 12 1 44 56 10
38 35 59 12 0 21
38 5 35 45 21 16
38 17 47 61 42 43
38 0 35 42 13 58
38 23 44 30 59 46
38 55 32 4 32 46
38 56 28 0 22 52
38 28 24 46 48 14
38 62 28 35 24 14
38 1 55 25 50 20
38 1 41 10 9 61
38 1 20 23 55 63
38 40 9 57 30 29
38 8 43 17 22 31
38 63 35 16 33 54
38 24 5 16 27 42
38 17 16 19 31 41
38 21 7 6 27 42
38 30 43 23 4 48
38 57 3 48 31 55
38 39 43 14 41 3
38 34 23 53 62 32
39 24 53 17 55 4
39 43 37 29 18 55
39 54 35 31 13 39
39 30 18 57 56 40
39 30 13 63 28 38
39 13 33 31 49 25
39 33 12 26 23 32
39 50 20 1 61 44
39 28 14 56 18 4
39 43 1 19 52 56
39 22 9 36 51 62
39 32 18 8 14 39
39 34 40 43 5 62
39 34 9 2 61 16
39 12 46 19 54 46
39 3 61 33 13 17
39 12 54 62 49 29
39 40 51 52 54 17
39 51 35 9 37 54
39 62 55 51 39 47
39 53 38 20 17 19
39 14 56 34 6 57
39 15 34 11 1 41
39 44 16 18 33 60
39 45 18 61 35 46
39 63 25 19 56 4
39 41 5 40 19 29
39 12 28 56 36 11
39 40 48 22 61 61
39 62 9 7 12 11
39 47 55 37 12 38
39 33 18 11 30 10
39 40 29 57 25 33
39 41 62 0 47 9
39 45 57 16 37 26
39 10 45 31 48 26
39 57 20 28 37 39
39 1 15 41 58 41
39 36 29 54 60 38
39 5 29 49 41 15
39 42 2 59 0 31
39 47 60 27 39 51
39 15 24 43 42 15
39 3 49 61 31 41
39 39 21 59 42 38
39 33 31 62 8 61
39 31 15 38 43 60
39 50 58 59 34 11
39 37 2 31 59 11
39 44 22 7 42 30
39 34 0 62 54 28
39 3 14 39 15 32
39 48 14 17 49 12
39 47 5 37 37 27
39 22 18 30 54 59
39 28 5 35 2 52
39 49 34 24 19 21
39 4 55 50 22 16
39 2 60 6 16 45
39 9 26 58 46 1
39 27 33 53 44 46
39 37 2 24 48 18
39 0 12 4 60 14
39 40 43 25 15 30
40 27 24 38 14 7
40 28 42 28 2 43
40 52 14 9 63 46
40 14 10 36 30 63
40 47 35 0 34 29
40 32 48 44 19 48
40 18 1 35 26 56
40 42 31 25 39 6
40 53 15 50 5 45
40 39 52 47 2 53
40 15 14 17 21 24
40 55 42 51 26 49
40 13 0 6 62 24
40 38 55 62 21 33
40 22 61 26 40 25
40 18 38 23 63 24
40 5 57 5 41 51
40 46 11 28 53 27
40 45 45 26 9 26
40 41 53 30 33 30
40 35 46 23 43 42
40 45 27 33 33 6
40 5 38 42 55 63
40 41 30 42 15 50
40 24 23 59 12 14
40 3 60 2 15 23
40 9 16 26 48 12
40 18 62 44 39 33
40 60 12 23 45 57
40 10 33 41 54 18
40 61 35 47 41 17
40 15 5 1 22 24
40 28 47 24 46 25
40 60 57 25 10 1
40 20 21 57 55 48
40 9 48 31 14 27
40 24 31 49 4 37
40 11 43 34 43 8
40 54 27 8 43 13
40 21 12 54 37 8
40 37 10 7 43 37
40 36 59 4 5 10
40 10 51 20 3 51
40 29 39 13 53 35
40 41 37 29 4 6
40 52 42 7 54 30
40 30 25 40 36 48
40 12 49 6 50 47
40 45 17 50 60 4
40 38 36 10 23 40
40 26 35 52 3 61
40 23 49 5 27 30
40 45 37 7 10 60
40 20 0 4 51 0
40 45 9 34 9 14
40 18 3 48 18 18
40 42 40 49 42 24
40 29 6 16 48 14
40 61 7 22 61 33
40 3 2 41 32 7
40 2 33 57 12 23
40 26 17 26 1 39
40 58 35 48 9 29
40 9 52 18 6 0
41 11 0 23 27 17
41 60 26 15 35 15
41 27 62 28 52 29
41 41 0 13 43 23
41 12 46 47 41 1
41 42 49 9 24 50
41 9 51 39 59 39
41 18 29 27 33 27
41 0 8 33 5 34
41 0 4 33 8 15
41 20 39 0 48 24
41 15 25 16 58 30
41 63 7 0 50 1
41 14 39 23 48 53
41 19 53 25 10 46
41 57 58 6 21 30
41 31 3 56 54 36
41 47 26 31 50 22
41 1 55 4 12 5
41 30 56 14 30 45
41 9 4 41 40 1
41 31 27 3 10 63
41 16 56 27 0 60
41 50 3 54 20 18
41 56 24 8 51 22
41 56 19 0 7 36
41 6 43 20 48 46
41 62 52 23 29 24
41 60 15 27 42 9
41 51 18 19 15 47
41 7 4 12 0 63
41 33 22 40 55 42
41 10 0 57 44 22
41 7 35 51 18 1
41 57 59 59 60 29
41 63 34 3 58 51
41 53 59 46 22 58
41 31 44 32 32 16
41 10 24 59 8 21
41 36 12 29 39 0
41 29 4 20 4 21
41 4 21 7 36 23
41 9 44 41 46 26
41 28 24 10 29 19
41 46 12 13 50 56
41 13 15 23 8 3
41 62 14 42 37 28
41 50 2 13 38 45
41 61 9 6 26 19
41 39 62 37 50 50
41 51 50 52 38 36
41 1 1 50 25 40
41 28 3 44 10 39
41 57 51 63 19 7
41 53 19 17 19 33
41 5 18 26 19 5
41 25 26 40 24 5
41 16 10 16 42 36
41 50 24 52 6 15
41 20 54 43 55 42
41 0 42 22 19 34
41 36 3 27 7 55
41 60 63 29 40 22
41 11 53 37 25 26
42 16 17 25 43 16
42 62 57 20 34 63
42 15 49 53 45 20
42 5 31 43 24 50
42 61 14 23 28 17
42 29 19 16 42 5
42 17 14 11 63 35
42 27 39 35 60 36
42 45 56 62 50 42
42 51 16 37 63 11
42 48 46 21 52 39
42 18 35 2 48 9
42 13 21 1 2 60
42 24 20 55 26 0
42 57 13 51 46 47
42 57 35 47 54 8
42 42 54 16 32 24
42 3 3 14 47 18
42 46 31 18 48 62
42 18 38 12 23 18
42 55 38 41 20 34
42 42 3 60 12 29
42 10 63 43 19 57
42 50 29 24 22 36
42 24 1 10 32 63
42 40 1 45 55 11
42 55 50 13 14 29
42 12 62 3 7 31
42 15 47 26 11 3
42 44 57 48 36 44
42 26 23 47 57 29
42 4 52 29 50 48
42 58 57 42 41 5
42 13 2 40 24 15
42 2 46 9 15 31
42 40 40 26 51 42
42 16 40 38 27 26
42 29 14 61 35 23
42 51 35 16 55 34
42 55 9 21 22 35
42 49 16 41 8 2
42 18 21 54 20 21
42 28 62 14 18 54
42 23 53 48 61 18
42 24 1 11 0 13
42 57 0 39 45 7
42 61 17 19 14 16
42 36 63 59 14 18
42 49 48 45 32 4
42 52 21 54 27 49
42 58 11 60 26 29
42 20 5 13 14 16
42 43 0 26 22 17
42 10 20 10 26 24
42 63 31 31 57 8
42 31 32 14 13 63
42 43 8 4 2 5
42 49 44 40 16 27
42 21 42 37 39 60
42 30 24 1 48 58
42 23 23 39 56 19
42 55 25 14 52 22
42 19 4 57 17 56
42 58 53 61 14 28
43 43 5 26 21 20
43 31 54 21 46 47
43 57 11 13 48 6
43 26 6 0 45 52
43 58 47 29 48 25
43 15 33 56 52 60
43 49 17 36 44 29
43 52 21 34 30 59
43 62 58 2 16 55
43 21 31 41 31 54
43 18 52 60 57 12
43 24 27 15 55 43
43 25 50 61 42 3
43 48 47 15 11 46
43 4 20 30 44 15
43 48 5 37 54 20
43 37 15 34 22 44
43 14 14 33 0 14
43 42 54 3 34 18
43 27 49 7 17 9
43 4 53 27 56 26
43 40 28 14 23 47
43 39 58 49 16 46
43 28 5 7 62 33
43 59 4 2 20 18
43 57 30 7 62 40
43 27 17 41 3 29
43 36 50 33 4 22
43 5 8 25 13 46
43 34 28 61 25 12
43 4 41 6 35 43
43 5 3 25 11 2
43 53 55 54 33 55
43 4 4 54 48 37
43 22 8 50 63 27
43 26 14 15 51 59
43 46 35 7 49 2
43 8 46 1 41 18
43 49 0 28 10 52
43 55 48 60 22 15
43 2 36 51 3 58
43 57 19 46 11 38
43 58 53 23 60 4
43 27 34 3 34 32
43 34 11 44 36 7
43 42 37 36 61 9
43 61 27 8 55 39
43 59 12 16 38 62
43 53 0 41 0 58
43 43 26 33 29 20
43 50 58 35 18 44
43 60 42 45 20 26
43 2 1 1 19 34
43 7 4 3 43 39
43 60 45 3 18 49
43 46 13 38 10 12
43 21 15 9 48 53
43 3 49 21 33 0
43 20 33 60 47 59
43 57 20 57 26 10
43 0 55 9 60 20
43 9 50 30 19 24
43 3 56 20 39 52
43 28 0 24 14 7
44 20 30 56 14 5
44 38 51 48 60 8
44 8 11 38 1 5
44 7 7 6 6 19
44 52 34 63 30 40
44 33 5 29 60 56
44 26 13 29 29 9
44 17 2 50 5 42
44 39 7 44 39 6
44 53 28 41 43 16
44 48 59 27 58 0
44 16 12 50 8 43
44 48 12 28 61 21
44 48 48 5 30 9
44 24 16 54 38 46
44 56 18 57 22 61
44 5 36 11 19 50
44 11 37 4 23 13
44 63 31 44 46 44
44 55 39 59 11 9
44 43 11 2 5 52
44 21 60 59 59 39
44 13 25 24 62 24
44 61 17 43 15 0
44 0 62 56 28 58
44 51 53 39 63 2
44 47 15 12 34 37
44 5 60 45 37 28
44 47 43 34 14 26
44 21 34 38 2 8
44 39 63 35 57 28
44 2 59 32 34 12
44 10 20 62 3 32
44 38 10 56 26 20
44 52 12 44 49 37
44 15 49 51 7 5
44 8 25 29 36 48
44 18 47 47 12 20
44 59 12 20 10 48
44 47 3 0 32 13
44 32 14 3 61 26
44 56 1 57 8 9
44 2 30 50 51 60
44 4 45 61 33 13
44 12 16 9 32 29
44 36 52 6 3 24
44 26 1 4 4 21
44 42 55 5 44 31
44 34 50 27 37 26
44 36 60 54 53 31
44 32 48 62 61 45
44 55 11 41 37 7
44 55 10 7 23 31
44 53 31 60 10 29
44 17 10 41 17 11
44 8 9 37 27 28
44 42 13 11 23 17
44 45 10 40 27 43
44 27 21 52 26 53
44 37 15 9 0 47
44 52 39 47 57 48
44 10 17 45 4 10
44 38 16 11 48 62
44 2 2 18 53 0
45 41 51 9 16 16
45 37 44 48 14 25
45 8 15 38 7 1
45 26 46 26 8 22
45 35 37 12 3 2
45 3 55 37 33 16
45 3 44 18 11 62
45 58 56 22 25 22
45 29 10 26 1 9
45 34 46 30 18 55
45 51 28 2 47 13
45 12 1 23 31 3
45 58 45 51 41 62
45 15 38 25 41 36
45 40 32 42 56 18
45 27 39 31 5 53
45 38 4 63 57 4
45 48 30 5 34 13
45 7 12 45 36 55
45 35 31 26 59 36
45 60 17 33 11 46
45 47 31 1 42 10
45 46 35 22 10 63
45 36 19 21 42 32
45 32 27 52 3 39
45 42 54 38 49 25
45 53 17 47 56 46
45 25 1 45 33 23
45 0 2 32 62 32
45 58 21 45 43 39
45 39 55 26 53 22
45 59 53 44 33 48
45 33 33 29 17 52
45 27 20 19 56 57
45 25 14 36 55 59
45 27 53 31 44 60
45 28 36 19 53 12
45 1 40 21 52 52
45 0 27 61 26 13
45 16 10 39 42 46
45 13 45 38 55 30
45 24 43 45 14 14
45 48 39 42 54 28
45 18 19 31 31 58
45 34 3 59 5 51
45 43 31 29 45 56
45 63 52 26 37 9
45 24 10 31 11 14
45 30 10 56 10 30
45 45 37 57 13 55
45 55 2 34 21 55
45 10 60 5 36 57
45 42 6 10 30 47
45 13 18 51 53 60
45 56 9 17 45 17
45 6 59 54 36 55
45 16 52 33 4 16
45 0 22 31 8 55
45 42 28 23 44 56
45 38 8 30 12 33
45 12 52 42 4 18
45 51 36 16 55 11
45 38 56 47 34 28
45 34 41 8 7 8
46 6 63 24 11 57
46 31 4 33 37 36
46 53 35 13 8 5
46 62 4 55 56 34
46 35 27 32 41 7
46 46 53 55 13 22
46 17 48 38 36 40
46 8 23 34 41 60
46 56 51 3 25 54
46 41 36 33 62 3
46 47 27 16 0 14
46 7 28 23 44 53
46 15 15 15 17 33
46 19 24 12 7 25
46 7 27 3 14 45
46 8 24 62 8 12
46 58 9 52 20 48
46 20 16 13 14 11
46 27 34 46 3 5
46 16 36 42 29 3
46 31 29 52 19 15
46 8 49 53 56 9
46 41 5 51 17 59
46 9 0 39 42 47
46 24 3 47 45 44
46 23 2 6 15 35
46 24 55 43 34 33
46 9 3 22 19 26
46 36 17 52 43 45
46 21 59 20 44 25
46 63 43 46 50 53
46 50 38 40 28 0
46 15 28 62 8 41
46 20 55 38 31 54
46 58 30 8 3 55
46 25 56 11 11 19
46 39 62 30 22 4
46 47 8 34 41 17
46 45 34 8 40 0
46 32 43 13 52 17
46 0 25 37 58 46
46 57 33 62 21 47
46 16 21 44 52 61
46 31 52 29 57 6
46 46 14 22 6 18
46 20 28 7 20 40
46 19 0 2 41 20
46 42 9 16 0 53
46 10 45 25 5 35
46 56 41 16 40 9
46 8 9 5 21 23
46 45 5 16 44 31
46 29 58 37 53 46
46 11 20 50 58 29
46 60 2 7 53 5
46 42 53 50 27 29
46 30 12 61 40 31
46 24 17 42 34 18
46 20 33 59 4 60
46 19 32 34 26 50
46 21 56 25 49 63
46 41 45 6 35 1
46 28 5 61 25 40
46 16 8 47 39 54
47 39 49 43 50 38
47 43 33 13 59 39
47 39 3 58 40 36
47 21 37 61 45 14
47 51 6 60 48 43
47 30 30 36 16 48
47 37 14 49 20 6
47 33 47 8 20 19
47 15 36 62 6 56
47 18 48 36 13 2
47 55 30 45 62 62
47 44 32 54 15 57
47 4 9 63 32 20
47 30 45 12 52 45
47 33 40 44 34 8
47 4 51 19 50 8
47 2 37 9 56 4
47 6 59 5 20 18
47 61 54 2 13 42
47 55 52 22 34 34
47 55 31 25 21 25
47 63 35 11 7 25
47 38 38 16 45 11
47 6 42 50 63 60
47 16 30 42 49 36
47 59 47 51 13 9
47 19 37 53 56 44
47 21 10 26 27 52
47 26 48 7 15 41
47 30 39 55 39 57
47 22 7 37 30 27
47 10 5 40 30 13
47 47 1 35 41 42
47 23 25 9 59 2
47 54 22 50 32 10
47 29 9 60 12 6
47 1 55 16 45 55
47 29 61 59 23 25
47 44 31 40 62 2
47 19 1 44 63 28
47 22 51 21 25 29
47 30 46 32 33 32
47 60 44 1 14 45
47 14 42 14 53 58
47 52 34 43 34 0
47 44 49 8 40 49
47 31 40 16 4 32
47 31 46 33 41 7
47 28 32 34 26 57
47 11 13 62 56 21
47 48 58 63 38 3
47 30 21 56 29 43
47 19 15 51 26 37
47 2 36 3 41 60
47 33 25 44 47 63
47 46 15 46 43 38
47 41 56 63 10 1
47 44 58 16 55 17
47 1 16 24 26 50
47 62 35 60 61 48
47 61 40 46 0 55
47 29 23 23 62 0
47 32 43 13 56 42
47 1 11 34 15 38
48 41 55 37 51 40
48 25 56 27 33 29
48 7 50 36 40 18
48 60 46 51 24 7
48 20 5 58 38 49
48 61 5 3 46 54
48 10 41 56 59 13
48 11 34 6 7 18
48 32 27 62 9 38
48 27 10 24 25 38
48 27 54 60 9 58
48 50 14 4 39 62
48 25 50 27 63 50
48 17 7 21 47 60
48 56 49 0 50 61
48 60 60 17 43 3
48 7 41 51 30 31
48 28 22 44 17 44
48 8 29 54 9 0
48 61 25 0 16 48
48 51 57 37 2 52
48 35 63 19 23 3
48 29 2 12 27 46
48 44 0 0 15 52
48 3 41 34 39 59
48 58 22 9 55 50
48 54 24 58 32 42
48 45 23 27 25 38
48 0 55 43 5 16
48 35 40 25 23 42
48 22 53 46 48 42
48 27 16 47 15 41
48 28 0 21 19 41
48 32 48 52 28 63
48 46 47 20 44 14
48 22 43 31 2 1
48 59 38 3 57 8
48 39 20 19 38 52
48 18 39 32 30 14
48 60 61 27 63 9
48 30 24 26 1 63
48 59 1 53 30 19
48 6 51 8 1 36
48 7 1 24 52 7
48 60 16 57 11 2
48 5 52 18 37 17
48 10 28 13 1 10
48 22 45 19 58 26
48 28 24 62 52 21
48 22 61 31 20 12
48 50 54 38 47 2
48 42 47 53 6 32
48 14 32 22 7 10
48 24 34 3 8 26
48 19 48 5 25 49
48 25 16 53 13 23
48 13 16 45 21 43
48 26 53 38 34 27
48 49 47 49 28 37
48 32 24 23 1 27
48 32 16 47 21 35
48 2 10 19 17 46
48 2 29 5 29 39
48 15 9 59 18 61
49 20 23 63 12 16
49 30 15 18 29 26
49 37 35 48 41 58
49 16 2 30 24 22
49 59 46 14 19 55
49 51 3 4 62 17
49 53 8 36 62 41
49 45 52 45 21 52
49 32 20 57 44 28
49 41 22 42 11 59
49 33 13 34 6 1
49 49 1 16 30 14
49 42 46 51 22 8
49 7 62 40 51 32
49 44 22 26 45 63
49 27 3 56 7 46
49 3 12 22 38 32
49 63 1 25 17 48
49 30 25 55 49 15
49 8 32 29 0 37
49 62 40 45 10 61
49 63 40 5 22 60
49 48 10 2 53 1
49 17 63 28 3 16
49 26 11 34 42 50
49 57 61 46 53 8
49 55 44 5 38 5
49 44 43 58 3 35
49 16 38 41 47 34
49 47 40 1 57 4
49 27 63 19 56 46
49 38 58 7 16 16
49 12 20 19 9 62
49 48 0 16 50 2
49 58 58 32 4 9
49 12 2 33 48 42
49 42 63 20 51 2
49 57 51 19 23 37
49 50 56 12 30 58
49 4 0 45 32 63
49 3 23 42 44 2
49 22 5 3 3 19
49 60 29 53 15 11
49 12 23 58 10 34
49 9 46 57 7 50
49 38 22 29 53 41
49 2 61 53 5 27
49 63 1 45 31 21
49 39 28 19 61 37
49 30 35 0 53 49
49 37 7 4 29 27
49 43 21 45 35 43
49 8 4 6 1 2
49 11 17 7 1 59
49 5 61 24 48 10
49 49 21 40 51 19
49 23 13 0 18 28
49 51 48 42 16 31
49 30 21 33 32 41
49 26 6 41 14 35
49 8 3 47 18 49
49 19 1 15 0 37
49 22 47 21 55 51
49 47 3 11 25 25
50 10 8 60 10 12
50 63 41 23 61 46
50 56 55 42 18 42
50 63 53 3 34 13
50 20 51 4 46 33
50 4 21 36 36 15
50 1 11 38 33 19
50 3 34 37 30 50
50 31 56 23 62 3
50 54 3 0 26 19
50 32 6 38 7 20
50 44 21 3 45 20
50 51 38 59 62 62
50 25 34 30 55 16
50 59 21 46 43 13
50 63 44 56 63 42
50 2 13 57 19 27
50 45 19 53 19 45
50 31 3 35 48 22
50 36 26 29 46 6
50 10 34 63 63 25
50 1 25 14 30 20
50 52 10 13 32 43
50 54 51 20 44 26
50 19 61 38 16 18
50 60 23 52 51 5
50 36 55 4 54 30
50 18 3 22 5 54
50 16 18 52 43 56
50 24 20 36 0 4
50 23 44 49 51 40
50 59 10 7 8 26
50 52 59 0 57 31
50 32 6 35 24 54
50 31 59 51 62 3
50 41 40 1 29 53
50 31 16 6 27 38
50 59 42 31 16 17
50 6 57 17 54 27
50 12 58 1 28 24
50 41 27 63 56 60
50 0 1 62 47 38
50 9 33 17 18 13
50 10 34 37 15 20
50 3 43 42 15 6
50 5 13 56 60 11
50 1 63 2 39 60
50 40 60 31 42 62
50 35 30 6 28 46
50 62 32 48 34 16
50 26 50 45 17 28
50 41 51 19 61 12
50 56 14 49 59 14
50 33 12 46 51 51
50 22 47 10 29 59
50 7 30 29 63 11
50 5 22 10 49 27
50 8 45 40 25 51
50 58 34 55 13 0
50 1 57 8 24 27
50 25 62 21 37 60
50 46 15 17 45 17
50 42 57 14 59 21
50 54 58 39 49 41
51 24 8 19 36 37
51 29 19 9 55 1
51 12 30 45 27 25
51 43 6 56 62 9
51 22 45 45 43 13
51 35 10 15 41 49
51 19 27 10 34 12
51 59 59 15 9 45
51 47 27 37 40 33
51 6 14 11 56 23
51 44 63 56 56 37
51 62 59 62 3 14
51 1 23 39 42 36
51 55 60 23 18 32
51 45 36 34 45 59
51 40 18 22 43 37
51 26 43 5 18 57
51 6 15 22 42 23
51 56 29 30 51 42
51 56 9 2 4 32
51 26 56 58 2 45
51 53 8 29 46 19
51 52 59 59 61 47
51 30 62 36 47 63
51 62 20 17 8 50
51 20 32 35 39 31
51 48 32 38 28 59
51 47 12 27 44 25
51 9 23 61 37 40
51 35 15 32 6 9
51 26 53 48 22 3
51 19 41 59 1 22
51 27 24 28 28 7
51 39 35 62 51 37
51 52 62 17 11 48
51 9 1 55 11 44
51 24 43 63 54 31
51 63 17 19 6 60
51 34 28 17 27 28
51 15 50 7 25 24
51 13 24 21 56 23
51 45 37 35 37 48
51 49 35 17 10 40
51 39 14 52 16 43
51 17 46 5 55 3
51 54 47 39 31 21
51 17 11 28 56 3
51 16 5 50 40 55
51 2 1 25 46 10
51 45 36 31 38 24
51 0 8 35 12 27
51 33 19 22 50 49
51 26 62 15 2 59
51 2 46 45 16 4
51 40 20 22 22 52
51 62 46 2 5 56
51 59 48 30 33 30
51 13 20 39 27 6
51 43 41 46 58 30
51 41 45 45 50 39
51 23 54 59 29 12
51 15 18 47 9 24
51 52 8 46 54 63
51 19 52 11 7 10
52 49 33 43 34 29
52 6 24 46 2 30
52 38 18 36 12 45
52 48 4 38 41 10
52 5 58 54 46 15
52 60 40 26 51 37
52 32 15 52 22 43
52 21 34 22 48 13
52 0 43 4 54 32
52 25 26 13 13 6
52 19 62 8 11 57
52 27 61 47 47 2
52 16 51 31 9 5
52 30 14 20 15 38
52 44 0 8 1 48
52 61 22 10 50 7
52 56 20 6 35 59
52 60 33 51 6 45
52 25 23 16 38 27
52 42 4 57 6 12
52 23 45 62 36 38
52 1 61 60 36 52
52 60 2 33 42 25
52 2 54 7 63 9
52 19 6 35 25 5
52 20 58 33 57 19
52 22 42 24 25 46
52 54 49 37 6 40
52 18 17 28 20 31
52 58 43 28 31 53
52 51 7 30 44 36
52 9 6 23 6 15
52 40 10 48 36 1
52 35 49 35 38 25
52 50 11 29 47 56
52 25 33 30 43 9
52 42 14 34 17 23
52 37 8 31 61 38
52 16 30 63 35 62
52 12 23 34 50 14
52 60 55 50 51 13
52 6 48 25 54 22
52 0 26 2 45 59
52 5 54 9 26 3
52 19 3 47 10 22
52 23 33 45 12 3
52 3 40 39 44 38
52 10 27 15 32 43
52 31 25 33 20 8
52 62 36 5 3 16
52 48 20 25 0 51
52 23 12 36 30 28
52 3 6 15 6 62
52 15 13 61 1 17
52 20 8 45 52 15
52 18 57 4 29 48
52 19 37 56 35 5
52 28 19 12 46 17
52 52 25 34 0 5
52 32 63 29 43 26
52 35 52 22 17 52
52 57 23 62 24 45
52 29 60 36 30 13
52 29 11 24 49 10
53 26 52 14 31 58
53 55 6 0 8 6
53 59 18 59 36 8
53 40 28 21 31 19
53 8 6 16 28 53
53 54 19 8 0 56
53 39 17 13 49 33
53 26 45 29 27 44
53 56 31 54 37 53
53 14 29 38 49 50
53 54 54 56 21 34
53 14 61 59 60 33
53 40 44 36 57 46
53 52 1 56 5 47
53 60 50 23 11 2
53 4 13 22 53 42
53 12 13 17 12 32
53 3 1 16 7 5
53 9 60 4 20 43
53 46 23 1 63 14
53 36 14 47 8 13
53 36 22 0 17 24
53 36 61 12 28 39
53 1 24 62 60 40
53 35 53 54 19 48
53 5 12 19 15 42
53 58 38 26 52 43
53 3 18 9 30 36
53 5 58 60 22 41
53 15 53 18 47 2
53 15 59 3 2 9
53 47 32 56 35 54
53 42 62 50 54 25
53 15 31 62 9 47
53 30 17 23 50 4
53 4 41 41 22 14
53 29 57 44 63 60
53 32 5 56 13 2
53 31 24 50 3 28
53 61 56 10 20 17
53 48 60 12 39 43
53 20 0 22 11 26
53 41 19 26 10 54
53 33 25 40 13 26
53 14 58 55 25 37
53 23 50 57 62 37
53 53 3 39 33 0
53 49 61 37 16 31
53 0 32 18 61 10
53 2 34 9 40 23
53 29 39 46 28 23
53 54 43 40 19 47
53 8 15 9 57 0
53 9 26 9 37 37
53 27 52 44 60 19
53 4 58 49 63 59
53 6 46 32 17 63
53 8 55 37 26 55
53 60 21 13 19 57
53 28 35 22 38 52
53 33 48 17 53 50
53 61 35 10 13 0
53 24 24 34 8 15
53 5 12 13 44 17
54 18 28 52 30 24
54 0 36 23 43 45
54 38 27 48 9 62
54 55 49 42 58 61
54 25 13 14 5 25
54 7 6 63 27 55
54 8 40 61 60 14
54 8 52 25 12 58
54 30 17 45 35 46
54 37 45 57 0 27
54 62 27 54 8 62
54 61 62 32 4 38
54 57 12 58 32 31
54 22 25 18 42 56
54 16 50 63 5 62
54 3 34 39 19 42
54 57 32 2 13 58
54 47 24 24 41 33
54 13 44 14 6 63
54 23 58 25 51 57
54 17 2 36 48 35
54 31 8 18 22 7
54 4 61 46 42 6
54 6 58 20 45 22
54 54 40 41 1 52
54 57 10 41 31 42
54 56 55 6 10 9
54 51 19 55 6 32
54 62 24 13 49 56
54 41 42 27 57 20
54 53 50 19 50 31
54 56 19 12 8 42
54 31 16 2 24 21
54 17 49 38 56 16
54 5 30 10 32 27
54 54 59 43 20 8
54 13 31 50 6 16
54 2 16 21 9 47
54 3 45 49 27 7
54 6 44 56 34 5
54 58 29 1 2 28
54 46 11 50 28 43
54 11 5 25 46 15
54 29 29 55 21 30
54 14 50 21 5 31
54 40 28 54 40 43
54 26 4 55 3 34
54 19 61 62 23 45
54 23 27 14 59 61
54 51 32 33 14 15
54 10 29 49 57 37
54 36 5 16 13 13
54 24 49 41 11 18
54 30 25 14 4 19
54 26 18 32 60 22
54 23 10 22 23 38
54 7 53 30 56 42
54 4 1 40 56 17
54 37 42 26 47 50
54 0 59 1 36 59
54 1 1 8 4 10
54 24 45 49 38 24
54 27 23 47 19 31
54 56 30 63 4 29
55 42 21 10 55 15
55 19 9 3 26 34
55 56 63 38 41 37
55 60 22 20 45 32
55 14 35 36 28 61
55 62 30 49 15 8
55 29 31 35 63 31
55 6 7 55 0 48
55 41 39 49 29 62
55 16 17 40 29 56
55 36 41 41 39 12
55 62 29 54 28 55
55 57 48 52 50 50
55 54 5 1 56 15
55 41 12 44 22 58
55 11 16 13 0 12
55 45 33 52 29 10
55 39 50 6 23 50
55 51 42 1 3 55
55 56 20 13 40 5
55 2 12 51 19 55
55 34 18 30 37 28
55 39 34 46 37 13
55 50 13 25 49 34
55 22 30 48 46 5
55 38 41 4 40 53
55 50 57 60 29 0
55 7 20 3 53 27
55 60 52 25 0 36
55 29 49 57 4 28
55 11 25 5 17 25
55 49 34 48 59 46
55 7 17 12 41 41
55 8 38 9 23 57
55 2 59 9 38 30
55 13 34 27 3 14
55 53 15 33 32 32
55 8 4 42 34 20
55 60 63 54 38 1
55 4 47 20 26 9
55 10 60 60 40 63
55 10 36 52 16 59
55 35 54 31 31 3
55 55 46 24 40 45
55 18 5 8 48 59
55 20 46 0 30 34
55 44 49 15 20 44
55 51 49 61 58 4
55 51 29 18 38 56
55 56 56 50 25 16
55 18 47 8 30 8
55 13 50 43 22 61
55 7 49 47 21 49
55 3 2 17 60 14
55 35 20 29 21 4
55 59 63 20 14 44
55 38 9 39 35 12
55 13 43 55 54 49
55 42 51 12 54 0
55 58 9 13 41 58
55 11 41 11 28 32
55 41 3 38 11 4
55 5 1 25 3 59
55 56 60 28 35 9
56 23 39 56 10 33
56 2 50 20 60 47
56 22 4 38 6 16
56 5 30 29 30 15
56 37 11 32 11 33
56 24 29 32 31 63
56 22 21 45 41 57
56 43 20 30 18 22
56 52 54 54 7 25
56 18 42 49 19 44
56 60 55 45 36 4
56 34 42 54 46 7
56 20 43 21 43 24
56 53 63 18 60 48
56 23 61 53 27 23
56 17 13 40 13 52
56 26 39 11 54 0
56 63 39 63 25 21
56 4 20 33 47 57
56 35 18 59 58 61
56 41 48 53 37 28
56 32 44 18 26 3
56 8 42 6 52 19
56 49 9 59 17 36
56 43 39 53 56 35
56 24 9 14 7 2
56 33 7 52 26 7
56 28 23 45 15 53
56 62 43 49 12 63
56 12 42 50 20 53
56 57 0 53 36 53
56 43 39 33 27 12
56 41 39 37 61 5
56 46 1 32 29 34
56 0 57 51 36 45
56 14 12 40 35 37
56 54 34 49 7 55
56 24 7 22 28 22
56 9 6 62 1 23
56 59 27 11 40 56
56 45 3 39 12 10
56 34 20 38 31 25
56 1 35 8 54 2
56 44 1 15 38 0
56 9 54 25 38 35
56 12 48 3 2 16
56 38 21 14 56 29
56 23 51 3 49 11
56 52 25 20 36 51
56 10 50 27 44 7
56 6 13 61 17 27
56 4 45 18 58 30
56 47 9 56 29 20
56 14 19 3 58 6
56 60 10 0 9 32
56 26 25 45 34 17
56 36 22 60 53 38
56 15 32 62 59 10
56 29 61 58 21 21
56 38 34 41 44 41
56 39 7 58 62 7
56 52 23 57 46 59
56 29 37 45 5 45
56 22 18 7 29 55
57 43 6 21 52 43
57 20 39 44 10 0
57 43 19 13 16 20
57 14 62 47 54 27
57 30 62 29 60 57
57 34 26 55 9 50
57 37 51 24 52 53
57 4 52 9 62 56
57 35 46 46 30 28
57 27 14 16 38 58
57 4 10 40 63 29
57 30 22 57 61 20
57 13 44 26 20 17
57 56 18 8 58 21
57 9 22 58 49 59
57 22 11 5 10 26
57 2 6 17 38 18
57 29 23 45 58 60
57 9 4 49 40 25
57 5 32 34 8 53
57 60 12 9 8 58
57 19 12 24 39 3
57 57 37 8 56 53
57 31 5 11 26 44
57 49 55 60 35 0
57 31 30 36 62 13
57 30 52 4 19 26
57 4 24 11 19 46
57 37 17 20 41 53
57 3 53 17 32 14
57 16 14 37 59 24
57 59 7 47 2 22
57 54 38 4 13 15
57 28 21 15 39 10
57 46 3 8 34 21
57 59 16 13 53 56
57 43 34 58 6 46
57 54 8 1 10 10
57 13 46 30 19 31
57 43 50 48 46 3
57 42 43 63 33 30
57 42 25 10 48 63
57 22 47 30 47 7
57 23 52 2 57 16
57 44 24 58 60 24
57 47 18 30 47 59
57 38 36 6 59 18
57 1 31 21 62 37
57 26 24 38 23 46
57 14 2 33 13 17
57 59 25 8 32 61
57 0 20 27 36 40
57 36 23 5 49 3
57 33 41 0 32 26
57 18 60 51 42 48
57 47 39 7 62 48
57 25 6 23 52 8
57 50 1 46 1 35
57 20 22 35 45 9
57 22 47 8 44 21
57 23 35 27 51 34
57 26 9 44 6 56
57 58 57 37 37 44
57 25 29 47 34 47
58 58 59 31 0 48
58 8 41 32 17 61
58 28 49 13 14 52
58 52 11 29 13 28
58 52 51 14 36 27
58 44 60 1 11 18
58 11 8 54 54 40
58 24 40 13 18 0
58 4 49 54 31 52
58 28 60 28 39 17
58 37 18 60 11 46
58 8 11 26 21 58
58 62 4 2 6 53
58 1 32 43 17 30
58 3 35 2 63 63
58 54 55 22 8 11
58 21 26 12 39 14
58 42 57 7 56 34
58 52 24 58 46 1
58 7 15 2 37 59
58 50 38 63 32 51
58 31 26 53 28 40
58 28 4 59 17 53
58 55 44 63 61 16
58 2 3 43 2 33
58 54 36 0 27 32
58 23 33 35 43 40
58 37 18 62 49 62
58 19 0 15 5 21
58 38 14 23 50 16
58 18 8 33 54 44
58 41 43 15 20 4
58 26 45 58 1 52
58 6 0 32 43 60
58 3 36 28 33 33
58 9 40 44 59 46
58 60 46 59 24 3
58 59 55 48 63 58
58 58 44 47 8 12
58 16 55 53 42 2
58 6 50 39 9 27
58 6 45 18 47 58
58 19 10 32 59 45
58 18 46 4 19 2
58 18 62 24 52 21
58 21 49 23 27 42
58 2 36 40 61 49
58 31 0 61 20 12
58 49 58 50 3 47
58 0 54 9 25 16
58 58 18 9 11 53
58 24 23 44 28 4
58 34 20 36 7 9
58 56 31 50 25 58
58 58 52 22 55 46
58 39 60 26 46 50
58 23 19 9 51 41
58 12 7 41 11 33
58 20 5 46 13 34
58 19 29 8 38 19
58 63 48 33 0 21
58 27 40 5 7 43
58 31 45 34 43 25
58 44 22 26 35 3
59 11 37 8 56 7
59 24 62 32 18 30
59 47 0 49 57 39
59 16 14 16 57 41
59 45 63 44 3 47
59 57 36 61 16 1
59 45 38 28 27 1
59 41 52 21 32 14
59 1 14 39 30 45
59 4 35 10 53 7
59 4 37 42 31 9
59 2 19 20 30 5
59 45 7 37 33 48
59 50 27 33 40 9
59 14 63 23 63 9
59 43 56 61 44 30
59 44 31 28 14 48
59 59 11 57 16 1
59 40 13 5 3 0
59 59 49 44 10 50
59 19 30 46 54 15
59 39 54 10 11 26
59 44 42 31 16 62
59 23 61 43 58 57
59 27 50 37 49 11
59 20 7 61 21 43
59 14 53 12 59 16
59 1 36 36 37 6
59 15 25 0 1 42
59 63 42 15 6 40
59 22 55 5 21 29
59 44 10 36 48 21
59 9 58 7 10 8
59 36 50 39 29 4
59 37 49 13 43 51
59 18 28 25 51 35
59 40 5 6 13 23
59 23 30 60 46 63
59 30 55 43 25 36
59 40 62 8 10 10
59 55 35 37 16 61
59 62 42 54 41 47
59 53 62 58 58 34
59 39 61 1 59 38
59 50 54 50 60 0
59 41 25 23 40 35
59 50 7 34 43 39
59 47 56 49 37 59
59 11 36 47 9 19
59 50 28 53 12 61
59 13 25 60 4 56
59 58 56 37 58 41
59 48 12 24 33 6
59 50 59 6 0 19
59 52 47 39 6 41
59 61 43 57 1 22
59 32 38 33 20 59
59 15 58 50 19 39
59 19 27 37 28 34
59 15 58 17 33 0
59 19 47 14 21 19
59 23 19 7 42 15
59 55 47 11 15 31
59 49 51 28 11 48
60 13 47 13 5 33
60 50 61 9 29 21
60 12 23 36 26 23
60 55 62 60 8 19
60 3 12 42 18 44
60 1 27 34 32 42
60 59 4 26 14 31
60 39 44 28 10 22
60 24 23 35 55 51
60 52 61 4 17 59
60 49 11 23 56 61
60 38 9 21 60 59
60 41 25 56 15 62
60 42 49 5 39 55
60 4 15 15 10 63
60 27 12 53 11 50
60 12 11 37 4 53
60 35 32 58 49 20
60 26 31 42 18 37
60 57 35 16 40 59
60 10 45 56 19 43
60 29 8 30 15 44
60 37 53 11 8 60
60 56 24 30 24 20
60 22 24 22 8 18
60 57 47 11 59 35
60 28 2 5 28 57
60 53 42 30 53 39
60 38 47 27 19 4
60 25 13 19 47 50
60 13 39 45 33 47
60 53 17 33 12 51
60 29 8 49 8 21
60 13 3 1 38 41
60 33 42 34 52 43
60 37 37 32 38 58
60 26 47 36 7 46
60 9 29 17 22 29
60 12 63 28 4 15
60 10 3 28 55 8
60 12 50 15 31 12
60 35 4 43 19 51
60 41 8 24 56 43
60 19 27 63 22 45
60 49 50 17 26 20
60 32 1 2 32 30
60 28 50 29 43 33
60 61 30 39 12 35
60 23 39 0 14 11
60 51 43 14 53 59
60 58 45 9 11 43
60 8 27 13 49 37
60 38 57 31 54 31
60 52 24 21 0 37
60 21 37 56 12 59
60 46 34 62 2 29
60 16 32 30 26 10
60 32 4 12 59 44
60 19 28 43 61 59
60 15 40 0 21 10
60 5 50 4 50 27
60 46 14 18 10 41
60 46 16 16 32 23
60 47 63 27 18 38
61 7 40 56 11 11
61 26 33 58 5 44
61 49 2 50 53 25
61 2 33 6 25 0
61 6 50 36 34 31
61 14 31 52 10 54
61 22 43 44 62 52
61 4 57 11 24 32
61 52 8 62 43 39
61 47 57 31 35 45
61 39 32 33 28 18
61 39 4 49 3 37
61 40 12 59 61 49
61 13 12 51 63 22
61 17 26 26 4 26
61 46 44 44 42 14
61 52 41 53 60 51
61 13 61 46 7 41
61 49 11 41 59 11
61 4 33 25 47 33
61 62 32 18 33 6
61 51 10 47 50 14
61 36 57 22 40 1
61 38 14 14 17 33
61 49 10 45 34 55
61 63 26 26 22 43
61 57 47 39 60 58
61 31 13 42 62 27
61 57 26 42 55 10
61 2 54 42 37 17
61 48 13 22 15 47
61 57 38 58 52 47
61 1 58 12 61 5
61 22 62 24 45 51
61 11 19 6 24 46
61 47 56 23 41 14
61 28 7 7 48 23
61 50 44 19 2 57
61 57 1 31 58 22
61 11 13 54 15 12
61 60 16 15 45 10
61 28 38 58 30 35
61 34 11 35 34 0
61 19 50 58 33 47
61 62 44 44 63 37
61 37 17 16 57 42
61 20 4 27 16 49
61 56 30 30 37 62
61 42 21 57 19 6
61 16 34 57 14 52
61 36 40 2 53 14
61 61 35 30 15 7
61 23 33 17 17 52
61 58 5 34 17 19
61 20 33 63 37 29
61 31 52 24 57 31
61 20 31 37 6 31
61 36 39 22 47 10
61 1 9 47 7 27
61 50 43 0 17 26
61 48 47 47 37 11
61 14 10 37 7 42
61 24 42 30 14 26
61 57 20 62 36 23
62 17 3 47 58 21
62 24 17 30 20 53
62 22 20 1 31 2
62 43 54 58 20 27
62 39 2 55 26 52
62 26 59 38 48 28
62 18 51 62 26 25
62 32 25 56 12 37
62 4 4 57 43 31
62 8 25 58 3 30
62 8 33 40 46 13
62 60 31 1 57 30
62 37 44 8 29 30
62 30 39 22 33 34
62 45 35 14 22 26
62 35 17 55 14 30
62 8 9 14 56 61
62 60 8 21 19 20
62 45 34 18 34 60
62 62 26 63 38 31
62 52 13 55 9 26
62 40 48 4 32 42
62 63 18 31 21 38
62 57 48 61 24 19
62 14 41 25 2 51
62 23 51 8 33 26
62 44 1 56 1 53
62 47 11 34 37 14
62 4 6 37 20 26
62 61 21 25 40 59
62 18 13 32 35 41
62 16 41 19 46 41
62 34 1 44 53 23
62 7 46 3 25 23
62 54 17 35 32 35
62 36 9 9 50 7
62 46 31 61 56 36
62 29 26 8 35 25
62 19 31 11 32 22
62 48 43 29 16 43
62 9 34 39 28 4
62 17 48 28 54 60
62 18 2 27 25 52
62 55 21 52 52 60
62 46 43 56 42 58
62 63 30 51 6 11
62 51 8 47 13 5
62 6 39 56 51 13
62 62 35 8 11 6
62 58 24 32 45 60
62 51 28 33 25 27
62 9 23 11 26 34
62 33 39 49 25 56
62 18 38 26 44 52
62 39 30 16 28 7
62 43 47 0 18 40
62 13 28 33 40 22
62 41 58 53 9 32
62 30 5 15 4 62
62 12 13 10 27 13
62 4 29 10 45 54
62 44 36 52 7 0
62 8 63 41 27 62
62 18 32 7 36 61
63 43 49 47 36 47
63 42 36 0 59 61
63 45 16 32 54 26
63 39 22 41 10 63
63 62 63 51 45 40
63 27 54 41 19 6
63 46 26 52 33 61
63 23 20 23 44 10
63 23 36 12 1 8
63 49 44 62 51 16
63 28 19 9 62 3
63 56 52 59 36 3
63 30 59 55 43 42
63 63 30 2 38 6
63 14 54 58 39 56
63 51 60 31 60 13
63 37 34 2 59 28
63 26 41 60 12 47
63 13 60 50 27 2
63 40 6 14 59 55
63 15 54 56 29 13
63 9 58 18 36 53
63 6 25 52 30 60
63 49 36 36 19 50
63 63 55 42 48 17
63 22 13 37 5 5
63 63 55 46 12 30
63 27 57 44 29 18
63 13 50 30 0 13
63 7 41 44 50 54
63 11 59 56 27 10
63 45 27 54 5 57
63 36 52 2 42 28
63 46 29 33 59 56
63 16 8 46 7 1
63 7 28 9 24 4
63 35 57 40 19 39
63 2 11 53 20 33
63 15 19 57 27 28
63 9 1 32 34 11
63 6 51 5 20 54
63 48 34 32 50 60
63 59 25 34 17 45
63 48 2 60 9 57
63 62 9 32 4 3
63 21 15 38 26 35
63 63 58 37 9 31
63 2 13 28 12 23
63 28 57 42 27 30
63 12 23 60 21 50
63 46 22 35 60 50
63 12 49 29 44 20
63 38 29 12 21 16
63 18 8 19 27 55
63 31 36 57 42 18
63 29 6 25 28 40
63 16 41 36 35 35
63 55 60 48 45 16
63 22 42 26 7 45
63 33 7 22 55 55
63 24 15 55 63 58
63 56 22 15 42 51
63 46 22 29 52 48
63 47 18 14 22 62
