0.000000000000000000e+00 3.926990816987241395e-01 0.000000000000000000e+00 3.776000000000000000e+03 -4.143997118308193756e-02 6.819858267828788900e-01
0.000000000000000000e+00 3.926990816987241395e-01 1.000000000000000000e+00 3.888000000000000000e+03 -4.342533147200915156e-02 6.895647367853615650e-01
0.000000000000000000e+00 3.926990816987241395e-01 2.000000000000000000e+00 3.728000000000000000e+03 -4.182126506261084342e-02 6.917432438935288141e-01
0.000000000000000000e+00 3.926990816987241395e-01 3.000000000000000000e+00 3.760000000000000000e+03 -4.247852155416068087e-02 6.939520187613180680e-01
0.000000000000000000e+00 3.926990816987241395e-01 4.000000000000000000e+00 3.952000000000000000e+03 -4.095594940044256643e-02 6.836321626417420916e-01
0.000000000000000000e+00 3.926990816987241395e-01 5.000000000000000000e+00 3.840000000000000000e+03 -4.139974096320563762e-02 6.886121139023763105e-01
0.000000000000000000e+00 3.926990816987241395e-01 6.000000000000000000e+00 3.824000000000000000e+03 -4.046595159195897490e-02 6.844137103257809107e-01
0.000000000000000000e+00 3.926990816987241395e-01 7.000000000000000000e+00 3.904000000000000000e+03 -3.927357138642562778e-02 6.835741052237954696e-01
0.000000000000000000e+00 3.926990816987241395e-01 8.000000000000000000e+00 3.936000000000000000e+03 -4.089391676164793460e-02 6.861794762460327046e-01
0.000000000000000000e+00 3.926990816987241395e-01 9.000000000000000000e+00 3.904000000000000000e+03 -4.036864287150351144e-02 6.908322051797903818e-01
0.000000000000000000e+00 3.926990816987241395e-01 1.000000000000000000e+01 3.808000000000000000e+03 -4.098041046578104751e-02 6.998129957513316013e-01
0.000000000000000000e+00 3.926990816987241395e-01 1.100000000000000000e+01 3.904000000000000000e+03 -4.129754188402379872e-02 6.828871468529720268e-01
0.000000000000000000e+00 3.926990816987241395e-01 1.200000000000000000e+01 3.856000000000000000e+03 -4.033139572387093447e-02 6.823730580904843190e-01
0.000000000000000000e+00 3.926990816987241395e-01 1.300000000000000000e+01 3.680000000000000000e+03 -4.374468693254009166e-02 6.876753643778054093e-01
0.000000000000000000e+00 3.926990816987241395e-01 1.400000000000000000e+01 3.888000000000000000e+03 -4.228499357944408982e-02 6.885863373613719807e-01
0.000000000000000000e+00 3.926990816987241395e-01 1.500000000000000000e+01 3.840000000000000000e+03 -4.273623277153860284e-02 6.860926815368547649e-01
0.000000000000000000e+00 3.926990816987241395e-01 1.600000000000000000e+01 4.096000000000000000e+03 -4.175514055238308680e-02 6.843369346204742909e-01
0.000000000000000000e+00 3.926990816987241395e-01 1.700000000000000000e+01 3.888000000000000000e+03 -4.099577732616081077e-02 6.868418979894740373e-01
0.000000000000000000e+00 3.926990816987241395e-01 1.800000000000000000e+01 3.856000000000000000e+03 -4.114309654725756271e-02 6.893123046336087079e-01
0.000000000000000000e+00 3.926990816987241395e-01 1.900000000000000000e+01 3.968000000000000000e+03 -4.393356905633102882e-02 6.874103195230339969e-01
0.000000000000000000e+00 3.926990816987241395e-01 2.000000000000000000e+01 4.096000000000000000e+03 -4.246776709121807825e-02 6.885271284356685451e-01
0.000000000000000000e+00 3.926990816987241395e-01 2.100000000000000000e+01 3.984000000000000000e+03 -4.152998616984601710e-02 6.908936765221832532e-01
0.000000000000000000e+00 3.926990816987241395e-01 2.200000000000000000e+01 3.920000000000000000e+03 -4.119382657513261797e-02 6.907147551619061687e-01
0.000000000000000000e+00 3.926990816987241395e-01 2.300000000000000000e+01 3.920000000000000000e+03 -4.274016743673422769e-02 6.918259762232440435e-01
0.000000000000000000e+00 3.926990816987241395e-01 2.400000000000000000e+01 3.936000000000000000e+03 -4.099615714627054958e-02 6.919201125153771059e-01
0.000000000000000000e+00 3.926990816987241395e-01 2.500000000000000000e+01 4.032000000000000000e+03 -4.256923762169641245e-02 6.990378158822065924e-01
0.000000000000000000e+00 3.926990816987241395e-01 2.600000000000000000e+01 3.824000000000000000e+03 -4.034933086782153261e-02 6.805568870551906846e-01
0.000000000000000000e+00 3.926990816987241395e-01 2.700000000000000000e+01 4.032000000000000000e+03 -4.138947598968237274e-02 6.958792292625047837e-01
0.000000000000000000e+00 3.926990816987241395e-01 2.800000000000000000e+01 3.872000000000000000e+03 -4.076372138837184439e-02 6.928662084343704120e-01
0.000000000000000000e+00 3.926990816987241395e-01 2.900000000000000000e+01 3.808000000000000000e+03 -3.977781882076118075e-02 6.850367705888378289e-01
0.000000000000000000e+00 3.926990816987241395e-01 3.000000000000000000e+01 3.904000000000000000e+03 -4.019618519184459809e-02 6.908012172313694466e-01
0.000000000000000000e+00 3.926990816987241395e-01 3.100000000000000000e+01 4.032000000000000000e+03 -3.676214352865503354e-02 6.918098668133859652e-01
0.000000000000000000e+00 3.926990816987241395e-01 3.200000000000000000e+01 4.032000000000000000e+03 -4.045701632521034319e-02 6.832242690499329418e-01
0.000000000000000000e+00 3.926990816987241395e-01 3.300000000000000000e+01 3.664000000000000000e+03 -4.048350663054562509e-02 6.879586534262505104e-01
0.000000000000000000e+00 3.926990816987241395e-01 3.400000000000000000e+01 4.000000000000000000e+03 -4.211658636187817079e-02 6.810252152672919834e-01
0.000000000000000000e+00 3.926990816987241395e-01 3.500000000000000000e+01 3.872000000000000000e+03 -4.307784850192498960e-02 6.992891535671869052e-01
0.000000000000000000e+00 3.926990816987241395e-01 3.600000000000000000e+01 3.936000000000000000e+03 -4.326400126517885442e-02 6.969817865948220170e-01
0.000000000000000000e+00 3.926990816987241395e-01 3.700000000000000000e+01 3.904000000000000000e+03 -4.152858599287469893e-02 6.885109396280642002e-01
0.000000000000000000e+00 3.926990816987241395e-01 3.800000000000000000e+01 3.968000000000000000e+03 -4.295163285916293872e-02 6.951671223889052120e-01
0.000000000000000000e+00 3.926990816987241395e-01 3.900000000000000000e+01 4.144000000000000000e+03 -4.236190909642242181e-02 6.866046070666628198e-01
0.000000000000000000e+00 3.926990816987241395e-01 4.000000000000000000e+01 4.000000000000000000e+03 -4.325089501463838526e-02 6.904218444498180229e-01
0.000000000000000000e+00 3.926990816987241395e-01 4.100000000000000000e+01 3.984000000000000000e+03 -4.097293616200959471e-02 6.795576470420248150e-01
0.000000000000000000e+00 3.926990816987241395e-01 4.200000000000000000e+01 4.048000000000000000e+03 -4.302167725764115963e-02 6.921993366235895673e-01
0.000000000000000000e+00 3.926990816987241395e-01 4.300000000000000000e+01 3.840000000000000000e+03 -4.220179485048836804e-02 6.877355142725433135e-01
0.000000000000000000e+00 3.926990816987241395e-01 4.400000000000000000e+01 3.888000000000000000e+03 -4.032353729589948504e-02 6.995989744463010362e-01
0.000000000000000000e+00 3.926990816987241395e-01 4.500000000000000000e+01 3.696000000000000000e+03 -4.170648186007233638e-02 6.922171807258878928e-01
0.000000000000000000e+00 3.926990816987241395e-01 4.600000000000000000e+01 3.728000000000000000e+03 -4.308145180376198730e-02 6.913728147285170822e-01
0.000000000000000000e+00 3.926990816987241395e-01 4.700000000000000000e+01 3.744000000000000000e+03 -4.090471132378248331e-02 6.756110336789775683e-01
0.000000000000000000e+00 3.926990816987241395e-01 4.800000000000000000e+01 3.776000000000000000e+03 -4.280047172213523321e-02 6.819103840520215343e-01
0.000000000000000000e+00 3.926990816987241395e-01 4.900000000000000000e+01 3.888000000000000000e+03 -4.178275938027510572e-02 6.859626127485000113e-01
0.000000000000000000e+00 3.926990816987241395e-01 5.000000000000000000e+01 3.808000000000000000e+03 -4.202501350343407910e-02 6.948001401336180161e-01
0.000000000000000000e+00 3.926990816987241395e-01 5.100000000000000000e+01 3.888000000000000000e+03 -4.134596652672908879e-02 6.834586128836361851e-01
0.000000000000000000e+00 3.926990816987241395e-01 5.200000000000000000e+01 3.808000000000000000e+03 -4.108653453493497226e-02 6.826381807222093867e-01
0.000000000000000000e+00 3.926990816987241395e-01 5.300000000000000000e+01 3.840000000000000000e+03 -4.246173943717487798e-02 6.774300999453672922e-01
0.000000000000000000e+00 3.926990816987241395e-01 5.400000000000000000e+01 4.000000000000000000e+03 -3.974460077251647933e-02 6.866030897455448478e-01
0.000000000000000000e+00 3.926990816987241395e-01 5.500000000000000000e+01 3.920000000000000000e+03 -4.078957720838223555e-02 6.765815976041826829e-01
0.000000000000000000e+00 3.926990816987241395e-01 5.600000000000000000e+01 3.824000000000000000e+03 -4.301542871393672363e-02 6.871296257749495151e-01
0.000000000000000000e+00 3.926990816987241395e-01 5.700000000000000000e+01 3.744000000000000000e+03 -4.118995098166521734e-02 6.847095878756107590e-01
0.000000000000000000e+00 3.926990816987241395e-01 5.800000000000000000e+01 3.968000000000000000e+03 -4.119318052697566040e-02 6.787388102723166394e-01
0.000000000000000000e+00 3.926990816987241395e-01 5.900000000000000000e+01 3.840000000000000000e+03 -4.392175274696440840e-02 6.954280157474576063e-01
0.000000000000000000e+00 3.926990816987241395e-01 6.000000000000000000e+01 3.840000000000000000e+03 -4.082287402203838705e-02 6.920949615096220198e-01
0.000000000000000000e+00 3.926990816987241395e-01 6.100000000000000000e+01 3.792000000000000000e+03 -4.133592147198914685e-02 6.857258242574468809e-01
0.000000000000000000e+00 3.926990816987241395e-01 6.200000000000000000e+01 3.872000000000000000e+03 -3.974650433843191638e-02 6.776667678377108484e-01
0.000000000000000000e+00 3.926990816987241395e-01 6.300000000000000000e+01 3.984000000000000000e+03 -4.115728662619083655e-02 6.916720472424044974e-01
1.000000000000000000e+00 7.853981633974482790e-01 0.000000000000000000e+00 3.920000000000000000e+03 -5.586467681015842845e-02 6.727842413775519947e-01
1.000000000000000000e+00 7.853981633974482790e-01 1.000000000000000000e+00 3.968000000000000000e+03 -5.796768731995344953e-02 6.834389506281399740e-01
1.000000000000000000e+00 7.853981633974482790e-01 2.000000000000000000e+00 3.936000000000000000e+03 -5.731050084345919171e-02 6.851940824409309405e-01
1.000000000000000000e+00 7.853981633974482790e-01 3.000000000000000000e+00 4.048000000000000000e+03 -5.304462817052262719e-02 6.708246241646897978e-01
1.000000000000000000e+00 7.853981633974482790e-01 4.000000000000000000e+00 4.112000000000000000e+03 -5.377036626029887967e-02 6.692762298265880760e-01
1.000000000000000000e+00 7.853981633974482790e-01 5.000000000000000000e+00 3.936000000000000000e+03 -5.639543835929609894e-02 6.720320233125627318e-01
1.000000000000000000e+00 7.853981633974482790e-01 6.000000000000000000e+00 4.016000000000000000e+03 -5.611266409776845265e-02 6.678551745658543037e-01
1.000000000000000000e+00 7.853981633974482790e-01 7.000000000000000000e+00 4.080000000000000000e+03 -5.140530630127192885e-02 6.597102917672919009e-01
1.000000000000000000e+00 7.853981633974482790e-01 8.000000000000000000e+00 4.032000000000000000e+03 -5.486517743005264042e-02 6.633779290923169647e-01
1.000000000000000000e+00 7.853981633974482790e-01 9.000000000000000000e+00 3.984000000000000000e+03 -5.332150305782961536e-02 6.660058402828915591e-01
1.000000000000000000e+00 7.853981633974482790e-01 1.000000000000000000e+01 3.920000000000000000e+03 -5.559320379199527568e-02 6.711021650720923049e-01
1.000000000000000000e+00 7.853981633974482790e-01 1.100000000000000000e+01 4.016000000000000000e+03 -5.148788910254791656e-02 6.614284628594905291e-01
1.000000000000000000e+00 7.853981633974482790e-01 1.200000000000000000e+01 3.808000000000000000e+03 -5.448507946870218693e-02 6.701828163636250890e-01
1.000000000000000000e+00 7.853981633974482790e-01 1.300000000000000000e+01 3.808000000000000000e+03 -5.717216784493030918e-02 6.735874390166359804e-01
1.000000000000000000e+00 7.853981633974482790e-01 1.400000000000000000e+01 3.936000000000000000e+03 -5.261508625909382814e-02 6.634688781944904079e-01
1.000000000000000000e+00 7.853981633974482790e-01 1.500000000000000000e+01 3.872000000000000000e+03 -5.483623993035184607e-02 6.778343636728407784e-01
1.000000000000000000e+00 7.853981633974482790e-01 1.600000000000000000e+01 3.952000000000000000e+03 -5.577513071323077221e-02 6.607030495429474515e-01
1.000000000000000000e+00 7.853981633974482790e-01 1.700000000000000000e+01 3.856000000000000000e+03 -5.358985911370103133e-02 6.678792745913882944e-01
1.000000000000000000e+00 7.853981633974482790e-01 1.800000000000000000e+01 3.728000000000000000e+03 -5.775394331561114342e-02 6.801890618110678632e-01
1.000000000000000000e+00 7.853981633974482790e-01 1.900000000000000000e+01 3.744000000000000000e+03 -5.654235076467969273e-02 6.620725043467600157e-01
1.000000000000000000e+00 7.853981633974482790e-01 2.000000000000000000e+01 3.744000000000000000e+03 -5.760216323636424551e-02 6.749852589046186901e-01
1.000000000000000000e+00 7.853981633974482790e-01 2.100000000000000000e+01 3.920000000000000000e+03 -5.644801883032879442e-02 6.739146158908555506e-01
1.000000000000000000e+00 7.853981633974482790e-01 2.200000000000000000e+01 3.728000000000000000e+03 -5.292440535568496141e-02 6.721205755472496879e-01
1.000000000000000000e+00 7.853981633974482790e-01 2.300000000000000000e+01 3.952000000000000000e+03 -5.561638316435152385e-02 6.691773726067820061e-01
1.000000000000000000e+00 7.853981633974482790e-01 2.400000000000000000e+01 3.776000000000000000e+03 -5.453970404617185935e-02 6.783824708492669497e-01
1.000000000000000000e+00 7.853981633974482790e-01 2.500000000000000000e+01 3.952000000000000000e+03 -5.517966996294729892e-02 6.683631537536931511e-01
1.000000000000000000e+00 7.853981633974482790e-01 2.600000000000000000e+01 3.888000000000000000e+03 -5.633514155694691744e-02 6.702220629016877318e-01
1.000000000000000000e+00 7.853981633974482790e-01 2.700000000000000000e+01 4.000000000000000000e+03 -5.395408793426439281e-02 6.563627017911283223e-01
1.000000000000000000e+00 7.853981633974482790e-01 2.800000000000000000e+01 3.760000000000000000e+03 -5.716654998164229923e-02 6.709207909850232188e-01
1.000000000000000000e+00 7.853981633974482790e-01 2.900000000000000000e+01 3.472000000000000000e+03 -5.614509669606660563e-02 6.764584145594966236e-01
1.000000000000000000e+00 7.853981633974482790e-01 3.000000000000000000e+01 3.984000000000000000e+03 -5.653361081725425535e-02 6.752942824970336044e-01
1.000000000000000000e+00 7.853981633974482790e-01 3.100000000000000000e+01 3.952000000000000000e+03 -5.630255520481789594e-02 6.760182114812287590e-01
1.000000000000000000e+00 7.853981633974482790e-01 3.200000000000000000e+01 3.904000000000000000e+03 -5.372685519643033425e-02 6.673307987408777509e-01
1.000000000000000000e+00 7.853981633974482790e-01 3.300000000000000000e+01 3.936000000000000000e+03 -5.324081976488792556e-02 6.629618595152736438e-01
1.000000000000000000e+00 7.853981633974482790e-01 3.400000000000000000e+01 3.792000000000000000e+03 -5.612006592703468882e-02 6.732377450460195201e-01
1.000000000000000000e+00 7.853981633974482790e-01 3.500000000000000000e+01 3.936000000000000000e+03 -5.726029581400748913e-02 6.840612129598306890e-01
1.000000000000000000e+00 7.853981633974482790e-01 3.600000000000000000e+01 3.232000000000000000e+03 -5.409225392299572832e-02 6.766663216440843565e-01
1.000000000000000000e+00 7.853981633974482790e-01 3.700000000000000000e+01 4.080000000000000000e+03 -5.409512438664856870e-02 6.705638138642850965e-01
1.000000000000000000e+00 7.853981633974482790e-01 3.800000000000000000e+01 3.920000000000000000e+03 -5.647851255325610914e-02 6.787330090822958351e-01
1.000000000000000000e+00 7.853981633974482790e-01 3.900000000000000000e+01 3.920000000000000000e+03 -5.661699789890951851e-02 6.777513851104040032e-01
1.000000000000000000e+00 7.853981633974482790e-01 4.000000000000000000e+01 4.000000000000000000e+03 -5.383692172796534364e-02 6.723505590386396058e-01
1.000000000000000000e+00 7.853981633974482790e-01 4.100000000000000000e+01 3.840000000000000000e+03 -5.530324205135814936e-02 6.795264058388476025e-01
1.000000000000000000e+00 7.853981633974482790e-01 4.200000000000000000e+01 3.920000000000000000e+03 -5.452192098936834569e-02 6.678046539239353985e-01
1.000000000000000000e+00 7.853981633974482790e-01 4.300000000000000000e+01 4.000000000000000000e+03 -5.518705250000613405e-02 6.641930881635753625e-01
1.000000000000000000e+00 7.853981633974482790e-01 4.400000000000000000e+01 4.112000000000000000e+03 -5.510029767509316140e-02 6.673578042242430675e-01
1.000000000000000000e+00 7.853981633974482790e-01 4.500000000000000000e+01 4.112000000000000000e+03 -5.534494235614643987e-02 6.619021151470233510e-01
1.000000000000000000e+00 7.853981633974482790e-01 4.600000000000000000e+01 3.984000000000000000e+03 -5.559267260764783058e-02 6.740810223733056938e-01
1.000000000000000000e+00 7.853981633974482790e-01 4.700000000000000000e+01 4.016000000000000000e+03 -5.624197549565991550e-02 6.661695086081224071e-01
1.000000000000000000e+00 7.853981633974482790e-01 4.800000000000000000e+01 3.984000000000000000e+03 -5.673323760194347309e-02 6.796525645939663907e-01
1.000000000000000000e+00 7.853981633974482790e-01 4.900000000000000000e+01 3.968000000000000000e+03 -5.817195806043988504e-02 6.826132114005269980e-01
1.000000000000000000e+00 7.853981633974482790e-01 5.000000000000000000e+01 4.016000000000000000e+03 -5.737279816209496508e-02 6.751340411622329674e-01
1.000000000000000000e+00 7.853981633974482790e-01 5.100000000000000000e+01 4.112000000000000000e+03 -5.325371348197227572e-02 6.651072684296956972e-01
1.000000000000000000e+00 7.853981633974482790e-01 5.200000000000000000e+01 4.096000000000000000e+03 -5.520956389744993004e-02 6.656711893634194022e-01
1.000000000000000000e+00 7.853981633974482790e-01 5.300000000000000000e+01 4.112000000000000000e+03 -5.598576597547568617e-02 6.768647551320454703e-01
1.000000000000000000e+00 7.853981633974482790e-01 5.400000000000000000e+01 3.984000000000000000e+03 -5.682849981398521710e-02 6.713002922198442191e-01
1.000000000000000000e+00 7.853981633974482790e-01 5.500000000000000000e+01 4.096000000000000000e+03 -5.507378408062604813e-02 6.654289418523712252e-01
1.000000000000000000e+00 7.853981633974482790e-01 5.600000000000000000e+01 3.984000000000000000e+03 -5.654994919903081479e-02 6.678297832223902830e-01
1.000000000000000000e+00 7.853981633974482790e-01 5.700000000000000000e+01 4.064000000000000000e+03 -5.581941469111836168e-02 6.824237790725391495e-01
1.000000000000000000e+00 7.853981633974482790e-01 5.800000000000000000e+01 4.144000000000000000e+03 -5.490771925269807147e-02 6.815653272685437969e-01
1.000000000000000000e+00 7.853981633974482790e-01 5.900000000000000000e+01 4.144000000000000000e+03 -5.704171888788244632e-02 6.784208026480086362e-01
1.000000000000000000e+00 7.853981633974482790e-01 6.000000000000000000e+01 4.048000000000000000e+03 -5.301467288946826173e-02 6.699853994932533086e-01
1.000000000000000000e+00 7.853981633974482790e-01 6.100000000000000000e+01 4.016000000000000000e+03 -5.622263231678121392e-02 6.741828458908277755e-01
1.000000000000000000e+00 7.853981633974482790e-01 6.200000000000000000e+01 4.016000000000000000e+03 -5.609774909082062416e-02 6.813861539860490701e-01
1.000000000000000000e+00 7.853981633974482790e-01 6.300000000000000000e+01 4.032000000000000000e+03 -5.455471219014240009e-02 6.771885946210310925e-01
2.000000000000000000e+00 1.178097245096172418e+00 0.000000000000000000e+00 4.272000000000000000e+03 -2.927662442578730928e-02 6.061720468008031659e-01
2.000000000000000000e+00 1.178097245096172418e+00 1.000000000000000000e+00 4.048000000000000000e+03 -3.024044976228672937e-02 6.135388203639061677e-01
2.000000000000000000e+00 1.178097245096172418e+00 2.000000000000000000e+00 4.112000000000000000e+03 -3.349779836583270665e-02 6.359144773890711422e-01
2.000000000000000000e+00 1.178097245096172418e+00 3.000000000000000000e+00 4.288000000000000000e+03 -2.860446236365610587e-02 5.977091877388320817e-01
2.000000000000000000e+00 1.178097245096172418e+00 4.000000000000000000e+00 4.144000000000000000e+03 -3.233683572900192260e-02 6.270305926011575659e-01
2.000000000000000000e+00 1.178097245096172418e+00 5.000000000000000000e+00 4.160000000000000000e+03 -3.311302700652467984e-02 6.293257532439340274e-01
2.000000000000000000e+00 1.178097245096172418e+00 6.000000000000000000e+00 4.160000000000000000e+03 -2.938231715795806831e-02 6.154466708719616985e-01
2.000000000000000000e+00 1.178097245096172418e+00 7.000000000000000000e+00 4.064000000000000000e+03 -3.383732184601003640e-02 6.383935780942553428e-01
2.000000000000000000e+00 1.178097245096172418e+00 8.000000000000000000e+00 4.112000000000000000e+03 -3.322671503521539005e-02 6.476830799634551994e-01
2.000000000000000000e+00 1.178097245096172418e+00 9.000000000000000000e+00 4.128000000000000000e+03 -3.266145361610717224e-02 6.347062611941332033e-01
2.000000000000000000e+00 1.178097245096172418e+00 1.000000000000000000e+01 4.176000000000000000e+03 -2.657095666292006234e-02 5.894189256306227032e-01
2.000000000000000000e+00 1.178097245096172418e+00 1.100000000000000000e+01 4.272000000000000000e+03 -3.060630019291937093e-02 6.333893288235190600e-01
2.000000000000000000e+00 1.178097245096172418e+00 1.200000000000000000e+01 4.304000000000000000e+03 -3.395055273097043885e-02 6.408690610247959052e-01
2.000000000000000000e+00 1.178097245096172418e+00 1.300000000000000000e+01 4.368000000000000000e+03 -2.974516969714213060e-02 6.132101187228550243e-01
2.000000000000000000e+00 1.178097245096172418e+00 1.400000000000000000e+01 4.224000000000000000e+03 -3.285600208130651234e-02 6.256375580325265195e-01
2.000000000000000000e+00 1.178097245096172418e+00 1.500000000000000000e+01 4.304000000000000000e+03 -3.088345090714509494e-02 6.317978156184298477e-01
2.000000000000000000e+00 1.178097245096172418e+00 1.600000000000000000e+01 4.368000000000000000e+03 -2.726101011523181933e-02 5.924465768753229833e-01
2.000000000000000000e+00 1.178097245096172418e+00 1.700000000000000000e+01 4.224000000000000000e+03 -3.225913356746556299e-02 6.267516824374642637e-01
2.000000000000000000e+00 1.178097245096172418e+00 1.800000000000000000e+01 4.096000000000000000e+03 -3.363548035755059562e-02 6.394042267758877074e-01
2.000000000000000000e+00 1.178097245096172418e+00 1.900000000000000000e+01 4.288000000000000000e+03 -3.469560129062102677e-02 6.406177047748701225e-01
2.000000000000000000e+00 1.178097245096172418e+00 2.000000000000000000e+01 4.240000000000000000e+03 -3.078164746369433519e-02 6.250628019574105965e-01
2.000000000000000000e+00 1.178097245096172418e+00 2.100000000000000000e+01 4.368000000000000000e+03 -3.251870960853465997e-02 6.363741291578208781e-01
2.000000000000000000e+00 1.178097245096172418e+00 2.200000000000000000e+01 4.512000000000000000e+03 -2.900279768603664446e-02 5.986742519895092984e-01
2.000000000000000000e+00 1.178097245096172418e+00 2.300000000000000000e+01 4.288000000000000000e+03 -3.291644030663858772e-02 6.346181556326566664e-01
2.000000000000000000e+00 1.178097245096172418e+00 2.400000000000000000e+01 4.272000000000000000e+03 -3.545575548027885687e-02 6.542787641047409508e-01
2.000000000000000000e+00 1.178097245096172418e+00 2.500000000000000000e+01 4.384000000000000000e+03 -3.406123815792564541e-02 6.394339796776103979e-01
2.000000000000000000e+00 1.178097245096172418e+00 2.600000000000000000e+01 4.336000000000000000e+03 -3.470289782641937382e-02 6.446026841908917282e-01
2.000000000000000000e+00 1.178097245096172418e+00 2.700000000000000000e+01 4.400000000000000000e+03 -3.150406461191793822e-02 6.267288078554500430e-01
2.000000000000000000e+00 1.178097245096172418e+00 2.800000000000000000e+01 4.464000000000000000e+03 -2.532405304450992267e-02 5.933495737734351128e-01
2.000000000000000000e+00 1.178097245096172418e+00 2.900000000000000000e+01 4.224000000000000000e+03 -3.298298463185342366e-02 6.340985443773725638e-01
2.000000000000000000e+00 1.178097245096172418e+00 3.000000000000000000e+01 4.240000000000000000e+03 -3.460311972009653264e-02 6.419329464460569179e-01
2.000000000000000000e+00 1.178097245096172418e+00 3.100000000000000000e+01 4.320000000000000000e+03 -2.987406054092776528e-02 6.096825948010526908e-01
2.000000000000000000e+00 1.178097245096172418e+00 3.200000000000000000e+01 4.192000000000000000e+03 -3.529874088705269031e-02 6.288562318998623946e-01
2.000000000000000000e+00 1.178097245096172418e+00 3.300000000000000000e+01 4.176000000000000000e+03 -3.463452239572011038e-02 6.400583287020590317e-01
2.000000000000000000e+00 1.178097245096172418e+00 3.400000000000000000e+01 4.240000000000000000e+03 -3.268136396799686122e-02 6.243188264007638599e-01
2.000000000000000000e+00 1.178097245096172418e+00 3.500000000000000000e+01 4.112000000000000000e+03 -3.169937964251653972e-02 6.272134345306793479e-01
2.000000000000000000e+00 1.178097245096172418e+00 3.600000000000000000e+01 4.032000000000000000e+03 -3.167450273511605158e-02 6.290741212715977859e-01
2.000000000000000000e+00 1.178097245096172418e+00 3.700000000000000000e+01 4.128000000000000000e+03 -3.382258394941206614e-02 6.311710039343221279e-01
2.000000000000000000e+00 1.178097245096172418e+00 3.800000000000000000e+01 4.160000000000000000e+03 -3.479667990868737931e-02 6.372066751717756494e-01
2.000000000000000000e+00 1.178097245096172418e+00 3.900000000000000000e+01 4.208000000000000000e+03 -2.404831577409353646e-02 5.899125672260087105e-01
2.000000000000000000e+00 1.178097245096172418e+00 4.000000000000000000e+01 4.032000000000000000e+03 -3.187707790261126717e-02 6.206776125549668954e-01
2.000000000000000000e+00 1.178097245096172418e+00 4.100000000000000000e+01 3.856000000000000000e+03 -3.168647826248223442e-02 6.272222216475974443e-01
2.000000000000000000e+00 1.178097245096172418e+00 4.200000000000000000e+01 3.744000000000000000e+03 -3.088044766739598754e-02 6.090774737611696077e-01
2.000000000000000000e+00 1.178097245096172418e+00 4.300000000000000000e+01 4.080000000000000000e+03 -3.445756676328973200e-02 6.456675813136439901e-01
2.000000000000000000e+00 1.178097245096172418e+00 4.400000000000000000e+01 4.192000000000000000e+03 -3.556944106641637959e-02 6.457861607357048284e-01
2.000000000000000000e+00 1.178097245096172418e+00 4.500000000000000000e+01 4.240000000000000000e+03 -3.087224797016662955e-02 6.371512605535903928e-01
2.000000000000000000e+00 1.178097245096172418e+00 4.600000000000000000e+01 4.224000000000000000e+03 -3.452010034806289596e-02 6.361209679631828484e-01
2.000000000000000000e+00 1.178097245096172418e+00 4.700000000000000000e+01 4.096000000000000000e+03 -3.098170680782872874e-02 6.290019127762758178e-01
2.000000000000000000e+00 1.178097245096172418e+00 4.800000000000000000e+01 4.208000000000000000e+03 -2.204691608762316540e-02 5.783210136225913622e-01
2.000000000000000000e+00 1.178097245096172418e+00 4.900000000000000000e+01 4.480000000000000000e+03 -2.678465894431938596e-02 5.958394973314192766e-01
2.000000000000000000e+00 1.178097245096172418e+00 5.000000000000000000e+01 4.256000000000000000e+03 -3.147429184004598562e-02 6.268061192388681979e-01
2.000000000000000000e+00 1.178097245096172418e+00 5.100000000000000000e+01 3.952000000000000000e+03 -3.283678269074444961e-02 6.309586254426233776e-01
2.000000000000000000e+00 1.178097245096172418e+00 5.200000000000000000e+01 4.112000000000000000e+03 -3.359106620971775981e-02 6.326835839051218047e-01
2.000000000000000000e+00 1.178097245096172418e+00 5.300000000000000000e+01 4.224000000000000000e+03 -3.006688602607157645e-02 6.154978677107313390e-01
2.000000000000000000e+00 1.178097245096172418e+00 5.400000000000000000e+01 4.384000000000000000e+03 -2.156552750274405919e-02 5.539633087004448564e-01
2.000000000000000000e+00 1.178097245096172418e+00 5.500000000000000000e+01 4.368000000000000000e+03 -2.312216340819372648e-02 5.636400772039663609e-01
2.000000000000000000e+00 1.178097245096172418e+00 5.600000000000000000e+01 4.336000000000000000e+03 -3.324390716093503922e-02 6.226666076409667072e-01
2.000000000000000000e+00 1.178097245096172418e+00 5.700000000000000000e+01 4.320000000000000000e+03 -3.400006782968394842e-02 6.324871345936423639e-01
2.000000000000000000e+00 1.178097245096172418e+00 5.800000000000000000e+01 4.240000000000000000e+03 -3.370903045727954850e-02 6.293027974768197197e-01
2.000000000000000000e+00 1.178097245096172418e+00 5.900000000000000000e+01 4.400000000000000000e+03 -2.972840351375650655e-02 6.111638508652584845e-01
2.000000000000000000e+00 1.178097245096172418e+00 6.000000000000000000e+01 4.400000000000000000e+03 -2.924101774301802667e-02 6.215775194977408713e-01
2.000000000000000000e+00 1.178097245096172418e+00 6.100000000000000000e+01 4.368000000000000000e+03 -3.521851125158169393e-02 6.560244950596080260e-01
2.000000000000000000e+00 1.178097245096172418e+00 6.200000000000000000e+01 4.384000000000000000e+03 -3.365834314836894242e-02 6.375667986462315584e-01
2.000000000000000000e+00 1.178097245096172418e+00 6.300000000000000000e+01 4.336000000000000000e+03 -3.188320998213114987e-02 6.324610957497542874e-01
