0 1.2762720155208536 0 3888 -0.0070077589033318097 0.52586627737847469
0 1.2762720155208536 1 4160 -0.0072016677209974945 0.51887881574329608
0 1.2762720155208536 2 4320 -0.0071797917216641456 0.52245806318362875
0 1.2762720155208536 3 4416 -0.0069559645187997014 0.51885658046653926
0 1.2762720155208536 4 4912 -0.0067895904521786069 0.52443349076047041
0 1.2762720155208536 5 5136 -0.0071229401771959631 0.52178445421675124
0 1.2762720155208536 6 5344 -0.0073812818527870649 0.52298465411202788
0 1.2762720155208536 7 5440 -0.0068739238514664586 0.52168320000096235
0 1.2762720155208536 8 5248 -0.0072276504806778287 0.526411106078714
0 1.2762720155208536 9 5136 -0.0072053779073349943 0.52062653409268145
0 1.2762720155208536 10 5296 -0.0071125810513470696 0.52411636528804295
0 1.2762720155208536 11 5152 -0.0070850436747469502 0.52407640428536617
0 1.2762720155208536 12 5280 -0.0072378344864364678 0.5217915868072579
0 1.2762720155208536 13 5168 -0.0071784599942577862 0.52053999701258002
0 1.2762720155208536 14 4848 -0.0070286009872332911 0.52377891638588814
0 1.2762720155208536 15 3360 -0.006893491730984207 0.51988327559363956
0 1.2762720155208536 16 5200 -0.0070551233748920176 0.52707487456190494
0 1.2762720155208536 17 4976 -0.0071295078695301755 0.52826126485062208
0 1.2762720155208536 18 4896 -0.0070929519847599629 0.52339271481582117
0 1.2762720155208536 19 5200 -0.0072280617330040212 0.52345921877475265
0 1.2762720155208536 20 4848 -0.0068809573155151496 0.51791381580479312
0 1.2762720155208536 21 5200 -0.0073495875555306955 0.52174088272352537
0 1.2762720155208536 22 5232 -0.0068961136383301237 0.52060385247053886
0 1.2762720155208536 23 5120 -0.0070683348069619321 0.52508860895703768
0 1.2762720155208536 24 4688 -0.0068368625164555042 0.52100334215107813
0 1.2762720155208536 25 5136 -0.0073309118540669394 0.52345911225224451
0 1.2762720155208536 26 4992 -0.0070725373862520185 0.51803041956768536
0 1.2762720155208536 27 5264 -0.0069230848169783326 0.52698302111937789
0 1.2762720155208536 28 5280 -0.0070633348267404193 0.5244125565910519
0 1.2762720155208536 29 5152 -0.0069152230734158427 0.5221870663464554
0 1.2762720155208536 30 5184 -0.006902787419234592 0.52317882938938853
0 1.2762720155208536 31 5216 -0.0068858209887601657 0.52352093750507567
0 1.2762720155208536 32 5168 -0.0068417419171801089 0.52293432067837509
0 1.2762720155208536 33 5040 -0.0067828704868359057 0.5239921910132882
0 1.2762720155208536 34 5632 -0.0067683902588685117 0.51982316586388166
0 1.2762720155208536 35 5872 -0.0071374789218660323 0.52512248438316811
0 1.2762720155208536 36 5520 -0.0071215082052288785 0.52434620234618778
0 1.2762720155208536 37 5648 -0.0070410173862662092 0.52200164512952296
0 1.2762720155208536 38 5760 -0.0073341734037947548 0.52044147297825671
0 1.2762720155208536 39 5728 -0.0070790143388829068 0.52401064992857005
0 1.2762720155208536 40 5616 -0.0068565944774432652 0.52233556238104861
0 1.2762720155208536 41 6096 -0.0068748004707869081 0.52231269072266528
0 1.2762720155208536 42 6224 -0.0070619101833464476 0.53126585891141409
0 1.2762720155208536 43 5696 -0.0070888614469180756 0.52245125202026199
0 1.2762720155208536 44 5920 -0.0070379414328510673 0.52751844572723983
0 1.2762720155208536 45 5952 -0.0070297360208897777 0.52487286518330167
0 1.2762720155208536 46 5840 -0.006752249451837878 0.52210130308802549
0 1.2762720155208536 47 5920 -0.0070978100686141616 0.51980007228361469
0 1.2762720155208536 48 5696 -0.0069811240736389708 0.52786356356883068
0 1.2762720155208536 49 5952 -0.0070226160671497343 0.52408675165822771
0 1.2762720155208536 50 5808 -0.0070393111619974601 0.52445777695187434
0 1.2762720155208536 51 5856 -0.0069575933744744313 0.52329430392740606
0 1.2762720155208536 52 5920 -0.0072674258819397011 0.52718702445618892
0 1.2762720155208536 53 5936 -0.0068782471378629959 0.52310970837430915
0 1.2762720155208536 54 5936 -0.0071733952785853232 0.52405760452068384
0 1.2762720155208536 55 5856 -0.0071347662610659248 0.52418001561637706
0 1.2762720155208536 56 6000 -0.0075161354298912053 0.52332303189766516
0 1.2762720155208536 57 5712 -0.0069597684265054888 0.52591105592526266
0 1.2762720155208536 58 5664 -0.0071428286291568468 0.52314496186127812
0 1.2762720155208536 59 5440 -0.0073329467615242533 0.52259066488164141
0 1.2762720155208536 60 5376 -0.0070890720973301683 0.51904951053555404
0 1.2762720155208536 61 5984 -0.0069856189623102843 0.52518523427706032
0 1.2762720155208536 62 5776 -0.0069063403817386506 0.52287948655816596
0 1.2762720155208536 63 5952 -0.0068858173251357957 0.52142486017100265
