0 1.2762720155208536 0 2080 -0.0082560913025558711 0.52696958955512452
0 1.2762720155208536 1 2048 -0.0069458049197677679 0.52503771814243283
0 1.2762720155208536 2 2032 -0.0065503892996861589 0.52295736402473447
0 1.2762720155208536 3 2048 -0.0079962116751235782 0.52076287610273353
0 1.2762720155208536 4 2032 -0.0060039960983937933 0.51885249212407369
0 1.2762720155208536 5 2096 -0.0062843926485164217 0.52410400885838215
0 1.2762720155208536 6 2096 -0.0072806587523613171 0.52166085468800572
0 1.2762720155208536 7 2048 -0.0075202714646431254 0.52824227693575232
0 1.2762720155208536 8 2112 -0.0076211169386651238 0.50355847016239619
0 1.2762720155208536 9 2064 -0.0075237461970951896 0.49634748865349698
0 1.2762720155208536 10 2144 -0.0077798004668829931 0.52235517031775303
0 1.2762720155208536 11 1872 -0.0070044247200760886 0.53202738243555903
0 1.2762720155208536 12 1984 -0.006710056359263623 0.52051336957837735
0 1.2762720155208536 13 1728 -0.0080620676405778521 0.5079670023579409
0 1.2762720155208536 14 1952 -0.0070465427344013568 0.51400845918575255
0 1.2762720155208536 15 1984 -0.0074909850434540393 0.52539741826159403
0 1.2762720155208536 16 1968 -0.0076268268950685641 0.5254231514640757
0 1.2762720155208536 17 1936 -0.0077618185990416698 0.51502306500904682
0 1.2762720155208536 18 1728 -0.0067508203693555958 0.5377664634259729
0 1.2762720155208536 19 1776 -0.0069561596131151064 0.52215936045444622
0 1.2762720155208536 20 1936 -0.0076538025522700885 0.52569693893984115
0 1.2762720155208536 21 2000 -0.0078729108301491789 0.52332927072375879
0 1.2762720155208536 22 1920 -0.0071942938220380748 0.51213090802643646
0 1.2762720155208536 23 1824 -0.006992125458339697 0.51788866256326582
0 1.2762720155208536 24 1840 -0.0071242183809258185 0.52850867315383465
0 1.2762720155208536 25 1952 -0.0072494383463620549 0.52897923444565986
0 1.2762720155208536 26 1968 -0.0058534205870841068 0.52783026137108768
0 1.2762720155208536 27 1968 -0.0072368178297670593 0.51334520677375572
0 1.2762720155208536 28 1904 -0.0055818928415127221 0.52712930987634232
0 1.2762720155208536 29 1952 -0.0064677486490625187 0.52183085951402075
0 1.2762720155208536 30 1984 -0.007343934573237179 0.530581000314303
0 1.2762720155208536 31 1872 -0.0081679474922702593 0.50299948865447131
0 1.2762720155208536 32 1952 -0.0083224342880159202 0.53567552772083737
0 1.2762720155208536 33 1760 -0.0073678840245742462 0.51534735942462784
0 1.2762720155208536 34 1664 -0.0071950436125962063 0.53870266217663021
0 1.2762720155208536 35 1904 -0.0072797026207421052 0.51623621974899125
0 1.2762720155208536 36 1888 -0.0073583668672356009 0.5183667813026549
0 1.2762720155208536 37 2016 -0.0072598208706131841 0.50323073638286386
0 1.2762720155208536 38 2080 -0.0063645283088029393 0.50589397915401402
0 1.2762720155208536 39 2064 -0.0072834567230235688 0.53118874453400311
0 1.2762720155208536 40 2048 -0.0066211467733848194 0.52156990151866889
0 1.2762720155208536 41 2032 -0.0066848487843587986 0.5210487954738221
0 1.2762720155208536 42 2048 -0.0067597302847232877 0.52591221612264338
0 1.2762720155208536 43 2000 -0.0080486298196766025 0.53259965981732404
0 1.2762720155208536 44 1984 -0.0073762428549383882 0.52673957429868556
0 1.2762720155208536 45 1968 -0.0069838851140903331 0.51746655791375251
0 1.2762720155208536 46 2048 -0.0076137911827481057 0.5201921445330302
0 1.2762720155208536 47 2032 -0.0055482883296352247 0.51974023035966677
0 1.2762720155208536 48 1920 -0.0060969936685885502 0.5291883121517692
0 1.2762720155208536 49 2000 -0.007021584784874294 0.52664464480017548
0 1.2762720155208536 50 1952 -0.0070031692108724177 0.53476116906156379
0 1.2762720155208536 51 1968 -0.0063231442112308385 0.52914606301385891
0 1.2762720155208536 52 1824 -0.0066900986558422713 0.5229499578471013
0 1.2762720155208536 53 1904 -0.0070057787738625034 0.52314650258815287
0 1.2762720155208536 54 1920 -0.0075198053591347637 0.52379910881861691
0 1.2762720155208536 55 1888 -0.0080319131685481476 0.5215383993064181
0 1.2762720155208536 56 1856 -0.005308928273064761 0.52458684939644351
0 1.2762720155208536 57 1920 -0.0068107830673994289 0.52020242687718854
0 1.2762720155208536 58 1952 -0.006512497943808382 0.50713624204992802
0 1.2762720155208536 59 1952 -0.0079647288945646783 0.51057001379678202
0 1.2762720155208536 60 1920 -0.0077367582716119333 0.52607700035744698
0 1.2762720155208536 61 1824 -0.0068243299276814894 0.51663532597777861
0 1.2762720155208536 62 1792 -0.0070546144043287977 0.53260822854161216
0 1.2762720155208536 63 1984 -0.0080013758218209583 0.53255253767070931
