0 1.2762720155208536 0 5456 -0.0071348143502524951 0.5240715823714045
0 1.2762720155208536 1 5344 -0.0071087027221064412 0.51911925371807632
0 1.2762720155208536 2 5504 -0.0069927166668859314 0.51917476603508173
0 1.2762720155208536 3 5264 -0.0067813094303224367 0.51642295355260193
0 1.2762720155208536 4 5408 -0.0066637983253491585 0.51791311056046929
0 1.2762720155208536 5 5360 -0.0068292655798222529 0.52325892453904643
0 1.2762720155208536 6 5136 -0.0068876218649293131 0.52007953020424991
0 1.2762720155208536 7 4992 -0.0070057516705469931 0.52179849811499501
0 1.2762720155208536 8 4816 -0.0068262809990594945 0.52522243545651992
0 1.2762720155208536 9 5040 -0.0070117236432312687 0.51787321059542946
0 1.2762720155208536 10 4688 -0.0070661046156920686 0.52833372773166143
0 1.2762720155208536 11 5152 -0.0069028523816393045 0.52014312752700398
0 1.2762720155208536 12 5072 -0.0069471309171691316 0.5219775735414951
0 1.2762720155208536 13 4976 -0.0071107463697939457 0.52583267200845818
0 1.2762720155208536 14 5152 -0.0067989579670502918 0.52348914384481449
0 1.2762720155208536 15 5152 -0.007075517469036131 0.52289841463346931
0 1.2762720155208536 16 5200 -0.0067482357413697078 0.52601830720863074
0 1.2762720155208536 17 5392 -0.0072363665189836921 0.52080522737577561
0 1.2762720155208536 18 5536 -0.006987697506017237 0.52532475483367258
0 1.2762720155208536 19 5344 -0.0074444249558103552 0.52412432268083031
0 1.2762720155208536 20 5472 -0.0073641780059299465 0.51927373762941209
0 1.2762720155208536 21 5328 -0.0070232909396906462 0.52329151867714008
0 1.2762720155208536 22 5328 -0.0070403009574982493 0.52035906047045066
0 1.2762720155208536 23 5488 -0.0070868525277012605 0.52294201004938201
0 1.2762720155208536 24 5248 -0.0073724922002413942 0.52815298631025653
0 1.2762720155208536 25 5024 -0.0068097438494384242 0.51727368522856398
0 1.2762720155208536 26 5232 -0.0070333658059604865 0.52245005177097181
0 1.2762720155208536 27 5312 -0.007059684405684513 0.52466679179161602
0 1.2762720155208536 28 5408 -0.007153043244062564 0.52558561213946109
0 1.2762720155208536 29 5360 -0.0073062619065759372 0.52504403804692401
0 1.2762720155208536 30 5408 -0.0070216356434882428 0.52745207556034357
0 1.2762720155208536 31 5504 -0.0067478054369455752 0.5214181174323903
0 1.2762720155208536 32 5408 -0.006935080048389791 0.51894033607967183
0 1.2762720155208536 33 5152 -0.0074486131332913239 0.53093878904992087
0 1.2762720155208536 34 5456 -0.0073764146044825295 0.52571343386952896
0 1.2762720155208536 35 5200 -0.0074797217940017202 0.52418198949836492
0 1.2762720155208536 36 5376 -0.0071271576098665568 0.52269707065844528
0 1.2762720155208536 37 5312 -0.0070924385749027135 0.52373661147934225
0 1.2762720155208536 38 5344 -0.0068826348961490693 0.51734374200133526
0 1.2762720155208536 39 5312 -0.0070315718709663836 0.5226191780928523
0 1.2762720155208536 40 5152 -0.0072312639577613103 0.52130564236692944
0 1.2762720155208536 41 5088 -0.0069080011692533713 0.52414147417612156
0 1.2762720155208536 42 5184 -0.0067372536753222897 0.52263090618208441
0 1.2762720155208536 43 5040 -0.0070021374512541307 0.5281970353269092
0 1.2762720155208536 44 5232 -0.0067323276582578941 0.52294215506569797
0 1.2762720155208536 45 5056 -0.0068889024825031465 0.52120209333487133
0 1.2762720155208536 46 4992 -0.0068548706783936944 0.5160794060984274
0 1.2762720155208536 47 4896 -0.0073080139080104103 0.52226878596845183
0 1.2762720155208536 48 4944 -0.0069296310074610503 0.52572505963406535
0 1.2762720155208536 49 5216 -0.0067749878722143516 0.51991990167855318
0 1.2762720155208536 50 5152 -0.0071180397215536506 0.52126134044686001
0 1.2762720155208536 51 5152 -0.007064770822518697 0.52458511737524349
0 1.2762720155208536 52 5056 -0.0071049094631658628 0.52128654920479578
0 1.2762720155208536 53 5168 -0.0070912592509644601 0.52465097416813156
0 1.2762720155208536 54 5264 -0.0070116903239877499 0.52084580264314517
0 1.2762720155208536 55 5264 -0.0071114956103451596 0.52401666916167611
0 1.2762720155208536 56 5008 -0.0070196356547584009 0.52288697432219566
0 1.2762720155208536 57 5360 -0.0067091846362314867 0.52283917707919503
0 1.2762720155208536 58 5344 -0.0071524001533739522 0.52091821239611369
0 1.2762720155208536 59 5264 -0.0070803924405264318 0.52158233068023407
0 1.2762720155208536 60 5408 -0.0068939178075145737 0.52100087316657118
0 1.2762720155208536 61 5280 -0.0069726899675294843 0.52764100641558842
0 1.2762720155208536 62 5504 -0.0069577525123946582 0.52492627661288493
0 1.2762720155208536 63 5504 -0.0070254313163079819 0.52210975773942825
