0 1.2762720155208536 0 6000 -0.0068837779215501485 0.52197837076459963
0 1.2762720155208536 1 5776 -0.0069017890671709721 0.52182300291596906
0 1.2762720155208536 2 6016 -0.0068974627718611896 0.52475899704048723
0 1.2762720155208536 3 6624 -0.0072729423677604984 0.5261044428853614
0 1.2762720155208536 4 6128 -0.006991783139440079 0.53201348224347955
0 1.2762720155208536 5 5872 -0.0071548831016801061 0.53037507366857373
0 1.2762720155208536 6 5648 -0.0069701191116423259 0.51936665194451759
0 1.2762720155208536 7 5408 -0.0071018742144670173 0.52134895226384614
0 1.2762720155208536 8 5744 -0.006973469226656725 0.52318667432881905
0 1.2762720155208536 9 5840 -0.0071015412212041343 0.52452465458767639
0 1.2762720155208536 10 5184 -0.0069691512057185948 0.52106122640165209
0 1.2762720155208536 11 5216 -0.0071922389451530627 0.52021270214005766
0 1.2762720155208536 12 5872 -0.0069677036819895529 0.52702665481126421
0 1.2762720155208536 13 5600 -0.0071173489368017264 0.5214484026964179
0 1.2762720155208536 14 5648 -0.0070506164992785317 0.5212941805659006
0 1.2762720155208536 15 4272 -0.0068133154828495714 0.52336975401279096
0 1.2762720155208536 16 5520 -0.006934509596647714 0.52076933592790919
0 1.2762720155208536 17 5888 -0.0070229504645551635 0.52584435441171984
0 1.2762720155208536 18 5776 -0.0068247570426558301 0.52490582260466978
0 1.2762720155208536 19 6048 -0.0071828621739346947 0.52353263055465116
0 1.2762720155208536 20 5872 -0.007349821828711761 0.52837089537606052
0 1.2762720155208536 21 6224 -0.0069939425765253973 0.52056000766511901
0 1.2762720155208536 22 6288 -0.0070541961071817058 0.5233535834558346
0 1.2762720155208536 23 5552 -0.0070571294028535063 0.52578699239215076
0 1.2762720155208536 24 5248 -0.0072701286635188985 0.52169915254984978
0 1.2762720155208536 25 5792 -0.0068024140992237418 0.52464018327053219
0 1.2762720155208536 26 5920 -0.0071808542322965739 0.52576592225144558
0 1.2762720155208536 27 5856 -0.0068994234583531341 0.52003249258098572
0 1.2762720155208536 28 6000 -0.0071683750939634909 0.5277630551975393
0 1.2762720155208536 29 6048 -0.0074623160079340953 0.52772791451026779
0 1.2762720155208536 30 6640 -0.0070730136013579603 0.52800617165036789
0 1.2762720155208536 31 6512 -0.0070061658819488082 0.52195175559489404
0 1.2762720155208536 32 6304 -0.0072333285262227154 0.52364580409852279
0 1.2762720155208536 33 6448 -0.0070625949501997628 0.52442597881518627
0 1.2762720155208536 34 6592 -0.0071225011305600843 0.52494918136822732
0 1.2762720155208536 35 6352 -0.0072597706425650745 0.527508251952851
0 1.2762720155208536 36 6256 -0.0070600820853460432 0.52405430510367257
0 1.2762720155208536 37 6240 -0.0070357811292342531 0.5265085019207032
0 1.2762720155208536 38 6128 -0.0071102777877434971 0.52744782675514712
0 1.2762720155208536 39 5136 -0.0073451174209262738 0.51828070463799447
0 1.2762720155208536 40 5792 -0.0069102437548109602 0.51807584627041259
0 1.2762720155208536 41 5984 -0.0070632254538392329 0.5208391757110945
0 1.2762720155208536 42 5760 -0.0068591271501776746 0.52215263559799185
0 1.2762720155208536 43 5024 -0.0071259153952373628 0.51987204613627669
0 1.2762720155208536 44 6032 -0.0071798139471694698 0.52510349940962098
0 1.2762720155208536 45 5088 -0.0068590384459470931 0.51960775144416727
0 1.2762720155208536 46 4656 -0.0071668787438524334 0.52045459252898574
0 1.2762720155208536 47 5664 -0.0071196412811456696 0.52818019509958003
0 1.2762720155208536 48 5680 -0.0072875404374084804 0.52544550132832335
0 1.2762720155208536 49 5904 -0.007062952094781332 0.52516097148832019
0 1.2762720155208536 50 5520 -0.0071222384780902388 0.52212269615773377
0 1.2762720155208536 51 5632 -0.0069526268780182145 0.52333401681612957
0 1.2762720155208536 52 5616 -0.0070005472192366915 0.51896174623811253
0 1.2762720155208536 53 5872 -0.0072132867914628546 0.52148780896754376
0 1.2762720155208536 54 5872 -0.0068652029934707405 0.52102783960015275
0 1.2762720155208536 55 5600 -0.007053337433154127 0.52297474411436862
0 1.2762720155208536 56 6064 -0.0072674298828106203 0.52271956625761684
0 1.2762720155208536 57 5152 -0.0070904912238320119 0.5198627698272098
0 1.2762720155208536 58 6080 -0.0070016285679088755 0.52388690143652095
0 1.2762720155208536 59 4768 -0.0068648946825672595 0.52370617551609211
0 1.2762720155208536 60 4624 -0.0072148532541449362 0.52044759902295268
0 1.2762720155208536 61 4896 -0.0070816123996658761 0.52603098679574156
0 1.2762720155208536 62 4464 -0.0072047090156119736 0.52749154982228741
0 1.2762720155208536 63 5568 -0.0071180294536306987 0.5234602713809382
