23658519271 29514999552
21510818247 28443792378
9446106585 25733317635
32918266012 32070633232
25920821453 31442045573
25922949349 31582359181
4733820568 17502623737
23622871298 29347574011
26658122323 25331901509
13775959502 32074962603
37221534488 43130152736
17824870420 9434753006
5368640220 6435173997
7482326275 10544566675
2829199215 32984570533
32585821887 24840167258
19867952203 20148800479
37193156121 54780099680
30231637848 8037974519
30365869318 33437886107
4594285817 31480651349
47613418732 16998090794
60776759730 30638434862
52221618722 18608360730
19043004864 16038220737
18036412484 20081484033
30706086272 15863071040
60232595632 1208756292
34610671218 67014957959
67043707184 38016084228
62184800647 18497991363
43598536771 18346201730
34984478967 21173139846
47765285044 31636253444
67063261620 27296582148
32303210644 31601549572
2602166602 17667277042
19730011647 12012999036
21897730621 11865109206
19800271428 11879644483
70309726 138450127
26022546087 31409893958
9396413012 30898006243
13743458834 32171092505
13743425754 32171096145
13586867982 30718143220
536984836 545367266
64833259888 56577891261
6847500687 18541740619
19833887570 11919013348
17520166825 6471043866
26175119700 17300911545
650266669 29589090652
50346780683 41275709814
6915666316 18542801544
15417364436 11108995135
2634053701 32487796858
40999580696 7080653231
9069364886 9006359046
43261829588 36292907653
4966658311 25394647683
6243496320 10484605248
9631803077 327872640
24571887158 7307528774
28625275168 35347589376
43455835746 57496722307
65458929920 22562496768
29125341632 28261065473
63243096324 23806190144
35258700036 11183432256
56358899446 56518982279
51783444290 52679012483
