1.933311822286e-05
1.933311822286e-05
2.533292000236e-05
1.933311822286e-05
4.000005333527e-06
1.333338666756e-06
7.999978666968e-06
2.666619111439e-05
4.000005333527e-06
4.133195646823e-05
4.066534091111e-05
2.199968889055e-05
5.333333333560e-06
5.999996000242e-06
2.000006666790e-06
2.000006666790e-06
6.666697778268e-07
6.666697778268e-07
6.666697778268e-07
6.666697778268e-07
6.666697778268e-07
2.000006666790e-06
2.000006666790e-06
2.000006666790e-06
2.000006666790e-06
4.666669777988e-06
6.666697778268e-07
2.599955600280e-05
2.666673777929e-06
2.666673777929e-06
2.666673777929e-06
2.666673777929e-06
2.666673777929e-06
2.266636711204e-05
2.666673777929e-06
1.933311822286e-05
4.866467337830e-05
6.000000444567e-06
1.333338666756e-06
2.666673777929e-06
8.666642222408e-06
6.000000444567e-06
3.599900712408e-05
6.666697778268e-07
6.666697778268e-07
6.000000444567e-06
2.000006666790e-06
6.666697778268e-07
6.666697778268e-07
2.000006666790e-06
2.666673777929e-06
9.333300444658e-06
7.999983111275e-06
1.333338666756e-06
6.666697778268e-07
6.666697778268e-07
6.666697778268e-07
2.000006666790e-06
6.000000444567e-06
2.000006666790e-06
6.666697778268e-07
2.666673777929e-06
2.399964533491e-05
2.000006666790e-06
1.666648666770e-05
5.399749206591e-05
6.666697778268e-07
6.666697778268e-07
6.000000444567e-06
2.000006666790e-06
6.666697778268e-07
1.333338666756e-06
6.666697778268e-07
5.333337777891e-06
8.666642222408e-06
6.666697778268e-07
2.000006666790e-06
6.666697778268e-07
6.666697778268e-07
6.666697778268e-07
3.333340000174e-06
2.000006666790e-06
2.000006666790e-06
6.666697778268e-07
3.733224979310e-05
6.666697778268e-07
6.666697778268e-07
7.333323111258e-06
6.666697778268e-07
6.666697778268e-07
2.000006666790e-06
6.666697778268e-07
6.666697778268e-07
1.333338666756e-06
6.666697778268e-07
2.666673777929e-06
2.000006666790e-06
2.000006666790e-06
2.266636711204e-05
2.000006666790e-06
6.666662222356e-06
8.666642222408e-06
6.000000444567e-06
2.666673777929e-06
2.266636711204e-05
5.466408984675e-05
2.666673777929e-06
6.000000444567e-06
1.333338666756e-06
6.666697778268e-07
6.666697778268e-07
6.666697778268e-07
1.333338666756e-06
2.000006666790e-06
6.000000444567e-06
1.333338666756e-06
6.666697778268e-07
6.666697778268e-07
6.666697778268e-07
2.000006666790e-06
2.000006666790e-06
1.333338666756e-06
2.000006666790e-06
6.666697778268e-07
3.733224979310e-05
1.799978089032e-05
8.666642222408e-06
6.666697778268e-07
1.333338666756e-06
2.000006666790e-06
6.666697778268e-07
2.000006666790e-06
4.000005333527e-06
2.000006666790e-06
6.666697778268e-07
6.666697778268e-07
2.000006666790e-06
6.666697778268e-07
1.333338666756e-06
6.666697778268e-07
6.666697778268e-07
2.399964533491e-05
4.399841425246e-05
1.333338666756e-06
6.666697778268e-07
3.333340000174e-06
2.000006666790e-06
2.666673777929e-06
2.666673777929e-06
3.599900712408e-05
4.399841425246e-05
6.000000444567e-06
6.666697778268e-07
8.666642222408e-06
6.000000444567e-06
6.666697778268e-07
6.000000444567e-06
2.000006666790e-06
6.666697778268e-07
6.666697778268e-07
2.666673777929e-06
7.333323111258e-06
6.000000444567e-06
2.666673777929e-06
2.000006666790e-06
6.666697778268e-07
6.000000444567e-06
2.666673777929e-06
2.599955600280e-05
1.799978089032e-05
5.466408984675e-05
6.666697778268e-07
6.666697778268e-07
7.999983111275e-06
2.000006666790e-06
6.000000444567e-06
8.666642222408e-06
6.666697778268e-07
2.000006666790e-06
6.666697778268e-07
6.666697778268e-07
4.666669777988e-06
6.666697778268e-07
6.666697778268e-07
9.333300444658e-06
1.333338666756e-06
1.333338666756e-06
2.000006666790e-06
4.000005333527e-06
2.533292000236e-05
8.666642222408e-06
6.666662222356e-06
5.333337777891e-06
2.666673777929e-06
2.266636711204e-05
5.399749206591e-05
2.666673777929e-06
6.000000444567e-06
2.666673777929e-06
2.000006666790e-06
6.000000444567e-06
2.666673777929e-06
5.333333333560e-06
6.666697778268e-07
1.666648666770e-05
8.666642222408e-06
4.000005333527e-06
2.666673777929e-06
5.999996000242e-06
2.666619111439e-05
4.866467337830e-05
7.999978666968e-06
1.266662044445e-05
1.533322666689e-05
1.266662044445e-05
2.733282533713e-05
2.799945867102e-05
1.266662044445e-05
1.266662044445e-05
