5.780653831177e-03
5.780653831177e-03
7.562857600000e-03
5.780653831177e-03
9.138656455680e-03
1.600000000000e-03
1.461590880359e-02
1.383742539847e-02
8.151007877120e-03
3.194880000000e-03
1.600000000000e-03
9.138656455680e-03
1.600000000000e-03
7.562857600000e-03
1.600000000000e-03
6.572038400000e-03
5.974443501561e-03
3.593600000000e-03
9.138656455680e-03
1.600000000000e-03
1.265912085281e-02
5.974443501561e-03
1.600000000000e-03
7.562857600000e-03
1.600000000000e-03
4.388486658870e-03
4.388486658870e-03
7.562857600000e-03
1.265912085281e-02
3.194880000000e-03
1.600000000000e-03
9.138656455680e-03
5.974443501561e-03
3.593600000000e-03
1.600000000000e-03
9.138656455680e-03
1.265912085281e-02
5.974443501561e-03
1.600000000000e-03
1.600000000000e-03
7.562857600000e-03
4.388486658870e-03
4.388486658870e-03
7.562857600000e-03
1.265912085281e-02
1.600000000000e-03
3.194880000000e-03
9.138656455680e-03
4.590400000000e-03
6.175710720000e-03
3.795837179896e-03
9.924663915169e-03
1.070941275502e-02
3.795837179896e-03
3.795837179896e-03
