7.698948346247e-03
7.698948346247e-03
1.006733653333e-02
7.698948346247e-03
1.215771589746e-02
2.133333333333e-03
1.940680789890e-02
1.837824986393e-02
1.084631190793e-02
4.257564444444e-03
2.133333333333e-03
1.215771589746e-02
2.133333333333e-03
1.006733653333e-02
2.133333333333e-03
8.750313244444e-03
7.954591989126e-03
4.788622222222e-03
1.215771589746e-02
2.133333333333e-03
1.681673418107e-02
7.954591989126e-03
2.133333333333e-03
1.006733653333e-02
2.133333333333e-03
5.846202452926e-03
5.846202452926e-03
1.006733653333e-02
1.681673418107e-02
4.257564444444e-03
2.133333333333e-03
1.215771589746e-02
7.954591989126e-03
4.788622222222e-03
2.133333333333e-03
1.215771589746e-02
1.681673418107e-02
7.954591989126e-03
2.133333333333e-03
2.133333333333e-03
1.006733653333e-02
5.846202452926e-03
5.846202452926e-03
1.006733653333e-02
1.681673418107e-02
2.133333333333e-03
4.257564444444e-03
1.215771589746e-02
6.116266666666e-03
8.223503928889e-03
5.059264423170e-03
1.319955859034e-02
1.423917630963e-02
5.059264423170e-03
5.059264423170e-03
