219 24
4 48
1 2 2 2 3 3 2 2 2 1 1 2 3 2 3 4 3 2 3 4 3 4 3 2 3 2 3 2 2 3 3 3 2 2 2 1 1 3 3 3 2 2 2 3 4 4 4 3 4 3 2 2 3 4 4 3 3 3 2 3 3 2 2 2 1 1 4 4 3 4 3 4 3 2 2 3 4 3 2 4 2 3 3 2 2 4 4 2 3 4 3 4 3 2 3 3 3 2 2 2 1 1 2 3 2 1 2 3 4 4 4 3 4 3 2 2 4 3 4 3 4 2 2 3 2 1 2 3 4 3 4 3 2 4 4 3 4 3 2 3 2 2 1 2 3 2 3 2 3 2 1 3 3 2 2 4 4 4 3 3 2 2 3 3 3 2 2 2 2 1 1 4 4 3 3 2 2 3 4 3 3 2 3 3 2 3 3 2 2 2 1 1 2 3 2 1 2 3 3 3 2 2 3 2 1 2 3 2 2 2 1 2 1 2 2 1 1 2 1 
3 8 19 10 10 34 43 26 16 48 45 20 20 45 48 16 26 43 34 10 10 19 8 3 
1 2	0 0	0 0	0 0	
1 2	2 2	0 0	0 0	
1 2	9 2	0 0	0 0	
2 2	3 2	0 0	0 0	
2 2	5 2	6 2	0 0	
2 2	5 2	9 2	0 0	
2 2	5 2	0 0	0 0	
2 2	6 2	0 0	0 0	
2 2	9 2	0 0	0 0	
2 2	0 0	0 0	0 0	
3 2	0 0	0 0	0 0	
3 2	4 2	0 0	0 0	
3 2	4 2	7 2	0 0	
3 2	6 2	0 0	0 0	
3 2	6 2	7 2	0 0	
3 2	6 2	7 2	10 2	
3 2	6 2	10 2	0 0	
3 2	7 2	0 0	0 0	
3 2	7 2	9 2	0 0	
3 2	7 2	9 2	10 2	
3 2	7 2	10 2	0 0	
3 2	7 2	10 2	11 2	
3 2	7 2	11 2	0 0	
3 2	9 2	0 0	0 0	
3 2	9 2	10 2	0 0	
3 2	10 2	0 0	0 0	
3 2	10 2	11 2	0 0	
3 2	11 2	0 0	0 0	
4 2	6 2	0 0	0 0	
4 2	6 2	7 2	0 0	
4 2	7 2	8 2	0 0	
4 2	7 2	11 2	0 0	
4 2	7 2	0 0	0 0	
4 2	8 2	0 0	0 0	
4 2	11 2	0 0	0 0	
4 2	0 0	0 0	0 0	
5 2	0 0	0 0	0 0	
5 2	6 2	7 2	0 0	
5 2	6 2	9 2	0 0	
5 2	6 2	13 2	0 0	
5 2	6 2	0 0	0 0	
5 2	7 2	0 0	0 0	
5 2	13 2	0 0	0 0	
6 2	7 2	9 2	0 0	
6 2	7 2	9 2	10 2	
6 2	7 2	10 2	11 2	
6 2	7 2	10 2	14 2	
6 2	7 2	10 2	0 0	
6 2	7 2	13 2	14 2	
6 2	7 2	13 2	0 0	
6 2	7 2	0 0	0 0	
6 2	9 2	0 0	0 0	
6 2	9 2	10 2	0 0	
6 2	10 2	13 2	14 2	
6 2	10 2	13 2	17 2	
6 2	10 2	13 2	0 0	
6 2	10 2	14 2	0 0	
6 2	10 2	17 2	0 0	
6 2	11 2	0 0	0 0	
6 2	13 2	14 2	0 0	
6 2	13 2	17 2	0 0	
6 2	13 2	0 0	0 0	
6 2	14 2	0 0	0 0	
6 2	17 2	0 0	0 0	
6 2	0 0	0 0	0 0	
7 2	0 0	0 0	0 0	
7 2	8 2	10 2	11 2	
7 2	8 2	10 2	14 2	
7 2	8 2	11 2	0 0	
7 2	8 2	11 2	15 2	
7 2	8 2	14 2	0 0	
7 2	8 2	14 2	15 2	
7 2	8 2	15 2	0 0	
7 2	8 2	0 0	0 0	
7 2	10 2	0 0	0 0	
7 2	10 2	11 2	0 0	
7 2	10 2	11 2	14 2	
7 2	10 2	14 2	0 0	
7 2	11 2	0 0	0 0	
7 2	11 2	14 2	15 2	
7 2	13 2	0 0	0 0	
7 2	13 2	14 2	0 0	
7 2	14 2	15 2	0 0	
7 2	14 2	0 0	0 0	
7 2	15 2	0 0	0 0	
8 2	10 2	11 2	15 2	
8 2	10 2	14 2	15 2	
8 2	11 2	0 0	0 0	
8 2	11 2	12 2	0 0	
8 2	11 2	12 2	15 2	
8 2	11 2	15 2	0 0	
8 2	12 2	15 2	19 2	
8 2	12 2	19 2	0 0	
8 2	14 2	0 0	0 0	
8 2	14 2	15 2	0 0	
8 2	15 2	16 2	0 0	
8 2	15 2	19 2	0 0	
8 2	15 2	0 0	0 0	
8 2	16 2	0 0	0 0	
8 2	19 2	0 0	0 0	
8 2	0 0	0 0	0 0	
9 2	0 0	0 0	0 0	
9 2	10 2	0 0	0 0	
9 2	10 2	17 2	0 0	
9 2	17 2	0 0	0 0	
10 2	0 0	0 0	0 0	
10 2	11 2	0 0	0 0	
10 2	11 2	12 2	0 0	
10 2	11 2	14 2	15 2	
10 2	11 2	14 2	18 2	
10 2	11 2	15 2	17 2	
10 2	11 2	17 2	0 0	
10 2	11 2	17 2	18 2	
10 2	11 2	18 2	0 0	
10 2	12 2	0 0	0 0	
10 2	13 2	0 0	0 0	
10 2	13 2	14 2	17 2	
10 2	13 2	14 2	0 0	
10 2	14 2	15 2	17 2	
10 2	14 2	17 2	0 0	
10 2	14 2	17 2	18 2	
10 2	15 2	0 0	0 0	
10 2	17 2	0 0	0 0	
10 2	17 2	18 2	0 0	
10 2	18 2	0 0	0 0	
11 2	0 0	0 0	0 0	
11 2	12 2	0 0	0 0	
11 2	12 2	15 2	0 0	
11 2	12 2	15 2	19 2	
11 2	12 2	18 2	0 0	
11 2	12 2	18 2	19 2	
11 2	12 2	19 2	0 0	
11 2	14 2	0 0	0 0	
11 2	14 2	15 2	18 2	
11 2	15 2	17 2	18 2	
11 2	15 2	18 2	0 0	
11 2	15 2	18 2	19 2	
11 2	15 2	19 2	0 0	
11 2	17 2	0 0	0 0	
11 2	17 2	18 2	0 0	
11 2	18 2	0 0	0 0	
11 2	19 2	0 0	0 0	
12 2	0 0	0 0	0 0	
12 2	15 2	0 0	0 0	
12 2	15 2	19 2	0 0	
12 2	18 2	0 0	0 0	
12 2	18 2	19 2	0 0	
12 2	19 2	0 0	0 0	
12 2	19 2	20 2	0 0	
12 2	20 2	0 0	0 0	
13 2	0 0	0 0	0 0	
13 2	14 2	15 2	0 0	
13 2	14 2	17 2	0 0	
13 2	14 2	0 0	0 0	
13 2	15 2	0 0	0 0	
14 2	15 2	17 2	18 2	
14 2	15 2	18 2	19 2	
14 2	15 2	18 2	22 2	
14 2	15 2	18 2	0 0	
14 2	15 2	22 2	0 0	
14 2	15 2	0 0	0 0	
14 2	17 2	0 0	0 0	
14 2	17 2	18 2	0 0	
14 2	18 2	21 2	0 0	
14 2	18 2	22 2	0 0	
14 2	18 2	0 0	0 0	
14 2	19 2	0 0	0 0	
14 2	21 2	0 0	0 0	
14 2	22 2	0 0	0 0	
14 2	0 0	0 0	0 0	
15 2	0 0	0 0	0 0	
15 2	16 2	18 2	19 2	
15 2	16 2	18 2	22 2	
15 2	16 2	19 2	0 0	
15 2	16 2	22 2	0 0	
15 2	16 2	0 0	0 0	
15 2	18 2	0 0	0 0	
15 2	18 2	19 2	0 0	
15 2	18 2	19 2	22 2	
15 2	18 2	22 2	0 0	
15 2	19 2	22 2	0 0	
15 2	22 2	0 0	0 0	
16 2	18 2	19 2	0 0	
16 2	18 2	22 2	0 0	
16 2	19 2	0 0	0 0	
16 2	19 2	20 2	0 0	
16 2	20 2	23 2	0 0	
16 2	22 2	0 0	0 0	
16 2	23 2	0 0	0 0	
16 2	24 2	0 0	0 0	
16 2	0 0	0 0	0 0	
17 2	0 0	0 0	0 0	
17 2	18 2	0 0	0 0	
17 2	18 2	21 2	0 0	
17 2	21 2	0 0	0 0	
18 2	0 0	0 0	0 0	
18 2	19 2	0 0	0 0	
18 2	19 2	20 2	0 0	
18 2	19 2	21 2	0 0	
18 2	19 2	22 2	0 0	
18 2	20 2	0 0	0 0	
18 2	21 2	0 0	0 0	
18 2	21 2	22 2	0 0	
18 2	22 2	0 0	0 0	
19 2	0 0	0 0	0 0	
19 2	20 2	0 0	0 0	
19 2	20 2	23 2	0 0	
19 2	21 2	0 0	0 0	
19 2	22 2	0 0	0 0	
19 2	23 2	0 0	0 0	
20 2	0 0	0 0	0 0	
20 2	23 2	0 0	0 0	
21 2	0 0	0 0	0 0	
21 2	22 2	0 0	0 0	
22 2	23 2	0 0	0 0	
22 2	0 0	0 0	0 0	
23 2	0 0	0 0	0 0	
23 2	24 2	0 0	0 0	
24 2	0 0	0 0	0 0	
1 2	2 2	3 2	0 0	0 0	0 0	0 0	0 0	0 0	0 0	0 0	0 0	0 0	0 0	0 0	0 0	0 0	0 0	0 0	0 0	0 0	0 0	0 0	0 0	0 0	0 0	0 0	0 0	0 0	0 0	0 0	0 0	0 0	0 0	0 0	0 0	0 0	0 0	0 0	0 0	0 0	0 0	0 0	0 0	0 0	0 0	0 0	0 0	
2 2	4 2	5 2	6 2	7 2	8 2	9 2	10 2	0 0	0 0	0 0	0 0	0 0	0 0	0 0	0 0	0 0	0 0	0 0	0 0	0 0	0 0	0 0	0 0	0 0	0 0	0 0	0 0	0 0	0 0	0 0	0 0	0 0	0 0	0 0	0 0	0 0	0 0	0 0	0 0	0 0	0 0	0 0	0 0	0 0	0 0	0 0	0 0	
4 2	11 2	12 2	13 2	14 2	15 2	16 2	17 2	18 2	19 2	20 2	21 2	22 2	23 2	24 2	25 2	26 2	27 2	28 2	0 0	0 0	0 0	0 0	0 0	0 0	0 0	0 0	0 0	0 0	0 0	0 0	0 0	0 0	0 0	0 0	0 0	0 0	0 0	0 0	0 0	0 0	0 0	0 0	0 0	0 0	0 0	0 0	0 0	
12 2	13 2	29 2	30 2	31 2	32 2	33 2	34 2	35 2	36 2	0 0	0 0	0 0	0 0	0 0	0 0	0 0	0 0	0 0	0 0	0 0	0 0	0 0	0 0	0 0	0 0	0 0	0 0	0 0	0 0	0 0	0 0	0 0	0 0	0 0	0 0	0 0	0 0	0 0	0 0	0 0	0 0	0 0	0 0	0 0	0 0	0 0	0 0	
5 2	6 2	7 2	37 2	38 2	39 2	40 2	41 2	42 2	43 2	0 0	0 0	0 0	0 0	0 0	0 0	0 0	0 0	0 0	0 0	0 0	0 0	0 0	0 0	0 0	0 0	0 0	0 0	0 0	0 0	0 0	0 0	0 0	0 0	0 0	0 0	0 0	0 0	0 0	0 0	0 0	0 0	0 0	0 0	0 0	0 0	0 0	0 0	
5 2	8 2	14 2	15 2	16 2	17 2	29 2	30 2	38 2	39 2	40 2	41 2	44 2	45 2	46 2	47 2	48 2	49 2	50 2	51 2	52 2	53 2	54 2	55 2	56 2	57 2	58 2	59 2	60 2	61 2	62 2	63 2	64 2	65 2	0 0	0 0	0 0	0 0	0 0	0 0	0 0	0 0	0 0	0 0	0 0	0 0	0 0	0 0	
13 2	15 2	16 2	18 2	19 2	20 2	21 2	22 2	23 2	30 2	31 2	32 2	33 2	38 2	42 2	44 2	45 2	46 2	47 2	48 2	49 2	50 2	51 2	66 2	67 2	68 2	69 2	70 2	71 2	72 2	73 2	74 2	75 2	76 2	77 2	78 2	79 2	80 2	81 2	82 2	83 2	84 2	85 2	0 0	0 0	0 0	0 0	0 0	
31 2	34 2	67 2	68 2	69 2	70 2	71 2	72 2	73 2	74 2	86 2	87 2	88 2	89 2	90 2	91 2	92 2	93 2	94 2	95 2	96 2	97 2	98 2	99 2	100 2	101 2	0 0	0 0	0 0	0 0	0 0	0 0	0 0	0 0	0 0	0 0	0 0	0 0	0 0	0 0	0 0	0 0	0 0	0 0	0 0	0 0	0 0	0 0	
3 2	6 2	9 2	19 2	20 2	24 2	25 2	39 2	44 2	45 2	52 2	53 2	102 2	103 2	104 2	105 2	0 0	0 0	0 0	0 0	0 0	0 0	0 0	0 0	0 0	0 0	0 0	0 0	0 0	0 0	0 0	0 0	0 0	0 0	0 0	0 0	0 0	0 0	0 0	0 0	0 0	0 0	0 0	0 0	0 0	0 0	0 0	0 0	
16 2	17 2	20 2	21 2	22 2	25 2	26 2	27 2	45 2	46 2	47 2	48 2	53 2	54 2	55 2	56 2	57 2	58 2	67 2	68 2	75 2	76 2	77 2	78 2	86 2	87 2	103 2	104 2	106 2	107 2	108 2	109 2	110 2	111 2	112 2	113 2	114 2	115 2	116 2	117 2	118 2	119 2	120 2	121 2	122 2	123 2	124 2	125 2	
22 2	23 2	27 2	28 2	32 2	35 2	46 2	59 2	67 2	69 2	70 2	76 2	77 2	79 2	80 2	86 2	88 2	89 2	90 2	91 2	107 2	108 2	109 2	110 2	111 2	112 2	113 2	114 2	126 2	127 2	128 2	129 2	130 2	131 2	132 2	133 2	134 2	135 2	136 2	137 2	138 2	139 2	140 2	141 2	142 2	0 0	0 0	0 0	
89 2	90 2	92 2	93 2	108 2	115 2	127 2	128 2	129 2	130 2	131 2	132 2	143 2	144 2	145 2	146 2	147 2	148 2	149 2	150 2	0 0	0 0	0 0	0 0	0 0	0 0	0 0	0 0	0 0	0 0	0 0	0 0	0 0	0 0	0 0	0 0	0 0	0 0	0 0	0 0	0 0	0 0	0 0	0 0	0 0	0 0	0 0	0 0	
40 2	43 2	49 2	50 2	54 2	55 2	56 2	60 2	61 2	62 2	81 2	82 2	116 2	117 2	118 2	151 2	152 2	153 2	154 2	155 2	0 0	0 0	0 0	0 0	0 0	0 0	0 0	0 0	0 0	0 0	0 0	0 0	0 0	0 0	0 0	0 0	0 0	0 0	0 0	0 0	0 0	0 0	0 0	0 0	0 0	0 0	0 0	0 0	
47 2	49 2	54 2	57 2	60 2	63 2	68 2	71 2	72 2	77 2	78 2	80 2	82 2	83 2	84 2	87 2	94 2	95 2	109 2	110 2	117 2	118 2	119 2	120 2	121 2	133 2	134 2	152 2	153 2	154 2	156 2	157 2	158 2	159 2	160 2	161 2	162 2	163 2	164 2	165 2	166 2	167 2	168 2	169 2	170 2	0 0	0 0	0 0	
70 2	72 2	73 2	80 2	83 2	85 2	86 2	87 2	90 2	91 2	92 2	95 2	96 2	97 2	98 2	109 2	111 2	119 2	122 2	128 2	129 2	134 2	135 2	136 2	137 2	138 2	144 2	145 2	152 2	155 2	156 2	157 2	158 2	159 2	160 2	161 2	171 2	172 2	173 2	174 2	175 2	176 2	177 2	178 2	179 2	180 2	181 2	182 2	
96 2	99 2	172 2	173 2	174 2	175 2	176 2	183 2	184 2	185 2	186 2	187 2	188 2	189 2	190 2	191 2	0 0	0 0	0 0	0 0	0 0	0 0	0 0	0 0	0 0	0 0	0 0	0 0	0 0	0 0	0 0	0 0	0 0	0 0	0 0	0 0	0 0	0 0	0 0	0 0	0 0	0 0	0 0	0 0	0 0	0 0	0 0	0 0	
55 2	58 2	61 2	64 2	104 2	105 2	111 2	112 2	113 2	117 2	119 2	120 2	121 2	123 2	124 2	135 2	139 2	140 2	153 2	156 2	162 2	163 2	192 2	193 2	194 2	195 2	0 0	0 0	0 0	0 0	0 0	0 0	0 0	0 0	0 0	0 0	0 0	0 0	0 0	0 0	0 0	0 0	0 0	0 0	0 0	0 0	0 0	0 0	
110 2	113 2	114 2	121 2	124 2	125 2	130 2	131 2	134 2	135 2	136 2	137 2	140 2	141 2	146 2	147 2	156 2	157 2	158 2	159 2	163 2	164 2	165 2	166 2	172 2	173 2	177 2	178 2	179 2	180 2	183 2	184 2	193 2	194 2	196 2	197 2	198 2	199 2	200 2	201 2	202 2	203 2	204 2	0 0	0 0	0 0	0 0	0 0	
92 2	93 2	97 2	100 2	129 2	131 2	132 2	137 2	138 2	142 2	145 2	147 2	148 2	149 2	157 2	167 2	172 2	174 2	178 2	179 2	181 2	183 2	185 2	186 2	197 2	198 2	199 2	200 2	205 2	206 2	207 2	208 2	209 2	210 2	0 0	0 0	0 0	0 0	0 0	0 0	0 0	0 0	0 0	0 0	0 0	0 0	0 0	0 0	
149 2	150 2	186 2	187 2	198 2	201 2	206 2	207 2	211 2	212 2	0 0	0 0	0 0	0 0	0 0	0 0	0 0	0 0	0 0	0 0	0 0	0 0	0 0	0 0	0 0	0 0	0 0	0 0	0 0	0 0	0 0	0 0	0 0	0 0	0 0	0 0	0 0	0 0	0 0	0 0	0 0	0 0	0 0	0 0	0 0	0 0	0 0	0 0	
164 2	168 2	194 2	195 2	199 2	202 2	203 2	208 2	213 2	214 2	0 0	0 0	0 0	0 0	0 0	0 0	0 0	0 0	0 0	0 0	0 0	0 0	0 0	0 0	0 0	0 0	0 0	0 0	0 0	0 0	0 0	0 0	0 0	0 0	0 0	0 0	0 0	0 0	0 0	0 0	0 0	0 0	0 0	0 0	0 0	0 0	0 0	0 0	
158 2	160 2	165 2	169 2	173 2	175 2	179 2	180 2	181 2	182 2	184 2	188 2	200 2	203 2	204 2	209 2	214 2	215 2	216 2	0 0	0 0	0 0	0 0	0 0	0 0	0 0	0 0	0 0	0 0	0 0	0 0	0 0	0 0	0 0	0 0	0 0	0 0	0 0	0 0	0 0	0 0	0 0	0 0	0 0	0 0	0 0	0 0	0 0	
187 2	189 2	207 2	210 2	212 2	215 2	217 2	218 2	0 0	0 0	0 0	0 0	0 0	0 0	0 0	0 0	0 0	0 0	0 0	0 0	0 0	0 0	0 0	0 0	0 0	0 0	0 0	0 0	0 0	0 0	0 0	0 0	0 0	0 0	0 0	0 0	0 0	0 0	0 0	0 0	0 0	0 0	0 0	0 0	0 0	0 0	0 0	0 0	
190 2	218 2	219 2	0 0	0 0	0 0	0 0	0 0	0 0	0 0	0 0	0 0	0 0	0 0	0 0	0 0	0 0	0 0	0 0	0 0	0 0	0 0	0 0	0 0	0 0	0 0	0 0	0 0	0 0	0 0	0 0	0 0	0 0	0 0	0 0	0 0	0 0	0 0	0 0	0 0	0 0	0 0	0 0	0 0	0 0	0 0	0 0	0 0	
