219 1
1 35
0 0 0 0 0 0 1 0 0 1 0 0 0 0 0 0 0 0 0 0 0 0 0 0 0 0 0 0 0 0 0 0 1 0 0 1 0 1 0 1 1 0 0 0 0 0 0 1 0 1 1 0 0 0 0 1 0 0 0 0 0 1 0 0 1 0 0 0 0 0 0 0 1 1 0 0 0 1 0 0 0 1 1 1 0 0 0 0 0 0 0 0 0 0 0 0 0 1 0 0 1 0 0 0 0 0 0 0 0 0 0 0 0 0 0 0 0 1 0 0 0 0 0 0 0 0 0 0 0 0 0 0 0 0 0 0 0 0 0 0 0 0 0 0 0 0 0 0 0 0 0 1 0 1 0 0 0 0 1 0 1 0 0 0 0 1 0 0 0 1 0 0 0 0 0 1 0 0 0 1 0 1 0 0 0 0 0 0 0 0 1 0 0 0 0 0 0 0 0 0 0 0 0 1 0 0 0 0 0 0 0 0 0 0 0 1 0 0 1 
35 
0 0	
0 0	
0 0	
0 0	
0 0	
0 0	
1 2	
0 0	
0 0	
1 2	
0 0	
0 0	
0 0	
0 0	
0 0	
0 0	
0 0	
0 0	
0 0	
0 0	
0 0	
0 0	
0 0	
0 0	
0 0	
0 0	
0 0	
0 0	
0 0	
0 0	
0 0	
0 0	
1 2	
0 0	
0 0	
1 2	
0 0	
1 2	
0 0	
1 2	
1 2	
0 0	
0 0	
0 0	
0 0	
0 0	
0 0	
1 2	
0 0	
1 2	
1 2	
0 0	
0 0	
0 0	
0 0	
1 2	
0 0	
0 0	
0 0	
0 0	
0 0	
1 2	
0 0	
0 0	
1 2	
0 0	
0 0	
0 0	
0 0	
0 0	
0 0	
0 0	
1 2	
1 2	
0 0	
0 0	
0 0	
1 2	
0 0	
0 0	
0 0	
1 2	
1 2	
1 2	
0 0	
0 0	
0 0	
0 0	
0 0	
0 0	
0 0	
0 0	
0 0	
0 0	
0 0	
0 0	
0 0	
1 2	
0 0	
0 0	
1 2	
0 0	
0 0	
0 0	
0 0	
0 0	
0 0	
0 0	
0 0	
0 0	
0 0	
0 0	
0 0	
0 0	
0 0	
0 0	
0 0	
1 2	
0 0	
0 0	
0 0	
0 0	
0 0	
0 0	
0 0	
0 0	
0 0	
0 0	
0 0	
0 0	
0 0	
0 0	
0 0	
0 0	
0 0	
0 0	
0 0	
0 0	
0 0	
0 0	
0 0	
0 0	
0 0	
0 0	
0 0	
0 0	
0 0	
0 0	
0 0	
0 0	
0 0	
1 2	
0 0	
1 2	
0 0	
0 0	
0 0	
0 0	
1 2	
0 0	
1 2	
0 0	
0 0	
0 0	
0 0	
1 2	
0 0	
0 0	
0 0	
1 2	
0 0	
0 0	
0 0	
0 0	
0 0	
1 2	
0 0	
0 0	
0 0	
1 2	
0 0	
1 2	
0 0	
0 0	
0 0	
0 0	
0 0	
0 0	
0 0	
0 0	
1 2	
0 0	
0 0	
0 0	
0 0	
0 0	
0 0	
0 0	
0 0	
0 0	
0 0	
0 0	
0 0	
1 2	
0 0	
0 0	
0 0	
0 0	
0 0	
0 0	
0 0	
0 0	
0 0	
0 0	
0 0	
1 2	
0 0	
0 0	
1 2	
7 2	10 2	33 2	36 2	38 2	40 2	41 2	48 2	50 2	51 2	56 2	62 2	65 2	73 2	74 2	78 2	82 2	83 2	84 2	98 2	101 2	118 2	152 2	154 2	159 2	161 2	166 2	170 2	176 2	180 2	182 2	191 2	204 2	216 2	219 2	
