301 72
2 12
2 2 2 1 2 2 2 2 2 1 2 2 2 2 2 2 2 2 2 2 2 1 2 2 2 2 2 2 2 2 1 2 2 2 2 2 2 2 2 2 2 2 2 1 2 2 2 2 2 2 2 1 2 2 2 2 2 2 2 2 1 2 2 2 2 2 1 2 2 2 2 1 2 2 2 2 2 2 2 2 2 2 2 2 2 2 2 2 2 2 2 2 2 2 2 2 2 2 2 2 2 2 1 2 1 2 2 2 1 2 2 2 2 2 2 2 1 2 2 2 2 2 1 2 2 2 2 1 2 2 2 2 2 2 2 2 2 2 2 2 2 2 2 2 2 2 2 2 2 2 2 2 2 2 2 2 2 2 1 2 1 2 2 2 1 2 2 2 2 2 2 2 1 2 2 2 2 2 1 2 2 2 2 1 2 2 2 2 2 2 2 2 2 2 2 2 2 2 2 2 2 2 2 2 2 2 2 2 2 2 2 2 2 2 1 2 1 2 2 2 1 2 2 2 2 2 2 2 1 2 2 2 2 2 1 2 2 2 2 1 2 2 2 2 2 2 2 2 2 2 2 2 2 2 2 2 2 2 2 2 2 2 2 2 2 2 2 2 2 2 1 2 1 2 2 2 1 2 2 2 2 2 1 2 2 1 2 2 2 2 1 2 2 1 2 2 2 2 1 2 1 
3 3 5 7 8 6 6 8 8 6 5 6 8 9 6 7 12 11 11 12 7 6 9 8 8 9 6 7 12 11 11 12 7 6 9 8 8 9 6 7 12 11 11 12 7 6 9 8 8 9 6 7 12 11 11 12 7 6 9 8 6 5 6 8 8 6 6 8 7 5 3 3 
1 2	3 2	
1 2	4 2	
1 2	16 2	
2 2	0 0	
2 2	4 2	
2 2	22 2	
3 2	5 2	
3 2	13 2	
3 2	16 2	
3 2	0 0	
4 2	5 2	
4 2	6 2	
4 2	16 2	
4 2	19 2	
4 2	22 2	
5 2	7 2	
5 2	8 2	
5 2	13 2	
5 2	16 2	
5 2	17 2	
5 2	19 2	
6 2	0 0	
6 2	8 2	
6 2	19 2	
6 2	22 2	
6 2	23 2	
7 2	9 2	
7 2	13 2	
7 2	14 2	
7 2	17 2	
7 2	0 0	
8 2	9 2	
8 2	10 2	
8 2	17 2	
8 2	19 2	
8 2	20 2	
8 2	23 2	
9 2	11 2	
9 2	12 2	
9 2	14 2	
9 2	17 2	
9 2	18 2	
9 2	20 2	
10 2	0 0	
10 2	12 2	
10 2	20 2	
10 2	23 2	
10 2	24 2	
11 2	14 2	
11 2	15 2	
11 2	18 2	
11 2	0 0	
12 2	18 2	
12 2	20 2	
12 2	21 2	
12 2	24 2	
13 2	16 2	
13 2	17 2	
13 2	25 2	
13 2	28 2	
13 2	0 0	
14 2	17 2	
14 2	18 2	
14 2	25 2	
14 2	26 2	
14 2	29 2	
14 2	0 0	
15 2	18 2	
15 2	26 2	
15 2	27 2	
15 2	30 2	
15 2	0 0	
16 2	19 2	
16 2	28 2	
17 2	19 2	
17 2	20 2	
17 2	25 2	
17 2	28 2	
17 2	29 2	
17 2	31 2	
18 2	20 2	
18 2	21 2	
18 2	26 2	
18 2	29 2	
18 2	30 2	
18 2	32 2	
19 2	22 2	
19 2	23 2	
19 2	28 2	
19 2	31 2	
19 2	34 2	
20 2	23 2	
20 2	24 2	
20 2	29 2	
20 2	31 2	
20 2	32 2	
20 2	35 2	
21 2	24 2	
21 2	30 2	
21 2	32 2	
21 2	33 2	
21 2	36 2	
22 2	0 0	
22 2	34 2	
23 2	0 0	
23 2	31 2	
23 2	34 2	
23 2	35 2	
24 2	0 0	
24 2	32 2	
24 2	35 2	
24 2	36 2	
25 2	28 2	
25 2	29 2	
25 2	37 2	
25 2	40 2	
25 2	0 0	
26 2	29 2	
26 2	30 2	
26 2	37 2	
26 2	38 2	
26 2	41 2	
26 2	0 0	
27 2	30 2	
27 2	38 2	
27 2	39 2	
27 2	42 2	
27 2	0 0	
28 2	31 2	
28 2	40 2	
29 2	31 2	
29 2	32 2	
29 2	37 2	
29 2	40 2	
29 2	41 2	
29 2	43 2	
30 2	32 2	
30 2	33 2	
30 2	38 2	
30 2	41 2	
30 2	42 2	
30 2	44 2	
31 2	34 2	
31 2	35 2	
31 2	40 2	
31 2	43 2	
31 2	46 2	
32 2	35 2	
32 2	36 2	
32 2	41 2	
32 2	43 2	
32 2	44 2	
32 2	47 2	
33 2	36 2	
33 2	42 2	
33 2	44 2	
33 2	45 2	
33 2	48 2	
34 2	0 0	
34 2	46 2	
35 2	0 0	
35 2	43 2	
35 2	46 2	
35 2	47 2	
36 2	0 0	
36 2	44 2	
36 2	47 2	
36 2	48 2	
37 2	40 2	
37 2	41 2	
37 2	49 2	
37 2	52 2	
37 2	0 0	
38 2	41 2	
38 2	42 2	
38 2	49 2	
38 2	50 2	
38 2	53 2	
38 2	0 0	
39 2	42 2	
39 2	50 2	
39 2	51 2	
39 2	54 2	
39 2	0 0	
40 2	43 2	
40 2	52 2	
41 2	43 2	
41 2	44 2	
41 2	49 2	
41 2	52 2	
41 2	53 2	
41 2	55 2	
42 2	44 2	
42 2	45 2	
42 2	50 2	
42 2	53 2	
42 2	54 2	
42 2	56 2	
43 2	46 2	
43 2	47 2	
43 2	52 2	
43 2	55 2	
43 2	58 2	
44 2	47 2	
44 2	48 2	
44 2	53 2	
44 2	55 2	
44 2	56 2	
44 2	59 2	
45 2	48 2	
45 2	54 2	
45 2	56 2	
45 2	57 2	
45 2	60 2	
46 2	0 0	
46 2	58 2	
47 2	0 0	
47 2	55 2	
47 2	58 2	
47 2	59 2	
48 2	0 0	
48 2	56 2	
48 2	59 2	
48 2	60 2	
49 2	52 2	
49 2	53 2	
49 2	61 2	
49 2	63 2	
49 2	0 0	
50 2	53 2	
50 2	54 2	
50 2	63 2	
50 2	65 2	
50 2	67 2	
50 2	0 0	
51 2	54 2	
51 2	67 2	
51 2	69 2	
51 2	71 2	
51 2	0 0	
52 2	55 2	
52 2	61 2	
53 2	55 2	
53 2	56 2	
53 2	61 2	
53 2	63 2	
53 2	64 2	
53 2	65 2	
54 2	56 2	
54 2	57 2	
54 2	65 2	
54 2	67 2	
54 2	68 2	
54 2	69 2	
55 2	58 2	
55 2	59 2	
55 2	61 2	
55 2	62 2	
55 2	64 2	
56 2	59 2	
56 2	60 2	
56 2	64 2	
56 2	65 2	
56 2	66 2	
56 2	68 2	
57 2	60 2	
57 2	68 2	
57 2	69 2	
57 2	70 2	
57 2	72 2	
58 2	0 0	
58 2	62 2	
59 2	0 0	
59 2	62 2	
59 2	64 2	
59 2	66 2	
60 2	0 0	
60 2	66 2	
60 2	68 2	
60 2	70 2	
61 2	63 2	
61 2	64 2	
62 2	0 0	
62 2	64 2	
63 2	65 2	
63 2	0 0	
64 2	65 2	
64 2	66 2	
65 2	67 2	
65 2	68 2	
66 2	0 0	
66 2	68 2	
67 2	69 2	
67 2	0 0	
68 2	69 2	
68 2	70 2	
69 2	71 2	
69 2	72 2	
70 2	0 0	
70 2	72 2	
71 2	0 0	
1 2	2 2	3 2	0 0	0 0	0 0	0 0	0 0	0 0	0 0	0 0	0 0	
4 2	5 2	6 2	0 0	0 0	0 0	0 0	0 0	0 0	0 0	0 0	0 0	
1 2	7 2	8 2	9 2	10 2	0 0	0 0	0 0	0 0	0 0	0 0	0 0	
2 2	5 2	11 2	12 2	13 2	14 2	15 2	0 0	0 0	0 0	0 0	0 0	
7 2	11 2	16 2	17 2	18 2	19 2	20 2	21 2	0 0	0 0	0 0	0 0	
12 2	22 2	23 2	24 2	25 2	26 2	0 0	0 0	0 0	0 0	0 0	0 0	
16 2	27 2	28 2	29 2	30 2	31 2	0 0	0 0	0 0	0 0	0 0	0 0	
17 2	23 2	32 2	33 2	34 2	35 2	36 2	37 2	0 0	0 0	0 0	0 0	
27 2	32 2	38 2	39 2	40 2	41 2	42 2	43 2	0 0	0 0	0 0	0 0	
33 2	44 2	45 2	46 2	47 2	48 2	0 0	0 0	0 0	0 0	0 0	0 0	
38 2	49 2	50 2	51 2	52 2	0 0	0 0	0 0	0 0	0 0	0 0	0 0	
39 2	45 2	53 2	54 2	55 2	56 2	0 0	0 0	0 0	0 0	0 0	0 0	
8 2	18 2	28 2	57 2	58 2	59 2	60 2	61 2	0 0	0 0	0 0	0 0	
29 2	40 2	49 2	62 2	63 2	64 2	65 2	66 2	67 2	0 0	0 0	0 0	
50 2	68 2	69 2	70 2	71 2	72 2	0 0	0 0	0 0	0 0	0 0	0 0	
3 2	9 2	13 2	19 2	57 2	73 2	74 2	0 0	0 0	0 0	0 0	0 0	
20 2	30 2	34 2	41 2	58 2	62 2	75 2	76 2	77 2	78 2	79 2	80 2	
42 2	51 2	53 2	63 2	68 2	81 2	82 2	83 2	84 2	85 2	86 2	0 0	
14 2	21 2	24 2	35 2	73 2	75 2	87 2	88 2	89 2	90 2	91 2	0 0	
36 2	43 2	46 2	54 2	76 2	81 2	92 2	93 2	94 2	95 2	96 2	97 2	
55 2	82 2	98 2	99 2	100 2	101 2	102 2	0 0	0 0	0 0	0 0	0 0	
6 2	15 2	25 2	87 2	103 2	104 2	0 0	0 0	0 0	0 0	0 0	0 0	
26 2	37 2	47 2	88 2	92 2	105 2	106 2	107 2	108 2	0 0	0 0	0 0	
48 2	56 2	93 2	98 2	109 2	110 2	111 2	112 2	0 0	0 0	0 0	0 0	
59 2	64 2	77 2	113 2	114 2	115 2	116 2	117 2	0 0	0 0	0 0	0 0	
65 2	69 2	83 2	118 2	119 2	120 2	121 2	122 2	123 2	0 0	0 0	0 0	
70 2	124 2	125 2	126 2	127 2	128 2	0 0	0 0	0 0	0 0	0 0	0 0	
60 2	74 2	78 2	89 2	113 2	129 2	130 2	0 0	0 0	0 0	0 0	0 0	
66 2	79 2	84 2	94 2	114 2	118 2	131 2	132 2	133 2	134 2	135 2	136 2	
71 2	85 2	99 2	119 2	124 2	137 2	138 2	139 2	140 2	141 2	142 2	0 0	
80 2	90 2	95 2	106 2	129 2	131 2	143 2	144 2	145 2	146 2	147 2	0 0	
86 2	96 2	100 2	110 2	132 2	137 2	148 2	149 2	150 2	151 2	152 2	153 2	
101 2	138 2	154 2	155 2	156 2	157 2	158 2	0 0	0 0	0 0	0 0	0 0	
91 2	104 2	107 2	143 2	159 2	160 2	0 0	0 0	0 0	0 0	0 0	0 0	
97 2	108 2	111 2	144 2	148 2	161 2	162 2	163 2	164 2	0 0	0 0	0 0	
102 2	112 2	149 2	154 2	165 2	166 2	167 2	168 2	0 0	0 0	0 0	0 0	
115 2	120 2	133 2	169 2	170 2	171 2	172 2	173 2	0 0	0 0	0 0	0 0	
121 2	125 2	139 2	174 2	175 2	176 2	177 2	178 2	179 2	0 0	0 0	0 0	
126 2	180 2	181 2	182 2	183 2	184 2	0 0	0 0	0 0	0 0	0 0	0 0	
116 2	130 2	134 2	145 2	169 2	185 2	186 2	0 0	0 0	0 0	0 0	0 0	
122 2	135 2	140 2	150 2	170 2	174 2	187 2	188 2	189 2	190 2	191 2	192 2	
127 2	141 2	155 2	175 2	180 2	193 2	194 2	195 2	196 2	197 2	198 2	0 0	
136 2	146 2	151 2	162 2	185 2	187 2	199 2	200 2	201 2	202 2	203 2	0 0	
142 2	152 2	156 2	166 2	188 2	193 2	204 2	205 2	206 2	207 2	208 2	209 2	
157 2	194 2	210 2	211 2	212 2	213 2	214 2	0 0	0 0	0 0	0 0	0 0	
147 2	160 2	163 2	199 2	215 2	216 2	0 0	0 0	0 0	0 0	0 0	0 0	
153 2	164 2	167 2	200 2	204 2	217 2	218 2	219 2	220 2	0 0	0 0	0 0	
158 2	168 2	205 2	210 2	221 2	222 2	223 2	224 2	0 0	0 0	0 0	0 0	
171 2	176 2	189 2	225 2	226 2	227 2	228 2	229 2	0 0	0 0	0 0	0 0	
177 2	181 2	195 2	230 2	231 2	232 2	233 2	234 2	235 2	0 0	0 0	0 0	
182 2	236 2	237 2	238 2	239 2	240 2	0 0	0 0	0 0	0 0	0 0	0 0	
172 2	186 2	190 2	201 2	225 2	241 2	242 2	0 0	0 0	0 0	0 0	0 0	
178 2	191 2	196 2	206 2	226 2	230 2	243 2	244 2	245 2	246 2	247 2	248 2	
183 2	197 2	211 2	231 2	236 2	249 2	250 2	251 2	252 2	253 2	254 2	0 0	
192 2	202 2	207 2	218 2	241 2	243 2	255 2	256 2	257 2	258 2	259 2	0 0	
198 2	208 2	212 2	222 2	244 2	249 2	260 2	261 2	262 2	263 2	264 2	265 2	
213 2	250 2	266 2	267 2	268 2	269 2	270 2	0 0	0 0	0 0	0 0	0 0	
203 2	216 2	219 2	255 2	271 2	272 2	0 0	0 0	0 0	0 0	0 0	0 0	
209 2	220 2	223 2	256 2	260 2	273 2	274 2	275 2	276 2	0 0	0 0	0 0	
214 2	224 2	261 2	266 2	277 2	278 2	279 2	280 2	0 0	0 0	0 0	0 0	
227 2	242 2	245 2	257 2	281 2	282 2	0 0	0 0	0 0	0 0	0 0	0 0	
258 2	272 2	274 2	283 2	284 2	0 0	0 0	0 0	0 0	0 0	0 0	0 0	
228 2	232 2	246 2	281 2	285 2	286 2	0 0	0 0	0 0	0 0	0 0	0 0	
247 2	259 2	262 2	275 2	282 2	284 2	287 2	288 2	0 0	0 0	0 0	0 0	
233 2	248 2	251 2	263 2	285 2	287 2	289 2	290 2	0 0	0 0	0 0	0 0	
264 2	276 2	278 2	288 2	291 2	292 2	0 0	0 0	0 0	0 0	0 0	0 0	
234 2	237 2	252 2	289 2	293 2	294 2	0 0	0 0	0 0	0 0	0 0	0 0	
253 2	265 2	267 2	279 2	290 2	292 2	295 2	296 2	0 0	0 0	0 0	0 0	
238 2	254 2	268 2	293 2	295 2	297 2	298 2	0 0	0 0	0 0	0 0	0 0	
269 2	280 2	296 2	299 2	300 2	0 0	0 0	0 0	0 0	0 0	0 0	0 0	
239 2	297 2	301 2	0 0	0 0	0 0	0 0	0 0	0 0	0 0	0 0	0 0	
270 2	298 2	300 2	0 0	0 0	0 0	0 0	0 0	0 0	0 0	0 0	0 0	
