301 1
1 18
0 0 0 0 0 0 0 0 0 1 0 0 0 0 0 0 0 0 0 0 0 0 0 0 0 0 0 0 0 0 1 0 0 0 0 0 0 0 0 0 0 0 0 0 0 0 0 0 0 0 0 1 0 0 0 0 0 0 0 0 1 0 0 0 0 0 1 0 0 0 0 1 0 0 0 0 0 0 0 0 0 0 0 0 0 0 0 0 0 0 0 0 0 0 0 0 0 0 0 0 0 0 0 0 0 0 0 0 0 0 0 0 0 0 0 0 1 0 0 0 0 0 1 0 0 0 0 1 0 0 0 0 0 0 0 0 0 0 0 0 0 0 0 0 0 0 0 0 0 0 0 0 0 0 0 0 0 0 0 0 0 0 0 0 0 0 0 0 0 0 0 0 1 0 0 0 0 0 1 0 0 0 0 1 0 0 0 0 0 0 0 0 0 0 0 0 0 0 0 0 0 0 0 0 0 0 0 0 0 0 0 0 0 0 0 0 0 0 0 0 0 0 0 0 0 0 0 0 1 0 0 0 0 0 1 0 0 0 0 1 0 0 0 0 0 0 0 0 0 0 0 0 0 0 0 0 0 0 0 0 0 0 0 0 0 0 0 0 0 0 0 0 0 0 0 0 0 0 0 0 0 0 0 0 0 1 0 0 0 0 0 0 0 1 0 0 0 0 0 0 1 
18 
0 0	
0 0	
0 0	
0 0	
0 0	
0 0	
0 0	
0 0	
0 0	
1 2	
0 0	
0 0	
0 0	
0 0	
0 0	
0 0	
0 0	
0 0	
0 0	
0 0	
0 0	
0 0	
0 0	
0 0	
0 0	
0 0	
0 0	
0 0	
0 0	
0 0	
1 2	
0 0	
0 0	
0 0	
0 0	
0 0	
0 0	
0 0	
0 0	
0 0	
0 0	
0 0	
0 0	
0 0	
0 0	
0 0	
0 0	
0 0	
0 0	
0 0	
0 0	
1 2	
0 0	
0 0	
0 0	
0 0	
0 0	
0 0	
0 0	
0 0	
1 2	
0 0	
0 0	
0 0	
0 0	
0 0	
1 2	
0 0	
0 0	
0 0	
0 0	
1 2	
0 0	
0 0	
0 0	
0 0	
0 0	
0 0	
0 0	
0 0	
0 0	
0 0	
0 0	
0 0	
0 0	
0 0	
0 0	
0 0	
0 0	
0 0	
0 0	
0 0	
0 0	
0 0	
0 0	
0 0	
0 0	
0 0	
0 0	
0 0	
0 0	
0 0	
0 0	
0 0	
0 0	
0 0	
0 0	
0 0	
0 0	
0 0	
0 0	
0 0	
0 0	
0 0	
0 0	
0 0	
1 2	
0 0	
0 0	
0 0	
0 0	
0 0	
1 2	
0 0	
0 0	
0 0	
0 0	
1 2	
0 0	
0 0	
0 0	
0 0	
0 0	
0 0	
0 0	
0 0	
0 0	
0 0	
0 0	
0 0	
0 0	
0 0	
0 0	
0 0	
0 0	
0 0	
0 0	
0 0	
0 0	
0 0	
0 0	
0 0	
0 0	
0 0	
0 0	
0 0	
0 0	
0 0	
0 0	
0 0	
0 0	
0 0	
0 0	
0 0	
0 0	
0 0	
0 0	
0 0	
0 0	
0 0	
0 0	
0 0	
1 2	
0 0	
0 0	
0 0	
0 0	
0 0	
1 2	
0 0	
0 0	
0 0	
0 0	
1 2	
0 0	
0 0	
0 0	
0 0	
0 0	
0 0	
0 0	
0 0	
0 0	
0 0	
0 0	
0 0	
0 0	
0 0	
0 0	
0 0	
0 0	
0 0	
0 0	
0 0	
0 0	
0 0	
0 0	
0 0	
0 0	
0 0	
0 0	
0 0	
0 0	
0 0	
0 0	
0 0	
0 0	
0 0	
0 0	
0 0	
0 0	
0 0	
0 0	
0 0	
0 0	
0 0	
0 0	
0 0	
1 2	
0 0	
0 0	
0 0	
0 0	
0 0	
1 2	
0 0	
0 0	
0 0	
0 0	
1 2	
0 0	
0 0	
0 0	
0 0	
0 0	
0 0	
0 0	
0 0	
0 0	
0 0	
0 0	
0 0	
0 0	
0 0	
0 0	
0 0	
0 0	
0 0	
0 0	
0 0	
0 0	
0 0	
0 0	
0 0	
0 0	
0 0	
0 0	
0 0	
0 0	
0 0	
0 0	
0 0	
0 0	
0 0	
0 0	
0 0	
0 0	
0 0	
0 0	
0 0	
0 0	
0 0	
0 0	
0 0	
0 0	
1 2	
0 0	
0 0	
0 0	
0 0	
0 0	
0 0	
0 0	
1 2	
0 0	
0 0	
0 0	
0 0	
0 0	
0 0	
1 2	
10 2	31 2	52 2	61 2	67 2	72 2	117 2	123 2	128 2	173 2	179 2	184 2	229 2	235 2	240 2	286 2	294 2	301 2	
