883 192
2 12
2 2 2 2 2 2 1 2 2 2 2 2 1 2 2 2 2 2 2 2 2 2 2 2 2 2 2 2 2 2 2 2 2 2 2 1 2 2 2 2 2 2 2 2 1 2 2 2 2 2 2 2 2 2 2 2 2 2 2 2 2 2 2 2 2 2 2 2 2 1 2 2 2 2 2 2 2 2 1 2 2 2 2 2 2 2 2 2 2 2 2 2 2 2 2 2 2 2 2 2 2 2 2 1 2 2 2 2 2 2 2 1 2 2 2 2 2 2 2 2 2 2 2 2 1 2 2 2 2 2 1 2 2 2 2 2 1 2 2 2 2 1 2 2 2 2 2 2 2 2 2 2 2 2 2 2 2 2 2 2 2 2 2 2 2 2 2 2 2 2 2 2 2 2 2 2 2 2 2 2 2 2 2 2 2 2 2 2 2 2 2 2 2 2 2 2 2 2 2 2 2 2 2 2 2 2 2 2 2 2 2 2 2 2 2 2 2 2 2 2 2 2 2 2 2 2 1 2 1 2 2 2 1 2 2 2 1 2 2 2 2 2 2 2 1 2 2 2 2 2 1 2 2 2 2 2 1 2 2 2 2 1 2 2 2 2 2 2 2 2 2 2 2 2 2 2 2 2 2 2 2 2 2 2 2 2 2 2 2 2 2 2 2 2 2 2 2 2 2 2 2 2 2 2 2 2 2 2 2 2 2 2 2 2 2 2 2 2 2 2 2 2 2 2 2 2 2 2 2 2 2 2 2 2 2 2 2 2 2 2 2 2 2 2 2 2 1 2 1 2 2 2 1 2 2 2 1 2 2 2 2 2 2 2 1 2 2 2 2 2 1 2 2 2 2 2 1 2 2 2 2 1 2 2 2 2 2 2 2 2 2 2 2 2 2 2 2 2 2 2 2 2 2 2 2 2 2 2 2 2 2 2 2 2 2 2 2 2 2 2 2 2 2 2 2 2 2 2 2 2 2 2 2 2 2 2 2 2 2 2 2 2 2 2 2 2 2 2 2 2 2 2 2 2 2 2 2 2 2 2 2 2 2 2 2 2 1 2 1 2 2 2 1 2 2 2 1 2 2 2 2 2 2 2 1 2 2 2 2 2 1 2 2 2 2 2 1 2 2 2 2 1 2 2 2 2 2 2 2 2 2 2 2 2 2 2 2 2 2 2 2 2 2 2 2 2 2 2 2 2 2 2 2 2 2 2 2 2 2 2 2 2 2 2 2 2 2 2 2 2 2 2 2 2 2 2 2 2 2 2 2 2 2 2 2 2 2 2 2 2 2 2 2 2 2 2 2 2 2 2 2 2 2 2 2 2 1 2 1 2 2 2 1 2 2 2 1 2 2 2 2 2 2 2 1 2 2 2 2 2 1 2 2 2 2 2 1 2 2 2 2 1 2 2 2 2 2 2 2 2 2 2 2 2 2 2 2 2 2 2 2 2 2 2 2 2 2 2 2 2 2 2 2 2 2 2 2 2 2 2 2 2 2 2 2 2 2 2 2 2 2 2 2 2 2 2 2 2 2 2 2 2 2 2 2 2 2 2 2 2 2 2 2 2 2 2 2 2 2 2 2 2 2 2 2 2 1 2 1 2 2 2 1 2 2 2 1 2 2 2 2 2 2 2 1 2 2 2 2 2 1 2 2 2 2 2 1 2 2 2 2 1 2 2 2 2 2 2 2 2 2 2 2 2 2 2 2 2 2 2 2 2 2 2 2 2 2 2 2 2 2 2 2 2 2 2 2 2 2 2 2 2 2 2 2 2 2 2 2 2 2 2 2 2 2 2 2 2 2 2 2 2 2 2 2 2 2 2 2 2 2 2 2 2 2 2 2 2 2 2 2 2 2 2 2 2 1 2 1 2 2 2 1 2 2 2 1 2 2 2 2 2 2 2 1 2 2 1 2 2 2 2 2 2 2 2 1 2 2 1 2 2 2 2 2 2 2 2 1 2 2 1 2 2 2 2 2 2 2 2 1 2 1 
3 3 3 5 7 7 8 8 6 6 8 8 8 8 6 6 8 8 8 8 6 5 6 6 8 9 9 6 7 12 12 11 11 12 12 7 7 12 12 11 11 12 12 7 6 9 9 8 8 9 9 6 7 12 12 11 11 12 12 7 7 12 12 11 11 12 12 7 6 9 9 8 8 9 9 6 7 12 12 11 11 12 12 7 7 12 12 11 11 12 12 7 6 9 9 8 8 9 9 6 7 12 12 11 11 12 12 7 7 12 12 11 11 12 12 7 6 9 9 8 8 9 9 6 7 12 12 11 11 12 12 7 7 12 12 11 11 12 12 7 6 9 9 8 8 9 9 6 7 12 12 11 11 12 12 7 7 12 12 11 11 12 12 7 6 9 9 8 6 6 5 6 8 8 8 8 6 6 8 8 8 8 6 6 8 8 7 7 5 3 3 3 
1 2	4 2	
1 2	5 2	
1 2	29 2	
2 2	5 2	
2 2	6 2	
2 2	37 2	
3 2	0 0	
3 2	6 2	
3 2	45 2	
4 2	7 2	
4 2	25 2	
4 2	29 2	
4 2	0 0	
5 2	7 2	
5 2	8 2	
5 2	29 2	
5 2	33 2	
5 2	37 2	
6 2	8 2	
6 2	9 2	
6 2	37 2	
6 2	41 2	
6 2	45 2	
7 2	10 2	
7 2	11 2	
7 2	25 2	
7 2	29 2	
7 2	30 2	
7 2	33 2	
8 2	11 2	
8 2	12 2	
8 2	33 2	
8 2	37 2	
8 2	38 2	
8 2	41 2	
9 2	0 0	
9 2	12 2	
9 2	41 2	
9 2	45 2	
9 2	46 2	
10 2	13 2	
10 2	25 2	
10 2	26 2	
10 2	30 2	
10 2	0 0	
11 2	13 2	
11 2	14 2	
11 2	30 2	
11 2	33 2	
11 2	34 2	
11 2	38 2	
12 2	14 2	
12 2	15 2	
12 2	38 2	
12 2	41 2	
12 2	42 2	
12 2	46 2	
13 2	16 2	
13 2	17 2	
13 2	26 2	
13 2	30 2	
13 2	31 2	
13 2	34 2	
14 2	17 2	
14 2	18 2	
14 2	34 2	
14 2	38 2	
14 2	39 2	
14 2	42 2	
15 2	0 0	
15 2	18 2	
15 2	42 2	
15 2	46 2	
15 2	47 2	
16 2	19 2	
16 2	26 2	
16 2	27 2	
16 2	31 2	
16 2	0 0	
17 2	19 2	
17 2	20 2	
17 2	31 2	
17 2	34 2	
17 2	35 2	
17 2	39 2	
18 2	20 2	
18 2	21 2	
18 2	39 2	
18 2	42 2	
18 2	43 2	
18 2	47 2	
19 2	22 2	
19 2	23 2	
19 2	27 2	
19 2	31 2	
19 2	32 2	
19 2	35 2	
20 2	23 2	
20 2	24 2	
20 2	35 2	
20 2	39 2	
20 2	40 2	
20 2	43 2	
21 2	0 0	
21 2	24 2	
21 2	43 2	
21 2	47 2	
21 2	48 2	
22 2	27 2	
22 2	28 2	
22 2	32 2	
22 2	0 0	
23 2	32 2	
23 2	35 2	
23 2	36 2	
23 2	40 2	
24 2	40 2	
24 2	43 2	
24 2	44 2	
24 2	48 2	
25 2	29 2	
25 2	30 2	
25 2	49 2	
25 2	53 2	
25 2	0 0	
26 2	30 2	
26 2	31 2	
26 2	49 2	
26 2	50 2	
26 2	54 2	
26 2	0 0	
27 2	31 2	
27 2	32 2	
27 2	50 2	
27 2	51 2	
27 2	55 2	
27 2	0 0	
28 2	32 2	
28 2	51 2	
28 2	52 2	
28 2	56 2	
28 2	0 0	
29 2	33 2	
29 2	53 2	
30 2	33 2	
30 2	34 2	
30 2	49 2	
30 2	53 2	
30 2	54 2	
30 2	57 2	
31 2	34 2	
31 2	35 2	
31 2	50 2	
31 2	54 2	
31 2	55 2	
31 2	58 2	
32 2	35 2	
32 2	36 2	
32 2	51 2	
32 2	55 2	
32 2	56 2	
32 2	59 2	
33 2	37 2	
33 2	38 2	
33 2	53 2	
33 2	57 2	
33 2	61 2	
34 2	38 2	
34 2	39 2	
34 2	54 2	
34 2	57 2	
34 2	58 2	
34 2	62 2	
35 2	39 2	
35 2	40 2	
35 2	55 2	
35 2	58 2	
35 2	59 2	
35 2	63 2	
36 2	40 2	
36 2	56 2	
36 2	59 2	
36 2	60 2	
36 2	64 2	
37 2	41 2	
37 2	61 2	
38 2	41 2	
38 2	42 2	
38 2	57 2	
38 2	61 2	
38 2	62 2	
38 2	65 2	
39 2	42 2	
39 2	43 2	
39 2	58 2	
39 2	62 2	
39 2	63 2	
39 2	66 2	
40 2	43 2	
40 2	44 2	
40 2	59 2	
40 2	63 2	
40 2	64 2	
40 2	67 2	
41 2	45 2	
41 2	46 2	
41 2	61 2	
41 2	65 2	
41 2	69 2	
42 2	46 2	
42 2	47 2	
42 2	62 2	
42 2	65 2	
42 2	66 2	
42 2	70 2	
43 2	47 2	
43 2	48 2	
43 2	63 2	
43 2	66 2	
43 2	67 2	
43 2	71 2	
44 2	48 2	
44 2	64 2	
44 2	67 2	
44 2	68 2	
44 2	72 2	
45 2	0 0	
45 2	69 2	
46 2	0 0	
46 2	65 2	
46 2	69 2	
46 2	70 2	
47 2	0 0	
47 2	66 2	
47 2	70 2	
47 2	71 2	
48 2	0 0	
48 2	67 2	
48 2	71 2	
48 2	72 2	
49 2	53 2	
49 2	54 2	
49 2	73 2	
49 2	77 2	
49 2	0 0	
50 2	54 2	
50 2	55 2	
50 2	73 2	
50 2	74 2	
50 2	78 2	
50 2	0 0	
51 2	55 2	
51 2	56 2	
51 2	74 2	
51 2	75 2	
51 2	79 2	
51 2	0 0	
52 2	56 2	
52 2	75 2	
52 2	76 2	
52 2	80 2	
52 2	0 0	
53 2	57 2	
53 2	77 2	
54 2	57 2	
54 2	58 2	
54 2	73 2	
54 2	77 2	
54 2	78 2	
54 2	81 2	
55 2	58 2	
55 2	59 2	
55 2	74 2	
55 2	78 2	
55 2	79 2	
55 2	82 2	
56 2	59 2	
56 2	60 2	
56 2	75 2	
56 2	79 2	
56 2	80 2	
56 2	83 2	
57 2	61 2	
57 2	62 2	
57 2	77 2	
57 2	81 2	
57 2	85 2	
58 2	62 2	
58 2	63 2	
58 2	78 2	
58 2	81 2	
58 2	82 2	
58 2	86 2	
59 2	63 2	
59 2	64 2	
59 2	79 2	
59 2	82 2	
59 2	83 2	
59 2	87 2	
60 2	64 2	
60 2	80 2	
60 2	83 2	
60 2	84 2	
60 2	88 2	
61 2	65 2	
61 2	85 2	
62 2	65 2	
62 2	66 2	
62 2	81 2	
62 2	85 2	
62 2	86 2	
62 2	89 2	
63 2	66 2	
63 2	67 2	
63 2	82 2	
63 2	86 2	
63 2	87 2	
63 2	90 2	
64 2	67 2	
64 2	68 2	
64 2	83 2	
64 2	87 2	
64 2	88 2	
64 2	91 2	
65 2	69 2	
65 2	70 2	
65 2	85 2	
65 2	89 2	
65 2	93 2	
66 2	70 2	
66 2	71 2	
66 2	86 2	
66 2	89 2	
66 2	90 2	
66 2	94 2	
67 2	71 2	
67 2	72 2	
67 2	87 2	
67 2	90 2	
67 2	91 2	
67 2	95 2	
68 2	72 2	
68 2	88 2	
68 2	91 2	
68 2	92 2	
68 2	96 2	
69 2	0 0	
69 2	93 2	
70 2	0 0	
70 2	89 2	
70 2	93 2	
70 2	94 2	
71 2	0 0	
71 2	90 2	
71 2	94 2	
71 2	95 2	
72 2	0 0	
72 2	91 2	
72 2	95 2	
72 2	96 2	
73 2	77 2	
73 2	78 2	
73 2	97 2	
73 2	101 2	
73 2	0 0	
74 2	78 2	
74 2	79 2	
74 2	97 2	
74 2	98 2	
74 2	102 2	
74 2	0 0	
75 2	79 2	
75 2	80 2	
75 2	98 2	
75 2	99 2	
75 2	103 2	
75 2	0 0	
76 2	80 2	
76 2	99 2	
76 2	100 2	
76 2	104 2	
76 2	0 0	
77 2	81 2	
77 2	101 2	
78 2	81 2	
78 2	82 2	
78 2	97 2	
78 2	101 2	
78 2	102 2	
78 2	105 2	
79 2	82 2	
79 2	83 2	
79 2	98 2	
79 2	102 2	
79 2	103 2	
79 2	106 2	
80 2	83 2	
80 2	84 2	
80 2	99 2	
80 2	103 2	
80 2	104 2	
80 2	107 2	
81 2	85 2	
81 2	86 2	
81 2	101 2	
81 2	105 2	
81 2	109 2	
82 2	86 2	
82 2	87 2	
82 2	102 2	
82 2	105 2	
82 2	106 2	
82 2	110 2	
83 2	87 2	
83 2	88 2	
83 2	103 2	
83 2	106 2	
83 2	107 2	
83 2	111 2	
84 2	88 2	
84 2	104 2	
84 2	107 2	
84 2	108 2	
84 2	112 2	
85 2	89 2	
85 2	109 2	
86 2	89 2	
86 2	90 2	
86 2	105 2	
86 2	109 2	
86 2	110 2	
86 2	113 2	
87 2	90 2	
87 2	91 2	
87 2	106 2	
87 2	110 2	
87 2	111 2	
87 2	114 2	
88 2	91 2	
88 2	92 2	
88 2	107 2	
88 2	111 2	
88 2	112 2	
88 2	115 2	
89 2	93 2	
89 2	94 2	
89 2	109 2	
89 2	113 2	
89 2	117 2	
90 2	94 2	
90 2	95 2	
90 2	110 2	
90 2	113 2	
90 2	114 2	
90 2	118 2	
91 2	95 2	
91 2	96 2	
91 2	111 2	
91 2	114 2	
91 2	115 2	
91 2	119 2	
92 2	96 2	
92 2	112 2	
92 2	115 2	
92 2	116 2	
92 2	120 2	
93 2	0 0	
93 2	117 2	
94 2	0 0	
94 2	113 2	
94 2	117 2	
94 2	118 2	
95 2	0 0	
95 2	114 2	
95 2	118 2	
95 2	119 2	
96 2	0 0	
96 2	115 2	
96 2	119 2	
96 2	120 2	
97 2	101 2	
97 2	102 2	
97 2	121 2	
97 2	125 2	
97 2	0 0	
98 2	102 2	
98 2	103 2	
98 2	121 2	
98 2	122 2	
98 2	126 2	
98 2	0 0	
99 2	103 2	
99 2	104 2	
99 2	122 2	
99 2	123 2	
99 2	127 2	
99 2	0 0	
100 2	104 2	
100 2	123 2	
100 2	124 2	
100 2	128 2	
100 2	0 0	
101 2	105 2	
101 2	125 2	
102 2	105 2	
102 2	106 2	
102 2	121 2	
102 2	125 2	
102 2	126 2	
102 2	129 2	
103 2	106 2	
103 2	107 2	
103 2	122 2	
103 2	126 2	
103 2	127 2	
103 2	130 2	
104 2	107 2	
104 2	108 2	
104 2	123 2	
104 2	127 2	
104 2	128 2	
104 2	131 2	
105 2	109 2	
105 2	110 2	
105 2	125 2	
105 2	129 2	
105 2	133 2	
106 2	110 2	
106 2	111 2	
106 2	126 2	
106 2	129 2	
106 2	130 2	
106 2	134 2	
107 2	111 2	
107 2	112 2	
107 2	127 2	
107 2	130 2	
107 2	131 2	
107 2	135 2	
108 2	112 2	
108 2	128 2	
108 2	131 2	
108 2	132 2	
108 2	136 2	
109 2	113 2	
109 2	133 2	
110 2	113 2	
110 2	114 2	
110 2	129 2	
110 2	133 2	
110 2	134 2	
110 2	137 2	
111 2	114 2	
111 2	115 2	
111 2	130 2	
111 2	134 2	
111 2	135 2	
111 2	138 2	
112 2	115 2	
112 2	116 2	
112 2	131 2	
112 2	135 2	
112 2	136 2	
112 2	139 2	
113 2	117 2	
113 2	118 2	
113 2	133 2	
113 2	137 2	
113 2	141 2	
114 2	118 2	
114 2	119 2	
114 2	134 2	
114 2	137 2	
114 2	138 2	
114 2	142 2	
115 2	119 2	
115 2	120 2	
115 2	135 2	
115 2	138 2	
115 2	139 2	
115 2	143 2	
116 2	120 2	
116 2	136 2	
116 2	139 2	
116 2	140 2	
116 2	144 2	
117 2	0 0	
117 2	141 2	
118 2	0 0	
118 2	137 2	
118 2	141 2	
118 2	142 2	
119 2	0 0	
119 2	138 2	
119 2	142 2	
119 2	143 2	
120 2	0 0	
120 2	139 2	
120 2	143 2	
120 2	144 2	
121 2	125 2	
121 2	126 2	
121 2	145 2	
121 2	149 2	
121 2	0 0	
122 2	126 2	
122 2	127 2	
122 2	145 2	
122 2	146 2	
122 2	150 2	
122 2	0 0	
123 2	127 2	
123 2	128 2	
123 2	146 2	
123 2	147 2	
123 2	151 2	
123 2	0 0	
124 2	128 2	
124 2	147 2	
124 2	148 2	
124 2	152 2	
124 2	0 0	
125 2	129 2	
125 2	149 2	
126 2	129 2	
126 2	130 2	
126 2	145 2	
126 2	149 2	
126 2	150 2	
126 2	153 2	
127 2	130 2	
127 2	131 2	
127 2	146 2	
127 2	150 2	
127 2	151 2	
127 2	154 2	
128 2	131 2	
128 2	132 2	
128 2	147 2	
128 2	151 2	
128 2	152 2	
128 2	155 2	
129 2	133 2	
129 2	134 2	
129 2	149 2	
129 2	153 2	
129 2	157 2	
130 2	134 2	
130 2	135 2	
130 2	150 2	
130 2	153 2	
130 2	154 2	
130 2	158 2	
131 2	135 2	
131 2	136 2	
131 2	151 2	
131 2	154 2	
131 2	155 2	
131 2	159 2	
132 2	136 2	
132 2	152 2	
132 2	155 2	
132 2	156 2	
132 2	160 2	
133 2	137 2	
133 2	157 2	
134 2	137 2	
134 2	138 2	
134 2	153 2	
134 2	157 2	
134 2	158 2	
134 2	161 2	
135 2	138 2	
135 2	139 2	
135 2	154 2	
135 2	158 2	
135 2	159 2	
135 2	162 2	
136 2	139 2	
136 2	140 2	
136 2	155 2	
136 2	159 2	
136 2	160 2	
136 2	163 2	
137 2	141 2	
137 2	142 2	
137 2	157 2	
137 2	161 2	
137 2	165 2	
138 2	142 2	
138 2	143 2	
138 2	158 2	
138 2	161 2	
138 2	162 2	
138 2	166 2	
139 2	143 2	
139 2	144 2	
139 2	159 2	
139 2	162 2	
139 2	163 2	
139 2	167 2	
140 2	144 2	
140 2	160 2	
140 2	163 2	
140 2	164 2	
140 2	168 2	
141 2	0 0	
141 2	165 2	
142 2	0 0	
142 2	161 2	
142 2	165 2	
142 2	166 2	
143 2	0 0	
143 2	162 2	
143 2	166 2	
143 2	167 2	
144 2	0 0	
144 2	163 2	
144 2	167 2	
144 2	168 2	
145 2	149 2	
145 2	150 2	
145 2	169 2	
145 2	172 2	
145 2	0 0	
146 2	150 2	
146 2	151 2	
146 2	172 2	
146 2	175 2	
146 2	178 2	
146 2	0 0	
147 2	151 2	
147 2	152 2	
147 2	178 2	
147 2	181 2	
147 2	184 2	
147 2	0 0	
148 2	152 2	
148 2	184 2	
148 2	187 2	
148 2	190 2	
148 2	0 0	
149 2	153 2	
149 2	169 2	
150 2	153 2	
150 2	154 2	
150 2	169 2	
150 2	172 2	
150 2	173 2	
150 2	175 2	
151 2	154 2	
151 2	155 2	
151 2	175 2	
151 2	178 2	
151 2	179 2	
151 2	181 2	
152 2	155 2	
152 2	156 2	
152 2	181 2	
152 2	184 2	
152 2	185 2	
152 2	187 2	
153 2	157 2	
153 2	158 2	
153 2	169 2	
153 2	170 2	
153 2	173 2	
154 2	158 2	
154 2	159 2	
154 2	173 2	
154 2	175 2	
154 2	176 2	
154 2	179 2	
155 2	159 2	
155 2	160 2	
155 2	179 2	
155 2	181 2	
155 2	182 2	
155 2	185 2	
156 2	160 2	
156 2	185 2	
156 2	187 2	
156 2	188 2	
156 2	191 2	
157 2	161 2	
157 2	170 2	
158 2	161 2	
158 2	162 2	
158 2	170 2	
158 2	173 2	
158 2	174 2	
158 2	176 2	
159 2	162 2	
159 2	163 2	
159 2	176 2	
159 2	179 2	
159 2	180 2	
159 2	182 2	
160 2	163 2	
160 2	164 2	
160 2	182 2	
160 2	185 2	
160 2	186 2	
160 2	188 2	
161 2	165 2	
161 2	166 2	
161 2	170 2	
161 2	171 2	
161 2	174 2	
162 2	166 2	
162 2	167 2	
162 2	174 2	
162 2	176 2	
162 2	177 2	
162 2	180 2	
163 2	167 2	
163 2	168 2	
163 2	180 2	
163 2	182 2	
163 2	183 2	
163 2	186 2	
164 2	168 2	
164 2	186 2	
164 2	188 2	
164 2	189 2	
164 2	192 2	
165 2	0 0	
165 2	171 2	
166 2	0 0	
166 2	171 2	
166 2	174 2	
166 2	177 2	
167 2	0 0	
167 2	177 2	
167 2	180 2	
167 2	183 2	
168 2	0 0	
168 2	183 2	
168 2	186 2	
168 2	189 2	
169 2	172 2	
169 2	173 2	
170 2	173 2	
170 2	174 2	
171 2	0 0	
171 2	174 2	
172 2	175 2	
172 2	0 0	
173 2	175 2	
173 2	176 2	
174 2	176 2	
174 2	177 2	
175 2	178 2	
175 2	179 2	
176 2	179 2	
176 2	180 2	
177 2	0 0	
177 2	180 2	
178 2	181 2	
178 2	0 0	
179 2	181 2	
179 2	182 2	
180 2	182 2	
180 2	183 2	
181 2	184 2	
181 2	185 2	
182 2	185 2	
182 2	186 2	
183 2	0 0	
183 2	186 2	
184 2	187 2	
184 2	0 0	
185 2	187 2	
185 2	188 2	
186 2	188 2	
186 2	189 2	
187 2	190 2	
187 2	191 2	
188 2	191 2	
188 2	192 2	
189 2	0 0	
189 2	192 2	
190 2	0 0	
1 2	2 2	3 2	0 0	0 0	0 0	0 0	0 0	0 0	0 0	0 0	0 0	
4 2	5 2	6 2	0 0	0 0	0 0	0 0	0 0	0 0	0 0	0 0	0 0	
7 2	8 2	9 2	0 0	0 0	0 0	0 0	0 0	0 0	0 0	0 0	0 0	
1 2	10 2	11 2	12 2	13 2	0 0	0 0	0 0	0 0	0 0	0 0	0 0	
2 2	4 2	14 2	15 2	16 2	17 2	18 2	0 0	0 0	0 0	0 0	0 0	
5 2	8 2	19 2	20 2	21 2	22 2	23 2	0 0	0 0	0 0	0 0	0 0	
10 2	14 2	24 2	25 2	26 2	27 2	28 2	29 2	0 0	0 0	0 0	0 0	
15 2	19 2	30 2	31 2	32 2	33 2	34 2	35 2	0 0	0 0	0 0	0 0	
20 2	36 2	37 2	38 2	39 2	40 2	0 0	0 0	0 0	0 0	0 0	0 0	
24 2	41 2	42 2	43 2	44 2	45 2	0 0	0 0	0 0	0 0	0 0	0 0	
25 2	30 2	46 2	47 2	48 2	49 2	50 2	51 2	0 0	0 0	0 0	0 0	
31 2	37 2	52 2	53 2	54 2	55 2	56 2	57 2	0 0	0 0	0 0	0 0	
41 2	46 2	58 2	59 2	60 2	61 2	62 2	63 2	0 0	0 0	0 0	0 0	
47 2	52 2	64 2	65 2	66 2	67 2	68 2	69 2	0 0	0 0	0 0	0 0	
53 2	70 2	71 2	72 2	73 2	74 2	0 0	0 0	0 0	0 0	0 0	0 0	
58 2	75 2	76 2	77 2	78 2	79 2	0 0	0 0	0 0	0 0	0 0	0 0	
59 2	64 2	80 2	81 2	82 2	83 2	84 2	85 2	0 0	0 0	0 0	0 0	
65 2	71 2	86 2	87 2	88 2	89 2	90 2	91 2	0 0	0 0	0 0	0 0	
75 2	80 2	92 2	93 2	94 2	95 2	96 2	97 2	0 0	0 0	0 0	0 0	
81 2	86 2	98 2	99 2	100 2	101 2	102 2	103 2	0 0	0 0	0 0	0 0	
87 2	104 2	105 2	106 2	107 2	108 2	0 0	0 0	0 0	0 0	0 0	0 0	
92 2	109 2	110 2	111 2	112 2	0 0	0 0	0 0	0 0	0 0	0 0	0 0	
93 2	98 2	113 2	114 2	115 2	116 2	0 0	0 0	0 0	0 0	0 0	0 0	
99 2	105 2	117 2	118 2	119 2	120 2	0 0	0 0	0 0	0 0	0 0	0 0	
11 2	26 2	42 2	121 2	122 2	123 2	124 2	125 2	0 0	0 0	0 0	0 0	
43 2	60 2	76 2	126 2	127 2	128 2	129 2	130 2	131 2	0 0	0 0	0 0	
77 2	94 2	109 2	132 2	133 2	134 2	135 2	136 2	137 2	0 0	0 0	0 0	
110 2	138 2	139 2	140 2	141 2	142 2	0 0	0 0	0 0	0 0	0 0	0 0	
3 2	12 2	16 2	27 2	121 2	143 2	144 2	0 0	0 0	0 0	0 0	0 0	
28 2	44 2	48 2	61 2	122 2	126 2	145 2	146 2	147 2	148 2	149 2	150 2	
62 2	78 2	82 2	95 2	127 2	132 2	151 2	152 2	153 2	154 2	155 2	156 2	
96 2	111 2	113 2	133 2	138 2	157 2	158 2	159 2	160 2	161 2	162 2	0 0	
17 2	29 2	32 2	49 2	143 2	145 2	163 2	164 2	165 2	166 2	167 2	0 0	
50 2	63 2	66 2	83 2	146 2	151 2	168 2	169 2	170 2	171 2	172 2	173 2	
84 2	97 2	100 2	114 2	152 2	157 2	174 2	175 2	176 2	177 2	178 2	179 2	
115 2	158 2	180 2	181 2	182 2	183 2	184 2	0 0	0 0	0 0	0 0	0 0	
6 2	18 2	21 2	33 2	163 2	185 2	186 2	0 0	0 0	0 0	0 0	0 0	
34 2	51 2	54 2	67 2	164 2	168 2	187 2	188 2	189 2	190 2	191 2	192 2	
68 2	85 2	88 2	101 2	169 2	174 2	193 2	194 2	195 2	196 2	197 2	198 2	
102 2	116 2	117 2	175 2	180 2	199 2	200 2	201 2	202 2	203 2	204 2	0 0	
22 2	35 2	38 2	55 2	185 2	187 2	205 2	206 2	207 2	208 2	209 2	0 0	
56 2	69 2	72 2	89 2	188 2	193 2	210 2	211 2	212 2	213 2	214 2	215 2	
90 2	103 2	106 2	118 2	194 2	199 2	216 2	217 2	218 2	219 2	220 2	221 2	
119 2	200 2	222 2	223 2	224 2	225 2	226 2	0 0	0 0	0 0	0 0	0 0	
9 2	23 2	39 2	205 2	227 2	228 2	0 0	0 0	0 0	0 0	0 0	0 0	
40 2	57 2	73 2	206 2	210 2	229 2	230 2	231 2	232 2	0 0	0 0	0 0	
74 2	91 2	107 2	211 2	216 2	233 2	234 2	235 2	236 2	0 0	0 0	0 0	
108 2	120 2	217 2	222 2	237 2	238 2	239 2	240 2	0 0	0 0	0 0	0 0	
123 2	128 2	147 2	241 2	242 2	243 2	244 2	245 2	0 0	0 0	0 0	0 0	
129 2	134 2	153 2	246 2	247 2	248 2	249 2	250 2	251 2	0 0	0 0	0 0	
135 2	139 2	159 2	252 2	253 2	254 2	255 2	256 2	257 2	0 0	0 0	0 0	
140 2	258 2	259 2	260 2	261 2	262 2	0 0	0 0	0 0	0 0	0 0	0 0	
124 2	144 2	148 2	165 2	241 2	263 2	264 2	0 0	0 0	0 0	0 0	0 0	
130 2	149 2	154 2	170 2	242 2	246 2	265 2	266 2	267 2	268 2	269 2	270 2	
136 2	155 2	160 2	176 2	247 2	252 2	271 2	272 2	273 2	274 2	275 2	276 2	
141 2	161 2	181 2	253 2	258 2	277 2	278 2	279 2	280 2	281 2	282 2	0 0	
150 2	166 2	171 2	189 2	263 2	265 2	283 2	284 2	285 2	286 2	287 2	0 0	
156 2	172 2	177 2	195 2	266 2	271 2	288 2	289 2	290 2	291 2	292 2	293 2	
162 2	178 2	182 2	201 2	272 2	277 2	294 2	295 2	296 2	297 2	298 2	299 2	
183 2	278 2	300 2	301 2	302 2	303 2	304 2	0 0	0 0	0 0	0 0	0 0	
167 2	186 2	190 2	207 2	283 2	305 2	306 2	0 0	0 0	0 0	0 0	0 0	
173 2	191 2	196 2	212 2	284 2	288 2	307 2	308 2	309 2	310 2	311 2	312 2	
179 2	197 2	202 2	218 2	289 2	294 2	313 2	314 2	315 2	316 2	317 2	318 2	
184 2	203 2	223 2	295 2	300 2	319 2	320 2	321 2	322 2	323 2	324 2	0 0	
192 2	208 2	213 2	230 2	305 2	307 2	325 2	326 2	327 2	328 2	329 2	0 0	
198 2	214 2	219 2	234 2	308 2	313 2	330 2	331 2	332 2	333 2	334 2	335 2	
204 2	220 2	224 2	238 2	314 2	319 2	336 2	337 2	338 2	339 2	340 2	341 2	
225 2	320 2	342 2	343 2	344 2	345 2	346 2	0 0	0 0	0 0	0 0	0 0	
209 2	228 2	231 2	325 2	347 2	348 2	0 0	0 0	0 0	0 0	0 0	0 0	
215 2	232 2	235 2	326 2	330 2	349 2	350 2	351 2	352 2	0 0	0 0	0 0	
221 2	236 2	239 2	331 2	336 2	353 2	354 2	355 2	356 2	0 0	0 0	0 0	
226 2	240 2	337 2	342 2	357 2	358 2	359 2	360 2	0 0	0 0	0 0	0 0	
243 2	248 2	267 2	361 2	362 2	363 2	364 2	365 2	0 0	0 0	0 0	0 0	
249 2	254 2	273 2	366 2	367 2	368 2	369 2	370 2	371 2	0 0	0 0	0 0	
255 2	259 2	279 2	372 2	373 2	374 2	375 2	376 2	377 2	0 0	0 0	0 0	
260 2	378 2	379 2	380 2	381 2	382 2	0 0	0 0	0 0	0 0	0 0	0 0	
244 2	264 2	268 2	285 2	361 2	383 2	384 2	0 0	0 0	0 0	0 0	0 0	
250 2	269 2	274 2	290 2	362 2	366 2	385 2	386 2	387 2	388 2	389 2	390 2	
256 2	275 2	280 2	296 2	367 2	372 2	391 2	392 2	393 2	394 2	395 2	396 2	
261 2	281 2	301 2	373 2	378 2	397 2	398 2	399 2	400 2	401 2	402 2	0 0	
270 2	286 2	291 2	309 2	383 2	385 2	403 2	404 2	405 2	406 2	407 2	0 0	
276 2	292 2	297 2	315 2	386 2	391 2	408 2	409 2	410 2	411 2	412 2	413 2	
282 2	298 2	302 2	321 2	392 2	397 2	414 2	415 2	416 2	417 2	418 2	419 2	
303 2	398 2	420 2	421 2	422 2	423 2	424 2	0 0	0 0	0 0	0 0	0 0	
287 2	306 2	310 2	327 2	403 2	425 2	426 2	0 0	0 0	0 0	0 0	0 0	
293 2	311 2	316 2	332 2	404 2	408 2	427 2	428 2	429 2	430 2	431 2	432 2	
299 2	317 2	322 2	338 2	409 2	414 2	433 2	434 2	435 2	436 2	437 2	438 2	
304 2	323 2	343 2	415 2	420 2	439 2	440 2	441 2	442 2	443 2	444 2	0 0	
312 2	328 2	333 2	350 2	425 2	427 2	445 2	446 2	447 2	448 2	449 2	0 0	
318 2	334 2	339 2	354 2	428 2	433 2	450 2	451 2	452 2	453 2	454 2	455 2	
324 2	340 2	344 2	358 2	434 2	439 2	456 2	457 2	458 2	459 2	460 2	461 2	
345 2	440 2	462 2	463 2	464 2	465 2	466 2	0 0	0 0	0 0	0 0	0 0	
329 2	348 2	351 2	445 2	467 2	468 2	0 0	0 0	0 0	0 0	0 0	0 0	
335 2	352 2	355 2	446 2	450 2	469 2	470 2	471 2	472 2	0 0	0 0	0 0	
341 2	356 2	359 2	451 2	456 2	473 2	474 2	475 2	476 2	0 0	0 0	0 0	
346 2	360 2	457 2	462 2	477 2	478 2	479 2	480 2	0 0	0 0	0 0	0 0	
363 2	368 2	387 2	481 2	482 2	483 2	484 2	485 2	0 0	0 0	0 0	0 0	
369 2	374 2	393 2	486 2	487 2	488 2	489 2	490 2	491 2	0 0	0 0	0 0	
375 2	379 2	399 2	492 2	493 2	494 2	495 2	496 2	497 2	0 0	0 0	0 0	
380 2	498 2	499 2	500 2	501 2	502 2	0 0	0 0	0 0	0 0	0 0	0 0	
364 2	384 2	388 2	405 2	481 2	503 2	504 2	0 0	0 0	0 0	0 0	0 0	
370 2	389 2	394 2	410 2	482 2	486 2	505 2	506 2	507 2	508 2	509 2	510 2	
376 2	395 2	400 2	416 2	487 2	492 2	511 2	512 2	513 2	514 2	515 2	516 2	
381 2	401 2	421 2	493 2	498 2	517 2	518 2	519 2	520 2	521 2	522 2	0 0	
390 2	406 2	411 2	429 2	503 2	505 2	523 2	524 2	525 2	526 2	527 2	0 0	
396 2	412 2	417 2	435 2	506 2	511 2	528 2	529 2	530 2	531 2	532 2	533 2	
402 2	418 2	422 2	441 2	512 2	517 2	534 2	535 2	536 2	537 2	538 2	539 2	
423 2	518 2	540 2	541 2	542 2	543 2	544 2	0 0	0 0	0 0	0 0	0 0	
407 2	426 2	430 2	447 2	523 2	545 2	546 2	0 0	0 0	0 0	0 0	0 0	
413 2	431 2	436 2	452 2	524 2	528 2	547 2	548 2	549 2	550 2	551 2	552 2	
419 2	437 2	442 2	458 2	529 2	534 2	553 2	554 2	555 2	556 2	557 2	558 2	
424 2	443 2	463 2	535 2	540 2	559 2	560 2	561 2	562 2	563 2	564 2	0 0	
432 2	448 2	453 2	470 2	545 2	547 2	565 2	566 2	567 2	568 2	569 2	0 0	
438 2	454 2	459 2	474 2	548 2	553 2	570 2	571 2	572 2	573 2	574 2	575 2	
444 2	460 2	464 2	478 2	554 2	559 2	576 2	577 2	578 2	579 2	580 2	581 2	
465 2	560 2	582 2	583 2	584 2	585 2	586 2	0 0	0 0	0 0	0 0	0 0	
449 2	468 2	471 2	565 2	587 2	588 2	0 0	0 0	0 0	0 0	0 0	0 0	
455 2	472 2	475 2	566 2	570 2	589 2	590 2	591 2	592 2	0 0	0 0	0 0	
461 2	476 2	479 2	571 2	576 2	593 2	594 2	595 2	596 2	0 0	0 0	0 0	
466 2	480 2	577 2	582 2	597 2	598 2	599 2	600 2	0 0	0 0	0 0	0 0	
483 2	488 2	507 2	601 2	602 2	603 2	604 2	605 2	0 0	0 0	0 0	0 0	
489 2	494 2	513 2	606 2	607 2	608 2	609 2	610 2	611 2	0 0	0 0	0 0	
495 2	499 2	519 2	612 2	613 2	614 2	615 2	616 2	617 2	0 0	0 0	0 0	
500 2	618 2	619 2	620 2	621 2	622 2	0 0	0 0	0 0	0 0	0 0	0 0	
484 2	504 2	508 2	525 2	601 2	623 2	624 2	0 0	0 0	0 0	0 0	0 0	
490 2	509 2	514 2	530 2	602 2	606 2	625 2	626 2	627 2	628 2	629 2	630 2	
496 2	515 2	520 2	536 2	607 2	612 2	631 2	632 2	633 2	634 2	635 2	636 2	
501 2	521 2	541 2	613 2	618 2	637 2	638 2	639 2	640 2	641 2	642 2	0 0	
510 2	526 2	531 2	549 2	623 2	625 2	643 2	644 2	645 2	646 2	647 2	0 0	
516 2	532 2	537 2	555 2	626 2	631 2	648 2	649 2	650 2	651 2	652 2	653 2	
522 2	538 2	542 2	561 2	632 2	637 2	654 2	655 2	656 2	657 2	658 2	659 2	
543 2	638 2	660 2	661 2	662 2	663 2	664 2	0 0	0 0	0 0	0 0	0 0	
527 2	546 2	550 2	567 2	643 2	665 2	666 2	0 0	0 0	0 0	0 0	0 0	
533 2	551 2	556 2	572 2	644 2	648 2	667 2	668 2	669 2	670 2	671 2	672 2	
539 2	557 2	562 2	578 2	649 2	654 2	673 2	674 2	675 2	676 2	677 2	678 2	
544 2	563 2	583 2	655 2	660 2	679 2	680 2	681 2	682 2	683 2	684 2	0 0	
552 2	568 2	573 2	590 2	665 2	667 2	685 2	686 2	687 2	688 2	689 2	0 0	
558 2	574 2	579 2	594 2	668 2	673 2	690 2	691 2	692 2	693 2	694 2	695 2	
564 2	580 2	584 2	598 2	674 2	679 2	696 2	697 2	698 2	699 2	700 2	701 2	
585 2	680 2	702 2	703 2	704 2	705 2	706 2	0 0	0 0	0 0	0 0	0 0	
569 2	588 2	591 2	685 2	707 2	708 2	0 0	0 0	0 0	0 0	0 0	0 0	
575 2	592 2	595 2	686 2	690 2	709 2	710 2	711 2	712 2	0 0	0 0	0 0	
581 2	596 2	599 2	691 2	696 2	713 2	714 2	715 2	716 2	0 0	0 0	0 0	
586 2	600 2	697 2	702 2	717 2	718 2	719 2	720 2	0 0	0 0	0 0	0 0	
603 2	608 2	627 2	721 2	722 2	723 2	724 2	725 2	0 0	0 0	0 0	0 0	
609 2	614 2	633 2	726 2	727 2	728 2	729 2	730 2	731 2	0 0	0 0	0 0	
615 2	619 2	639 2	732 2	733 2	734 2	735 2	736 2	737 2	0 0	0 0	0 0	
620 2	738 2	739 2	740 2	741 2	742 2	0 0	0 0	0 0	0 0	0 0	0 0	
604 2	624 2	628 2	645 2	721 2	743 2	744 2	0 0	0 0	0 0	0 0	0 0	
610 2	629 2	634 2	650 2	722 2	726 2	745 2	746 2	747 2	748 2	749 2	750 2	
616 2	635 2	640 2	656 2	727 2	732 2	751 2	752 2	753 2	754 2	755 2	756 2	
621 2	641 2	661 2	733 2	738 2	757 2	758 2	759 2	760 2	761 2	762 2	0 0	
630 2	646 2	651 2	669 2	743 2	745 2	763 2	764 2	765 2	766 2	767 2	0 0	
636 2	652 2	657 2	675 2	746 2	751 2	768 2	769 2	770 2	771 2	772 2	773 2	
642 2	658 2	662 2	681 2	752 2	757 2	774 2	775 2	776 2	777 2	778 2	779 2	
663 2	758 2	780 2	781 2	782 2	783 2	784 2	0 0	0 0	0 0	0 0	0 0	
647 2	666 2	670 2	687 2	763 2	785 2	786 2	0 0	0 0	0 0	0 0	0 0	
653 2	671 2	676 2	692 2	764 2	768 2	787 2	788 2	789 2	790 2	791 2	792 2	
659 2	677 2	682 2	698 2	769 2	774 2	793 2	794 2	795 2	796 2	797 2	798 2	
664 2	683 2	703 2	775 2	780 2	799 2	800 2	801 2	802 2	803 2	804 2	0 0	
672 2	688 2	693 2	710 2	785 2	787 2	805 2	806 2	807 2	808 2	809 2	0 0	
678 2	694 2	699 2	714 2	788 2	793 2	810 2	811 2	812 2	813 2	814 2	815 2	
684 2	700 2	704 2	718 2	794 2	799 2	816 2	817 2	818 2	819 2	820 2	821 2	
705 2	800 2	822 2	823 2	824 2	825 2	826 2	0 0	0 0	0 0	0 0	0 0	
689 2	708 2	711 2	805 2	827 2	828 2	0 0	0 0	0 0	0 0	0 0	0 0	
695 2	712 2	715 2	806 2	810 2	829 2	830 2	831 2	832 2	0 0	0 0	0 0	
701 2	716 2	719 2	811 2	816 2	833 2	834 2	835 2	836 2	0 0	0 0	0 0	
706 2	720 2	817 2	822 2	837 2	838 2	839 2	840 2	0 0	0 0	0 0	0 0	
723 2	744 2	747 2	765 2	841 2	842 2	0 0	0 0	0 0	0 0	0 0	0 0	
766 2	786 2	789 2	807 2	843 2	844 2	0 0	0 0	0 0	0 0	0 0	0 0	
808 2	828 2	830 2	845 2	846 2	0 0	0 0	0 0	0 0	0 0	0 0	0 0	
724 2	728 2	748 2	841 2	847 2	848 2	0 0	0 0	0 0	0 0	0 0	0 0	
749 2	767 2	770 2	790 2	842 2	843 2	849 2	850 2	0 0	0 0	0 0	0 0	
791 2	809 2	812 2	831 2	844 2	846 2	851 2	852 2	0 0	0 0	0 0	0 0	
729 2	750 2	753 2	771 2	847 2	849 2	853 2	854 2	0 0	0 0	0 0	0 0	
772 2	792 2	795 2	813 2	850 2	851 2	855 2	856 2	0 0	0 0	0 0	0 0	
814 2	832 2	834 2	852 2	857 2	858 2	0 0	0 0	0 0	0 0	0 0	0 0	
730 2	734 2	754 2	853 2	859 2	860 2	0 0	0 0	0 0	0 0	0 0	0 0	
755 2	773 2	776 2	796 2	854 2	855 2	861 2	862 2	0 0	0 0	0 0	0 0	
797 2	815 2	818 2	835 2	856 2	858 2	863 2	864 2	0 0	0 0	0 0	0 0	
735 2	756 2	759 2	777 2	859 2	861 2	865 2	866 2	0 0	0 0	0 0	0 0	
778 2	798 2	801 2	819 2	862 2	863 2	867 2	868 2	0 0	0 0	0 0	0 0	
820 2	836 2	838 2	864 2	869 2	870 2	0 0	0 0	0 0	0 0	0 0	0 0	
736 2	739 2	760 2	865 2	871 2	872 2	0 0	0 0	0 0	0 0	0 0	0 0	
761 2	779 2	781 2	802 2	866 2	867 2	873 2	874 2	0 0	0 0	0 0	0 0	
803 2	821 2	823 2	839 2	868 2	870 2	875 2	876 2	0 0	0 0	0 0	0 0	
740 2	762 2	782 2	871 2	873 2	877 2	878 2	0 0	0 0	0 0	0 0	0 0	
783 2	804 2	824 2	874 2	875 2	879 2	880 2	0 0	0 0	0 0	0 0	0 0	
825 2	840 2	876 2	881 2	882 2	0 0	0 0	0 0	0 0	0 0	0 0	0 0	
741 2	877 2	883 2	0 0	0 0	0 0	0 0	0 0	0 0	0 0	0 0	0 0	
784 2	878 2	879 2	0 0	0 0	0 0	0 0	0 0	0 0	0 0	0 0	0 0	
826 2	880 2	882 2	0 0	0 0	0 0	0 0	0 0	0 0	0 0	0 0	0 0	
