286 1
1 40
0 0 0 0 0 0 0 0 1 0 0 0 0 0 0 0 0 0 0 0 0 0 0 0 0 0 0 0 0 0 1 0 0 1 0 1 1 1 0 0 0 0 0 0 0 0 0 0 0 0 0 0 0 0 0 1 0 0 0 0 1 0 0 0 1 0 0 1 1 0 0 0 0 0 1 0 1 0 1 1 0 1 0 0 0 0 0 0 0 0 0 0 0 0 0 0 0 0 1 0 0 0 0 0 0 0 0 0 0 1 1 0 0 0 0 0 0 0 0 0 0 0 0 0 0 0 0 0 0 0 0 0 0 0 0 0 0 0 0 0 0 0 0 0 0 0 0 0 0 0 0 0 0 0 0 0 0 0 0 0 0 0 0 0 0 1 0 1 1 1 0 1 0 0 0 0 0 0 0 0 0 0 0 0 0 0 0 1 0 1 0 0 1 1 0 0 0 0 0 0 0 0 0 1 1 0 1 1 0 0 1 1 0 0 1 0 0 0 0 0 0 0 0 0 0 0 0 0 1 0 0 0 0 0 0 0 0 0 0 0 0 0 0 1 0 0 0 0 0 0 0 0 0 0 0 0 0 0 0 0 0 0 0 0 0 0 0 0 0 0 0 0 0 0 0 0 1 0 0 1 0 0 0 0 1 0 
40 
0 0	
0 0	
0 0	
0 0	
0 0	
0 0	
0 0	
0 0	
1 2	
0 0	
0 0	
0 0	
0 0	
0 0	
0 0	
0 0	
0 0	
0 0	
0 0	
0 0	
0 0	
0 0	
0 0	
0 0	
0 0	
0 0	
0 0	
0 0	
0 0	
0 0	
1 2	
0 0	
0 0	
1 2	
0 0	
1 2	
1 2	
1 2	
0 0	
0 0	
0 0	
0 0	
0 0	
0 0	
0 0	
0 0	
0 0	
0 0	
0 0	
0 0	
0 0	
0 0	
0 0	
0 0	
0 0	
1 2	
0 0	
0 0	
0 0	
0 0	
1 2	
0 0	
0 0	
0 0	
1 2	
0 0	
0 0	
1 2	
1 2	
0 0	
0 0	
0 0	
0 0	
0 0	
1 2	
0 0	
1 2	
0 0	
1 2	
1 2	
0 0	
1 2	
0 0	
0 0	
0 0	
0 0	
0 0	
0 0	
0 0	
0 0	
0 0	
0 0	
0 0	
0 0	
0 0	
0 0	
0 0	
0 0	
1 2	
0 0	
0 0	
0 0	
0 0	
0 0	
0 0	
0 0	
0 0	
0 0	
0 0	
1 2	
1 2	
0 0	
0 0	
0 0	
0 0	
0 0	
0 0	
0 0	
0 0	
0 0	
0 0	
0 0	
0 0	
0 0	
0 0	
0 0	
0 0	
0 0	
0 0	
0 0	
0 0	
0 0	
0 0	
0 0	
0 0	
0 0	
0 0	
0 0	
0 0	
0 0	
0 0	
0 0	
0 0	
0 0	
0 0	
0 0	
0 0	
0 0	
0 0	
0 0	
0 0	
0 0	
0 0	
0 0	
0 0	
0 0	
0 0	
0 0	
0 0	
0 0	
0 0	
0 0	
0 0	
0 0	
0 0	
1 2	
0 0	
1 2	
1 2	
1 2	
0 0	
1 2	
0 0	
0 0	
0 0	
0 0	
0 0	
0 0	
0 0	
0 0	
0 0	
0 0	
0 0	
0 0	
0 0	
0 0	
0 0	
1 2	
0 0	
1 2	
0 0	
0 0	
1 2	
1 2	
0 0	
0 0	
0 0	
0 0	
0 0	
0 0	
0 0	
0 0	
0 0	
1 2	
1 2	
0 0	
1 2	
1 2	
0 0	
0 0	
1 2	
1 2	
0 0	
0 0	
1 2	
0 0	
0 0	
0 0	
0 0	
0 0	
0 0	
0 0	
0 0	
0 0	
0 0	
0 0	
0 0	
0 0	
1 2	
0 0	
0 0	
0 0	
0 0	
0 0	
0 0	
0 0	
0 0	
0 0	
0 0	
0 0	
0 0	
0 0	
0 0	
1 2	
0 0	
0 0	
0 0	
0 0	
0 0	
0 0	
0 0	
0 0	
0 0	
0 0	
0 0	
0 0	
0 0	
0 0	
0 0	
0 0	
0 0	
0 0	
0 0	
0 0	
0 0	
0 0	
0 0	
0 0	
0 0	
0 0	
0 0	
0 0	
0 0	
0 0	
0 0	
0 0	
1 2	
0 0	
0 0	
1 2	
0 0	
0 0	
0 0	
0 0	
1 2	
0 0	
9 2	31 2	34 2	36 2	37 2	38 2	56 2	61 2	65 2	68 2	69 2	75 2	77 2	79 2	80 2	82 2	99 2	110 2	111 2	166 2	168 2	169 2	170 2	172 2	188 2	190 2	193 2	194 2	204 2	205 2	207 2	208 2	211 2	212 2	215 2	229 2	244 2	277 2	280 2	285 2	
