1945 400
2 12
2 2 2 2 2 2 2 2 2 1 2 2 2 2 2 1 2 2 2 2 2 2 2 2 2 2 2 2 2 2 2 2 2 2 2 2 2 2 2 2 2 2 2 2 2 2 2 2 2 1 2 2 2 2 2 2 2 2 1 2 2 2 2 2 2 2 2 2 2 2 2 2 2 2 2 2 2 2 2 2 2 2 2 2 2 2 2 2 2 2 2 2 2 2 2 1 2 2 2 2 2 2 2 2 1 2 2 2 2 2 2 2 2 2 2 2 2 2 2 2 2 2 2 2 2 2 2 2 2 2 2 2 2 2 2 2 2 2 2 2 2 1 2 2 2 2 2 2 2 2 1 2 2 2 2 2 2 2 2 2 2 2 2 2 2 2 2 2 2 2 2 2 2 2 2 2 2 2 2 2 2 2 2 2 2 2 2 1 2 2 2 2 2 2 2 1 2 2 2 2 2 2 2 2 2 2 2 2 2 2 2 2 1 2 2 2 2 2 1 2 2 2 2 2 1 2 2 2 2 2 1 2 2 2 2 1 2 2 2 2 2 2 2 2 2 2 2 2 2 2 2 2 2 2 2 2 2 2 2 2 2 2 2 2 2 2 2 2 2 2 2 2 2 2 2 2 2 2 2 2 2 2 2 2 2 2 2 2 2 2 2 2 2 2 2 2 2 2 2 2 2 2 2 2 2 2 2 2 2 2 2 2 2 2 2 2 2 2 2 2 2 2 2 2 2 2 2 2 2 2 2 2 2 2 2 2 2 2 2 2 2 2 2 2 2 2 2 2 2 2 2 2 2 2 2 2 2 2 2 2 2 2 2 2 2 2 2 2 2 2 2 2 2 2 2 2 2 2 2 2 2 2 2 2 2 2 2 2 2 2 2 2 2 2 2 2 2 2 1 2 1 2 2 2 1 2 2 2 1 2 2 2 1 2 2 2 2 2 2 2 1 2 2 2 2 2 1 2 2 2 2 2 1 2 2 2 2 2 1 2 2 2 2 1 2 2 2 2 2 2 2 2 2 2 2 2 2 2 2 2 2 2 2 2 2 2 2 2 2 2 2 2 2 2 2 2 2 2 2 2 2 2 2 2 2 2 2 2 2 2 2 2 2 2 2 2 2 2 2 2 2 2 2 2 2 2 2 2 2 2 2 2 2 2 2 2 2 2 2 2 2 2 2 2 2 2 2 2 2 2 2 2 2 2 2 2 2 2 2 2 2 2 2 2 2 2 2 2 2 2 2 2 2 2 2 2 2 2 2 2 2 2 2 2 2 2 2 2 2 2 2 2 2 2 2 2 2 2 2 2 2 2 2 2 2 2 2 2 2 2 2 2 2 2 2 2 2 2 2 2 2 2 2 2 2 2 1 2 1 2 2 2 1 2 2 2 1 2 2 2 1 2 2 2 2 2 2 2 1 2 2 2 2 2 1 2 2 2 2 2 1 2 2 2 2 2 1 2 2 2 2 1 2 2 2 2 2 2 2 2 2 2 2 2 2 2 2 2 2 2 2 2 2 2 2 2 2 2 2 2 2 2 2 2 2 2 2 2 2 2 2 2 2 2 2 2 2 2 2 2 2 2 2 2 2 2 2 2 2 2 2 2 2 2 2 2 2 2 2 2 2 2 2 2 2 2 2 2 2 2 2 2 2 2 2 2 2 2 2 2 2 2 2 2 2 2 2 2 2 2 2 2 2 2 2 2 2 2 2 2 2 2 2 2 2 2 2 2 2 2 2 2 2 2 2 2 2 2 2 2 2 2 2 2 2 2 2 2 2 2 2 2 2 2 2 2 2 2 2 2 2 2 2 2 2 2 2 2 2 2 2 2 2 2 1 2 1 2 2 2 1 2 2 2 1 2 2 2 1 2 2 2 2 2 2 2 1 2 2 2 2 2 1 2 2 2 2 2 1 2 2 2 2 2 1 2 2 2 2 1 2 2 2 2 2 2 2 2 2 2 2 2 2 2 2 2 2 2 2 2 2 2 2 2 2 2 2 2 2 2 2 2 2 2 2 2 2 2 2 2 2 2 2 2 2 2 2 2 2 2 2 2 2 2 2 2 2 2 2 2 2 2 2 2 2 2 2 2 2 2 2 2 2 2 2 2 2 2 2 2 2 2 2 2 2 2 2 2 2 2 2 2 2 2 2 2 2 2 2 2 2 2 2 2 2 2 2 2 2 2 2 2 2 2 2 2 2 2 2 2 2 2 2 2 2 2 2 2 2 2 2 2 2 2 2 2 2 2 2 2 2 2 2 2 2 2 2 2 2 2 2 2 2 2 2 2 2 2 2 2 2 2 1 2 1 2 2 2 1 2 2 2 1 2 2 2 1 2 2 2 2 2 2 2 1 2 2 2 2 2 1 2 2 2 2 2 1 2 2 2 2 2 1 2 2 2 2 1 2 2 2 2 2 2 2 2 2 2 2 2 2 2 2 2 2 2 2 2 2 2 2 2 2 2 2 2 2 2 2 2 2 2 2 2 2 2 2 2 2 2 2 2 2 2 2 2 2 2 2 2 2 2 2 2 2 2 2 2 2 2 2 2 2 2 2 2 2 2 2 2 2 2 2 2 2 2 2 2 2 2 2 2 2 2 2 2 2 2 2 2 2 2 2 2 2 2 2 2 2 2 2 2 2 2 2 2 2 2 2 2 2 2 2 2 2 2 2 2 2 2 2 2 2 2 2 2 2 2 2 2 2 2 2 2 2 2 2 2 2 2 2 2 2 2 2 2 2 2 2 2 2 2 2 2 2 2 2 2 2 2 1 2 1 2 2 2 1 2 2 2 1 2 2 2 1 2 2 2 2 2 2 2 1 2 2 2 2 2 1 2 2 2 2 2 1 2 2 2 2 2 1 2 2 2 2 1 2 2 2 2 2 2 2 2 2 2 2 2 2 2 2 2 2 2 2 2 2 2 2 2 2 2 2 2 2 2 2 2 2 2 2 2 2 2 2 2 2 2 2 2 2 2 2 2 2 2 2 2 2 2 2 2 2 2 2 2 2 2 2 2 2 2 2 2 2 2 2 2 2 2 2 2 2 2 2 2 2 2 2 2 2 2 2 2 2 2 2 2 2 2 2 2 2 2 2 2 2 2 2 2 2 2 2 2 2 2 2 2 2 2 2 2 2 2 2 2 2 2 2 2 2 2 2 2 2 2 2 2 2 2 2 2 2 2 2 2 2 2 2 2 2 2 2 2 2 2 2 2 2 2 2 2 2 2 2 2 2 2 1 2 1 2 2 2 1 2 2 2 1 2 2 2 1 2 2 2 2 2 2 2 1 2 2 2 2 2 1 2 2 2 2 2 1 2 2 2 2 2 1 2 2 2 2 1 2 2 2 2 2 2 2 2 2 2 2 2 2 2 2 2 2 2 2 2 2 2 2 2 2 2 2 2 2 2 2 2 2 2 2 2 2 2 2 2 2 2 2 2 2 2 2 2 2 2 2 2 2 2 2 2 2 2 2 2 2 2 2 2 2 2 2 2 2 2 2 2 2 2 2 2 2 2 2 2 2 2 2 2 2 2 2 2 2 2 2 2 2 2 2 2 2 2 2 2 2 2 2 2 2 2 2 2 2 2 2 2 2 2 2 2 2 2 2 2 2 2 2 2 2 2 2 2 2 2 2 2 2 2 2 2 2 2 2 2 2 2 2 2 2 2 2 2 2 2 2 2 2 2 2 2 2 2 2 2 2 2 1 2 1 2 2 2 1 2 2 2 1 2 2 2 1 2 2 2 2 2 2 2 1 2 2 2 2 2 1 2 2 2 2 2 1 2 2 2 2 2 1 2 2 2 2 1 2 2 2 2 2 2 2 2 2 2 2 2 2 2 2 2 2 2 2 2 2 2 2 2 2 2 2 2 2 2 2 2 2 2 2 2 2 2 2 2 2 2 2 2 2 2 2 2 2 2 2 2 2 2 2 2 2 2 2 2 2 2 2 2 2 2 2 2 2 2 2 2 2 2 2 2 2 2 2 2 2 2 2 2 2 2 2 2 2 2 2 2 2 2 2 2 2 2 2 2 2 2 2 2 2 2 2 2 2 2 2 2 2 2 2 2 2 2 2 2 2 2 2 2 2 2 2 2 2 2 2 2 2 2 2 2 2 2 2 2 2 2 2 2 2 2 2 2 2 2 2 2 2 2 2 2 2 2 2 2 2 2 1 2 1 2 2 2 1 2 2 2 1 2 2 2 1 2 2 2 2 2 2 2 2 2 1 2 2 1 2 2 2 2 2 2 2 2 2 2 2 2 1 2 2 1 2 2 2 2 2 2 2 2 2 2 2 2 1 2 2 1 2 2 2 2 2 2 2 2 2 2 2 2 1 2 2 1 2 2 2 2 2 2 2 2 2 2 2 2 1 2 1 
3 3 3 3 5 7 7 7 8 8 8 6 6 8 8 8 8 8 8 6 6 8 8 8 8 8 8 6 6 8 8 8 8 8 8 6 5 6 6 6 8 9 9 9 6 7 12 12 12 11 11 12 12 12 7 7 12 12 12 11 11 12 12 12 7 7 12 12 12 11 11 12 12 12 7 6 9 9 9 8 8 9 9 9 6 7 12 12 12 11 11 12 12 12 7 7 12 12 12 11 11 12 12 12 7 7 12 12 12 11 11 12 12 12 7 6 9 9 9 8 8 9 9 9 6 7 12 12 12 11 11 12 12 12 7 7 12 12 12 11 11 12 12 12 7 7 12 12 12 11 11 12 12 12 7 6 9 9 9 8 8 9 9 9 6 7 12 12 12 11 11 12 12 12 7 7 12 12 12 11 11 12 12 12 7 7 12 12 12 11 11 12 12 12 7 6 9 9 9 8 8 9 9 9 6 7 12 12 12 11 11 12 12 12 7 7 12 12 12 11 11 12 12 12 7 7 12 12 12 11 11 12 12 12 7 6 9 9 9 8 8 9 9 9 6 7 12 12 12 11 11 12 12 12 7 7 12 12 12 11 11 12 12 12 7 7 12 12 12 11 11 12 12 12 7 6 9 9 9 8 8 9 9 9 6 7 12 12 12 11 11 12 12 12 7 7 12 12 12 11 11 12 12 12 7 7 12 12 12 11 11 12 12 12 7 6 9 9 9 8 8 9 9 9 6 7 12 12 12 11 11 12 12 12 7 7 12 12 12 11 11 12 12 12 7 7 12 12 12 11 11 12 12 12 7 6 9 9 9 8 6 6 6 5 6 8 8 8 8 8 8 6 6 8 8 8 8 8 8 6 6 8 8 8 8 8 8 6 6 8 8 8 7 7 7 5 3 3 3 3 
1 2	5 2	
1 2	6 2	
1 2	46 2	
2 2	6 2	
2 2	7 2	
2 2	56 2	
3 2	7 2	
3 2	8 2	
3 2	66 2	
4 2	0 0	
4 2	8 2	
4 2	76 2	
5 2	9 2	
5 2	41 2	
5 2	46 2	
5 2	0 0	
6 2	9 2	
6 2	10 2	
6 2	46 2	
6 2	51 2	
6 2	56 2	
7 2	10 2	
7 2	11 2	
7 2	56 2	
7 2	61 2	
7 2	66 2	
8 2	11 2	
8 2	12 2	
8 2	66 2	
8 2	71 2	
8 2	76 2	
9 2	13 2	
9 2	14 2	
9 2	41 2	
9 2	46 2	
9 2	47 2	
9 2	51 2	
10 2	14 2	
10 2	15 2	
10 2	51 2	
10 2	56 2	
10 2	57 2	
10 2	61 2	
11 2	15 2	
11 2	16 2	
11 2	61 2	
11 2	66 2	
11 2	67 2	
11 2	71 2	
12 2	0 0	
12 2	16 2	
12 2	71 2	
12 2	76 2	
12 2	77 2	
13 2	17 2	
13 2	41 2	
13 2	42 2	
13 2	47 2	
13 2	0 0	
14 2	17 2	
14 2	18 2	
14 2	47 2	
14 2	51 2	
14 2	52 2	
14 2	57 2	
15 2	18 2	
15 2	19 2	
15 2	57 2	
15 2	61 2	
15 2	62 2	
15 2	67 2	
16 2	19 2	
16 2	20 2	
16 2	67 2	
16 2	71 2	
16 2	72 2	
16 2	77 2	
17 2	21 2	
17 2	22 2	
17 2	42 2	
17 2	47 2	
17 2	48 2	
17 2	52 2	
18 2	22 2	
18 2	23 2	
18 2	52 2	
18 2	57 2	
18 2	58 2	
18 2	62 2	
19 2	23 2	
19 2	24 2	
19 2	62 2	
19 2	67 2	
19 2	68 2	
19 2	72 2	
20 2	0 0	
20 2	24 2	
20 2	72 2	
20 2	77 2	
20 2	78 2	
21 2	25 2	
21 2	42 2	
21 2	43 2	
21 2	48 2	
21 2	0 0	
22 2	25 2	
22 2	26 2	
22 2	48 2	
22 2	52 2	
22 2	53 2	
22 2	58 2	
23 2	26 2	
23 2	27 2	
23 2	58 2	
23 2	62 2	
23 2	63 2	
23 2	68 2	
24 2	27 2	
24 2	28 2	
24 2	68 2	
24 2	72 2	
24 2	73 2	
24 2	78 2	
25 2	29 2	
25 2	30 2	
25 2	43 2	
25 2	48 2	
25 2	49 2	
25 2	53 2	
26 2	30 2	
26 2	31 2	
26 2	53 2	
26 2	58 2	
26 2	59 2	
26 2	63 2	
27 2	31 2	
27 2	32 2	
27 2	63 2	
27 2	68 2	
27 2	69 2	
27 2	73 2	
28 2	0 0	
28 2	32 2	
28 2	73 2	
28 2	78 2	
28 2	79 2	
29 2	33 2	
29 2	43 2	
29 2	44 2	
29 2	49 2	
29 2	0 0	
30 2	33 2	
30 2	34 2	
30 2	49 2	
30 2	53 2	
30 2	54 2	
30 2	59 2	
31 2	34 2	
31 2	35 2	
31 2	59 2	
31 2	63 2	
31 2	64 2	
31 2	69 2	
32 2	35 2	
32 2	36 2	
32 2	69 2	
32 2	73 2	
32 2	74 2	
32 2	79 2	
33 2	37 2	
33 2	38 2	
33 2	44 2	
33 2	49 2	
33 2	50 2	
33 2	54 2	
34 2	38 2	
34 2	39 2	
34 2	54 2	
34 2	59 2	
34 2	60 2	
34 2	64 2	
35 2	39 2	
35 2	40 2	
35 2	64 2	
35 2	69 2	
35 2	70 2	
35 2	74 2	
36 2	0 0	
36 2	40 2	
36 2	74 2	
36 2	79 2	
36 2	80 2	
37 2	44 2	
37 2	45 2	
37 2	50 2	
37 2	0 0	
38 2	50 2	
38 2	54 2	
38 2	55 2	
38 2	60 2	
39 2	60 2	
39 2	64 2	
39 2	65 2	
39 2	70 2	
40 2	70 2	
40 2	74 2	
40 2	75 2	
40 2	80 2	
41 2	46 2	
41 2	47 2	
41 2	81 2	
41 2	86 2	
41 2	0 0	
42 2	47 2	
42 2	48 2	
42 2	81 2	
42 2	82 2	
42 2	87 2	
42 2	0 0	
43 2	48 2	
43 2	49 2	
43 2	82 2	
43 2	83 2	
43 2	88 2	
43 2	0 0	
44 2	49 2	
44 2	50 2	
44 2	83 2	
44 2	84 2	
44 2	89 2	
44 2	0 0	
45 2	50 2	
45 2	84 2	
45 2	85 2	
45 2	90 2	
45 2	0 0	
46 2	51 2	
46 2	86 2	
47 2	51 2	
47 2	52 2	
47 2	81 2	
47 2	86 2	
47 2	87 2	
47 2	91 2	
48 2	52 2	
48 2	53 2	
48 2	82 2	
48 2	87 2	
48 2	88 2	
48 2	92 2	
49 2	53 2	
49 2	54 2	
49 2	83 2	
49 2	88 2	
49 2	89 2	
49 2	93 2	
50 2	54 2	
50 2	55 2	
50 2	84 2	
50 2	89 2	
50 2	90 2	
50 2	94 2	
51 2	56 2	
51 2	57 2	
51 2	86 2	
51 2	91 2	
51 2	96 2	
52 2	57 2	
52 2	58 2	
52 2	87 2	
52 2	91 2	
52 2	92 2	
52 2	97 2	
53 2	58 2	
53 2	59 2	
53 2	88 2	
53 2	92 2	
53 2	93 2	
53 2	98 2	
54 2	59 2	
54 2	60 2	
54 2	89 2	
54 2	93 2	
54 2	94 2	
54 2	99 2	
55 2	60 2	
55 2	90 2	
55 2	94 2	
55 2	95 2	
55 2	100 2	
56 2	61 2	
56 2	96 2	
57 2	61 2	
57 2	62 2	
57 2	91 2	
57 2	96 2	
57 2	97 2	
57 2	101 2	
58 2	62 2	
58 2	63 2	
58 2	92 2	
58 2	97 2	
58 2	98 2	
58 2	102 2	
59 2	63 2	
59 2	64 2	
59 2	93 2	
59 2	98 2	
59 2	99 2	
59 2	103 2	
60 2	64 2	
60 2	65 2	
60 2	94 2	
60 2	99 2	
60 2	100 2	
60 2	104 2	
61 2	66 2	
61 2	67 2	
61 2	96 2	
61 2	101 2	
61 2	106 2	
62 2	67 2	
62 2	68 2	
62 2	97 2	
62 2	101 2	
62 2	102 2	
62 2	107 2	
63 2	68 2	
63 2	69 2	
63 2	98 2	
63 2	102 2	
63 2	103 2	
63 2	108 2	
64 2	69 2	
64 2	70 2	
64 2	99 2	
64 2	103 2	
64 2	104 2	
64 2	109 2	
65 2	70 2	
65 2	100 2	
65 2	104 2	
65 2	105 2	
65 2	110 2	
66 2	71 2	
66 2	106 2	
67 2	71 2	
67 2	72 2	
67 2	101 2	
67 2	106 2	
67 2	107 2	
67 2	111 2	
68 2	72 2	
68 2	73 2	
68 2	102 2	
68 2	107 2	
68 2	108 2	
68 2	112 2	
69 2	73 2	
69 2	74 2	
69 2	103 2	
69 2	108 2	
69 2	109 2	
69 2	113 2	
70 2	74 2	
70 2	75 2	
70 2	104 2	
70 2	109 2	
70 2	110 2	
70 2	114 2	
71 2	76 2	
71 2	77 2	
71 2	106 2	
71 2	111 2	
71 2	116 2	
72 2	77 2	
72 2	78 2	
72 2	107 2	
72 2	111 2	
72 2	112 2	
72 2	117 2	
73 2	78 2	
73 2	79 2	
73 2	108 2	
73 2	112 2	
73 2	113 2	
73 2	118 2	
74 2	79 2	
74 2	80 2	
74 2	109 2	
74 2	113 2	
74 2	114 2	
74 2	119 2	
75 2	80 2	
75 2	110 2	
75 2	114 2	
75 2	115 2	
75 2	120 2	
76 2	0 0	
76 2	116 2	
77 2	0 0	
77 2	111 2	
77 2	116 2	
77 2	117 2	
78 2	0 0	
78 2	112 2	
78 2	117 2	
78 2	118 2	
79 2	0 0	
79 2	113 2	
79 2	118 2	
79 2	119 2	
80 2	0 0	
80 2	114 2	
80 2	119 2	
80 2	120 2	
81 2	86 2	
81 2	87 2	
81 2	121 2	
81 2	126 2	
81 2	0 0	
82 2	87 2	
82 2	88 2	
82 2	121 2	
82 2	122 2	
82 2	127 2	
82 2	0 0	
83 2	88 2	
83 2	89 2	
83 2	122 2	
83 2	123 2	
83 2	128 2	
83 2	0 0	
84 2	89 2	
84 2	90 2	
84 2	123 2	
84 2	124 2	
84 2	129 2	
84 2	0 0	
85 2	90 2	
85 2	124 2	
85 2	125 2	
85 2	130 2	
85 2	0 0	
86 2	91 2	
86 2	126 2	
87 2	91 2	
87 2	92 2	
87 2	121 2	
87 2	126 2	
87 2	127 2	
87 2	131 2	
88 2	92 2	
88 2	93 2	
88 2	122 2	
88 2	127 2	
88 2	128 2	
88 2	132 2	
89 2	93 2	
89 2	94 2	
89 2	123 2	
89 2	128 2	
89 2	129 2	
89 2	133 2	
90 2	94 2	
90 2	95 2	
90 2	124 2	
90 2	129 2	
90 2	130 2	
90 2	134 2	
91 2	96 2	
91 2	97 2	
91 2	126 2	
91 2	131 2	
91 2	136 2	
92 2	97 2	
92 2	98 2	
92 2	127 2	
92 2	131 2	
92 2	132 2	
92 2	137 2	
93 2	98 2	
93 2	99 2	
93 2	128 2	
93 2	132 2	
93 2	133 2	
93 2	138 2	
94 2	99 2	
94 2	100 2	
94 2	129 2	
94 2	133 2	
94 2	134 2	
94 2	139 2	
95 2	100 2	
95 2	130 2	
95 2	134 2	
95 2	135 2	
95 2	140 2	
96 2	101 2	
96 2	136 2	
97 2	101 2	
97 2	102 2	
97 2	131 2	
97 2	136 2	
97 2	137 2	
97 2	141 2	
98 2	102 2	
98 2	103 2	
98 2	132 2	
98 2	137 2	
98 2	138 2	
98 2	142 2	
99 2	103 2	
99 2	104 2	
99 2	133 2	
99 2	138 2	
99 2	139 2	
99 2	143 2	
100 2	104 2	
100 2	105 2	
100 2	134 2	
100 2	139 2	
100 2	140 2	
100 2	144 2	
101 2	106 2	
101 2	107 2	
101 2	136 2	
101 2	141 2	
101 2	146 2	
102 2	107 2	
102 2	108 2	
102 2	137 2	
102 2	141 2	
102 2	142 2	
102 2	147 2	
103 2	108 2	
103 2	109 2	
103 2	138 2	
103 2	142 2	
103 2	143 2	
103 2	148 2	
104 2	109 2	
104 2	110 2	
104 2	139 2	
104 2	143 2	
104 2	144 2	
104 2	149 2	
105 2	110 2	
105 2	140 2	
105 2	144 2	
105 2	145 2	
105 2	150 2	
106 2	111 2	
106 2	146 2	
107 2	111 2	
107 2	112 2	
107 2	141 2	
107 2	146 2	
107 2	147 2	
107 2	151 2	
108 2	112 2	
108 2	113 2	
108 2	142 2	
108 2	147 2	
108 2	148 2	
108 2	152 2	
109 2	113 2	
109 2	114 2	
109 2	143 2	
109 2	148 2	
109 2	149 2	
109 2	153 2	
110 2	114 2	
110 2	115 2	
110 2	144 2	
110 2	149 2	
110 2	150 2	
110 2	154 2	
111 2	116 2	
111 2	117 2	
111 2	146 2	
111 2	151 2	
111 2	156 2	
112 2	117 2	
112 2	118 2	
112 2	147 2	
112 2	151 2	
112 2	152 2	
112 2	157 2	
113 2	118 2	
113 2	119 2	
113 2	148 2	
113 2	152 2	
113 2	153 2	
113 2	158 2	
114 2	119 2	
114 2	120 2	
114 2	149 2	
114 2	153 2	
114 2	154 2	
114 2	159 2	
115 2	120 2	
115 2	150 2	
115 2	154 2	
115 2	155 2	
115 2	160 2	
116 2	0 0	
116 2	156 2	
117 2	0 0	
117 2	151 2	
117 2	156 2	
117 2	157 2	
118 2	0 0	
118 2	152 2	
118 2	157 2	
118 2	158 2	
119 2	0 0	
119 2	153 2	
119 2	158 2	
119 2	159 2	
120 2	0 0	
120 2	154 2	
120 2	159 2	
120 2	160 2	
121 2	126 2	
121 2	127 2	
121 2	161 2	
121 2	166 2	
121 2	0 0	
122 2	127 2	
122 2	128 2	
122 2	161 2	
122 2	162 2	
122 2	167 2	
122 2	0 0	
123 2	128 2	
123 2	129 2	
123 2	162 2	
123 2	163 2	
123 2	168 2	
123 2	0 0	
124 2	129 2	
124 2	130 2	
124 2	163 2	
124 2	164 2	
124 2	169 2	
124 2	0 0	
125 2	130 2	
125 2	164 2	
125 2	165 2	
125 2	170 2	
125 2	0 0	
126 2	131 2	
126 2	166 2	
127 2	131 2	
127 2	132 2	
127 2	161 2	
127 2	166 2	
127 2	167 2	
127 2	171 2	
128 2	132 2	
128 2	133 2	
128 2	162 2	
128 2	167 2	
128 2	168 2	
128 2	172 2	
129 2	133 2	
129 2	134 2	
129 2	163 2	
129 2	168 2	
129 2	169 2	
129 2	173 2	
130 2	134 2	
130 2	135 2	
130 2	164 2	
130 2	169 2	
130 2	170 2	
130 2	174 2	
131 2	136 2	
131 2	137 2	
131 2	166 2	
131 2	171 2	
131 2	176 2	
132 2	137 2	
132 2	138 2	
132 2	167 2	
132 2	171 2	
132 2	172 2	
132 2	177 2	
133 2	138 2	
133 2	139 2	
133 2	168 2	
133 2	172 2	
133 2	173 2	
133 2	178 2	
134 2	139 2	
134 2	140 2	
134 2	169 2	
134 2	173 2	
134 2	174 2	
134 2	179 2	
135 2	140 2	
135 2	170 2	
135 2	174 2	
135 2	175 2	
135 2	180 2	
136 2	141 2	
136 2	176 2	
137 2	141 2	
137 2	142 2	
137 2	171 2	
137 2	176 2	
137 2	177 2	
137 2	181 2	
138 2	142 2	
138 2	143 2	
138 2	172 2	
138 2	177 2	
138 2	178 2	
138 2	182 2	
139 2	143 2	
139 2	144 2	
139 2	173 2	
139 2	178 2	
139 2	179 2	
139 2	183 2	
140 2	144 2	
140 2	145 2	
140 2	174 2	
140 2	179 2	
140 2	180 2	
140 2	184 2	
141 2	146 2	
141 2	147 2	
141 2	176 2	
141 2	181 2	
141 2	186 2	
142 2	147 2	
142 2	148 2	
142 2	177 2	
142 2	181 2	
142 2	182 2	
142 2	187 2	
143 2	148 2	
143 2	149 2	
143 2	178 2	
143 2	182 2	
143 2	183 2	
143 2	188 2	
144 2	149 2	
144 2	150 2	
144 2	179 2	
144 2	183 2	
144 2	184 2	
144 2	189 2	
145 2	150 2	
145 2	180 2	
145 2	184 2	
145 2	185 2	
145 2	190 2	
146 2	151 2	
146 2	186 2	
147 2	151 2	
147 2	152 2	
147 2	181 2	
147 2	186 2	
147 2	187 2	
147 2	191 2	
148 2	152 2	
148 2	153 2	
148 2	182 2	
148 2	187 2	
148 2	188 2	
148 2	192 2	
149 2	153 2	
149 2	154 2	
149 2	183 2	
149 2	188 2	
149 2	189 2	
149 2	193 2	
150 2	154 2	
150 2	155 2	
150 2	184 2	
150 2	189 2	
150 2	190 2	
150 2	194 2	
151 2	156 2	
151 2	157 2	
151 2	186 2	
151 2	191 2	
151 2	196 2	
152 2	157 2	
152 2	158 2	
152 2	187 2	
152 2	191 2	
152 2	192 2	
152 2	197 2	
153 2	158 2	
153 2	159 2	
153 2	188 2	
153 2	192 2	
153 2	193 2	
153 2	198 2	
154 2	159 2	
154 2	160 2	
154 2	189 2	
154 2	193 2	
154 2	194 2	
154 2	199 2	
155 2	160 2	
155 2	190 2	
155 2	194 2	
155 2	195 2	
155 2	200 2	
156 2	0 0	
156 2	196 2	
157 2	0 0	
157 2	191 2	
157 2	196 2	
157 2	197 2	
158 2	0 0	
158 2	192 2	
158 2	197 2	
158 2	198 2	
159 2	0 0	
159 2	193 2	
159 2	198 2	
159 2	199 2	
160 2	0 0	
160 2	194 2	
160 2	199 2	
160 2	200 2	
161 2	166 2	
161 2	167 2	
161 2	201 2	
161 2	206 2	
161 2	0 0	
162 2	167 2	
162 2	168 2	
162 2	201 2	
162 2	202 2	
162 2	207 2	
162 2	0 0	
163 2	168 2	
163 2	169 2	
163 2	202 2	
163 2	203 2	
163 2	208 2	
163 2	0 0	
164 2	169 2	
164 2	170 2	
164 2	203 2	
164 2	204 2	
164 2	209 2	
164 2	0 0	
165 2	170 2	
165 2	204 2	
165 2	205 2	
165 2	210 2	
165 2	0 0	
166 2	171 2	
166 2	206 2	
167 2	171 2	
167 2	172 2	
167 2	201 2	
167 2	206 2	
167 2	207 2	
167 2	211 2	
168 2	172 2	
168 2	173 2	
168 2	202 2	
168 2	207 2	
168 2	208 2	
168 2	212 2	
169 2	173 2	
169 2	174 2	
169 2	203 2	
169 2	208 2	
169 2	209 2	
169 2	213 2	
170 2	174 2	
170 2	175 2	
170 2	204 2	
170 2	209 2	
170 2	210 2	
170 2	214 2	
171 2	176 2	
171 2	177 2	
171 2	206 2	
171 2	211 2	
171 2	216 2	
172 2	177 2	
172 2	178 2	
172 2	207 2	
172 2	211 2	
172 2	212 2	
172 2	217 2	
173 2	178 2	
173 2	179 2	
173 2	208 2	
173 2	212 2	
173 2	213 2	
173 2	218 2	
174 2	179 2	
174 2	180 2	
174 2	209 2	
174 2	213 2	
174 2	214 2	
174 2	219 2	
175 2	180 2	
175 2	210 2	
175 2	214 2	
175 2	215 2	
175 2	220 2	
176 2	181 2	
176 2	216 2	
177 2	181 2	
177 2	182 2	
177 2	211 2	
177 2	216 2	
177 2	217 2	
177 2	221 2	
178 2	182 2	
178 2	183 2	
178 2	212 2	
178 2	217 2	
178 2	218 2	
178 2	222 2	
179 2	183 2	
179 2	184 2	
179 2	213 2	
179 2	218 2	
179 2	219 2	
179 2	223 2	
180 2	184 2	
180 2	185 2	
180 2	214 2	
180 2	219 2	
180 2	220 2	
180 2	224 2	
181 2	186 2	
181 2	187 2	
181 2	216 2	
181 2	221 2	
181 2	226 2	
182 2	187 2	
182 2	188 2	
182 2	217 2	
182 2	221 2	
182 2	222 2	
182 2	227 2	
183 2	188 2	
183 2	189 2	
183 2	218 2	
183 2	222 2	
183 2	223 2	
183 2	228 2	
184 2	189 2	
184 2	190 2	
184 2	219 2	
184 2	223 2	
184 2	224 2	
184 2	229 2	
185 2	190 2	
185 2	220 2	
185 2	224 2	
185 2	225 2	
185 2	230 2	
186 2	191 2	
186 2	226 2	
187 2	191 2	
187 2	192 2	
187 2	221 2	
187 2	226 2	
187 2	227 2	
187 2	231 2	
188 2	192 2	
188 2	193 2	
188 2	222 2	
188 2	227 2	
188 2	228 2	
188 2	232 2	
189 2	193 2	
189 2	194 2	
189 2	223 2	
189 2	228 2	
189 2	229 2	
189 2	233 2	
190 2	194 2	
190 2	195 2	
190 2	224 2	
190 2	229 2	
190 2	230 2	
190 2	234 2	
191 2	196 2	
191 2	197 2	
191 2	226 2	
191 2	231 2	
191 2	236 2	
192 2	197 2	
192 2	198 2	
192 2	227 2	
192 2	231 2	
192 2	232 2	
192 2	237 2	
193 2	198 2	
193 2	199 2	
193 2	228 2	
193 2	232 2	
193 2	233 2	
193 2	238 2	
194 2	199 2	
194 2	200 2	
194 2	229 2	
194 2	233 2	
194 2	234 2	
194 2	239 2	
195 2	200 2	
195 2	230 2	
195 2	234 2	
195 2	235 2	
195 2	240 2	
196 2	0 0	
196 2	236 2	
197 2	0 0	
197 2	231 2	
197 2	236 2	
197 2	237 2	
198 2	0 0	
198 2	232 2	
198 2	237 2	
198 2	238 2	
199 2	0 0	
199 2	233 2	
199 2	238 2	
199 2	239 2	
200 2	0 0	
200 2	234 2	
200 2	239 2	
200 2	240 2	
201 2	206 2	
201 2	207 2	
201 2	241 2	
201 2	246 2	
201 2	0 0	
202 2	207 2	
202 2	208 2	
202 2	241 2	
202 2	242 2	
202 2	247 2	
202 2	0 0	
203 2	208 2	
203 2	209 2	
203 2	242 2	
203 2	243 2	
203 2	248 2	
203 2	0 0	
204 2	209 2	
204 2	210 2	
204 2	243 2	
204 2	244 2	
204 2	249 2	
204 2	0 0	
205 2	210 2	
205 2	244 2	
205 2	245 2	
205 2	250 2	
205 2	0 0	
206 2	211 2	
206 2	246 2	
207 2	211 2	
207 2	212 2	
207 2	241 2	
207 2	246 2	
207 2	247 2	
207 2	251 2	
208 2	212 2	
208 2	213 2	
208 2	242 2	
208 2	247 2	
208 2	248 2	
208 2	252 2	
209 2	213 2	
209 2	214 2	
209 2	243 2	
209 2	248 2	
209 2	249 2	
209 2	253 2	
210 2	214 2	
210 2	215 2	
210 2	244 2	
210 2	249 2	
210 2	250 2	
210 2	254 2	
211 2	216 2	
211 2	217 2	
211 2	246 2	
211 2	251 2	
211 2	256 2	
212 2	217 2	
212 2	218 2	
212 2	247 2	
212 2	251 2	
212 2	252 2	
212 2	257 2	
213 2	218 2	
213 2	219 2	
213 2	248 2	
213 2	252 2	
213 2	253 2	
213 2	258 2	
214 2	219 2	
214 2	220 2	
214 2	249 2	
214 2	253 2	
214 2	254 2	
214 2	259 2	
215 2	220 2	
215 2	250 2	
215 2	254 2	
215 2	255 2	
215 2	260 2	
216 2	221 2	
216 2	256 2	
217 2	221 2	
217 2	222 2	
217 2	251 2	
217 2	256 2	
217 2	257 2	
217 2	261 2	
218 2	222 2	
218 2	223 2	
218 2	252 2	
218 2	257 2	
218 2	258 2	
218 2	262 2	
219 2	223 2	
219 2	224 2	
219 2	253 2	
219 2	258 2	
219 2	259 2	
219 2	263 2	
220 2	224 2	
220 2	225 2	
220 2	254 2	
220 2	259 2	
220 2	260 2	
220 2	264 2	
221 2	226 2	
221 2	227 2	
221 2	256 2	
221 2	261 2	
221 2	266 2	
222 2	227 2	
222 2	228 2	
222 2	257 2	
222 2	261 2	
222 2	262 2	
222 2	267 2	
223 2	228 2	
223 2	229 2	
223 2	258 2	
223 2	262 2	
223 2	263 2	
223 2	268 2	
224 2	229 2	
224 2	230 2	
224 2	259 2	
224 2	263 2	
224 2	264 2	
224 2	269 2	
225 2	230 2	
225 2	260 2	
225 2	264 2	
225 2	265 2	
225 2	270 2	
226 2	231 2	
226 2	266 2	
227 2	231 2	
227 2	232 2	
227 2	261 2	
227 2	266 2	
227 2	267 2	
227 2	271 2	
228 2	232 2	
228 2	233 2	
228 2	262 2	
228 2	267 2	
228 2	268 2	
228 2	272 2	
229 2	233 2	
229 2	234 2	
229 2	263 2	
229 2	268 2	
229 2	269 2	
229 2	273 2	
230 2	234 2	
230 2	235 2	
230 2	264 2	
230 2	269 2	
230 2	270 2	
230 2	274 2	
231 2	236 2	
231 2	237 2	
231 2	266 2	
231 2	271 2	
231 2	276 2	
232 2	237 2	
232 2	238 2	
232 2	267 2	
232 2	271 2	
232 2	272 2	
232 2	277 2	
233 2	238 2	
233 2	239 2	
233 2	268 2	
233 2	272 2	
233 2	273 2	
233 2	278 2	
234 2	239 2	
234 2	240 2	
234 2	269 2	
234 2	273 2	
234 2	274 2	
234 2	279 2	
235 2	240 2	
235 2	270 2	
235 2	274 2	
235 2	275 2	
235 2	280 2	
236 2	0 0	
236 2	276 2	
237 2	0 0	
237 2	271 2	
237 2	276 2	
237 2	277 2	
238 2	0 0	
238 2	272 2	
238 2	277 2	
238 2	278 2	
239 2	0 0	
239 2	273 2	
239 2	278 2	
239 2	279 2	
240 2	0 0	
240 2	274 2	
240 2	279 2	
240 2	280 2	
241 2	246 2	
241 2	247 2	
241 2	281 2	
241 2	286 2	
241 2	0 0	
242 2	247 2	
242 2	248 2	
242 2	281 2	
242 2	282 2	
242 2	287 2	
242 2	0 0	
243 2	248 2	
243 2	249 2	
243 2	282 2	
243 2	283 2	
243 2	288 2	
243 2	0 0	
244 2	249 2	
244 2	250 2	
244 2	283 2	
244 2	284 2	
244 2	289 2	
244 2	0 0	
245 2	250 2	
245 2	284 2	
245 2	285 2	
245 2	290 2	
245 2	0 0	
246 2	251 2	
246 2	286 2	
247 2	251 2	
247 2	252 2	
247 2	281 2	
247 2	286 2	
247 2	287 2	
247 2	291 2	
248 2	252 2	
248 2	253 2	
248 2	282 2	
248 2	287 2	
248 2	288 2	
248 2	292 2	
249 2	253 2	
249 2	254 2	
249 2	283 2	
249 2	288 2	
249 2	289 2	
249 2	293 2	
250 2	254 2	
250 2	255 2	
250 2	284 2	
250 2	289 2	
250 2	290 2	
250 2	294 2	
251 2	256 2	
251 2	257 2	
251 2	286 2	
251 2	291 2	
251 2	296 2	
252 2	257 2	
252 2	258 2	
252 2	287 2	
252 2	291 2	
252 2	292 2	
252 2	297 2	
253 2	258 2	
253 2	259 2	
253 2	288 2	
253 2	292 2	
253 2	293 2	
253 2	298 2	
254 2	259 2	
254 2	260 2	
254 2	289 2	
254 2	293 2	
254 2	294 2	
254 2	299 2	
255 2	260 2	
255 2	290 2	
255 2	294 2	
255 2	295 2	
255 2	300 2	
256 2	261 2	
256 2	296 2	
257 2	261 2	
257 2	262 2	
257 2	291 2	
257 2	296 2	
257 2	297 2	
257 2	301 2	
258 2	262 2	
258 2	263 2	
258 2	292 2	
258 2	297 2	
258 2	298 2	
258 2	302 2	
259 2	263 2	
259 2	264 2	
259 2	293 2	
259 2	298 2	
259 2	299 2	
259 2	303 2	
260 2	264 2	
260 2	265 2	
260 2	294 2	
260 2	299 2	
260 2	300 2	
260 2	304 2	
261 2	266 2	
261 2	267 2	
261 2	296 2	
261 2	301 2	
261 2	306 2	
262 2	267 2	
262 2	268 2	
262 2	297 2	
262 2	301 2	
262 2	302 2	
262 2	307 2	
263 2	268 2	
263 2	269 2	
263 2	298 2	
263 2	302 2	
263 2	303 2	
263 2	308 2	
264 2	269 2	
264 2	270 2	
264 2	299 2	
264 2	303 2	
264 2	304 2	
264 2	309 2	
265 2	270 2	
265 2	300 2	
265 2	304 2	
265 2	305 2	
265 2	310 2	
266 2	271 2	
266 2	306 2	
267 2	271 2	
267 2	272 2	
267 2	301 2	
267 2	306 2	
267 2	307 2	
267 2	311 2	
268 2	272 2	
268 2	273 2	
268 2	302 2	
268 2	307 2	
268 2	308 2	
268 2	312 2	
269 2	273 2	
269 2	274 2	
269 2	303 2	
269 2	308 2	
269 2	309 2	
269 2	313 2	
270 2	274 2	
270 2	275 2	
270 2	304 2	
270 2	309 2	
270 2	310 2	
270 2	314 2	
271 2	276 2	
271 2	277 2	
271 2	306 2	
271 2	311 2	
271 2	316 2	
272 2	277 2	
272 2	278 2	
272 2	307 2	
272 2	311 2	
272 2	312 2	
272 2	317 2	
273 2	278 2	
273 2	279 2	
273 2	308 2	
273 2	312 2	
273 2	313 2	
273 2	318 2	
274 2	279 2	
274 2	280 2	
274 2	309 2	
274 2	313 2	
274 2	314 2	
274 2	319 2	
275 2	280 2	
275 2	310 2	
275 2	314 2	
275 2	315 2	
275 2	320 2	
276 2	0 0	
276 2	316 2	
277 2	0 0	
277 2	311 2	
277 2	316 2	
277 2	317 2	
278 2	0 0	
278 2	312 2	
278 2	317 2	
278 2	318 2	
279 2	0 0	
279 2	313 2	
279 2	318 2	
279 2	319 2	
280 2	0 0	
280 2	314 2	
280 2	319 2	
280 2	320 2	
281 2	286 2	
281 2	287 2	
281 2	321 2	
281 2	326 2	
281 2	0 0	
282 2	287 2	
282 2	288 2	
282 2	321 2	
282 2	322 2	
282 2	327 2	
282 2	0 0	
283 2	288 2	
283 2	289 2	
283 2	322 2	
283 2	323 2	
283 2	328 2	
283 2	0 0	
284 2	289 2	
284 2	290 2	
284 2	323 2	
284 2	324 2	
284 2	329 2	
284 2	0 0	
285 2	290 2	
285 2	324 2	
285 2	325 2	
285 2	330 2	
285 2	0 0	
286 2	291 2	
286 2	326 2	
287 2	291 2	
287 2	292 2	
287 2	321 2	
287 2	326 2	
287 2	327 2	
287 2	331 2	
288 2	292 2	
288 2	293 2	
288 2	322 2	
288 2	327 2	
288 2	328 2	
288 2	332 2	
289 2	293 2	
289 2	294 2	
289 2	323 2	
289 2	328 2	
289 2	329 2	
289 2	333 2	
290 2	294 2	
290 2	295 2	
290 2	324 2	
290 2	329 2	
290 2	330 2	
290 2	334 2	
291 2	296 2	
291 2	297 2	
291 2	326 2	
291 2	331 2	
291 2	336 2	
292 2	297 2	
292 2	298 2	
292 2	327 2	
292 2	331 2	
292 2	332 2	
292 2	337 2	
293 2	298 2	
293 2	299 2	
293 2	328 2	
293 2	332 2	
293 2	333 2	
293 2	338 2	
294 2	299 2	
294 2	300 2	
294 2	329 2	
294 2	333 2	
294 2	334 2	
294 2	339 2	
295 2	300 2	
295 2	330 2	
295 2	334 2	
295 2	335 2	
295 2	340 2	
296 2	301 2	
296 2	336 2	
297 2	301 2	
297 2	302 2	
297 2	331 2	
297 2	336 2	
297 2	337 2	
297 2	341 2	
298 2	302 2	
298 2	303 2	
298 2	332 2	
298 2	337 2	
298 2	338 2	
298 2	342 2	
299 2	303 2	
299 2	304 2	
299 2	333 2	
299 2	338 2	
299 2	339 2	
299 2	343 2	
300 2	304 2	
300 2	305 2	
300 2	334 2	
300 2	339 2	
300 2	340 2	
300 2	344 2	
301 2	306 2	
301 2	307 2	
301 2	336 2	
301 2	341 2	
301 2	346 2	
302 2	307 2	
302 2	308 2	
302 2	337 2	
302 2	341 2	
302 2	342 2	
302 2	347 2	
303 2	308 2	
303 2	309 2	
303 2	338 2	
303 2	342 2	
303 2	343 2	
303 2	348 2	
304 2	309 2	
304 2	310 2	
304 2	339 2	
304 2	343 2	
304 2	344 2	
304 2	349 2	
305 2	310 2	
305 2	340 2	
305 2	344 2	
305 2	345 2	
305 2	350 2	
306 2	311 2	
306 2	346 2	
307 2	311 2	
307 2	312 2	
307 2	341 2	
307 2	346 2	
307 2	347 2	
307 2	351 2	
308 2	312 2	
308 2	313 2	
308 2	342 2	
308 2	347 2	
308 2	348 2	
308 2	352 2	
309 2	313 2	
309 2	314 2	
309 2	343 2	
309 2	348 2	
309 2	349 2	
309 2	353 2	
310 2	314 2	
310 2	315 2	
310 2	344 2	
310 2	349 2	
310 2	350 2	
310 2	354 2	
311 2	316 2	
311 2	317 2	
311 2	346 2	
311 2	351 2	
311 2	356 2	
312 2	317 2	
312 2	318 2	
312 2	347 2	
312 2	351 2	
312 2	352 2	
312 2	357 2	
313 2	318 2	
313 2	319 2	
313 2	348 2	
313 2	352 2	
313 2	353 2	
313 2	358 2	
314 2	319 2	
314 2	320 2	
314 2	349 2	
314 2	353 2	
314 2	354 2	
314 2	359 2	
315 2	320 2	
315 2	350 2	
315 2	354 2	
315 2	355 2	
315 2	360 2	
316 2	0 0	
316 2	356 2	
317 2	0 0	
317 2	351 2	
317 2	356 2	
317 2	357 2	
318 2	0 0	
318 2	352 2	
318 2	357 2	
318 2	358 2	
319 2	0 0	
319 2	353 2	
319 2	358 2	
319 2	359 2	
320 2	0 0	
320 2	354 2	
320 2	359 2	
320 2	360 2	
321 2	326 2	
321 2	327 2	
321 2	361 2	
321 2	365 2	
321 2	0 0	
322 2	327 2	
322 2	328 2	
322 2	365 2	
322 2	369 2	
322 2	373 2	
322 2	0 0	
323 2	328 2	
323 2	329 2	
323 2	373 2	
323 2	377 2	
323 2	381 2	
323 2	0 0	
324 2	329 2	
324 2	330 2	
324 2	381 2	
324 2	385 2	
324 2	389 2	
324 2	0 0	
325 2	330 2	
325 2	389 2	
325 2	393 2	
325 2	397 2	
325 2	0 0	
326 2	331 2	
326 2	361 2	
327 2	331 2	
327 2	332 2	
327 2	361 2	
327 2	365 2	
327 2	366 2	
327 2	369 2	
328 2	332 2	
328 2	333 2	
328 2	369 2	
328 2	373 2	
328 2	374 2	
328 2	377 2	
329 2	333 2	
329 2	334 2	
329 2	377 2	
329 2	381 2	
329 2	382 2	
329 2	385 2	
330 2	334 2	
330 2	335 2	
330 2	385 2	
330 2	389 2	
330 2	390 2	
330 2	393 2	
331 2	336 2	
331 2	337 2	
331 2	361 2	
331 2	362 2	
331 2	366 2	
332 2	337 2	
332 2	338 2	
332 2	366 2	
332 2	369 2	
332 2	370 2	
332 2	374 2	
333 2	338 2	
333 2	339 2	
333 2	374 2	
333 2	377 2	
333 2	378 2	
333 2	382 2	
334 2	339 2	
334 2	340 2	
334 2	382 2	
334 2	385 2	
334 2	386 2	
334 2	390 2	
335 2	340 2	
335 2	390 2	
335 2	393 2	
335 2	394 2	
335 2	398 2	
336 2	341 2	
336 2	362 2	
337 2	341 2	
337 2	342 2	
337 2	362 2	
337 2	366 2	
337 2	367 2	
337 2	370 2	
338 2	342 2	
338 2	343 2	
338 2	370 2	
338 2	374 2	
338 2	375 2	
338 2	378 2	
339 2	343 2	
339 2	344 2	
339 2	378 2	
339 2	382 2	
339 2	383 2	
339 2	386 2	
340 2	344 2	
340 2	345 2	
340 2	386 2	
340 2	390 2	
340 2	391 2	
340 2	394 2	
341 2	346 2	
341 2	347 2	
341 2	362 2	
341 2	363 2	
341 2	367 2	
342 2	347 2	
342 2	348 2	
342 2	367 2	
342 2	370 2	
342 2	371 2	
342 2	375 2	
343 2	348 2	
343 2	349 2	
343 2	375 2	
343 2	378 2	
343 2	379 2	
343 2	383 2	
344 2	349 2	
344 2	350 2	
344 2	383 2	
344 2	386 2	
344 2	387 2	
344 2	391 2	
345 2	350 2	
345 2	391 2	
345 2	394 2	
345 2	395 2	
345 2	399 2	
346 2	351 2	
346 2	363 2	
347 2	351 2	
347 2	352 2	
347 2	363 2	
347 2	367 2	
347 2	368 2	
347 2	371 2	
348 2	352 2	
348 2	353 2	
348 2	371 2	
348 2	375 2	
348 2	376 2	
348 2	379 2	
349 2	353 2	
349 2	354 2	
349 2	379 2	
349 2	383 2	
349 2	384 2	
349 2	387 2	
350 2	354 2	
350 2	355 2	
350 2	387 2	
350 2	391 2	
350 2	392 2	
350 2	395 2	
351 2	356 2	
351 2	357 2	
351 2	363 2	
351 2	364 2	
351 2	368 2	
352 2	357 2	
352 2	358 2	
352 2	368 2	
352 2	371 2	
352 2	372 2	
352 2	376 2	
353 2	358 2	
353 2	359 2	
353 2	376 2	
353 2	379 2	
353 2	380 2	
353 2	384 2	
354 2	359 2	
354 2	360 2	
354 2	384 2	
354 2	387 2	
354 2	388 2	
354 2	392 2	
355 2	360 2	
355 2	392 2	
355 2	395 2	
355 2	396 2	
355 2	400 2	
356 2	0 0	
356 2	364 2	
357 2	0 0	
357 2	364 2	
357 2	368 2	
357 2	372 2	
358 2	0 0	
358 2	372 2	
358 2	376 2	
358 2	380 2	
359 2	0 0	
359 2	380 2	
359 2	384 2	
359 2	388 2	
360 2	0 0	
360 2	388 2	
360 2	392 2	
360 2	396 2	
361 2	365 2	
361 2	366 2	
362 2	366 2	
362 2	367 2	
363 2	367 2	
363 2	368 2	
364 2	0 0	
364 2	368 2	
365 2	369 2	
365 2	0 0	
366 2	369 2	
366 2	370 2	
367 2	370 2	
367 2	371 2	
368 2	371 2	
368 2	372 2	
369 2	373 2	
369 2	374 2	
370 2	374 2	
370 2	375 2	
371 2	375 2	
371 2	376 2	
372 2	0 0	
372 2	376 2	
373 2	377 2	
373 2	0 0	
374 2	377 2	
374 2	378 2	
375 2	378 2	
375 2	379 2	
376 2	379 2	
376 2	380 2	
377 2	381 2	
377 2	382 2	
378 2	382 2	
378 2	383 2	
379 2	383 2	
379 2	384 2	
380 2	0 0	
380 2	384 2	
381 2	385 2	
381 2	0 0	
382 2	385 2	
382 2	386 2	
383 2	386 2	
383 2	387 2	
384 2	387 2	
384 2	388 2	
385 2	389 2	
385 2	390 2	
386 2	390 2	
386 2	391 2	
387 2	391 2	
387 2	392 2	
388 2	0 0	
388 2	392 2	
389 2	393 2	
389 2	0 0	
390 2	393 2	
390 2	394 2	
391 2	394 2	
391 2	395 2	
392 2	395 2	
392 2	396 2	
393 2	397 2	
393 2	398 2	
394 2	398 2	
394 2	399 2	
395 2	399 2	
395 2	400 2	
396 2	0 0	
396 2	400 2	
397 2	0 0	
1 2	2 2	3 2	0 0	0 0	0 0	0 0	0 0	0 0	0 0	0 0	0 0	
4 2	5 2	6 2	0 0	0 0	0 0	0 0	0 0	0 0	0 0	0 0	0 0	
7 2	8 2	9 2	0 0	0 0	0 0	0 0	0 0	0 0	0 0	0 0	0 0	
10 2	11 2	12 2	0 0	0 0	0 0	0 0	0 0	0 0	0 0	0 0	0 0	
1 2	13 2	14 2	15 2	16 2	0 0	0 0	0 0	0 0	0 0	0 0	0 0	
2 2	4 2	17 2	18 2	19 2	20 2	21 2	0 0	0 0	0 0	0 0	0 0	
5 2	7 2	22 2	23 2	24 2	25 2	26 2	0 0	0 0	0 0	0 0	0 0	
8 2	11 2	27 2	28 2	29 2	30 2	31 2	0 0	0 0	0 0	0 0	0 0	
13 2	17 2	32 2	33 2	34 2	35 2	36 2	37 2	0 0	0 0	0 0	0 0	
18 2	22 2	38 2	39 2	40 2	41 2	42 2	43 2	0 0	0 0	0 0	0 0	
23 2	27 2	44 2	45 2	46 2	47 2	48 2	49 2	0 0	0 0	0 0	0 0	
28 2	50 2	51 2	52 2	53 2	54 2	0 0	0 0	0 0	0 0	0 0	0 0	
32 2	55 2	56 2	57 2	58 2	59 2	0 0	0 0	0 0	0 0	0 0	0 0	
33 2	38 2	60 2	61 2	62 2	63 2	64 2	65 2	0 0	0 0	0 0	0 0	
39 2	44 2	66 2	67 2	68 2	69 2	70 2	71 2	0 0	0 0	0 0	0 0	
45 2	51 2	72 2	73 2	74 2	75 2	76 2	77 2	0 0	0 0	0 0	0 0	
55 2	60 2	78 2	79 2	80 2	81 2	82 2	83 2	0 0	0 0	0 0	0 0	
61 2	66 2	84 2	85 2	86 2	87 2	88 2	89 2	0 0	0 0	0 0	0 0	
67 2	72 2	90 2	91 2	92 2	93 2	94 2	95 2	0 0	0 0	0 0	0 0	
73 2	96 2	97 2	98 2	99 2	100 2	0 0	0 0	0 0	0 0	0 0	0 0	
78 2	101 2	102 2	103 2	104 2	105 2	0 0	0 0	0 0	0 0	0 0	0 0	
79 2	84 2	106 2	107 2	108 2	109 2	110 2	111 2	0 0	0 0	0 0	0 0	
85 2	90 2	112 2	113 2	114 2	115 2	116 2	117 2	0 0	0 0	0 0	0 0	
91 2	97 2	118 2	119 2	120 2	121 2	122 2	123 2	0 0	0 0	0 0	0 0	
101 2	106 2	124 2	125 2	126 2	127 2	128 2	129 2	0 0	0 0	0 0	0 0	
107 2	112 2	130 2	131 2	132 2	133 2	134 2	135 2	0 0	0 0	0 0	0 0	
113 2	118 2	136 2	137 2	138 2	139 2	140 2	141 2	0 0	0 0	0 0	0 0	
119 2	142 2	143 2	144 2	145 2	146 2	0 0	0 0	0 0	0 0	0 0	0 0	
124 2	147 2	148 2	149 2	150 2	151 2	0 0	0 0	0 0	0 0	0 0	0 0	
125 2	130 2	152 2	153 2	154 2	155 2	156 2	157 2	0 0	0 0	0 0	0 0	
131 2	136 2	158 2	159 2	160 2	161 2	162 2	163 2	0 0	0 0	0 0	0 0	
137 2	143 2	164 2	165 2	166 2	167 2	168 2	169 2	0 0	0 0	0 0	0 0	
147 2	152 2	170 2	171 2	172 2	173 2	174 2	175 2	0 0	0 0	0 0	0 0	
153 2	158 2	176 2	177 2	178 2	179 2	180 2	181 2	0 0	0 0	0 0	0 0	
159 2	164 2	182 2	183 2	184 2	185 2	186 2	187 2	0 0	0 0	0 0	0 0	
165 2	188 2	189 2	190 2	191 2	192 2	0 0	0 0	0 0	0 0	0 0	0 0	
170 2	193 2	194 2	195 2	196 2	0 0	0 0	0 0	0 0	0 0	0 0	0 0	
171 2	176 2	197 2	198 2	199 2	200 2	0 0	0 0	0 0	0 0	0 0	0 0	
177 2	182 2	201 2	202 2	203 2	204 2	0 0	0 0	0 0	0 0	0 0	0 0	
183 2	189 2	205 2	206 2	207 2	208 2	0 0	0 0	0 0	0 0	0 0	0 0	
14 2	34 2	56 2	209 2	210 2	211 2	212 2	213 2	0 0	0 0	0 0	0 0	
57 2	80 2	102 2	214 2	215 2	216 2	217 2	218 2	219 2	0 0	0 0	0 0	
103 2	126 2	148 2	220 2	221 2	222 2	223 2	224 2	225 2	0 0	0 0	0 0	
149 2	172 2	193 2	226 2	227 2	228 2	229 2	230 2	231 2	0 0	0 0	0 0	
194 2	232 2	233 2	234 2	235 2	236 2	0 0	0 0	0 0	0 0	0 0	0 0	
3 2	15 2	19 2	35 2	209 2	237 2	238 2	0 0	0 0	0 0	0 0	0 0	
36 2	58 2	62 2	81 2	210 2	214 2	239 2	240 2	241 2	242 2	243 2	244 2	
82 2	104 2	108 2	127 2	215 2	220 2	245 2	246 2	247 2	248 2	249 2	250 2	
128 2	150 2	154 2	173 2	221 2	226 2	251 2	252 2	253 2	254 2	255 2	256 2	
174 2	195 2	197 2	227 2	232 2	257 2	258 2	259 2	260 2	261 2	262 2	0 0	
20 2	37 2	40 2	63 2	237 2	239 2	263 2	264 2	265 2	266 2	267 2	0 0	
64 2	83 2	86 2	109 2	240 2	245 2	268 2	269 2	270 2	271 2	272 2	273 2	
110 2	129 2	132 2	155 2	246 2	251 2	274 2	275 2	276 2	277 2	278 2	279 2	
156 2	175 2	178 2	198 2	252 2	257 2	280 2	281 2	282 2	283 2	284 2	285 2	
199 2	258 2	286 2	287 2	288 2	289 2	290 2	0 0	0 0	0 0	0 0	0 0	
6 2	21 2	24 2	41 2	263 2	291 2	292 2	0 0	0 0	0 0	0 0	0 0	
42 2	65 2	68 2	87 2	264 2	268 2	293 2	294 2	295 2	296 2	297 2	298 2	
88 2	111 2	114 2	133 2	269 2	274 2	299 2	300 2	301 2	302 2	303 2	304 2	
134 2	157 2	160 2	179 2	275 2	280 2	305 2	306 2	307 2	308 2	309 2	310 2	
180 2	200 2	201 2	281 2	286 2	311 2	312 2	313 2	314 2	315 2	316 2	0 0	
25 2	43 2	46 2	69 2	291 2	293 2	317 2	318 2	319 2	320 2	321 2	0 0	
70 2	89 2	92 2	115 2	294 2	299 2	322 2	323 2	324 2	325 2	326 2	327 2	
116 2	135 2	138 2	161 2	300 2	305 2	328 2	329 2	330 2	331 2	332 2	333 2	
162 2	181 2	184 2	202 2	306 2	311 2	334 2	335 2	336 2	337 2	338 2	339 2	
203 2	312 2	340 2	341 2	342 2	343 2	344 2	0 0	0 0	0 0	0 0	0 0	
9 2	26 2	29 2	47 2	317 2	345 2	346 2	0 0	0 0	0 0	0 0	0 0	
48 2	71 2	74 2	93 2	318 2	322 2	347 2	348 2	349 2	350 2	351 2	352 2	
94 2	117 2	120 2	139 2	323 2	328 2	353 2	354 2	355 2	356 2	357 2	358 2	
140 2	163 2	166 2	185 2	329 2	334 2	359 2	360 2	361 2	362 2	363 2	364 2	
186 2	204 2	205 2	335 2	340 2	365 2	366 2	367 2	368 2	369 2	370 2	0 0	
30 2	49 2	52 2	75 2	345 2	347 2	371 2	372 2	373 2	374 2	375 2	0 0	
76 2	95 2	98 2	121 2	348 2	353 2	376 2	377 2	378 2	379 2	380 2	381 2	
122 2	141 2	144 2	167 2	354 2	359 2	382 2	383 2	384 2	385 2	386 2	387 2	
168 2	187 2	190 2	206 2	360 2	365 2	388 2	389 2	390 2	391 2	392 2	393 2	
207 2	366 2	394 2	395 2	396 2	397 2	398 2	0 0	0 0	0 0	0 0	0 0	
12 2	31 2	53 2	371 2	399 2	400 2	0 0	0 0	0 0	0 0	0 0	0 0	
54 2	77 2	99 2	372 2	376 2	401 2	402 2	403 2	404 2	0 0	0 0	0 0	
100 2	123 2	145 2	377 2	382 2	405 2	406 2	407 2	408 2	0 0	0 0	0 0	
146 2	169 2	191 2	383 2	388 2	409 2	410 2	411 2	412 2	0 0	0 0	0 0	
192 2	208 2	389 2	394 2	413 2	414 2	415 2	416 2	0 0	0 0	0 0	0 0	
211 2	216 2	241 2	417 2	418 2	419 2	420 2	421 2	0 0	0 0	0 0	0 0	
217 2	222 2	247 2	422 2	423 2	424 2	425 2	426 2	427 2	0 0	0 0	0 0	
223 2	228 2	253 2	428 2	429 2	430 2	431 2	432 2	433 2	0 0	0 0	0 0	
229 2	233 2	259 2	434 2	435 2	436 2	437 2	438 2	439 2	0 0	0 0	0 0	
234 2	440 2	441 2	442 2	443 2	444 2	0 0	0 0	0 0	0 0	0 0	0 0	
212 2	238 2	242 2	265 2	417 2	445 2	446 2	0 0	0 0	0 0	0 0	0 0	
218 2	243 2	248 2	270 2	418 2	422 2	447 2	448 2	449 2	450 2	451 2	452 2	
224 2	249 2	254 2	276 2	423 2	428 2	453 2	454 2	455 2	456 2	457 2	458 2	
230 2	255 2	260 2	282 2	429 2	434 2	459 2	460 2	461 2	462 2	463 2	464 2	
235 2	261 2	287 2	435 2	440 2	465 2	466 2	467 2	468 2	469 2	470 2	0 0	
244 2	266 2	271 2	295 2	445 2	447 2	471 2	472 2	473 2	474 2	475 2	0 0	
250 2	272 2	277 2	301 2	448 2	453 2	476 2	477 2	478 2	479 2	480 2	481 2	
256 2	278 2	283 2	307 2	454 2	459 2	482 2	483 2	484 2	485 2	486 2	487 2	
262 2	284 2	288 2	313 2	460 2	465 2	488 2	489 2	490 2	491 2	492 2	493 2	
289 2	466 2	494 2	495 2	496 2	497 2	498 2	0 0	0 0	0 0	0 0	0 0	
267 2	292 2	296 2	319 2	471 2	499 2	500 2	0 0	0 0	0 0	0 0	0 0	
273 2	297 2	302 2	324 2	472 2	476 2	501 2	502 2	503 2	504 2	505 2	506 2	
279 2	303 2	308 2	330 2	477 2	482 2	507 2	508 2	509 2	510 2	511 2	512 2	
285 2	309 2	314 2	336 2	483 2	488 2	513 2	514 2	515 2	516 2	517 2	518 2	
290 2	315 2	341 2	489 2	494 2	519 2	520 2	521 2	522 2	523 2	524 2	0 0	
298 2	320 2	325 2	349 2	499 2	501 2	525 2	526 2	527 2	528 2	529 2	0 0	
304 2	326 2	331 2	355 2	502 2	507 2	530 2	531 2	532 2	533 2	534 2	535 2	
310 2	332 2	337 2	361 2	508 2	513 2	536 2	537 2	538 2	539 2	540 2	541 2	
316 2	338 2	342 2	367 2	514 2	519 2	542 2	543 2	544 2	545 2	546 2	547 2	
343 2	520 2	548 2	549 2	550 2	551 2	552 2	0 0	0 0	0 0	0 0	0 0	
321 2	346 2	350 2	373 2	525 2	553 2	554 2	0 0	0 0	0 0	0 0	0 0	
327 2	351 2	356 2	378 2	526 2	530 2	555 2	556 2	557 2	558 2	559 2	560 2	
333 2	357 2	362 2	384 2	531 2	536 2	561 2	562 2	563 2	564 2	565 2	566 2	
339 2	363 2	368 2	390 2	537 2	542 2	567 2	568 2	569 2	570 2	571 2	572 2	
344 2	369 2	395 2	543 2	548 2	573 2	574 2	575 2	576 2	577 2	578 2	0 0	
352 2	374 2	379 2	402 2	553 2	555 2	579 2	580 2	581 2	582 2	583 2	0 0	
358 2	380 2	385 2	406 2	556 2	561 2	584 2	585 2	586 2	587 2	588 2	589 2	
364 2	386 2	391 2	410 2	562 2	567 2	590 2	591 2	592 2	593 2	594 2	595 2	
370 2	392 2	396 2	414 2	568 2	573 2	596 2	597 2	598 2	599 2	600 2	601 2	
397 2	574 2	602 2	603 2	604 2	605 2	606 2	0 0	0 0	0 0	0 0	0 0	
375 2	400 2	403 2	579 2	607 2	608 2	0 0	0 0	0 0	0 0	0 0	0 0	
381 2	404 2	407 2	580 2	584 2	609 2	610 2	611 2	612 2	0 0	0 0	0 0	
387 2	408 2	411 2	585 2	590 2	613 2	614 2	615 2	616 2	0 0	0 0	0 0	
393 2	412 2	415 2	591 2	596 2	617 2	618 2	619 2	620 2	0 0	0 0	0 0	
398 2	416 2	597 2	602 2	621 2	622 2	623 2	624 2	0 0	0 0	0 0	0 0	
419 2	424 2	449 2	625 2	626 2	627 2	628 2	629 2	0 0	0 0	0 0	0 0	
425 2	430 2	455 2	630 2	631 2	632 2	633 2	634 2	635 2	0 0	0 0	0 0	
431 2	436 2	461 2	636 2	637 2	638 2	639 2	640 2	641 2	0 0	0 0	0 0	
437 2	441 2	467 2	642 2	643 2	644 2	645 2	646 2	647 2	0 0	0 0	0 0	
442 2	648 2	649 2	650 2	651 2	652 2	0 0	0 0	0 0	0 0	0 0	0 0	
420 2	446 2	450 2	473 2	625 2	653 2	654 2	0 0	0 0	0 0	0 0	0 0	
426 2	451 2	456 2	478 2	626 2	630 2	655 2	656 2	657 2	658 2	659 2	660 2	
432 2	457 2	462 2	484 2	631 2	636 2	661 2	662 2	663 2	664 2	665 2	666 2	
438 2	463 2	468 2	490 2	637 2	642 2	667 2	668 2	669 2	670 2	671 2	672 2	
443 2	469 2	495 2	643 2	648 2	673 2	674 2	675 2	676 2	677 2	678 2	0 0	
452 2	474 2	479 2	503 2	653 2	655 2	679 2	680 2	681 2	682 2	683 2	0 0	
458 2	480 2	485 2	509 2	656 2	661 2	684 2	685 2	686 2	687 2	688 2	689 2	
464 2	486 2	491 2	515 2	662 2	667 2	690 2	691 2	692 2	693 2	694 2	695 2	
470 2	492 2	496 2	521 2	668 2	673 2	696 2	697 2	698 2	699 2	700 2	701 2	
497 2	674 2	702 2	703 2	704 2	705 2	706 2	0 0	0 0	0 0	0 0	0 0	
475 2	500 2	504 2	527 2	679 2	707 2	708 2	0 0	0 0	0 0	0 0	0 0	
481 2	505 2	510 2	532 2	680 2	684 2	709 2	710 2	711 2	712 2	713 2	714 2	
487 2	511 2	516 2	538 2	685 2	690 2	715 2	716 2	717 2	718 2	719 2	720 2	
493 2	517 2	522 2	544 2	691 2	696 2	721 2	722 2	723 2	724 2	725 2	726 2	
498 2	523 2	549 2	697 2	702 2	727 2	728 2	729 2	730 2	731 2	732 2	0 0	
506 2	528 2	533 2	557 2	707 2	709 2	733 2	734 2	735 2	736 2	737 2	0 0	
512 2	534 2	539 2	563 2	710 2	715 2	738 2	739 2	740 2	741 2	742 2	743 2	
518 2	540 2	545 2	569 2	716 2	721 2	744 2	745 2	746 2	747 2	748 2	749 2	
524 2	546 2	550 2	575 2	722 2	727 2	750 2	751 2	752 2	753 2	754 2	755 2	
551 2	728 2	756 2	757 2	758 2	759 2	760 2	0 0	0 0	0 0	0 0	0 0	
529 2	554 2	558 2	581 2	733 2	761 2	762 2	0 0	0 0	0 0	0 0	0 0	
535 2	559 2	564 2	586 2	734 2	738 2	763 2	764 2	765 2	766 2	767 2	768 2	
541 2	565 2	570 2	592 2	739 2	744 2	769 2	770 2	771 2	772 2	773 2	774 2	
547 2	571 2	576 2	598 2	745 2	750 2	775 2	776 2	777 2	778 2	779 2	780 2	
552 2	577 2	603 2	751 2	756 2	781 2	782 2	783 2	784 2	785 2	786 2	0 0	
560 2	582 2	587 2	610 2	761 2	763 2	787 2	788 2	789 2	790 2	791 2	0 0	
566 2	588 2	593 2	614 2	764 2	769 2	792 2	793 2	794 2	795 2	796 2	797 2	
572 2	594 2	599 2	618 2	770 2	775 2	798 2	799 2	800 2	801 2	802 2	803 2	
578 2	600 2	604 2	622 2	776 2	781 2	804 2	805 2	806 2	807 2	808 2	809 2	
605 2	782 2	810 2	811 2	812 2	813 2	814 2	0 0	0 0	0 0	0 0	0 0	
583 2	608 2	611 2	787 2	815 2	816 2	0 0	0 0	0 0	0 0	0 0	0 0	
589 2	612 2	615 2	788 2	792 2	817 2	818 2	819 2	820 2	0 0	0 0	0 0	
595 2	616 2	619 2	793 2	798 2	821 2	822 2	823 2	824 2	0 0	0 0	0 0	
601 2	620 2	623 2	799 2	804 2	825 2	826 2	827 2	828 2	0 0	0 0	0 0	
606 2	624 2	805 2	810 2	829 2	830 2	831 2	832 2	0 0	0 0	0 0	0 0	
627 2	632 2	657 2	833 2	834 2	835 2	836 2	837 2	0 0	0 0	0 0	0 0	
633 2	638 2	663 2	838 2	839 2	840 2	841 2	842 2	843 2	0 0	0 0	0 0	
639 2	644 2	669 2	844 2	845 2	846 2	847 2	848 2	849 2	0 0	0 0	0 0	
645 2	649 2	675 2	850 2	851 2	852 2	853 2	854 2	855 2	0 0	0 0	0 0	
650 2	856 2	857 2	858 2	859 2	860 2	0 0	0 0	0 0	0 0	0 0	0 0	
628 2	654 2	658 2	681 2	833 2	861 2	862 2	0 0	0 0	0 0	0 0	0 0	
634 2	659 2	664 2	686 2	834 2	838 2	863 2	864 2	865 2	866 2	867 2	868 2	
640 2	665 2	670 2	692 2	839 2	844 2	869 2	870 2	871 2	872 2	873 2	874 2	
646 2	671 2	676 2	698 2	845 2	850 2	875 2	876 2	877 2	878 2	879 2	880 2	
651 2	677 2	703 2	851 2	856 2	881 2	882 2	883 2	884 2	885 2	886 2	0 0	
660 2	682 2	687 2	711 2	861 2	863 2	887 2	888 2	889 2	890 2	891 2	0 0	
666 2	688 2	693 2	717 2	864 2	869 2	892 2	893 2	894 2	895 2	896 2	897 2	
672 2	694 2	699 2	723 2	870 2	875 2	898 2	899 2	900 2	901 2	902 2	903 2	
678 2	700 2	704 2	729 2	876 2	881 2	904 2	905 2	906 2	907 2	908 2	909 2	
705 2	882 2	910 2	911 2	912 2	913 2	914 2	0 0	0 0	0 0	0 0	0 0	
683 2	708 2	712 2	735 2	887 2	915 2	916 2	0 0	0 0	0 0	0 0	0 0	
689 2	713 2	718 2	740 2	888 2	892 2	917 2	918 2	919 2	920 2	921 2	922 2	
695 2	719 2	724 2	746 2	893 2	898 2	923 2	924 2	925 2	926 2	927 2	928 2	
701 2	725 2	730 2	752 2	899 2	904 2	929 2	930 2	931 2	932 2	933 2	934 2	
706 2	731 2	757 2	905 2	910 2	935 2	936 2	937 2	938 2	939 2	940 2	0 0	
714 2	736 2	741 2	765 2	915 2	917 2	941 2	942 2	943 2	944 2	945 2	0 0	
720 2	742 2	747 2	771 2	918 2	923 2	946 2	947 2	948 2	949 2	950 2	951 2	
726 2	748 2	753 2	777 2	924 2	929 2	952 2	953 2	954 2	955 2	956 2	957 2	
732 2	754 2	758 2	783 2	930 2	935 2	958 2	959 2	960 2	961 2	962 2	963 2	
759 2	936 2	964 2	965 2	966 2	967 2	968 2	0 0	0 0	0 0	0 0	0 0	
737 2	762 2	766 2	789 2	941 2	969 2	970 2	0 0	0 0	0 0	0 0	0 0	
743 2	767 2	772 2	794 2	942 2	946 2	971 2	972 2	973 2	974 2	975 2	976 2	
749 2	773 2	778 2	800 2	947 2	952 2	977 2	978 2	979 2	980 2	981 2	982 2	
755 2	779 2	784 2	806 2	953 2	958 2	983 2	984 2	985 2	986 2	987 2	988 2	
760 2	785 2	811 2	959 2	964 2	989 2	990 2	991 2	992 2	993 2	994 2	0 0	
768 2	790 2	795 2	818 2	969 2	971 2	995 2	996 2	997 2	998 2	999 2	0 0	
774 2	796 2	801 2	822 2	972 2	977 2	1000 2	1001 2	1002 2	1003 2	1004 2	1005 2	
780 2	802 2	807 2	826 2	978 2	983 2	1006 2	1007 2	1008 2	1009 2	1010 2	1011 2	
786 2	808 2	812 2	830 2	984 2	989 2	1012 2	1013 2	1014 2	1015 2	1016 2	1017 2	
813 2	990 2	1018 2	1019 2	1020 2	1021 2	1022 2	0 0	0 0	0 0	0 0	0 0	
791 2	816 2	819 2	995 2	1023 2	1024 2	0 0	0 0	0 0	0 0	0 0	0 0	
797 2	820 2	823 2	996 2	1000 2	1025 2	1026 2	1027 2	1028 2	0 0	0 0	0 0	
803 2	824 2	827 2	1001 2	1006 2	1029 2	1030 2	1031 2	1032 2	0 0	0 0	0 0	
809 2	828 2	831 2	1007 2	1012 2	1033 2	1034 2	1035 2	1036 2	0 0	0 0	0 0	
814 2	832 2	1013 2	1018 2	1037 2	1038 2	1039 2	1040 2	0 0	0 0	0 0	0 0	
835 2	840 2	865 2	1041 2	1042 2	1043 2	1044 2	1045 2	0 0	0 0	0 0	0 0	
841 2	846 2	871 2	1046 2	1047 2	1048 2	1049 2	1050 2	1051 2	0 0	0 0	0 0	
847 2	852 2	877 2	1052 2	1053 2	1054 2	1055 2	1056 2	1057 2	0 0	0 0	0 0	
853 2	857 2	883 2	1058 2	1059 2	1060 2	1061 2	1062 2	1063 2	0 0	0 0	0 0	
858 2	1064 2	1065 2	1066 2	1067 2	1068 2	0 0	0 0	0 0	0 0	0 0	0 0	
836 2	862 2	866 2	889 2	1041 2	1069 2	1070 2	0 0	0 0	0 0	0 0	0 0	
842 2	867 2	872 2	894 2	1042 2	1046 2	1071 2	1072 2	1073 2	1074 2	1075 2	1076 2	
848 2	873 2	878 2	900 2	1047 2	1052 2	1077 2	1078 2	1079 2	1080 2	1081 2	1082 2	
854 2	879 2	884 2	906 2	1053 2	1058 2	1083 2	1084 2	1085 2	1086 2	1087 2	1088 2	
859 2	885 2	911 2	1059 2	1064 2	1089 2	1090 2	1091 2	1092 2	1093 2	1094 2	0 0	
868 2	890 2	895 2	919 2	1069 2	1071 2	1095 2	1096 2	1097 2	1098 2	1099 2	0 0	
874 2	896 2	901 2	925 2	1072 2	1077 2	1100 2	1101 2	1102 2	1103 2	1104 2	1105 2	
880 2	902 2	907 2	931 2	1078 2	1083 2	1106 2	1107 2	1108 2	1109 2	1110 2	1111 2	
886 2	908 2	912 2	937 2	1084 2	1089 2	1112 2	1113 2	1114 2	1115 2	1116 2	1117 2	
913 2	1090 2	1118 2	1119 2	1120 2	1121 2	1122 2	0 0	0 0	0 0	0 0	0 0	
891 2	916 2	920 2	943 2	1095 2	1123 2	1124 2	0 0	0 0	0 0	0 0	0 0	
897 2	921 2	926 2	948 2	1096 2	1100 2	1125 2	1126 2	1127 2	1128 2	1129 2	1130 2	
903 2	927 2	932 2	954 2	1101 2	1106 2	1131 2	1132 2	1133 2	1134 2	1135 2	1136 2	
909 2	933 2	938 2	960 2	1107 2	1112 2	1137 2	1138 2	1139 2	1140 2	1141 2	1142 2	
914 2	939 2	965 2	1113 2	1118 2	1143 2	1144 2	1145 2	1146 2	1147 2	1148 2	0 0	
922 2	944 2	949 2	973 2	1123 2	1125 2	1149 2	1150 2	1151 2	1152 2	1153 2	0 0	
928 2	950 2	955 2	979 2	1126 2	1131 2	1154 2	1155 2	1156 2	1157 2	1158 2	1159 2	
934 2	956 2	961 2	985 2	1132 2	1137 2	1160 2	1161 2	1162 2	1163 2	1164 2	1165 2	
940 2	962 2	966 2	991 2	1138 2	1143 2	1166 2	1167 2	1168 2	1169 2	1170 2	1171 2	
967 2	1144 2	1172 2	1173 2	1174 2	1175 2	1176 2	0 0	0 0	0 0	0 0	0 0	
945 2	970 2	974 2	997 2	1149 2	1177 2	1178 2	0 0	0 0	0 0	0 0	0 0	
951 2	975 2	980 2	1002 2	1150 2	1154 2	1179 2	1180 2	1181 2	1182 2	1183 2	1184 2	
957 2	981 2	986 2	1008 2	1155 2	1160 2	1185 2	1186 2	1187 2	1188 2	1189 2	1190 2	
963 2	987 2	992 2	1014 2	1161 2	1166 2	1191 2	1192 2	1193 2	1194 2	1195 2	1196 2	
968 2	993 2	1019 2	1167 2	1172 2	1197 2	1198 2	1199 2	1200 2	1201 2	1202 2	0 0	
976 2	998 2	1003 2	1026 2	1177 2	1179 2	1203 2	1204 2	1205 2	1206 2	1207 2	0 0	
982 2	1004 2	1009 2	1030 2	1180 2	1185 2	1208 2	1209 2	1210 2	1211 2	1212 2	1213 2	
988 2	1010 2	1015 2	1034 2	1186 2	1191 2	1214 2	1215 2	1216 2	1217 2	1218 2	1219 2	
994 2	1016 2	1020 2	1038 2	1192 2	1197 2	1220 2	1221 2	1222 2	1223 2	1224 2	1225 2	
1021 2	1198 2	1226 2	1227 2	1228 2	1229 2	1230 2	0 0	0 0	0 0	0 0	0 0	
999 2	1024 2	1027 2	1203 2	1231 2	1232 2	0 0	0 0	0 0	0 0	0 0	0 0	
1005 2	1028 2	1031 2	1204 2	1208 2	1233 2	1234 2	1235 2	1236 2	0 0	0 0	0 0	
1011 2	1032 2	1035 2	1209 2	1214 2	1237 2	1238 2	1239 2	1240 2	0 0	0 0	0 0	
1017 2	1036 2	1039 2	1215 2	1220 2	1241 2	1242 2	1243 2	1244 2	0 0	0 0	0 0	
1022 2	1040 2	1221 2	1226 2	1245 2	1246 2	1247 2	1248 2	0 0	0 0	0 0	0 0	
1043 2	1048 2	1073 2	1249 2	1250 2	1251 2	1252 2	1253 2	0 0	0 0	0 0	0 0	
1049 2	1054 2	1079 2	1254 2	1255 2	1256 2	1257 2	1258 2	1259 2	0 0	0 0	0 0	
1055 2	1060 2	1085 2	1260 2	1261 2	1262 2	1263 2	1264 2	1265 2	0 0	0 0	0 0	
1061 2	1065 2	1091 2	1266 2	1267 2	1268 2	1269 2	1270 2	1271 2	0 0	0 0	0 0	
1066 2	1272 2	1273 2	1274 2	1275 2	1276 2	0 0	0 0	0 0	0 0	0 0	0 0	
1044 2	1070 2	1074 2	1097 2	1249 2	1277 2	1278 2	0 0	0 0	0 0	0 0	0 0	
1050 2	1075 2	1080 2	1102 2	1250 2	1254 2	1279 2	1280 2	1281 2	1282 2	1283 2	1284 2	
1056 2	1081 2	1086 2	1108 2	1255 2	1260 2	1285 2	1286 2	1287 2	1288 2	1289 2	1290 2	
1062 2	1087 2	1092 2	1114 2	1261 2	1266 2	1291 2	1292 2	1293 2	1294 2	1295 2	1296 2	
1067 2	1093 2	1119 2	1267 2	1272 2	1297 2	1298 2	1299 2	1300 2	1301 2	1302 2	0 0	
1076 2	1098 2	1103 2	1127 2	1277 2	1279 2	1303 2	1304 2	1305 2	1306 2	1307 2	0 0	
1082 2	1104 2	1109 2	1133 2	1280 2	1285 2	1308 2	1309 2	1310 2	1311 2	1312 2	1313 2	
1088 2	1110 2	1115 2	1139 2	1286 2	1291 2	1314 2	1315 2	1316 2	1317 2	1318 2	1319 2	
1094 2	1116 2	1120 2	1145 2	1292 2	1297 2	1320 2	1321 2	1322 2	1323 2	1324 2	1325 2	
1121 2	1298 2	1326 2	1327 2	1328 2	1329 2	1330 2	0 0	0 0	0 0	0 0	0 0	
1099 2	1124 2	1128 2	1151 2	1303 2	1331 2	1332 2	0 0	0 0	0 0	0 0	0 0	
1105 2	1129 2	1134 2	1156 2	1304 2	1308 2	1333 2	1334 2	1335 2	1336 2	1337 2	1338 2	
1111 2	1135 2	1140 2	1162 2	1309 2	1314 2	1339 2	1340 2	1341 2	1342 2	1343 2	1344 2	
1117 2	1141 2	1146 2	1168 2	1315 2	1320 2	1345 2	1346 2	1347 2	1348 2	1349 2	1350 2	
1122 2	1147 2	1173 2	1321 2	1326 2	1351 2	1352 2	1353 2	1354 2	1355 2	1356 2	0 0	
1130 2	1152 2	1157 2	1181 2	1331 2	1333 2	1357 2	1358 2	1359 2	1360 2	1361 2	0 0	
1136 2	1158 2	1163 2	1187 2	1334 2	1339 2	1362 2	1363 2	1364 2	1365 2	1366 2	1367 2	
1142 2	1164 2	1169 2	1193 2	1340 2	1345 2	1368 2	1369 2	1370 2	1371 2	1372 2	1373 2	
1148 2	1170 2	1174 2	1199 2	1346 2	1351 2	1374 2	1375 2	1376 2	1377 2	1378 2	1379 2	
1175 2	1352 2	1380 2	1381 2	1382 2	1383 2	1384 2	0 0	0 0	0 0	0 0	0 0	
1153 2	1178 2	1182 2	1205 2	1357 2	1385 2	1386 2	0 0	0 0	0 0	0 0	0 0	
1159 2	1183 2	1188 2	1210 2	1358 2	1362 2	1387 2	1388 2	1389 2	1390 2	1391 2	1392 2	
1165 2	1189 2	1194 2	1216 2	1363 2	1368 2	1393 2	1394 2	1395 2	1396 2	1397 2	1398 2	
1171 2	1195 2	1200 2	1222 2	1369 2	1374 2	1399 2	1400 2	1401 2	1402 2	1403 2	1404 2	
1176 2	1201 2	1227 2	1375 2	1380 2	1405 2	1406 2	1407 2	1408 2	1409 2	1410 2	0 0	
1184 2	1206 2	1211 2	1234 2	1385 2	1387 2	1411 2	1412 2	1413 2	1414 2	1415 2	0 0	
1190 2	1212 2	1217 2	1238 2	1388 2	1393 2	1416 2	1417 2	1418 2	1419 2	1420 2	1421 2	
1196 2	1218 2	1223 2	1242 2	1394 2	1399 2	1422 2	1423 2	1424 2	1425 2	1426 2	1427 2	
1202 2	1224 2	1228 2	1246 2	1400 2	1405 2	1428 2	1429 2	1430 2	1431 2	1432 2	1433 2	
1229 2	1406 2	1434 2	1435 2	1436 2	1437 2	1438 2	0 0	0 0	0 0	0 0	0 0	
1207 2	1232 2	1235 2	1411 2	1439 2	1440 2	0 0	0 0	0 0	0 0	0 0	0 0	
1213 2	1236 2	1239 2	1412 2	1416 2	1441 2	1442 2	1443 2	1444 2	0 0	0 0	0 0	
1219 2	1240 2	1243 2	1417 2	1422 2	1445 2	1446 2	1447 2	1448 2	0 0	0 0	0 0	
1225 2	1244 2	1247 2	1423 2	1428 2	1449 2	1450 2	1451 2	1452 2	0 0	0 0	0 0	
1230 2	1248 2	1429 2	1434 2	1453 2	1454 2	1455 2	1456 2	0 0	0 0	0 0	0 0	
1251 2	1256 2	1281 2	1457 2	1458 2	1459 2	1460 2	1461 2	0 0	0 0	0 0	0 0	
1257 2	1262 2	1287 2	1462 2	1463 2	1464 2	1465 2	1466 2	1467 2	0 0	0 0	0 0	
1263 2	1268 2	1293 2	1468 2	1469 2	1470 2	1471 2	1472 2	1473 2	0 0	0 0	0 0	
1269 2	1273 2	1299 2	1474 2	1475 2	1476 2	1477 2	1478 2	1479 2	0 0	0 0	0 0	
1274 2	1480 2	1481 2	1482 2	1483 2	1484 2	0 0	0 0	0 0	0 0	0 0	0 0	
1252 2	1278 2	1282 2	1305 2	1457 2	1485 2	1486 2	0 0	0 0	0 0	0 0	0 0	
1258 2	1283 2	1288 2	1310 2	1458 2	1462 2	1487 2	1488 2	1489 2	1490 2	1491 2	1492 2	
1264 2	1289 2	1294 2	1316 2	1463 2	1468 2	1493 2	1494 2	1495 2	1496 2	1497 2	1498 2	
1270 2	1295 2	1300 2	1322 2	1469 2	1474 2	1499 2	1500 2	1501 2	1502 2	1503 2	1504 2	
1275 2	1301 2	1327 2	1475 2	1480 2	1505 2	1506 2	1507 2	1508 2	1509 2	1510 2	0 0	
1284 2	1306 2	1311 2	1335 2	1485 2	1487 2	1511 2	1512 2	1513 2	1514 2	1515 2	0 0	
1290 2	1312 2	1317 2	1341 2	1488 2	1493 2	1516 2	1517 2	1518 2	1519 2	1520 2	1521 2	
1296 2	1318 2	1323 2	1347 2	1494 2	1499 2	1522 2	1523 2	1524 2	1525 2	1526 2	1527 2	
1302 2	1324 2	1328 2	1353 2	1500 2	1505 2	1528 2	1529 2	1530 2	1531 2	1532 2	1533 2	
1329 2	1506 2	1534 2	1535 2	1536 2	1537 2	1538 2	0 0	0 0	0 0	0 0	0 0	
1307 2	1332 2	1336 2	1359 2	1511 2	1539 2	1540 2	0 0	0 0	0 0	0 0	0 0	
1313 2	1337 2	1342 2	1364 2	1512 2	1516 2	1541 2	1542 2	1543 2	1544 2	1545 2	1546 2	
1319 2	1343 2	1348 2	1370 2	1517 2	1522 2	1547 2	1548 2	1549 2	1550 2	1551 2	1552 2	
1325 2	1349 2	1354 2	1376 2	1523 2	1528 2	1553 2	1554 2	1555 2	1556 2	1557 2	1558 2	
1330 2	1355 2	1381 2	1529 2	1534 2	1559 2	1560 2	1561 2	1562 2	1563 2	1564 2	0 0	
1338 2	1360 2	1365 2	1389 2	1539 2	1541 2	1565 2	1566 2	1567 2	1568 2	1569 2	0 0	
1344 2	1366 2	1371 2	1395 2	1542 2	1547 2	1570 2	1571 2	1572 2	1573 2	1574 2	1575 2	
1350 2	1372 2	1377 2	1401 2	1548 2	1553 2	1576 2	1577 2	1578 2	1579 2	1580 2	1581 2	
1356 2	1378 2	1382 2	1407 2	1554 2	1559 2	1582 2	1583 2	1584 2	1585 2	1586 2	1587 2	
1383 2	1560 2	1588 2	1589 2	1590 2	1591 2	1592 2	0 0	0 0	0 0	0 0	0 0	
1361 2	1386 2	1390 2	1413 2	1565 2	1593 2	1594 2	0 0	0 0	0 0	0 0	0 0	
1367 2	1391 2	1396 2	1418 2	1566 2	1570 2	1595 2	1596 2	1597 2	1598 2	1599 2	1600 2	
1373 2	1397 2	1402 2	1424 2	1571 2	1576 2	1601 2	1602 2	1603 2	1604 2	1605 2	1606 2	
1379 2	1403 2	1408 2	1430 2	1577 2	1582 2	1607 2	1608 2	1609 2	1610 2	1611 2	1612 2	
1384 2	1409 2	1435 2	1583 2	1588 2	1613 2	1614 2	1615 2	1616 2	1617 2	1618 2	0 0	
1392 2	1414 2	1419 2	1442 2	1593 2	1595 2	1619 2	1620 2	1621 2	1622 2	1623 2	0 0	
1398 2	1420 2	1425 2	1446 2	1596 2	1601 2	1624 2	1625 2	1626 2	1627 2	1628 2	1629 2	
1404 2	1426 2	1431 2	1450 2	1602 2	1607 2	1630 2	1631 2	1632 2	1633 2	1634 2	1635 2	
1410 2	1432 2	1436 2	1454 2	1608 2	1613 2	1636 2	1637 2	1638 2	1639 2	1640 2	1641 2	
1437 2	1614 2	1642 2	1643 2	1644 2	1645 2	1646 2	0 0	0 0	0 0	0 0	0 0	
1415 2	1440 2	1443 2	1619 2	1647 2	1648 2	0 0	0 0	0 0	0 0	0 0	0 0	
1421 2	1444 2	1447 2	1620 2	1624 2	1649 2	1650 2	1651 2	1652 2	0 0	0 0	0 0	
1427 2	1448 2	1451 2	1625 2	1630 2	1653 2	1654 2	1655 2	1656 2	0 0	0 0	0 0	
1433 2	1452 2	1455 2	1631 2	1636 2	1657 2	1658 2	1659 2	1660 2	0 0	0 0	0 0	
1438 2	1456 2	1637 2	1642 2	1661 2	1662 2	1663 2	1664 2	0 0	0 0	0 0	0 0	
1459 2	1464 2	1489 2	1665 2	1666 2	1667 2	1668 2	1669 2	0 0	0 0	0 0	0 0	
1465 2	1470 2	1495 2	1670 2	1671 2	1672 2	1673 2	1674 2	1675 2	0 0	0 0	0 0	
1471 2	1476 2	1501 2	1676 2	1677 2	1678 2	1679 2	1680 2	1681 2	0 0	0 0	0 0	
1477 2	1481 2	1507 2	1682 2	1683 2	1684 2	1685 2	1686 2	1687 2	0 0	0 0	0 0	
1482 2	1688 2	1689 2	1690 2	1691 2	1692 2	0 0	0 0	0 0	0 0	0 0	0 0	
1460 2	1486 2	1490 2	1513 2	1665 2	1693 2	1694 2	0 0	0 0	0 0	0 0	0 0	
1466 2	1491 2	1496 2	1518 2	1666 2	1670 2	1695 2	1696 2	1697 2	1698 2	1699 2	1700 2	
1472 2	1497 2	1502 2	1524 2	1671 2	1676 2	1701 2	1702 2	1703 2	1704 2	1705 2	1706 2	
1478 2	1503 2	1508 2	1530 2	1677 2	1682 2	1707 2	1708 2	1709 2	1710 2	1711 2	1712 2	
1483 2	1509 2	1535 2	1683 2	1688 2	1713 2	1714 2	1715 2	1716 2	1717 2	1718 2	0 0	
1492 2	1514 2	1519 2	1543 2	1693 2	1695 2	1719 2	1720 2	1721 2	1722 2	1723 2	0 0	
1498 2	1520 2	1525 2	1549 2	1696 2	1701 2	1724 2	1725 2	1726 2	1727 2	1728 2	1729 2	
1504 2	1526 2	1531 2	1555 2	1702 2	1707 2	1730 2	1731 2	1732 2	1733 2	1734 2	1735 2	
1510 2	1532 2	1536 2	1561 2	1708 2	1713 2	1736 2	1737 2	1738 2	1739 2	1740 2	1741 2	
1537 2	1714 2	1742 2	1743 2	1744 2	1745 2	1746 2	0 0	0 0	0 0	0 0	0 0	
1515 2	1540 2	1544 2	1567 2	1719 2	1747 2	1748 2	0 0	0 0	0 0	0 0	0 0	
1521 2	1545 2	1550 2	1572 2	1720 2	1724 2	1749 2	1750 2	1751 2	1752 2	1753 2	1754 2	
1527 2	1551 2	1556 2	1578 2	1725 2	1730 2	1755 2	1756 2	1757 2	1758 2	1759 2	1760 2	
1533 2	1557 2	1562 2	1584 2	1731 2	1736 2	1761 2	1762 2	1763 2	1764 2	1765 2	1766 2	
1538 2	1563 2	1589 2	1737 2	1742 2	1767 2	1768 2	1769 2	1770 2	1771 2	1772 2	0 0	
1546 2	1568 2	1573 2	1597 2	1747 2	1749 2	1773 2	1774 2	1775 2	1776 2	1777 2	0 0	
1552 2	1574 2	1579 2	1603 2	1750 2	1755 2	1778 2	1779 2	1780 2	1781 2	1782 2	1783 2	
1558 2	1580 2	1585 2	1609 2	1756 2	1761 2	1784 2	1785 2	1786 2	1787 2	1788 2	1789 2	
1564 2	1586 2	1590 2	1615 2	1762 2	1767 2	1790 2	1791 2	1792 2	1793 2	1794 2	1795 2	
1591 2	1768 2	1796 2	1797 2	1798 2	1799 2	1800 2	0 0	0 0	0 0	0 0	0 0	
1569 2	1594 2	1598 2	1621 2	1773 2	1801 2	1802 2	0 0	0 0	0 0	0 0	0 0	
1575 2	1599 2	1604 2	1626 2	1774 2	1778 2	1803 2	1804 2	1805 2	1806 2	1807 2	1808 2	
1581 2	1605 2	1610 2	1632 2	1779 2	1784 2	1809 2	1810 2	1811 2	1812 2	1813 2	1814 2	
1587 2	1611 2	1616 2	1638 2	1785 2	1790 2	1815 2	1816 2	1817 2	1818 2	1819 2	1820 2	
1592 2	1617 2	1643 2	1791 2	1796 2	1821 2	1822 2	1823 2	1824 2	1825 2	1826 2	0 0	
1600 2	1622 2	1627 2	1650 2	1801 2	1803 2	1827 2	1828 2	1829 2	1830 2	1831 2	0 0	
1606 2	1628 2	1633 2	1654 2	1804 2	1809 2	1832 2	1833 2	1834 2	1835 2	1836 2	1837 2	
1612 2	1634 2	1639 2	1658 2	1810 2	1815 2	1838 2	1839 2	1840 2	1841 2	1842 2	1843 2	
1618 2	1640 2	1644 2	1662 2	1816 2	1821 2	1844 2	1845 2	1846 2	1847 2	1848 2	1849 2	
1645 2	1822 2	1850 2	1851 2	1852 2	1853 2	1854 2	0 0	0 0	0 0	0 0	0 0	
1623 2	1648 2	1651 2	1827 2	1855 2	1856 2	0 0	0 0	0 0	0 0	0 0	0 0	
1629 2	1652 2	1655 2	1828 2	1832 2	1857 2	1858 2	1859 2	1860 2	0 0	0 0	0 0	
1635 2	1656 2	1659 2	1833 2	1838 2	1861 2	1862 2	1863 2	1864 2	0 0	0 0	0 0	
1641 2	1660 2	1663 2	1839 2	1844 2	1865 2	1866 2	1867 2	1868 2	0 0	0 0	0 0	
1646 2	1664 2	1845 2	1850 2	1869 2	1870 2	1871 2	1872 2	0 0	0 0	0 0	0 0	
1667 2	1694 2	1697 2	1721 2	1873 2	1874 2	0 0	0 0	0 0	0 0	0 0	0 0	
1722 2	1748 2	1751 2	1775 2	1875 2	1876 2	0 0	0 0	0 0	0 0	0 0	0 0	
1776 2	1802 2	1805 2	1829 2	1877 2	1878 2	0 0	0 0	0 0	0 0	0 0	0 0	
1830 2	1856 2	1858 2	1879 2	1880 2	0 0	0 0	0 0	0 0	0 0	0 0	0 0	
1668 2	1672 2	1698 2	1873 2	1881 2	1882 2	0 0	0 0	0 0	0 0	0 0	0 0	
1699 2	1723 2	1726 2	1752 2	1874 2	1875 2	1883 2	1884 2	0 0	0 0	0 0	0 0	
1753 2	1777 2	1780 2	1806 2	1876 2	1877 2	1885 2	1886 2	0 0	0 0	0 0	0 0	
1807 2	1831 2	1834 2	1859 2	1878 2	1880 2	1887 2	1888 2	0 0	0 0	0 0	0 0	
1673 2	1700 2	1703 2	1727 2	1881 2	1883 2	1889 2	1890 2	0 0	0 0	0 0	0 0	
1728 2	1754 2	1757 2	1781 2	1884 2	1885 2	1891 2	1892 2	0 0	0 0	0 0	0 0	
1782 2	1808 2	1811 2	1835 2	1886 2	1887 2	1893 2	1894 2	0 0	0 0	0 0	0 0	
1836 2	1860 2	1862 2	1888 2	1895 2	1896 2	0 0	0 0	0 0	0 0	0 0	0 0	
1674 2	1678 2	1704 2	1889 2	1897 2	1898 2	0 0	0 0	0 0	0 0	0 0	0 0	
1705 2	1729 2	1732 2	1758 2	1890 2	1891 2	1899 2	1900 2	0 0	0 0	0 0	0 0	
1759 2	1783 2	1786 2	1812 2	1892 2	1893 2	1901 2	1902 2	0 0	0 0	0 0	0 0	
1813 2	1837 2	1840 2	1863 2	1894 2	1896 2	1903 2	1904 2	0 0	0 0	0 0	0 0	
1679 2	1706 2	1709 2	1733 2	1897 2	1899 2	1905 2	1906 2	0 0	0 0	0 0	0 0	
1734 2	1760 2	1763 2	1787 2	1900 2	1901 2	1907 2	1908 2	0 0	0 0	0 0	0 0	
1788 2	1814 2	1817 2	1841 2	1902 2	1903 2	1909 2	1910 2	0 0	0 0	0 0	0 0	
1842 2	1864 2	1866 2	1904 2	1911 2	1912 2	0 0	0 0	0 0	0 0	0 0	0 0	
1680 2	1684 2	1710 2	1905 2	1913 2	1914 2	0 0	0 0	0 0	0 0	0 0	0 0	
1711 2	1735 2	1738 2	1764 2	1906 2	1907 2	1915 2	1916 2	0 0	0 0	0 0	0 0	
1765 2	1789 2	1792 2	1818 2	1908 2	1909 2	1917 2	1918 2	0 0	0 0	0 0	0 0	
1819 2	1843 2	1846 2	1867 2	1910 2	1912 2	1919 2	1920 2	0 0	0 0	0 0	0 0	
1685 2	1712 2	1715 2	1739 2	1913 2	1915 2	1921 2	1922 2	0 0	0 0	0 0	0 0	
1740 2	1766 2	1769 2	1793 2	1916 2	1917 2	1923 2	1924 2	0 0	0 0	0 0	0 0	
1794 2	1820 2	1823 2	1847 2	1918 2	1919 2	1925 2	1926 2	0 0	0 0	0 0	0 0	
1848 2	1868 2	1870 2	1920 2	1927 2	1928 2	0 0	0 0	0 0	0 0	0 0	0 0	
1686 2	1689 2	1716 2	1921 2	1929 2	1930 2	0 0	0 0	0 0	0 0	0 0	0 0	
1717 2	1741 2	1743 2	1770 2	1922 2	1923 2	1931 2	1932 2	0 0	0 0	0 0	0 0	
1771 2	1795 2	1797 2	1824 2	1924 2	1925 2	1933 2	1934 2	0 0	0 0	0 0	0 0	
1825 2	1849 2	1851 2	1871 2	1926 2	1928 2	1935 2	1936 2	0 0	0 0	0 0	0 0	
1690 2	1718 2	1744 2	1929 2	1931 2	1937 2	1938 2	0 0	0 0	0 0	0 0	0 0	
1745 2	1772 2	1798 2	1932 2	1933 2	1939 2	1940 2	0 0	0 0	0 0	0 0	0 0	
1799 2	1826 2	1852 2	1934 2	1935 2	1941 2	1942 2	0 0	0 0	0 0	0 0	0 0	
1853 2	1872 2	1936 2	1943 2	1944 2	0 0	0 0	0 0	0 0	0 0	0 0	0 0	
1691 2	1937 2	1945 2	0 0	0 0	0 0	0 0	0 0	0 0	0 0	0 0	0 0	
1746 2	1938 2	1939 2	0 0	0 0	0 0	0 0	0 0	0 0	0 0	0 0	0 0	
1800 2	1940 2	1941 2	0 0	0 0	0 0	0 0	0 0	0 0	0 0	0 0	0 0	
1854 2	1942 2	1944 2	0 0	0 0	0 0	0 0	0 0	0 0	0 0	0 0	0 0	
