252 94
30 7
27 17
6 15
23 32
14 1
4 29
33 8
3 12
25 24
9 28
16 10
13 26
32 23
11 19
1 2
8 21
28 9
0 18
7 30
19 11
11 19
26 13
30 7
3 32
7 3
3 7
32 3
31 6
12 9
17 14
33 15
4 21
11 13
2 29
8 31
14 1
0 27
9 28
22 14
13 33
5 29
28 20
12 23
1 2
18 15
22 30
29 2
14 17
14 22
17 14
14 17
21 8
24 4
9 0
24 21
4 29
33 15
20 16
16 20
16 10
2 1
23 12
22 30
25 24
8 33
24 21
30 7
28 20
26 25
3 7
21 4
7 30
18 32
4 29
9 28
28 9
23 32
0 18
18 0
13 33
22 14
31 8
25 26
14 22
30 7
9 12
29 2
4 24
8 21
20 28
18 15
11 13
8 33
13 11
30 22
22 30
30 22
16 22
22 16
30 22
12 3
24 25
2 26
25 24
5 29
28 9
29 5
21 8
7 30
3 32
7 3
3 32
13 33
26 25
11 19
2 1
6 5
5 6
31 6
16 10
22 14
14 22
6 31
8 33
2 26
25 24
10 16
6 15
24 25
26 2
17 14
32 18
15 33
16 22
2 29
7 3
26 13
32 23
6 15
31 11
23 32
23 12
12 23
22 14
1 2
16 10
11 19
14 17
13 26
2 1
26 2
13 26
2 26
26 13
2 26
5 6
15 18
17 27
30 7
20 7
7 30
7 20
30 7
6 5
1 19
1 14
22 16
5 29
29 5
5 29
15 6
6 15
27 17
18 32
32 23
3 32
19 1
29 4
10 27
17 14
33 13
1 14
3 7
20 7
27 0
16 10
13 11
14 17
17 14
0 27
29 2
2 1
4 29
32 3
26 25
22 16
33 13
27 17
15 33
33 15
0 18
25 26
17 14
1 19
24 25
26 13
27 10
33 8
29 4
15 6
25 24
8 33
18 0
19 11
14 1
6 5
17 27
10 16
1 2
22 14
11 13
5 29
2 29
4 24
11 19
13 26
6 15
19 11
0 9
29 2
16 20
24 4
9 0
14 17
27 10
10 27
27 10
33 15
20 7
25 24
1 14
17 23
24 25
15 18
5 29
6 5
2 1
23 12
22 14
5 6
18 15
32 18
