259 86
6 15
4 29
14 1
33 8
30 7
11 19
25 24
23 32
13 26
3 12
27 17
9 28
16 10
0 18
1 2
8 21
19 11
26 13
32 23
28 9
7 30
3 32
31 6
12 9
11 13
17 14
4 21
8 31
2 29
13 33
0 27
18 15
30 7
9 28
14 22
11 19
5 29
28 20
12 23
29 2
7 3
21 8
24 4
33 15
9 0
14 1
22 30
4 29
24 21
1 2
14 17
20 16
23 12
2 1
3 7
13 33
25 24
32 3
17 14
30 7
16 10
28 20
24 21
26 25
22 14
17 27
21 4
14 22
3 7
18 32
7 30
33 15
0 18
4 29
11 13
16 20
9 28
13 11
23 32
25 26
28 9
10 16
8 33
22 30
20 28
30 7
9 12
18 0
29 2
4 24
11 19
30 22
22 30
31 8
20 7
13 33
24 25
16 22
12 3
2 26
25 24
5 29
18 15
28 9
15 18
6 5
22 14
8 21
7 20
26 25
2 1
22 16
14 17
8 33
16 10
30 22
29 5
31 6
22 14
14 17
7 30
5 6
2 26
14 22
17 27
6 15
21 8
10 16
25 24
20 7
24 25
26 2
15 33
6 31
8 33
17 14
16 10
6 15
30 7
31 11
2 29
13 26
27 17
14 22
11 19
26 13
7 20
1 2
5 6
2 1
6 5
13 26
10 27
14 17
33 13
3 7
15 6
5 29
7 3
26 2
19 1
22 14
29 5
14 17
6 15
16 22
27 0
5 29
13 26
1 14
29 4
3 32
22 16
33 13
2 26
16 10
0 27
15 33
1 19
14 17
29 2
26 13
32 18
7 3
33 15
32 23
19 1
17 14
18 32
23 12
22 16
13 11
33 8
27 17
15 6
4 29
0 18
8 33
23 32
1 19
6 5
12 23
27 10
2 1
14 17
13 26
26 25
29 4
18 0
33 15
17 14
10 16
32 23
17 27
1 19
3 32
15 33
5 29
33 13
14 1
25 26
0 9
19 11
1 2
22 14
16 20
9 0
2 29
32 3
11 19
27 10
15 33
14 17
24 25
26 13
20 7
6 15
29 2
4 24
1 14
17 23
10 27
11 13
15 18
25 24
19 11
13 26
5 29
24 4
6 5
2 1
23 12
22 14
25 24
27 10
24 25
18 15
5 6
32 18
