252 100
6 15
30 7
4 29
27 17
23 32
14 1
33 8
3 12
25 24
9 28
16 10
13 26
1 2
32 23
11 19
8 21
28 9
0 18
7 30
26 13
3 32
19 11
31 6
12 9
17 14
4 21
8 31
2 29
11 19
11 13
30 7
14 1
13 33
0 27
9 28
5 29
22 14
18 15
1 2
28 20
12 23
29 2
7 3
22 30
14 17
21 8
24 4
14 22
9 0
4 29
24 21
2 1
8 33
20 16
23 12
3 7
25 24
32 3
16 20
24 21
17 14
22 30
26 25
30 7
21 4
14 17
28 20
31 8
3 7
18 32
4 29
22 14
7 30
0 18
14 22
25 26
23 32
8 33
9 28
30 7
28 9
25 24
29 2
18 15
30 22
9 12
18 0
4 24
22 30
20 28
33 15
16 22
8 21
2 26
21 8
5 29
12 3
13 33
6 5
10 16
22 14
28 9
26 25
30 22
2 1
3 32
31 6
29 5
22 16
33 15
11 13
16 10
13 11
6 5
25 24
7 3
26 25
8 33
5 29
6 5
22 16
11 19
14 22
3 32
2 26
13 33
5 6
6 31
26 2
7 3
32 23
16 22
17 14
32 18
6 15
31 11
23 12
11 19
30 22
2 29
26 13
15 33
23 32
22 14
6 15
12 23
14 17
7 30
1 2
22 16
2 1
13 26
17 27
5 6
15 18
29 5
20 7
26 2
1 14
6 5
27 17
18 32
30 7
1 19
2 26
32 23
5 29
15 6
7 30
3 32
29 4
10 27
19 1
17 14
6 15
13 26
26 13
7 20
1 14
27 0
33 13
2 26
16 10
20 7
13 11
14 17
29 2
26 25
0 27
17 14
22 16
3 7
32 3
30 7
4 29
2 1
33 13
25 26
27 17
0 18
15 33
1 19
24 25
26 13
33 15
29 4
25 24
19 11
27 10
17 14
33 8
15 6
18 0
11 19
8 33
14 1
4 24
11 13
17 27
10 16
6 5
1 2
22 14
19 11
13 26
2 29
24 4
5 29
6 15
0 9
29 2
16 20
9 0
25 24
27 10
14 17
24 25
33 15
20 7
1 14
17 23
10 27
5 29
15 18
6 5
2 1
23 12
22 14
5 6
27 10
18 15
32 18
