227 139
0 3
13 20
24 7
25 21
8 19
4 5
2 8
1 2
9 20
17 13
15 16
14 25
7 11
0 10
5 22
21 24
4 12
22 5
17 1
23 19
13 17
16 9
19 23
11 7
24 7
25 12
1 2
18 15
21 24
17 13
12 25
11 14
2 8
5 22
1 2
2 8
2 1
24 7
14 11
13 20
4 5
22 17
8 2
20 6
25 21
5 4
13 20
22 3
7 24
13 17
2 1
21 24
6 20
8 2
4 10
3 0
17 22
2 1
20 9
25 21
22 17
5 4
0 10
3 0
3 22
6 20
1 2
12 4
8 2
20 9
22 17
4 12
10 4
6 18
3 22
9 15
20 9
12 4
17 1
21 3
9 15
17 22
22 5
20 9
25 12
4 10
5 22
3 0
10 14
9 16
21 25
21 3
25 12
17 22
4 5
12 23
16 15
14 10
5 22
3 21
16 9
10 0
0 10
9 16
23 19
14 10
22 3
12 23
3 21
16 13
9 16
21 25
25 14
13 17
16 9
22 3
17 1
13 17
3 21
14 10
20 13
25 14
9 15
10 4
22 3
17 1
9 20
3 21
16 15
4 5
22 3
20 13
10 4
9 16
13 17
4 5
3 21
14 10
9 20
25 14
17 1
22 17
1 2
21 24
2 1
13 16
20 9
16 15
12 4
0 10
1 17
13 16
14 10
4 5
3 22
8 2
16 15
2 1
25 14
13 17
10 0
15 9
14 10
12 4
15 16
8 2
18 15
25 14
23 12
4 5
19 8
2 1
14 25
23 19
5 22
4 12
1 17
25 14
12 4
17 1
1 2
17 13
8 19
19 23
14 10
25 21
4 12
8 19
10 14
17 1
1 17
13 16
2 8
19 8
21 25
1 2
16 13
22 17
8 6
21 24
14 10
15 16
23 2
24 11
10 0
25 14
17 1
24 21
8 19
14 11
0 3
19 8
8 19
7 24
3 0
21 25
19 23
10 14
8 6
21 3
24 7
6 20
8 19
19 23
3 22
8 19
2 8
