138 71
8 19
17 1
9 16
25 14
4 5
19 23
13 20
3 0
18 15
14 10
13 17
8 2
12 4
21 25
0 3
24 21
9 20
16 15
3 0
17 13
15 18
23 12
10 4
11 24
21 24
24 21
21 25
25 21
21 24
24 11
12 25
11 7
20 6
17 22
13 16
19 23
18 6
4 5
10 0
6 8
10 4
18 6
5 22
22 5
8 19
2 8
6 20
1 2
4 10
15 18
8 19
22 17
4 5
20 6
13 20
16 13
20 6
4 12
17 1
5 22
20 9
7 11
1 2
6 18
21 24
15 16
10 4
12 25
2 8
1 2
22 3
6 20
17 1
9 16
11 24
3 0
23 12
4 10
25 21
16 9
20 13
14 11
22 3
10 14
5 4
21 25
17 22
20 9
25 12
4 10
25 14
12 23
9 15
22 5
23 19
20 9
14 25
2 23
10 0
0 10
19 8
10 0
5 4
17 22
3 22
10 14
1 17
8 6
2 1
4 5
21 3
14 25
6 20
1 17
23 2
19 8
17 13
10 4
22 5
2 8
0 3
25 21
14 11
8 2
22 17
4 12
13 16
0 10
16 13
21 25
12 4
10 0
10 14
3 22
8 19
1 17
17 1
4 12
