142 66
3 0
25 14
17 1
18 15
4 5
13 17
11 24
24 21
21 24
24 11
8 19
9 16
19 23
14 10
8 2
12 4
5 22
16 15
0 3
9 20
10 0
17 22
15 18
10 4
0 3
23 12
21 25
22 5
13 20
17 13
20 6
3 0
19 23
4 10
25 21
18 6
5 22
6 8
13 16
4 5
24 21
20 13
25 12
10 14
14 25
10 4
10 14
14 25
23 12
21 24
21 25
25 12
21 25
12 23
25 21
21 25
13 20
8 19
18 6
2 8
20 6
5 22
8 19
6 20
1 2
15 18
24 7
22 17
11 24
4 5
6 18
13 20
17 1
16 13
14 11
20 9
1 2
2 8
7 24
1 2
15 16
17 1
5 22
10 14
6 20
9 16
22 3
17 22
3 0
0 3
5 4
24 11
20 9
4 10
22 5
0 10
16 9
17 22
5 4
1 17
9 15
3 22
10 0
4 5
2 1
20 9
25 14
0 10
1 17
0 3
14 25
12 4
10 14
10 4
14 25
4 12
12 4
23 19
22 5
17 13
21 3
2 23
19 8
1 17
13 16
23 2
8 6
22 17
16 13
19 8
3 22
0 10
6 20
17 1
10 0
14 11
2 8
25 21
8 2
10 14
21 25
8 19
