180 175
12 4
14 10
13 20
22 5
0 3
17 1
13 17
25 14
24 11
8 2
11 7
21 24
4 5
18 15
9 20
17 13
14 10
24 11
8 19
11 24
12 4
6 8
25 14
20 9
14 10
4 5
6 20
9 16
21 25
5 22
12 4
20 6
16 15
13 20
22 3
15 18
4 12
20 9
3 22
5 4
13 16
6 20
16 13
18 15
25 12
4 10
22 17
3 21
12 23
20 6
5 4
18 6
23 19
21 24
6 8
10 4
5 22
19 23
24 21
23 19
22 5
18 6
23 12
4 10
21 24
6 8
15 18
19 23
22 17
24 11
5 4
10 0
11 24
23 19
0 10
18 15
10 0
6 20
17 22
22 5
15 18
24 11
21 24
11 14
4 5
17 22
18 15
7 24
5 22
15 16
6 18
5 4
24 7
16 15
22 17
11 7
9 16
4 5
17 22
16 9
1 17
5 4
17 1
1 2
2 8
4 10
1 17
1 2
2 8
17 1
8 19
10 4
1 17
19 8
17 1
8 19
4 10
2 8
1 2
8 6
2 1
5 4
8 19
1 17
0 10
2 23
19 8
10 0
0 10
4 5
2 1
1 17
5 4
17 13
2 1
22 5
23 2
1 17
13 16
12 4
16 13
3 22
2 8
8 6
4 12
21 3
6 20
12 4
8 2
3 22
21 3
25 21
14 25
10 14
21 25
3 21
14 25
21 24
10 14
24 7
0 10
21 24
7 11
3 0
10 14
22 3
10 0
5 22
0 3
22 3
10 0
0 3
5 22
22 17
10 0
3 22
22 17
3 22
17 1
22 3
