248 90
14 1
33 8
4 29
6 15
30 7
25 24
13 26
23 32
9 28
3 12
27 17
16 10
1 2
26 13
8 21
32 23
0 18
28 9
7 30
3 32
31 6
12 9
33 15
13 11
17 14
5 29
8 31
4 21
2 29
0 27
30 7
14 22
9 28
28 20
12 23
18 15
29 2
7 3
24 4
21 8
13 33
11 19
19 11
14 1
9 0
22 30
4 29
24 21
14 17
20 16
1 2
23 12
3 7
2 1
25 24
16 10
13 11
17 14
32 3
30 7
24 21
28 20
26 25
22 14
21 4
14 22
3 7
7 30
18 32
4 29
11 13
0 18
16 20
13 33
9 28
25 26
23 32
28 9
22 30
20 28
30 7
22 16
24 25
9 12
29 2
22 14
25 24
18 15
33 15
14 17
30 22
18 0
22 30
20 7
17 14
16 22
12 3
8 33
2 26
5 29
28 9
14 17
29 5
22 16
7 30
2 1
26 25
22 14
14 22
6 5
31 8
13 33
7 20
5 6
2 26
25 24
17 14
8 21
31 6
22 16
24 25
8 33
11 13
16 10
20 7
26 2
4 24
14 17
6 15
17 27
6 31
30 7
2 29
26 13
21 8
15 33
10 16
7 20
1 2
31 11
6 15
13 26
2 1
8 33
27 17
11 19
16 22
5 6
3 7
15 18
6 5
7 3
26 2
1 14
10 27
5 29
29 5
15 6
1 19
13 26
22 14
3 32
27 0
33 13
2 26
17 14
6 15
16 10
19 1
5 29
29 4
13 11
32 18
7 3
32 23
0 27
1 14
18 32
23 12
29 2
33 13
23 32
14 17
12 23
4 29
27 10
2 1
0 18
13 11
15 33
17 14
33 8
27 17
33 15
10 16
1 19
32 23
29 4
18 0
3 32
26 13
15 6
8 33
19 11
17 14
16 20
6 5
2 26
17 27
14 1
24 4
13 11
32 3
20 7
22 14
0 9
6 15
5 29
9 0
26 25
1 2
2 29
33 15
27 10
14 17
11 19
29 2
11 13
1 14
17 23
19 11
25 24
15 18
10 27
24 4
25 26
5 29
22 14
4 24
2 1
6 5
23 12
26 13
18 15
27 10
32 18
5 6
13 26
