141 74
4 5
25 14
17 1
8 19
9 16
13 20
19 23
18 15
3 0
0 3
14 10
10 0
3 0
8 2
21 25
12 4
16 15
13 17
17 22
17 13
9 20
24 21
21 25
21 24
25 21
11 24
15 18
23 12
10 4
18 6
20 6
6 8
18 6
6 20
20 6
13 16
13 20
16 13
20 9
19 23
4 5
5 22
23 12
12 25
10 4
4 12
8 2
2 8
1 2
22 17
4 5
22 5
5 22
4 10
10 4
15 18
8 19
12 25
25 21
21 25
25 12
24 21
17 1
20 6
6 20
20 13
6 18
1 2
12 23
17 1
22 3
9 16
15 16
16 9
25 14
3 0
14 11
4 10
7 24
23 2
20 9
9 15
20 9
22 3
25 14
24 11
17 22
5 4
22 5
17 22
11 7
2 8
1 2
8 2
14 11
10 14
7 11
4 10
19 8
11 7
10 0
0 10
10 0
25 14
14 25
1 17
10 14
14 11
14 25
5 4
3 22
0 3
21 3
8 6
2 1
19 8
8 19
23 19
6 20
1 17
4 5
17 13
13 16
16 13
1 17
10 4
4 12
12 4
4 12
22 5
0 10
10 0
2 23
8 2
22 17
17 1
3 22
10 14
25 21
21 25
23 2
