255 85
33 8
6 15
14 1
4 29
8 21
1 2
3 12
9 28
13 26
5 29
30 7
31 6
23 32
11 19
32 23
2 29
12 9
19 11
27 17
4 21
26 13
8 31
33 15
25 24
11 13
7 30
28 9
9 28
21 8
24 4
3 32
29 2
30 7
0 27
24 21
17 14
25 24
13 33
14 1
16 10
28 20
7 3
4 29
24 21
33 15
3 7
0 18
20 16
21 4
1 2
14 22
32 3
30 7
18 15
22 30
3 7
9 0
18 32
8 33
2 1
16 10
4 29
26 25
7 30
16 20
31 8
0 18
29 2
25 26
30 7
4 24
5 29
30 22
10 16
24 25
13 11
22 30
25 24
11 13
2 26
14 17
8 33
6 5
16 22
18 0
8 21
18 15
22 14
22 16
29 5
31 6
22 30
2 1
14 17
13 33
5 6
26 25
21 8
3 32
15 18
11 19
2 26
6 31
14 22
17 27
8 33
6 15
10 16
5 6
15 33
17 14
26 2
7 3
13 11
30 22
11 13
2 29
22 14
33 15
6 5
1 2
22 30
16 10
27 17
3 32
13 26
15 6
31 11
11 19
26 13
2 1
8 33
6 15
5 29
13 26
15 33
28 20
10 27
14 22
5 6
7 3
9 28
17 14
19 1
29 5
26 2
33 15
28 9
5 29
33 8
12 23
22 30
20 7
13 26
10 16
27 0
1 14
23 12
2 26
16 22
20 28
1 19
14 17
29 4
30 7
22 16
8 33
0 27
17 14
26 13
33 8
15 33
13 26
9 12
23 32
19 1
29 2
7 20
32 18
25 24
27 17
16 10
32 23
33 13
1 19
24 25
12 3
18 32
7 30
4 29
17 14
27 10
23 12
30 7
2 1
13 11
23 32
32 23
6 5
0 18
1 19
26 25
29 4
14 1
10 16
1 2
5 29
20 7
17 27
33 13
22 14
15 33
25 26
2 29
12 23
14 17
27 10
24 25
18 0
22 16
28 9
6 15
25 24
7 20
3 32
19 11
29 2
3 7
0 9
4 24
16 20
11 13
5 29
1 14
10 27
17 23
11 19
24 4
32 3
15 18
26 13
18 15
6 5
19 11
25 24
9 0
22 14
24 25
23 12
27 10
20 7
13 26
5 6
32 18
2 1
