260 86
30 7
23 32
9 28
14 1
3 12
27 17
32 23
33 8
28 9
6 15
8 21
4 29
17 14
11 19
7 30
1 2
31 6
13 26
5 29
14 17
19 11
3 32
12 9
30 7
2 29
11 13
14 1
9 28
4 21
25 24
8 31
26 13
29 2
24 4
21 8
7 3
16 10
14 22
28 20
0 18
3 7
22 30
24 21
17 14
25 24
20 16
30 7
13 33
22 14
32 3
16 20
3 7
4 29
24 21
0 27
21 4
33 15
1 2
18 15
14 22
7 30
16 10
22 30
9 0
18 32
13 33
22 14
30 7
2 1
4 29
26 25
30 22
22 30
10 16
33 15
25 26
0 18
17 27
29 2
16 22
4 24
24 25
28 20
22 16
14 17
25 24
30 22
2 26
9 28
8 33
5 29
22 14
11 13
18 0
28 9
18 15
14 17
20 7
6 5
22 14
31 8
2 1
26 25
20 28
13 33
8 21
11 19
29 5
31 6
5 6
2 26
15 18
14 22
17 27
10 16
7 20
6 15
17 14
26 2
8 33
13 11
12 23
6 31
15 33
2 29
21 8
7 30
16 10
13 26
27 17
1 2
11 19
23 12
30 7
6 15
31 11
5 6
14 22
26 13
2 1
11 19
8 33
13 26
14 17
6 5
10 27
20 7
9 12
22 14
5 29
33 13
26 2
19 1
14 17
15 6
12 3
13 26
7 20
29 5
27 0
3 7
5 29
6 15
1 14
33 13
15 33
1 19
10 16
0 27
23 32
29 4
2 26
7 3
33 15
19 1
16 22
29 2
22 16
3 32
26 13
25 24
1 19
13 26
24 25
32 23
15 6
33 8
8 33
32 18
18 32
4 29
2 1
16 10
14 17
17 14
27 17
14 17
17 14
27 10
23 12
33 15
1 19
13 11
15 33
14 1
23 32
32 23
0 18
26 25
29 4
17 27
33 13
10 16
22 14
15 33
6 5
25 26
7 3
5 29
24 25
14 17
27 10
12 23
18 0
28 9
22 16
6 15
4 24
19 11
3 32
1 2
2 29
29 2
16 20
11 13
0 9
25 24
1 14
5 29
11 19
10 27
17 23
24 4
32 3
15 18
26 13
6 5
25 24
18 15
22 14
9 0
23 12
24 25
27 10
20 7
19 11
13 26
2 1
5 6
32 18
