332 188
27 17
33 8
7 30
16 20
13 26
18 0
14 1
4 21
15 6
19 11
9 12
8 33
26 13
1 2
5 29
20 16
11 19
19 11
2 29
17 27
16 20
30 7
3 12
0 18
4 29
8 31
13 33
22 16
12 9
22 30
32 3
16 22
17 14
31 8
10 27
9 28
7 30
29 2
12 3
14 17
28 9
33 15
11 13
13 11
12 9
14 1
8 21
22 14
21 8
15 6
27 0
4 29
14 22
9 28
15 33
23 12
28 9
8 33
6 15
0 27
29 4
31 11
12 23
14 17
11 19
22 16
17 14
15 33
22 30
33 13
18 15
2 29
14 17
16 22
18 0
3 12
4 24
26 2
17 27
13 33
7 3
24 4
0 9
25 26
4 29
21 24
27 17
33 15
3 7
26 2
12 3
8 21
15 18
27 10
31 8
4 24
3 7
17 14
2 29
3 12
0 27
14 22
26 13
24 21
1 2
18 32
2 29
32 18
21 8
18 32
25 24
1 2
26 25
9 0
19 1
29 4
22 16
23 32
8 31
16 10
32 23
23 32
22 14
21 8
0 18
1 19
14 22
19 1
16 20
27 10
24 21
20 16
21 8
18 15
17 14
0 18
1 2
19 11
7 20
19 1
22 14
3 7
9 0
7 20
18 15
1 19
1 2
2 1
0 9
3 7
15 33
20 16
18 0
12 3
9 28
16 20
28 9
1 19
29 2
3 12
9 28
16 10
19 11
0 18
3 7
28 20
7 3
11 19
2 29
19 1
13 11
29 2
18 0
30 7
19 11
26 13
5 29
7 3
6 5
1 19
27 0
32 18
18 32
13 11
19 1
25 26
29 5
32 18
31 6
3 7
0 18
3 12
5 6
1 14
6 31
26 13
12 3
6 5
1 19
13 33
18 0
23 12
25 26
14 22
1 2
31 6
19 1
3 12
24 25
5 6
8 31
4 24
0 27
26 13
6 15
22 14
30 22
1 19
25 24
24 4
15 33
11 19
33 15
0 18
19 11
25 24
27 10
11 31
15 33
33 13
27 17
9 0
31 6
11 19
13 11
6 5
17 23
8 31
0 9
9 28
27 0
6 31
28 20
5 29
33 8
8 33
11 19
23 12
5 6
13 11
6 31
17 27
20 7
12 23
18 0
5 6
33 8
31 8
29 5
11 13
20 28
11 19
13 26
5 29
29 5
7 20
5 6
5 29
20 7
6 5
5 29
16 20
29 2
7 3
10 16
29 5
3 32
20 16
7 30
27 10
16 10
17 27
32 18
30 22
7 3
18 32
0 18
10 27
14 17
30 7
20 16
9 0
22 14
7 20
32 18
15 18
27 17
28 9
16 20
3 7
0 9
10 27
7 20
9 0
20 7
12 9
27 17
23 12
17 14
32 23
12 9
14 1
17 27
3 32
1 14
23 32
14 22
27 17
32 18
32 3
18 15
32 18
22 16
14 1
16 10
1 2
2 29
1 2
2 1
16 22
10 16
22 16
