218 81
11 16
10 8
8 10
23 25
28 1
15 18
29 14
21 7
0 5
19 3
5 3
2 6
19 13
4 26
4 12
16 24
21 28
18 7
25 22
7 21
29 20
28 1
14 1
6 12
4 20
24 27
11 16
8 14
16 11
3 9
22 17
17 22
14 8
8 14
10 24
28 21
21 17
18 7
7 18
25 23
25 22
22 25
23 19
24 16
9 0
12 4
26 4
26 15
15 26
3 5
17 10
0 27
16 2
27 24
11 8
21 7
1 14
1 7
21 17
3 9
4 12
24 27
18 7
14 29
2 6
17 21
10 8
22 17
23 25
27 0
8 11
16 24
11 16
11 8
17 22
3 19
19 3
0 9
26 28
6 12
21 17
22 25
17 10
7 18
9 22
5 0
12 13
6 2
17 21
21 17
10 24
22 17
9 22
22 17
21 7
28 1
1 28
28 21
18 15
8 10
16 11
13 11
11 13
16 11
11 16
13 19
4 12
3 9
12 6
10 24
16 11
10 8
26 4
14 1
24 16
4 26
9 3
5 3
11 13
20 4
26 4
6 2
19 13
16 11
27 24
8 10
4 12
1 28
10 8
21 17
7 18
21 7
13 11
24 27
11 16
13 19
16 2
3 5
26 4
28 21
20 4
11 16
2 25
29 20
4 26
16 24
19 3
12 13
28 26
7 21
6 2
25 23
25 22
14 8
20 29
9 3
4 20
20 4
26 15
15 26
12 6
24 10
13 19
19 13
3 5
5 3
11 16
1 14
11 8
14 29
28 1
29 20
29 14
6 12
12 6
20 29
12 4
11 13
4 12
1 7
10 8
13 11
24 16
22 25
7 1
23 25
9 22
22 9
17 22
22 17
24 10
0 9
16 2
26 28
14 1
18 15
8 11
11 13
11 16
11 8
13 19
3 19
28 26
28 21
2 25
1 14
25 23
11 13
24 16
6 2
5 0
9 22
21 28
23 25
12 6
13 11
11 16
16 11
