224 105
10 8
23 25
21 7
28 1
11 16
8 10
16 24
11 16
24 27
15 18
0 5
2 6
22 17
29 14
4 26
19 3
19 13
5 3
3 19
3 9
9 0
9 3
0 27
3 9
9 0
3 9
7 18
21 28
4 20
25 23
7 21
28 1
14 1
6 12
16 11
28 21
22 25
18 7
29 20
4 12
10 24
17 22
23 19
8 14
14 8
8 14
1 14
11 8
24 16
22 17
12 4
7 21
25 22
21 7
17 10
16 2
5 3
26 4
1 7
2 6
21 17
15 26
17 21
27 24
14 29
22 17
7 18
24 27
17 10
6 2
27 0
6 12
21 7
16 24
2 25
0 9
10 8
12 6
9 3
5 0
17 10
8 11
11 16
6 2
4 12
20 4
12 13
11 8
22 17
2 25
21 17
26 4
28 21
9 22
10 8
6 2
15 26
25 23
29 20
1 28
22 17
25 22
13 11
11 13
26 4
8 10
20 29
11 16
16 11
13 19
19 3
11 13
4 12
2 16
10 24
23 25
14 1
28 21
9 22
16 2
12 6
4 20
1 28
21 17
19 13
14 8
3 19
13 11
11 16
28 26
16 2
12 13
20 4
14 1
29 20
19 3
24 16
27 24
26 15
13 19
3 5
2 16
2 25
6 12
12 6
12 4
25 22
15 26
11 13
24 27
19 3
3 19
13 19
19 3
16 11
25 23
16 24
18 15
26 28
28 1
22 25
4 12
11 16
1 14
28 1
2 25
24 10
15 26
7 18
13 11
14 29
29 20
11 13
16 11
3 9
24 16
10 8
29 14
19 13
13 11
21 7
7 21
26 28
1 7
7 1
18 15
9 3
28 26
19 13
16 2
28 21
24 16
24 10
8 11
0 9
20 29
2 25
3 19
11 13
26 28
21 28
3 5
11 8
25 23
13 19
6 2
14 1
12 6
9 22
22 9
8 11
23 25
11 13
17 22
1 14
16 11
13 19
0 9
11 16
22 17
5 0
9 22
13 11
11 16
