219 99
10 8
11 16
23 25
28 1
6 12
21 7
22 17
15 18
29 14
0 5
4 26
4 20
26 15
19 3
16 24
21 28
7 18
5 3
19 13
6 2
8 10
25 23
7 21
4 12
14 1
24 27
11 16
29 20
2 6
8 14
14 8
16 11
3 9
22 25
18 7
28 21
10 24
23 19
17 22
24 16
6 12
9 0
26 4
22 17
7 21
3 19
0 27
28 1
17 10
25 22
8 14
16 2
12 4
27 24
11 8
21 7
9 3
1 14
24 27
2 6
15 26
21 17
14 29
3 9
1 7
17 21
22 17
16 2
23 25
16 24
27 0
7 18
17 10
6 12
21 7
26 28
9 0
28 1
3 9
10 8
8 11
11 8
17 10
10 8
18 15
1 28
12 6
2 25
4 12
0 9
5 3
7 18
14 1
6 2
8 10
11 16
2 25
12 13
20 4
9 3
5 0
21 17
22 17
28 21
21 17
26 4
9 22
6 2
13 11
4 12
22 17
11 13
9 22
13 19
11 16
1 28
16 11
21 7
28 21
7 21
28 26
0 9
20 4
12 6
10 24
29 20
19 3
11 13
14 8
24 16
19 13
20 29
26 15
3 19
13 11
16 2
11 16
16 2
11 16
4 20
1 14
12 13
27 24
14 29
24 27
29 14
28 1
19 3
15 26
1 7
20 4
3 5
6 12
12 6
13 19
2 25
7 1
16 24
29 20
26 28
28 26
28 21
21 28
18 15
25 23
14 1
19 3
11 13
12 4
20 29
13 19
3 9
24 10
25 22
1 14
22 25
19 3
3 9
19 3
3 19
9 22
4 12
11 13
10 8
23 25
16 11
24 16
11 13
11 8
24 10
11 16
16 2
8 11
0 9
2 25
24 16
19 13
9 3
13 11
25 23
6 2
19 3
11 13
22 9
13 19
3 5
11 8
12 6
17 22
23 25
22 17
11 16
11 13
5 0
3 19
9 22
13 11
11 16
16 11
