207 211
8 19
19 8
2 16
8 2
19 8
20 21
12 17
14 18
15 3
16 7
5 1
21 6
18 15
4 14
9 19
19 5
7 16
0 7
2 16
14 18
8 19
3 15
4 14
12 2
13 8
19 8
8 13
13 8
19 5
6 10
5 1
1 5
1 11
11 1
1 5
11 10
5 1
15 4
4 16
14 4
2 16
16 4
4 14
12 2
7 16
0 7
17 12
2 16
7 16
14 18
12 17
18 14
3 20
16 4
2 16
16 4
14 18
4 14
4 15
12 2
16 7
12 14
14 4
4 16
18 9
14 18
16 7
7 10
10 11
11 10
6 10
11 1
1 11
1 5
10 7
10 11
11 1
5 1
1 11
19 5
16 4
18 14
14 18
21 6
13 5
7 10
16 7
15 18
7 0
4 16
0 7
5 13
5 1
1 5
13 5
5 13
13 8
8 13
5 19
16 7
10 6
6 10
17 0
7 0
7 16
0 6
16 7
10 11
0 17
17 0
6 10
21 6
20 21
9 19
19 9
9 13
6 10
10 6
21 20
20 3
20 21
3 20
11 10
1 11
10 11
11 1
5 1
1 11
6 0
0 17
15 3
18 9
9 13
9 18
19 9
4 15
15 3
4 15
3 20
17 12
0 6
6 21
12 14
17 0
2 12
21 6
12 17
14 12
13 8
6 21
17 0
12 2
17 12
0 17
17 0
12 14
6 0
14 18
18 9
18 14
14 18
15 18
18 15
14 18
0 6
6 0
7 0
0 7
9 13
7 0
16 7
14 12
9 19
6 21
4 16
21 20
12 17
16 7
3 15
6 21
10 6
7 10
10 6
6 21
10 7
6 10
15 3
4 16
2 16
16 2
8 2
13 8
6 0
8 2
0 17
6 0
17 0
18 14
7 16
16 7
7 10
16 7
2 16
10 11
17 12
7 10
10 11
