133 72
7 16
0 7
10 6
17 12
17 0
12 17
17 12
7 0
0 17
17 0
14 4
18 14
16 2
2 16
4 14
0 7
20 21
21 6
10 11
6 10
21 6
15 3
3 15
18 15
14 18
12 14
14 18
3 20
9 13
13 8
8 13
5 1
1 5
1 11
11 1
11 10
10 11
1 5
20 21
4 15
21 20
3 20
15 18
15 3
3 20
20 3
6 10
21 6
6 0
0 6
5 13
19 9
8 19
19 8
5 19
1 5
17 12
2 12
12 2
2 12
12 14
14 12
17 0
12 17
17 12
12 17
9 13
13 9
13 5
9 13
18 9
5 1
13 5
9 18
9 13
18 9
7 0
8 2
20 21
21 20
2 16
16 4
4 15
15 4
11 1
1 5
1 11
11 1
5 13
10 11
18 14
14 18
14 12
18 9
15 18
18 15
14 18
9 13
13 5
9 13
8 2
2 16
16 7
7 16
10 7
7 10
10 6
10 7
6 21
19 8
2 8
8 2
8 19
5 19
19 9
9 19
5 1
3 15
16 4
16 2
2 16
15 3
4 15
13 8
8 13
18 14
21 20
7 16
6 0
10 6
21 6
0 17
17 12
