135 72
7 16
20 21
9 13
10 11
14 4
4 14
18 14
5 1
15 3
21 6
17 12
13 8
8 13
19 9
9 13
8 19
3 20
0 7
4 15
16 2
10 6
1 11
1 5
6 10
11 1
19 8
17 0
18 15
1 5
12 17
2 12
17 12
7 0
5 13
3 15
13 9
5 19
11 10
21 6
14 18
0 17
1 5
15 18
10 11
20 21
8 2
12 14
13 5
9 13
5 1
13 5
17 0
9 18
0 7
3 20
6 10
11 1
2 16
17 12
15 3
21 20
12 2
21 6
1 5
3 20
1 11
11 1
6 0
10 11
14 12
0 6
8 2
9 13
20 3
20 21
18 14
5 13
21 20
2 12
19 8
7 0
16 7
2 8
17 0
7 10
14 18
12 17
2 16
9 18
12 14
8 19
18 9
16 4
17 12
12 17
9 13
7 16
14 18
4 15
18 14
13 5
10 7
7 10
2 16
15 4
18 9
5 19
14 12
8 2
16 4
5 1
9 13
15 18
9 18
3 15
10 6
16 2
13 8
8 13
6 21
2 16
21 20
18 15
19 9
6 0
0 17
10 6
14 18
15 3
9 19
18 14
7 16
17 12
21 6
4 15
