136 66
15 3
20 21
12 17
14 4
9 13
10 6
7 16
5 1
13 8
17 12
21 6
10 11
19 9
18 14
12 17
0 7
18 15
4 15
3 20
8 13
9 13
8 19
16 2
2 16
1 5
1 11
6 10
7 0
19 8
11 1
1 5
5 19
3 15
14 18
12 14
0 17
5 13
8 2
11 10
21 6
15 18
17 0
13 5
10 11
12 17
20 21
2 12
0 7
14 18
4 14
3 20
13 9
1 5
8 2
11 1
6 10
17 12
5 1
15 3
21 20
12 2
9 13
21 6
1 11
3 20
13 5
18 9
2 16
6 0
10 6
9 13
20 21
1 5
11 1
0 6
10 11
2 12
20 3
21 20
8 2
16 4
2 16
4 15
9 18
5 13
12 14
17 0
7 0
14 18
18 9
19 8
14 12
15 4
16 7
2 8
12 17
14 18
17 12
18 14
12 17
14 18
14 12
7 16
9 13
8 19
16 2
8 2
13 5
15 18
18 15
14 18
18 14
3 15
16 4
2 16
7 10
5 1
10 6
10 7
6 21
7 10
9 13
13 8
6 0
21 6
21 20
8 13
5 19
19 9
0 17
15 3
17 12
4 15
9 19
10 6
7 16
