183 136
15 3
20 21
2 16
19 8
10 11
14 4
12 17
5 1
21 6
3 20
18 14
8 2
16 7
7 16
4 15
11 1
1 5
3 15
19 8
12 2
4 14
7 0
9 19
20 3
0 7
21 20
18 15
8 2
15 18
7 0
20 21
21 6
2 16
19 8
15 3
9 19
6 10
20 3
12 2
16 4
8 19
21 6
17 12
16 2
5 19
6 10
12 17
14 12
17 0
19 9
20 21
0 17
21 20
7 16
19 8
10 11
12 14
17 0
9 18
8 19
20 21
16 7
3 20
7 16
17 12
14 18
19 8
11 1
10 6
12 14
5 19
10 11
19 5
15 3
12 17
2 12
3 20
6 10
11 1
4 15
5 19
12 2
10 11
15 4
21 6
2 8
11 1
8 19
1 11
11 1
1 5
2 8
11 10
5 1
10 11
8 19
12 2
1 5
5 19
6 10
2 8
19 5
14 12
21 6
9 19
2 12
11 10
6 10
12 14
20 21
21 20
18 9
5 19
19 8
12 17
6 0
17 12
1 5
20 21
0 6
8 19
11 1
9 18
12 17
1 11
11 1
19 8
5 1
7 0
19 9
6 21
14 18
18 14
16 7
17 0
7 10
9 19
6 0
12 17
2 16
21 6
17 12
12 17
14 18
10 7
6 21
2 12
16 4
0 17
19 9
18 14
17 12
9 13
19 8
7 10
16 2
19 9
14 12
13 8
8 2
10 11
9 19
7 16
13 8
8 2
10 6
18 9
7 10
6 21
2 16
13 8
21 20
9 19
10 11
18 9
7 10
15 18
3 15
18 15
15 3
14 18
18 14
4 15
