183 160
10 6
20 21
15 3
2 16
5 1
13 8
8 19
21 6
18 14
10 11
3 20
16 7
2 16
19 8
11 1
8 19
6 10
14 4
1 5
4 14
1 11
3 15
7 16
11 1
5 19
1 11
20 3
11 10
21 20
14 18
16 2
4 14
13 5
10 11
20 21
2 16
21 6
15 4
6 10
12 2
20 3
11 1
2 8
6 0
0 7
2 16
0 6
8 2
17 0
0 7
2 16
12 17
17 12
12 17
7 16
0 17
8 2
16 7
17 0
7 16
0 17
0 6
16 4
6 0
0 6
4 16
14 4
16 4
21 6
6 21
4 14
7 16
21 6
16 7
14 18
20 21
18 9
21 20
12 14
7 16
9 13
20 21
0 7
21 20
18 9
7 0
0 6
9 13
16 7
2 16
18 14
13 5
0 17
6 10
8 13
0 7
5 1
18 15
13 8
15 18
8 13
18 15
17 0
21 6
13 9
2 8
0 17
1 5
5 1
6 10
3 15
12 17
14 12
15 3
13 5
17 12
21 6
1 11
11 1
10 11
12 14
9 13
6 0
20 21
21 20
13 9
14 4
12 17
7 10
17 12
8 13
14 12
2 8
4 14
8 13
12 17
13 9
14 4
8 19
16 4
12 14
9 13
14 18
13 9
4 14
2 12
9 19
5 13
16 4
14 12
13 5
19 9
7 16
18 9
19 8
16 2
10 7
19 5
9 18
8 2
16 4
7 10
5 1
2 16
9 13
10 6
4 15
18 14
19 9
6 0
1 11
7 16
13 8
8 13
6 21
0 17
21 20
14 12
18 9
12 14
9 19
17 12
14 18
