1600 3358
8 128
1 32
4 128
32 128
32 16
4 4
16 16
4 0
4 0
64 8
64 16
1 64
4 64
4 0
16 0
16 32
4 16
2 0
64 32
64 64
32 128
1 16
1 128
8 4
1 8
32 32
8 8
64 128
16 0
8 64
64 16
16 4
2 32
1 16
32 64
64 64
32 0
8 64
2 16
2 64
64 4
1 16
16 8
2 128
16 128
4 64
64 4
2 64
64 8
64 32
1 16
32 128
64 16
1 32
32 128
16 0
4 16
64 8
64 4
4 8
4 4
32 4
4 128
16 0
1 0
16 8
16 32
32 8
32 0
16 16
16 128
32 8
16 32
32 64
1 8
32 0
64 32
4 64
8 32
32 8
64 4
64 128
4 8
32 4
1 32
64 0
32 4
8 32
2 64
1 128
32 32
2 0
2 16
16 0
8 64
8 128
32 64
16 128
4 32
8 0
64 0
32 8
64 16
1 16
8 4
32 16
2 4
1 8
16 32
16 32
8 64
16 32
32 128
16 8
4 8
64 64
4 128
16 64
1 64
8 0
64 0
32 64
8 0
64 4
8 128
4 16
32 16
4 4
16 32
16 0
16 64
4 0
16 4
16 32
16 16
64 0
32 64
1 32
4 4
8 128
8 0
64 8
4 0
4 64
16 16
2 32
16 128
2 8
4 32
32 8
32 4
64 0
8 8
32 32
4 16
8 4
32 0
16 8
64 0
4 128
2 32
64 0
16 128
32 32
1 8
2 128
8 128
64 0
32 0
2 32
8 64
16 128
1 4
16 8
4 16
32 128
64 0
2 64
4 8
8 4
2 64
1 4
64 0
4 64
1 128
32 128
64 0
1 0
2 16
64 8
4 128
1 0
2 16
16 32
1 0
4 4
1 16
4 8
16 64
64 4
16 0
64 16
1 8
64 4
64 8
64 8
4 32
16 4
4 64
16 8
16 0
32 8
64 8
2 64
4 64
2 64
2 128
16 4
64 128
1 0
1 16
2 0
32 32
16 4
32 16
8 8
32 0
1 0
1 16
2 16
8 16
4 8
1 64
1 0
4 64
2 128
2 0
1 4
16 0
1 64
1 8
32 32
1 128
2 16
2 128
64 8
32 8
64 16
1 16
64 128
32 8
2 4
32 0
32 32
16 0
1 0
16 128
32 8
64 4
64 4
64 128
1 4
2 64
4 128
16 64
16 64
16 128
16 0
16 8
16 4
8 0
1 64
8 8
64 64
64 128
64 16
64 4
16 32
1 64
4 0
2 64
4 0
1 128
64 16
2 4
16 4
64 4
32 128
2 32
64 32
8 128
32 16
2 16
2 16
1 32
1 0
1 16
1 0
1 128
4 128
32 0
1 32
16 8
32 64
2 0
4 32
2 128
8 4
8 16
8 8
32 16
64 8
1 16
2 0
1 0
4 64
32 4
4 128
64 4
32 32
8 4
1 4
2 64
64 64
4 64
16 0
64 128
1 0
4 64
32 64
32 128
64 0
1 128
64 4
8 16
16 64
32 32
8 16
16 128
64 4
8 128
32 64
8 128
32 128
16 16
2 32
4 16
8 4
8 64
8 64
1 0
32 4
4 128
8 0
1 16
4 0
32 0
1 16
32 128
16 4
8 64
64 16
32 8
1 128
4 128
2 4
16 0
1 0
64 4
1 64
2 0
16 16
1 128
1 0
64 128
1 8
64 32
2 16
2 16
2 0
2 128
8 128
8 8
64 32
16 0
2 64
2 16
16 0
8 8
16 128
32 32
1 16
64 128
16 16
64 0
2 16
2 64
2 64
4 128
1 128
32 64
2 32
32 32
32 128
2 4
8 4
1 64
4 4
8 128
64 32
4 16
8 128
1 8
64 64
16 128
2 128
64 64
1 8
4 32
2 16
1 8
64 8
4 8
16 16
2 8
4 0
4 16
2 4
16 64
1 32
4 32
16 128
64 16
8 128
8 32
32 16
16 64
4 8
8 4
8 128
8 8
64 32
4 32
1 64
1 4
64 0
2 64
32 4
8 0
8 128
2 128
2 128
64 128
2 4
2 4
1 4
16 0
8 4
2 32
4 8
32 16
64 0
64 64
8 128
16 0
32 8
4 128
64 64
8 16
32 0
16 0
64 64
32 8
16 0
16 16
64 0
16 64
32 128
1 128
8 128
2 32
1 4
2 32
64 8
32 4
8 128
32 8
2 8
1 0
2 4
1 32
1 8
4 128
4 64
16 8
32 4
16 8
4 64
1 32
4 64
4 128
4 64
32 8
16 0
1 32
16 16
2 8
16 32
4 4
32 128
2 8
4 8
8 16
8 8
2 16
32 0
8 4
2 128
1 128
1 8
16 64
4 64
1 128
2 32
8 64
32 16
4 128
2 8
8 64
8 16
64 4
8 32
2 8
4 4
64 4
32 4
32 4
8 0
8 0
32 8
2 0
8 0
4 4
8 0
64 128
4 0
1 0
8 8
8 128
32 64
4 4
32 32
4 8
32 64
64 64
64 128
4 16
8 32
32 0
8 0
32 32
32 8
4 32
64 4
8 8
4 8
4 128
8 64
8 64
2 16
32 0
4 128
8 16
8 0
16 8
32 16
2 16
8 128
1 32
1 4
32 4
64 16
32 8
8 0
2 128
8 0
16 8
64 32
8 32
2 8
32 8
16 64
64 128
4 0
1 64
4 0
2 8
64 0
1 0
64 64
2 128
4 8
4 4
16 32
1 4
1 128
2 0
2 8
2 32
2 32
1 64
64 0
32 0
64 128
2 16
8 4
1 32
64 32
2 32
2 0
2 32
32 8
64 128
1 0
16 0
16 4
1 32
4 16
32 0
4 16
8 4
32 64
32 8
2 8
2 8
4 128
64 4
1 128
2 128
1 32
2 32
32 64
8 32
1 64
2 16
16 128
4 64
32 4
8 32
4 32
16 4
64 32
64 0
4 16
2 8
16 64
8 4
8 0
64 0
64 32
16 0
1 8
32 128
16 64
64 128
8 128
2 0
1 128
1 32
64 0
8 0
64 8
64 32
2 32
32 4
4 0
2 4
1 32
32 64
4 0
8 16
64 32
1 4
8 64
1 8
32 4
2 0
4 128
8 64
4 128
2 4
2 64
4 8
4 32
64 0
64 32
1 16
8 32
8 0
2 64
8 32
1 0
8 128
2 16
2 64
1 4
16 128
8 4
2 32
2 8
4 16
8 64
32 64
8 16
8 8
4 0
32 4
16 128
32 0
64 4
64 0
2 64
8 64
2 128
1 8
4 8
2 128
4 128
4 4
8 8
1 8
64 64
2 128
16 32
4 0
64 0
4 128
8 128
64 4
2 32
4 4
4 16
8 128
2 64
32 8
64 4
4 0
1 128
16 8
4 16
4 8
8 4
64 64
8 32
64 64
8 0
16 32
8 0
2 0
64 8
2 8
4 64
8 8
8 8
4 16
8 64
16 8
64 64
4 64
1 0
16 32
4 64
32 64
4 0
2 4
1 128
32 128
8 0
4 8
64 128
8 32
8 128
8 0
64 8
4 32
64 32
2 4
2 8
16 8
32 16
2 128
32 32
64 8
4 128
4 8
2 32
2 32
2 0
64 16
8 64
1 4
64 64
16 8
2 4
64 64
16 64
16 4
4 16
64 4
4 128
16 128
2 8
1 128
8 16
32 16
2 8
2 64
1 0
16 0
4 16
2 64
4 16
8 128
2 128
32 64
4 4
64 128
4 8
32 32
64 64
4 8
32 32
1 128
16 0
16 0
2 32
64 4
8 8
2 64
8 0
16 32
16 32
64 16
32 128
64 4
8 16
2 8
1 128
8 4
8 0
4 8
2 0
2 8
32 8
2 128
2 128
8 64
32 32
16 4
8 128
16 64
1 8
2 0
2 64
16 0
2 4
32 64
8 0
1 64
16 32
4 64
1 8
1 64
16 32
4 64
64 32
4 32
64 4
64 128
1 64
8 32
32 128
2 4
8 64
32 128
1 8
4 0
32 128
32 16
4 16
32 16
2 4
8 64
16 4
16 4
32 0
64 16
16 8
8 4
8 8
2 64
4 32
64 128
1 0
64 8
4 64
16 32
16 128
2 4
2 4
64 0
8 64
4 8
4 8
4 16
8 32
64 64
16 16
32 0
32 0
8 32
4 16
8 128
1 4
8 32
4 4
32 16
8 0
16 0
1 32
8 64
1 32
4 128
64 4
16 32
8 64
4 16
2 128
8 8
2 64
1 0
2 64
32 4
64 0
32 32
8 32
8 128
16 0
1 64
2 4
16 4
16 4
32 8
32 0
16 32
2 128
1 8
64 64
64 4
16 0
32 64
2 4
16 16
16 64
2 4
4 64
4 4
8 32
8 32
32 128
64 64
4 16
8 4
2 128
16 128
4 128
64 16
64 64
16 8
32 32
2 32
16 64
32 128
4 0
4 32
1 32
16 4
8 32
64 32
1 32
2 4
1 0
4 16
64 16
16 4
16 128
8 8
4 16
16 4
16 64
64 128
2 4
16 64
4 0
2 16
64 8
1 4
1 0
32 8
1 16
1 32
2 8
4 64
16 8
32 4
4 0
16 16
1 0
64 32
2 128
1 16
2 4
8 0
32 4
2 16
2 0
8 0
2 64
1 0
1 16
1 64
8 128
64 4
4 4
4 128
1 32
32 128
1 0
32 64
32 128
16 4
8 0
4 32
2 128
16 0
16 8
32 4
4 0
16 64
2 8
2 16
8 32
64 8
8 128
64 0
64 64
4 16
32 4
4 16
4 128
2 64
4 64
4 32
1 0
16 8
64 0
64 128
32 8
16 16
16 0
2 128
4 0
64 0
2 4
2 0
8 32
2 4
4 0
1 0
4 128
1 64
4 8
1 64
1 32
4 128
16 4
2 0
4 4
32 4
16 4
2 16
16 128
8 16
8 64
8 32
64 32
16 128
32 16
8 16
64 16
8 128
4 128
32 0
32 0
2 0
32 0
4 64
2 8
16 4
2 64
64 8
64 8
16 0
8 4
16 64
32 8
32 64
2 0
1 64
2 16
8 128
1 8
16 16
1 32
8 4
4 4
2 16
32 128
8 64
8 32
4 32
4 4
16 4
16 4
32 8
1 0
64 4
16 0
32 128
4 32
1 64
1 0
8 16
8 8
2 8
8 64
2 16
8 32
4 64
1 64
64 0
4 8
16 128
4 8
8 8
64 4
4 8
4 0
4 64
2 4
8 128
8 32
2 8
1 16
1 64
4 64
1 32
8 32
8 64
1 16
4 64
8 16
4 64
4 8
2 4
64 64
2 32
4 0
16 64
2 0
2 4
1 4
1 0
8 0
64 16
64 4
8 16
2 16
4 4
32 8
32 64
2 4
64 32
8 32
16 128
64 128
2 64
4 0
16 128
2 128
64 4
1 16
4 64
16 16
4 32
1 4
64 16
2 8
32 128
8 4
64 0
16 32
64 128
1 16
2 16
8 8
4 8
64 128
1 0
1 128
4 32
1 32
64 128
64 128
8 128
8 32
1 128
8 128
64 16
8 128
64 128
4 128
64 128
16 32
16 4
4 16
2 8
4 32
8 4
32 0
4 0
4 4
64 32
2 32
1 64
32 16
16 32
32 0
1 32
1 32
32 16
1 4
32 128
64 8
4 0
2 32
4 4
8 8
8 8
1 8
8 4
4 16
64 0
2 128
1 0
16 128
4 16
8 0
16 32
1 4
64 32
32 128
64 0
64 16
64 64
64 4
8 128
1 128
16 128
32 4
64 32
4 64
1 16
32 128
16 0
8 64
8 4
8 64
16 8
32 64
32 64
2 0
16 4
64 128
64 0
1 0
4 64
32 4
8 32
8 8
8 128
32 64
1 32
32 0
2 64
1 128
64 4
64 16
2 64
8 8
16 64
32 32
32 16
16 4
32 4
32 64
4 4
4 64
32 4
16 8
2 32
2 0
16 0
32 128
64 128
8 0
4 128
1 4
4 128
2 16
4 64
16 32
8 64
8 64
16 128
16 4
64 4
1 8
32 128
8 16
16 128
2 32
8 4
32 0
16 64
4 0
16 16
64 0
16 0
16 32
2 0
4 0
8 8
16 8
8 32
1 16
32 64
2 4
2 32
32 4
64 4
8 32
4 0
8 32
1 8
16 4
16 16
64 64
64 32
1 128
4 8
2 8
8 16
64 128
16 8
4 16
64 0
8 16
16 128
2 32
2 32
2 8
2 16
4 4
64 128
2 0
32 4
32 64
64 32
4 0
2 16
2 128
64 64
32 4
64 128
8 16
64 128
8 16
64 0
32 0
64 4
32 32
4 8
64 128
64 64
4 16
8 32
1 8
4 0
32 4
4 8
1 16
8 8
4 128
1 16
16 128
32 64
64 16
64 32
1 64
1 32
2 128
32 32
4 4
4 16
2 16
1 0
64 0
4 64
8 128
8 4
16 16
8 64
16 32
4 64
1 128
64 32
64 32
64 128
64 0
1 32
64 4
8 0
32 32
2 64
16 4
32 16
32 16
4 8
8 32
16 0
32 128
4 32
8 4
1 16
4 8
8 64
4 0
2 128
4 8
1 8
32 64
32 64
8 32
2 64
1 8
64 0
64 64
8 32
1 16
4 0
8 32
64 0
64 0
16 16
64 0
16 64
32 64
1 16
32 0
8 128
2 16
4 4
1 0
8 128
4 0
2 0
1 32
64 64
2 0
32 16
32 128
64 16
64 4
2 0
4 32
64 0
8 64
8 64
8 4
8 4
32 0
1 0
16 128
4 0
8 64
64 32
1 4
32 4
16 4
64 0
2 128
2 8
2 0
2 32
2 128
64 32
8 8
32 4
1 64
64 32
1 8
1 4
8 128
32 128
1 64
2 32
4 8
32 4
2 32
32 8
8 8
32 4
32 32
2 16
16 0
4 16
64 64
2 8
32 64
8 4
2 16
32 32
2 32
2 16
16 64
4 64
32 0
16 16
8 128
64 8
16 8
2 0
4 32
16 32
64 8
4 8
1 16
8 4
16 16
8 16
32 16
4 16
64 128
1 64
16 64
32 64
16 0
16 8
4 128
4 0
64 64
2 64
16 32
32 0
64 0
4 128
4 4
1 16
1 128
4 4
1 128
1 16
2 4
8 0
32 128
8 16
64 0
64 16
8 32
8 16
8 16
8 0
8 16
8 128
64 128
32 4
8 16
16 0
64 8
1468 1562 8
1468 89 32
89 702 32
89 1198 8
89 1032 2
1198 1034 8
1198 1188 16
1188 1032 8
1188 126 4
126 963 8
126 958 64
958 496 8
958 1150 64
1150 524 4
1150 1406 4
1406 576 16
1406 990 16
1406 1062 8
990 1363 16
990 226 8
226 1062 4
226 723 4
723 366 4
723 563 8
563 186 4
563 763 32
563 10 4
763 1593 64
763 1587 8
1587 10 8
1587 339 4
339 1586 64
339 1089 8
1089 1340 32
1089 1063 4
1089 470 2
1063 1139 16
1063 743 16
743 470 4
743 404 32
404 575 16
404 1476 16
1476 1126 4
1476 1282 8
1282 808 4
1282 1524 32
1524 703 8
1524 742 16
742 1579 4
742 297 8
297 132 8
297 1590 64
1590 1269 4
1590 153 32
153 911 32
153 895 16
895 1218 16
895 792 16
792 167 64
792 1182 16
1182 28 32
1182 136 32
136 162 8
136 426 16
426 675 32
426 218 16
426 133 8
218 603 16
218 38 64
38 133 64
38 1592 32
38 1201 4
1592 918 64
1592 1521 64
1521 1201 16
1521 494 16
494 1588 8
494 406 4
406 945 4
406 202 32
406 738 4
202 1176 32
202 435 64
202 177 8
435 738 16
435 939 16
939 177 8
1562 351 64
1562 702 8
702 44 16
702 1034 32
1034 581 4
1034 1032 16
1032 1123 64
1032 963 16
1032 890 2
963 374 8
963 496 4
496 890 32
496 524 16
496 433 2
524 725 32
524 576 32
576 433 64
576 1363 16
1363 967 32
1363 1062 8
1062 657 64
1062 366 16
366 271 4
366 186 8
186 1356 32
186 1593 64
1593 998 64
1593 10 8
10 706 8
10 1586 4
1586 770 4
1586 1340 4
1586 327 4
1340 752 4
1340 1139 32
1139 327 4
1139 470 8
470 993 32
470 575 4
470 628 8
575 353 64
575 1126 16
1126 628 32
1126 808 4
808 213 16
808 703 32
703 1320 16
703 1579 8
1579 1152 64
1579 132 64
132 749 16
132 1269 8
1269 347 4
1269 911 16
1269 1398 4
911 1159 4
911 1218 32
911 818 4
1218 1398 8
1218 167 8
167 818 8
167 28 16
28 1090 8
28 162 16
162 195 16
162 675 16
675 634 8
675 603 16
675 1422 2
603 121 8
603 133 4
133 1422 8
133 918 64
918 469 64
918 1201 16
1201 1402 32
1201 1588 4
1588 1001 64
1588 945 64
1588 606 8
945 1168 16
945 1176 16
1176 606 32
1176 738 16
738 604 64
738 177 16
177 729 16
351 287 32
351 44 32
44 904 8
44 581 16
581 1122 8
581 1123 8
1123 1103 4
1123 374 16
374 1020 8
374 890 64
890 991 32
890 725 16
725 1260 4
725 433 64
725 758 2
433 937 32
433 967 64
967 758 8
967 657 4
657 719 16
657 271 8
271 1485 16
271 1356 32
1356 375 64
1356 998 32
998 228 32
998 706 64
706 520 8
706 770 4
706 1117 4
770 617 4
770 752 64
752 1117 8
752 327 4
327 48 64
327 993 4
993 646 16
993 353 4
353 169 32
353 628 32
628 827 32
628 213 4
213 1440 8
213 1320 4
1320 411 64
1320 1152 4
1152 1362 8
1152 749 8
749 277 8
749 347 64
347 559 32
347 1159 32
1159 1511 16
1159 1398 4
1398 1154 8
1398 818 4
1398 587 8
818 59 64
818 1090 8
818 85 2
1090 587 64
1090 195 32
195 85 32
195 634 64
634 1534 32
634 121 32
121 700 4
121 1422 4
1422 1327 4
1422 469 4
469 1407 32
469 1402 64
1402 441 16
1402 1001 64
1001 163 8
1001 1168 8
1168 1512 16
1168 606 64
606 916 32
606 604 4
604 1303 16
604 729 16
729 395 64
287 1386 8
287 904 8
904 1075 8
904 1122 16
904 896 8
1122 454 16
1122 1103 4
1103 896 8
1103 1020 4
1020 1515 32
1020 991 16
991 155 64
991 1260 4
1260 139 64
1260 937 4
937 51 16
937 758 16
758 492 16
758 719 64
719 773 32
719 1485 4
1485 53 8
1485 375 64
1485 880 4
375 1160 32
375 228 16
228 880 32
228 520 4
228 363 4
520 766 64
520 617 32
617 363 64
617 1117 32
1117 74 64
1117 48 8
48 810 8
48 646 64
646 759 8
646 169 4
169 408 32
169 827 16
827 119 16
827 1440 64
1440 1516 16
1440 411 4
411 379 16
411 1362 16
411 1273 8
1362 1445 16
1362 277 32
277 1273 64
277 559 32
559 1067 32
559 1511 64
1511 149 8
1511 1154 64
1154 1248 64
1154 59 32
59 364 64
59 587 8
59 1419 8
587 636 8
587 85 4
85 1419 64
85 1534 4
1534 797 8
1534 700 4
1534 907 4
700 620 16
700 1327 32
1327 907 16
1327 1407 8
1407 913 32
1407 441 8
441 101 16
441 163 32
441 354 4
163 1289 64
163 1512 16
1512 354 8
1512 916 64
916 1264 64
916 1303 16
1303 868 64
1303 395 64
395 176 4
1386 819 32
1386 1075 16
1075 641 16
1075 454 16
454 117 4
454 896 4
454 438 4
896 97 16
896 1515 4
1515 438 16
1515 155 32
155 530 8
155 139 16
139 1177 4
139 51 8
51 427 64
51 492 4
492 1594 8
492 773 8
773 858 32
773 53 4
53 905 8
53 1160 4
1160 1136 64
1160 880 64
880 1239 4
880 766 4
766 506 64
766 363 8
363 303 16
363 74 8
74 370 8
74 810 16
74 32 2
810 1578 64
810 759 16
759 32 64
759 408 4
408 777 64
408 119 8
119 291 16
119 1516 32
1516 250 16
1516 379 8
379 1153 8
379 1445 4
379 903 8
1445 18 8
1445 1273 8
1273 903 8
1273 1067 32
1067 951 64
1067 149 32
1067 1112 4
149 236 64
149 1248 8
1248 1112 32
1248 364 16
364 301 8
364 636 4
636 1306 4
636 1419 16
1419 1451 8
1419 797 4
797 8 8
797 620 32
620 1134 16
620 907 8
907 312 64
907 913 4
913 1024 4
913 101 4
101 957 64
101 1289 16
1289 966 8
1289 354 32
354 27 64
354 1264 4
1264 78 8
1264 868 8
868 279 8
868 176 16
176 1185 8
819 1474 4
819 641 8
641 676 4
641 117 32
117 430 8
117 97 64
97 558 64
97 438 8
438 16 16
438 530 64
530 1142 32
530 1177 4
1177 826 16
1177 427 16
1177 1528 2
427 1011 64
427 1594 8
1594 1528 4
1594 858 32
858 1226 4
858 905 16
905 1556 8
905 1136 64
1136 626 32
1136 1239 4
1239 359 64
1239 506 64
506 704 4
506 303 8
303 276 16
303 370 32
303 251 2
370 1319 8
370 1578 32
1578 251 32
1578 32 64
1578 1435 8
32 1482 32
32 777 64
777 1435 8
777 291 16
291 1038 16
291 250 32
291 846 8
250 1591 16
250 1153 8
1153 846 4
1153 18 64
18 992 64
18 903 4
903 1049 8
903 951 4
951 88 64
951 236 32
236 156 32
236 1112 64
1112 114 64
1112 301 8
301 696 16
301 1306 8
1306 40 4
1306 1451 16
1451 1029 32
1451 8 8
8 429 64
8 1134 32
1134 515 16
1134 312 4
312 914 32
312 1024 4
1024 615 8
1024 957 4
957 1581 32
957 966 16
966 713 4
966 27 16
27 814 32
27 78 64
78 383 8
78 279 16
279 1200 4
279 1185 16
1185 1074 32
1474 934 32
1474 676 4
676 619 16
676 430 4
430 735 32
430 558 32
558 553 64
558 16 64
16 1448 64
16 1142 16
1142 1094 64
1142 826 32
826 423 4
826 1011 8
1011 1308 16
1011 1528 4
1528 179 4
1528 1226 4
1226 1299 64
1226 1556 32
1556 887 32
1556 626 8
626 486 8
626 359 4
359 382 64
359 704 8
359 799 8
704 1568 8
704 276 4
276 799 32
276 1319 8
1319 461 16
1319 251 8
251 76 16
251 1482 4
251 1403 2
1482 1569 32
1482 1435 64
1482 833 2
1435 1403 32
1435 1038 8
1038 833 64
1038 1591 8
1591 583 8
1591 846 32
846 974 32
846 992 32
992 1203 32
992 1049 32
1049 1514 16
1049 88 4
88 574 8
88 156 4
156 1455 4
156 114 4
114 1598 32
114 696 4
696 1475 4
696 40 32
40 933 4
40 1029 16
1029 1087 8
1029 429 32
429 1268 64
429 515 4
515 1544 16
515 914 32
914 1199 8
914 615 16
615 635 8
615 1581 16
615 550 8
1581 504 64
1581 713 64
713 550 4
713 814 4
814 1047 8
814 383 8
383 99 32
383 1200 8
1200 1294 8
1200 1074 8
1074 66 64
934 1080 64
934 619 4
619 1107 8
619 735 16
735 872 8
735 553 8
553 473 8
553 1448 64
1448 739 4
1448 1094 8
1094 1000 32
1094 423 32
423 1489 4
423 1308 4
423 863 4
1308 1042 16
1308 179 16
1308 943 8
179 863 32
179 1299 32
1299 943 4
1299 887 64
887 910 32
887 486 16
486 1347 64
486 382 64
382 1493 32
382 1568 8
1568 1557 32
1568 799 16
1568 705 4
799 1242 16
799 461 4
461 705 8
461 76 16
76 1077 64
76 1569 8
1569 100 8
1569 1403 32
1403 1574 64
1403 833 8
833 387 32
833 583 16
583 879 4
583 974 32
974 1039 32
974 1203 64
1203 900 64
1203 1514 8
1203 542 2
1514 1570 4
1514 574 32
574 542 32
574 1455 4
1455 791 64
1455 1598 8
1455 602 8
1598 1383 4
1598 1475 16
1475 602 4
1475 933 8
933 1135 4
933 1087 4
1087 346 64
1087 1268 4
1268 686 4
1268 1544 16
1268 1052 8
1544 122 8
1544 1199 8
1544 771 4
1199 1052 16
1199 635 8
1199 663 8
635 771 64
635 504 8
504 663 16
504 550 32
504 299 2
550 1462 16
550 1047 8
1047 299 64
1047 99 8
1047 1332 8
99 889 16
99 1294 64
1294 1332 64
1294 66 64
66 257 64
1080 535 8
1080 1107 32
1107 1187 4
1107 872 4
872 453 32
872 473 32
872 428 4
473 954 32
473 739 4
739 428 64
739 1000 64
1000 269 64
1000 1489 4
1489 135 8
1489 1042 32
1042 1392 16
1042 863 32
863 1179 16
863 943 64
863 502 4
943 597 4
943 910 64
910 502 4
910 1347 64
1347 769 64
1347 1493 64
1493 1003 16
1493 1557 8
1493 474 8
1557 545 16
1557 1242 64
1242 474 4
1242 705 64
705 211 64
705 1077 16
1077 1245 64
1077 100 4
100 1434 8
100 1574 32
1574 1145 4
1574 387 4
387 196 4
387 879 32
879 1433 8
879 1039 16
1039 1481 4
1039 900 8
900 953 64
900 1570 64
1570 647 16
1570 542 32
542 73 4
542 791 32
542 1147 2
791 1193 4
791 1383 64
1383 1147 32
1383 602 32
602 1076 8
602 1135 16
1135 1439 16
1135 346 8
346 79 8
346 686 8
346 1358 4
686 689 32
686 122 4
122 1358 64
122 1052 16
1052 1086 16
1052 771 32
771 157 4
771 663 8
663 820 16
663 1462 8
1462 1288 4
1462 299 4
299 1463 32
299 889 64
299 805 2
889 517 8
889 1332 8
1332 805 4
1332 257 16
257 650 32
535 593 32
535 1187 4
1187 1572 4
1187 453 64
453 1002 4
453 954 64
954 754 32
954 428 4
428 5 64
428 269 16
269 1281 8
269 135 8
135 475 4
135 1392 8
1392 400 4
1392 1179 16
1179 193 32
1179 597 8
1179 1370 2
597 840 64
597 502 16
597 1414 8
502 1370 32
502 769 64
769 1414 8
769 1003 16
1003 1108 8
1003 545 64
545 1457 4
545 474 16
474 902 16
474 211 8
211 107 4
211 1245 16
1245 223 32
1245 1434 64
1434 582 32
1434 1145 64
1434 844 2
1145 813 4
1145 196 8
196 844 16
196 1433 4
196 1246 2
1433 1014 4
1433 1481 16
1481 1246 64
1481 953 4
953 677 4
953 647 64
953 912 2
647 396 8
647 73 4
73 912 8
73 1193 32
1193 330 16
1193 1147 64
1147 463 8
1147 1076 8
1076 365 32
1076 1439 64
1076 224 4
1439 1186 8
1439 79 8
79 224 4
79 689 16
689 188 16
689 1358 32
1358 1338 64
1358 1086 16
1086 547 32
1086 157 32
157 748 32
157 820 16
157 1467 4
820 355 4
820 1288 8
1288 1467 32
1288 1463 32
1463 1394 16
1463 517 32
517 505 16
517 805 16
517 1082 8
805 393 32
805 650 4
650 1082 32
593 986 8
593 1572 64
593 829 8
1572 948 64
1572 1002 64
1002 829 32
1002 754 32
754 67 4
754 5 32
5 538 8
5 1281 4
1281 1004 8
1281 475 8
475 717 8
475 400 8
400 106 8
400 193 16
193 1216 64
193 840 4
193 184 4
840 1272 64
840 1370 64
1370 184 64
1370 1414 16
1414 503 16
1414 1108 16
1108 420 64
1108 1457 4
1457 1209 64
1457 902 32
1457 747 4
902 1233 4
902 107 8
107 747 4
107 223 64
223 554 16
223 582 64
582 894 8
582 813 32
582 527 8
813 1577 4
813 844 32
844 527 64
844 1014 32
1014 906 32
1014 1246 4
1246 1158 64
1246 677 8
677 413 4
677 396 16
677 1558 4
396 803 8
396 912 64
912 1558 64
912 330 64
330 4 4
330 463 8
463 127 8
463 365 4
365 1575 16
365 1186 16
1186 1270 8
1186 224 4
224 41 4
224 188 16
188 61 16
188 1338 4
1338 1009 16
1338 547 16
547 807 16
547 748 16
748 1286 4
748 355 64
355 1396 8
355 1467 32
1467 333 8
1467 1394 16
1394 275 64
1394 505 16
505 255 4
505 393 32
505 1345 4
393 1046 32
393 1082 32
1082 1345 4
986 434 8
986 948 32
948 96 16
948 829 8
829 367 64
829 67 32
67 822 32
67 538 16
538 401 8
538 1004 16
1004 692 8
1004 717 4
717 843 16
717 106 32
106 268 64
106 1216 64
1216 391 4
1216 1272 32
1272 565 8
1272 184 64
184 730 64
184 503 32
503 1078 64
503 420 64
420 398 32
420 1209 32
1209 181 4
1209 1233 4
1233 415 16
1233 747 64
747 1428 32
747 554 64
554 72 64
554 894 32
554 1097 8
894 1243 8
894 1577 64
1577 1097 64
1577 527 16
527 222 64
527 906 4
906 455 32
906 1158 4
1158 1397 4
1158 413 32
413 166 8
413 803 64
803 883 4
803 1558 8
1558 956 32
1558 4 32
1558 1537 4
4 733 4
4 127 64
127 1537 4
127 1575 64
1575 476 8
1575 1270 8
1575 941 4
1270 1583 32
1270 41 64
41 941 8
41 61 64
61 1256 64
61 1009 64
61 1131 2
1009 755 8
1009 807 16
1009 482 2
807 1131 16
807 1286 8
1286 482 64
1286 1396 32
1396 1211 64
1396 333 32
1396 787 2
333 1360 4
333 275 32
275 787 32
275 255 16
255 935 32
255 1046 32
1046 1418 16
1046 1345 64
1345 577 4
434 1060 16
434 96 32
434 893 2
96 1183 8
96 367 64
367 893 32
367 822 4
367 45 4
822 60 64
822 401 64
401 45 4
401 692 16
401 1189 2
692 1215 16
692 843 16
843 1189 16
843 268 32
268 1547 8
268 391 64
391 569 16
391 565 8
565 1084 64
565 730 4
565 1295 8
730 231 4
730 1078 64
1078 1295 64
1078 398 32
1078 65 8
398 219 32
398 181 4
181 65 64
181 415 64
415 1517 32
415 1428 4
1428 726 64
1428 72 8
72 1128 8
72 1243 64
1243 1373 8
1243 1097 4
1097 310 64
1097 222 8
222 285 16
222 455 16
455 1141 4
455 1397 4
1397 380 8
1397 166 8
166 246 32
166 883 16
883 425 8
883 956 16
956 1498 64
956 733 8
733 1129 16
733 1537 16
733 847 4
1537 120 32
1537 476 8
476 847 16
476 1583 32
476 681 8
1583 1310 16
1583 941 8
941 681 4
941 1256 64
1256 497 32
1256 755 16
755 857 64
755 1131 16
755 1523 2
1131 1447 64
1131 482 4
1131 142 8
482 1523 8
482 1211 8
482 14 4
1211 142 8
1211 1360 4
1360 14 32
1360 787 4
787 1143 16
787 935 64
935 1375 64
935 1418 16
1418 1267 32
1418 577 8
577 274 16
1060 865 16
1060 1183 16
1183 198 64
1183 893 32
893 225 8
893 60 8
893 1165 8
60 21 8
60 45 32
45 1165 32
45 1215 16
1215 449 8
1215 1189 64
1189 390 4
1189 1547 4
1547 1262 32
1547 569 8
569 955 32
569 1084 8
1084 1119 64
1084 231 16
231 288 16
231 1295 8
1295 658 32
1295 219 8
1295 1316 4
219 358 16
219 65 32
65 1316 4
65 1517 8
1517 783 32
1517 726 16
1517 1331 4
726 1555 16
726 1128 8
1128 1331 32
1128 1373 4
1373 1346 32
1373 310 8
310 528 16
310 285 64
285 901 32
285 1141 8
1141 1190 32
1141 380 4
380 197 8
380 246 32
246 405 4
246 425 64
246 436 4
425 242 16
425 1498 8
1498 436 64
1498 1129 64
1129 489 4
1129 120 32
120 112 32
120 847 16
120 1291 8
847 1007 32
847 1310 4
1310 1291 8
1310 681 4
681 214 64
681 497 4
497 1382 8
497 857 64
857 599 8
857 1447 16
1447 512 64
1447 1523 4
1523 673 8
1523 142 16
142 1582 8
142 14 32
14 721 16
14 1143 4
1143 1318 64
1143 1375 32
1375 1573 4
1375 1267 32
1267 319 4
1267 274 32
274 407 64
865 764 64
865 198 32
198 458 8
198 225 4
225 568 16
225 21 8
21 1529 64
21 1165 32
1165 526 8
1165 449 16
1165 1352 4
449 1250 32
449 390 8
390 1352 8
390 1262 8
1262 832 32
1262 955 16
955 154 32
955 1119 16
1119 1109 64
1119 288 32
1119 481 8
288 1324 16
288 658 64
658 481 32
658 358 16
358 148 32
358 1316 16
1316 465 64
1316 783 16
783 108 64
783 1555 16
1555 925 64
1555 1331 4
1555 208 4
1331 1325 16
1331 1346 8
1331 1277 8
1346 208 64
1346 528 64
528 1277 16
528 901 32
901 34 32
901 1190 16
901 321 8
1190 259 32
1190 197 4
197 321 4
197 405 32
405 1161 4
405 242 8
242 1417 8
242 436 8
242 860 2
436 588 8
436 489 16
489 860 64
489 112 64
112 836 8
112 1007 8
1007 1576 4
1007 1291 8
1007 779 8
1291 802 8
1291 214 32
214 779 64
214 1382 4
1382 585 32
1382 599 64
599 1366 4
599 512 4
512 140 16
512 673 4
673 1400 32
673 1582 64
1582 1542 16
1582 721 8
721 50 64
721 1318 8
1318 456 4
1318 1573 4
1573 1232 32
1573 319 64
1573 394 4
319 1054 4
319 407 8
407 394 16
764 311 16
764 458 8
458 209 64
458 568 64
458 1349 2
568 1404 4
568 1529 4
568 444 4
1529 1349 16
1529 526 64
526 444 32
526 1250 8
1250 362 4
1250 1352 16
1250 1329 4
1352 343 64
1352 832 32
1352 264 8
832 1329 16
832 154 8
154 264 4
154 1109 64
1109 31 4
1109 1324 64
1324 691 8
1324 481 16
1324 1408 8
481 234 64
481 148 4
148 1408 64
148 465 8
465 789 8
465 108 4
108 915 8
108 925 8
108 442 8
925 1317 4
925 1325 32
1325 442 32
1325 208 16
208 1342 64
208 1277 32
1277 345 8
1277 34 4
34 1167 64
34 259 8
259 909 64
259 321 4
321 1116 32
321 1161 4
1161 1530 32
1161 1417 4
1417 640 8
1417 588 64
588 173 8
588 860 64
860 381 32
860 836 8
836 336 4
836 1576 8
1576 81 64
1576 802 64
802 1045 32
802 779 4
779 714 4
779 585 8
585 629 8
585 1366 4
1366 980 32
1366 140 16
1366 1309 8
140 1293 16
140 1400 64
1400 1309 32
1400 1542 32
1542 215 8
1542 50 4
1542 1025 4
50 104 32
50 456 32
456 1025 8
456 1232 4
1232 152 64
1232 1054 4
1054 867 16
1054 394 4
394 318 16
311 240 64
311 209 4
209 373 16
209 1404 16
1404 1099 16
1404 1349 4
1404 1453 8
1349 123 8
1349 444 32
444 1453 16
444 362 16
362 659 16
362 343 64
343 1005 32
343 1329 32
1329 282 64
1329 264 4
1329 1311 8
264 746 16
264 31 8
31 1311 8
31 691 8
691 446 4
691 234 32
691 145 4
234 1115 64
234 1408 32
1408 145 64
1408 789 8
789 1101 4
789 915 32
789 216 8
915 988 4
915 1317 4
1317 216 4
1317 442 32
442 928 4
442 1342 8
1342 1563 4
1342 345 64
345 701 32
345 1167 64
345 1479 8
1167 1484 4
1167 909 16
909 1479 8
909 1116 64
1116 92 64
1116 1530 32
1116 320 4
1530 192 32
1530 640 4
640 320 4
640 173 32
173 165 32
173 381 8
381 643 32
381 336 16
336 323 4
336 81 16
336 952 4
81 1197 32
81 1045 64
1045 952 32
1045 714 32
714 1098 64
714 629 16
629 249 16
629 980 4
980 248 64
980 1293 8
1293 750 8
1293 1309 16
1309 614 64
1309 215 64
215 256 32
215 104 4
104 1341 32
104 1025 32
104 187 8
1025 1585 4
1025 152 8
152 187 16
152 867 64
867 1354 32
867 318 32
318 1285 32
240 399 4
240 373 8
373 1055 32
373 1099 4
1099 605 8
1099 123 64
123 734 4
123 1453 8
123 1118 4
1453 328 16
1453 659 4
1453 1357 4
659 1118 16
659 1005 4
1005 1357 8
1005 282 16
282 369 64
282 746 4
282 83 2
746 630 32
746 1311 8
1311 83 8
1311 446 32
446 409 64
446 1115 8
1115 539 4
1115 145 32
145 52 8
145 1101 32
1101 932 64
1101 988 64
988 478 32
988 216 64
988 541 2
216 973 4
216 928 4
928 541 8
928 1563 4
1563 595 16
1563 701 16
701 260 32
701 1484 8
1484 1372 8
1484 1479 16
1484 1263 4
1479 111 16
1479 92 4
92 1263 32
92 192 4
192 1013 32
192 320 8
192 724 2
320 1361 4
320 165 16
165 724 32
165 643 4
643 68 32
643 323 32
323 1079 8
323 1197 4
1197 273 4
1197 952 8
952 93 16
952 1098 8
952 1384 8
1098 172 8
1098 249 64
249 1384 64
249 248 32
248 180 32
248 750 32
750 852 32
750 614 4
614 645 4
614 256 32
256 546 32
256 1341 4
1341 75 64
1341 1585 32
1585 205 64
1585 187 16
1585 237 8
187 1213 64
187 1354 64
1354 237 32
1354 1285 16
1285 171 32
399 1194 32
399 1055 4
1055 1313 32
1055 605 4
605 175 64
605 734 32
734 477 64
734 328 8
328 1019 4
328 1118 64
1118 69 64
1118 1357 16
1357 639 8
1357 369 64
369 848 32
369 630 64
630 1207 32
630 83 32
83 467 4
83 409 4
409 1257 32
409 539 8
409 1121 4
539 1571 4
539 52 32
539 567 2
52 1121 64
52 932 16
932 567 8
932 478 4
478 571 32
478 973 4
973 678 16
973 541 4
541 1507 8
541 595 64
595 586 16
595 260 32
595 1104 2
260 422 64
260 1372 8
1372 1104 8
1372 111 64
111 627 32
111 1263 32
1263 560 8
1263 1013 8
1013 1040 8
1013 1361 4
1361 642 32
1361 724 32
724 522 32
724 68 32
68 254 8
68 1079 16
1079 561 16
1079 273 4
273 1072 8
273 93 16
93 460 4
93 172 64
172 403 64
172 1384 64
172 690 8
1384 584 4
1384 180 64
180 690 16
180 852 32
852 877 4
852 645 4
852 178 8
645 1057 16
645 546 4
546 178 4
546 75 8
546 662 2
75 43 4
75 205 16
205 662 4
205 1213 64
1213 1461 32
1213 237 64
237 1102 4
237 171 4
171 518 4
1194 607 64
1194 1313 8
1313 845 8
1313 175 16
1313 1287 4
175 881 32
175 477 16
477 1287 64
477 1019 32
477 668 2
1019 1174 32
1019 69 16
69 668 4
69 639 64
639 1244 4
639 848 16
848 1006 32
848 1207 4
1207 796 16
1207 467 16
467 1567 32
467 1257 64
1257 1500 4
1257 1571 16
1571 698 4
1571 1121 32
1121 942 4
1121 567 8
567 1367 8
567 571 8
571 304 32
571 678 64
678 543 4
678 1507 64
1507 143 16
1507 586 64
586 1597 4
586 422 64
422 388 4
422 1104 4
422 280 4
1104 1298 8
1104 627 32
627 280 32
627 560 16
560 1423 4
560 1040 8
1040 850 4
1040 642 64
1040 1184 4
642 1464 32
642 522 8
522 1184 8
522 254 8
254 1271 64
254 561 64
561 995 64
561 1072 4
1072 164 16
1072 460 16
460 1238 64
460 403 4
403 1543 4
403 584 32
584 1148 16
584 690 16
690 761 4
690 877 4
877 432 16
877 1057 64
1057 680 16
1057 178 32
178 926 8
178 43 32
43 1212 16
43 662 4
662 315 8
662 1461 16
1461 1502 4
1461 1102 4
1102 238 4
1102 518 8
518 329 8
607 1 8
607 845 4
845 874 8
845 881 16
881 768 4
881 1287 32
1287 1033 4
1287 1174 64
1174 1017 64
1174 668 64
668 201 32
668 1244 16
1244 720 16
1244 1006 16
1006 424 8
1006 796 4
796 1323 64
796 1567 4
1567 811 16
1567 1500 64
1500 1206 32
1500 698 8
698 1255 8
698 942 8
942 1258 4
942 1367 8
942 616 8
1367 1504 64
1367 304 16
304 616 16
304 543 32
543 959 64
543 143 32
143 1421 16
143 1597 4
1597 1553 32
1597 388 32
388 1348 16
388 1298 8
1298 168 8
1298 280 16
280 809 4
280 1423 4
1423 637 32
1423 850 64
850 235 8
850 1464 64
850 886 4
1464 849 8
1464 1184 4
1184 886 4
1184 1271 32
1271 0 64
1271 995 4
1271 1217 4
995 1452 4
995 164 8
164 1217 16
164 1238 64
1238 1533 8
1238 1543 8
1543 1278 64
1543 1148 16
1148 756 4
1148 761 32
761 95 32
761 432 64
432 1297 4
432 680 8
432 793 8
680 864 32
680 926 4
926 793 4
926 1212 64
1212 1065 8
1212 315 4
315 294 8
315 1502 8
1502 1068 4
1502 238 4
238 1290 64
238 329 64
329 1219 32
1 1138 4
1 874 4
874 1210 32
874 768 4
768 1541 4
768 1033 8
1033 334 8
1033 1017 8
1033 191 2
1017 462 8
1017 201 8
201 191 4
201 720 16
201 1241 2
720 622 32
720 424 32
720 147 4
424 1241 8
424 1323 32
424 137 2
1323 147 8
1323 811 4
1323 42 8
811 137 16
811 1206 8
1206 42 4
1206 1255 8
1206 1412 8
1255 1488 4
1255 1258 16
1255 718 8
1258 1412 64
1258 1504 32
1504 718 64
1504 616 16
616 417 64
616 959 8
959 1506 4
959 1421 4
1421 794 8
1421 1553 4
1553 737 64
1553 1348 8
1348 1071 8
1348 168 64
168 923 4
168 809 8
809 300 8
809 637 8
809 160 4
637 314 16
637 235 32
235 160 4
235 849 4
235 141 2
849 386 8
849 886 16
886 141 32
886 0 16
0 1041 8
0 1452 4
0 782 4
1452 349 64
1452 1217 16
1217 782 4
1217 1533 64
1217 653 2
1533 917 32
1533 1278 8
1278 653 8
1278 756 4
1278 488 2
756 533 32
756 95 16
95 488 4
95 1297 4
95 1539 2
1297 1305 16
1297 864 4
864 1539 64
864 793 4
793 760 4
793 1065 8
1065 459 64
1065 294 8
294 326 32
294 1068 4
1068 624 32
1068 1290 32
1068 20 2
1290 772 8
1290 1219 4
1219 20 16
1138 11 16
1138 1210 64
1210 1169 16
1210 1541 32
1541 1540 8
1541 334 64
1541 1110 2
334 55 4
334 462 64
462 1110 64
462 191 8
191 1253 64
191 622 4
622 26 32
622 1241 4
622 938 8
1241 555 64
1241 147 16
147 938 16
147 137 16
137 654 32
137 42 16
42 82 32
42 1488 4
1488 549 32
1488 1412 32
1412 1350 64
1412 718 32
718 1151 64
718 417 16
417 15 8
417 1506 16
417 232 4
1506 245 4
1506 794 16
794 232 4
794 737 16
737 1181 16
737 1071 4
1071 611 8
1071 923 16
923 150 8
923 300 64
300 1261 8
300 314 8
314 113 32
314 160 32
160 159 8
160 386 8
386 580 8
386 141 4
141 525 64
141 1041 4
1041 1326 8
1041 349 8
349 414 32
349 782 8
782 921 4
782 917 4
917 1490 16
917 653 8
653 90 8
653 533 4
653 338 2
533 1566 8
533 488 4
488 338 4
488 1305 16
488 507 4
1305 1010 4
1305 1539 16
1539 507 8
1539 760 64
760 1554 16
760 459 4
760 1550 8
459 1589 16
459 326 16
326 1550 16
326 624 64
624 1163 64
624 772 8
772 753 64
772 20 4
20 491 64
11 360 64
11 1169 16
1169 1146 8
1169 1540 16
1540 1426 8
1540 55 64
55 667 8
55 1110 64
1110 1424 8
1110 1253 16
1253 229 16
1253 26 8
26 1124 4
26 555 4
555 1551 64
555 938 8
938 679 64
938 654 16
654 1196 4
654 82 32
654 1249 8
82 996 8
82 549 8
549 1249 8
549 1350 8
1350 1538 32
1350 1151 16
1151 1531 16
1151 15 32
15 1351 4
15 245 32
245 431 16
245 232 32
232 1044 4
232 1181 32
1181 1021 32
1181 611 16
611 715 32
611 150 32
150 981 4
150 1261 16
1261 46 32
1261 113 16
113 1427 4
113 159 32
113 392 8
159 1279 32
159 580 8
580 392 4
580 525 16
525 1283 64
525 1326 64
1326 308 32
1326 414 16
414 767 32
414 921 32
921 230 32
921 1490 16
1490 340 32
1490 90 64
90 573 32
90 1566 16
90 1596 8
1566 862 8
1566 338 8
338 1596 8
338 1010 16
1010 316 4
1010 507 64
507 1144 8
507 1554 8
507 855 4
1554 206 64
1554 1589 8
1589 855 16
1589 1550 4
1550 1058 16
1550 1163 4
1163 298 4
1163 753 32
1163 1442 2
753 1459 16
753 491 32
491 1442 64
360 1030 8
360 1146 16
360 1486 8
1146 281 64
1146 1426 8
1426 1486 4
1426 667 32
667 1409 64
667 1424 16
667 1379 8
1424 1337 64
1424 229 16
229 1379 64
229 1124 8
1124 1344 16
1124 1551 8
1551 625 32
1551 679 8
1551 1369 4
679 212 8
679 1196 16
1196 1369 8
1196 996 64
996 1416 16
996 1249 8
1249 2 8
1249 1538 64
1538 552 32
1538 1531 64
1531 241 32
1531 1351 4
1531 284 8
1351 664 4
1351 431 64
431 284 16
431 1044 32
431 695 8
1044 124 64
1044 1021 64
1021 695 64
1021 715 4
715 1113 4
715 981 64
981 744 8
981 46 16
981 997 8
46 1425 8
46 1427 16
1427 997 8
1427 1279 16
1279 58 16
1279 392 32
392 302 16
392 1283 4
1283 84 4
1283 308 4
308 815 64
308 767 8
767 1015 8
767 230 8
230 468 8
230 340 32
340 1170 32
340 573 32
573 305 4
573 862 32
862 289 16
862 1596 4
1596 1378 16
1596 316 32
316 1328 64
316 1144 4
316 861 2
1144 1301 64
1144 206 64
206 861 8
206 855 32
206 341 2
855 537 16
855 1058 64
1058 341 64
1058 298 4
298 1466 32
298 1459 16
1459 613 64
1459 1442 64
1442 451 64
1030 1552 64
1030 281 16
281 1234 32
281 1486 8
1486 838 8
1486 1409 16
1409 1377 16
1409 1337 4
1337 1492 64
1337 1379 32
1379 1275 4
1379 1344 64
1344 125 8
1344 625 8
625 1561 64
625 212 64
212 105 4
212 1369 8
1369 540 64
1369 1416 8
1416 258 4
1416 2 16
2 1178 32
2 552 16
552 1175 32
552 241 64
241 1280 32
241 664 16
664 924 8
664 284 32
284 479 16
284 124 16
124 1191 64
124 695 16
695 309 16
695 1113 8
1113 1027 16
1113 744 64
1113 618 8
744 529 64
744 1425 16
1425 618 32
1425 997 64
997 86 8
997 58 64
58 307 8
58 302 32
302 466 32
302 84 8
84 1091 32
84 815 64
815 1164 8
815 1015 64
1015 919 8
1015 468 4
468 445 16
468 1170 64
468 35 2
1170 878 32
1170 305 4
305 35 32
305 289 4
289 950 8
289 1378 8
1378 64 64
1378 1328 4
1328 384 32
1328 1301 16
1301 556 32
1301 861 4
861 516 32
861 537 32
537 534 64
537 341 64
341 1225 16
341 1466 64
1466 1497 32
1466 613 8
1466 1393 4
613 962 64
613 451 32
451 1393 8
1552 1548 64
1552 1234 4
1234 601 16
1234 838 16
838 971 8
838 1377 16
1377 1339 16
1377 1492 8
1492 1333 32
1492 1275 32
1492 1374 2
1275 816 16
1275 125 64
125 1374 64
125 1561 16
1561 961 8
1561 105 64
105 1073 16
105 540 32
540 922 4
540 258 16
258 851 32
258 1178 16
1178 600 16
1178 1175 8
1175 1441 32
1175 1280 32
1280 631 4
1280 924 64
924 1465 4
924 479 32
924 227 8
479 1111 64
479 1191 32
1191 227 16
1191 309 32
309 806 16
309 1027 8
1027 1413 8
1027 529 8
529 448 32
529 618 8
618 1501 16
618 86 4
86 19 8
86 307 8
307 589 16
307 466 32
466 572 4
466 1091 32
1091 1368 32
1091 1164 32
1164 56 16
1164 919 8
919 790 32
919 445 32
445 801 4
445 878 16
878 1449 4
878 35 8
878 532 8
35 740 16
35 950 64
950 532 8
950 64 32
950 115 2
64 265 16
64 384 8
384 115 8
384 556 4
556 1035 4
556 516 16
516 694 8
516 534 16
534 1026 4
534 1225 64
1225 1050 64
1225 1497 32
1497 1056 8
1497 962 32
962 1364 8
962 1393 64
1393 548 8
1548 418 4
1548 601 32
601 888 32
601 971 32
971 1545 16
971 1339 4
971 964 2
1339 975 4
1339 1333 32
1333 964 32
1333 816 4
816 1359 8
816 1374 64
1374 1335 16
1374 961 16
961 728 64
961 1073 64
1073 1503 4
1073 922 64
922 1292 4
922 851 32
851 711 32
851 600 8
600 296 4
600 1441 32
600 495 4
1441 464 8
1441 631 8
1441 683 8
631 495 64
631 1465 16
1465 683 4
1465 1111 64
1111 978 8
1111 227 16
227 317 4
227 806 8
806 182 8
806 1413 8
1413 1051 32
1413 448 16
448 674 8
448 1501 4
1501 570 32
1501 19 64
19 788 32
19 589 4
589 286 64
589 572 64
572 660 16
572 1368 8
572 1450 4
1368 1480 4
1368 56 32
56 1450 64
56 790 4
790 1415 16
790 801 4
801 786 32
801 1449 16
1449 1532 8
1449 740 16
740 1437 32
740 532 8
532 519 64
532 265 4
265 416 4
265 115 16
115 682 4
115 1035 64
1035 885 64
1035 694 32
694 131 16
694 1026 4
1026 970 4
1026 1050 64
1050 1536 32
1050 1056 16
1056 217 64
1056 1364 32
1364 1388 32
1364 548 32
548 1444 32
418 247 4
418 888 64
888 1061 8
888 1545 4
888 670 2
1545 965 32
1545 975 64
975 670 4
975 964 16
964 785 8
964 1359 4
1359 671 64
1359 1335 64
1335 778 64
1335 728 4
728 1526 64
728 1503 32
1503 421 4
1503 1292 64
1503 672 8
1292 483 16
1292 711 16
711 672 32
711 296 64
296 596 16
296 464 8
464 1385 4
464 495 32
495 804 8
495 683 64
683 1599 4
683 978 16
978 741 64
978 317 4
317 989 4
317 182 64
182 1231 64
182 1051 4
1051 1584 4
1051 674 32
674 1307 4
674 570 16
570 1411 8
570 788 4
788 594 64
788 286 4
286 1509 4
286 660 16
660 1069 32
660 1480 16
1480 91 32
1480 1450 16
1450 544 64
1450 1415 32
1450 908 8
1415 290 64
1415 786 4
786 908 64
786 1532 16
1532 207 32
1532 1437 16
1437 824 16
1437 519 64
519 342 8
519 416 4
416 513 16
416 682 4
682 1127 16
682 885 64
885 1252 64
885 131 32
131 1240 4
131 970 64
970 968 4
970 1536 4
1536 29 4
1536 217 64
217 842 32
217 1388 32
1388 1023 4
1388 1444 8
1444 377 32
247 784 32
247 1061 64
1061 30 32
1061 965 32
1061 1173 4
965 509 64
965 670 8
670 1173 8
670 785 4
785 385 4
785 671 32
671 1254 32
671 778 16
778 776 4
778 1526 64
1526 780 8
1526 421 4
421 1162 32
421 483 32
483 313 16
483 672 4
672 1595 64
672 596 32
672 194 8
596 103 32
596 1385 16
1385 194 64
1385 804 4
804 1053 16
804 1599 32
1599 210 8
1599 741 8
741 94 32
741 989 4
989 49 8
989 1231 64
989 1546 8
1231 1355 8
1231 1584 16
1584 1546 32
1584 1307 32
1307 612 16
1307 1411 32
1411 1565 16
1411 594 64
594 324 64
594 1509 8
1509 592 64
1509 1069 4
1069 335 16
1069 91 8
91 128 32
91 544 64
91 1559 4
544 17 32
544 290 8
290 1559 32
290 908 8
290 795 8
908 930 64
908 207 16
207 795 16
207 824 64
824 652 32
824 342 16
342 1140 16
342 513 4
513 1430 64
513 1127 32
1127 498 8
1127 1252 64
1252 1446 32
1252 1240 16
1240 129 64
1240 968 16
968 332 32
968 29 16
29 1405 16
29 842 64
842 1410 16
842 1023 32
1023 899 8
1023 377 64
377 666 16
784 835 4
784 30 8
30 839 4
30 509 32
509 1505 16
509 1173 4
1173 185 64
1173 385 32
385 6 64
385 1254 64
1254 982 8
1254 776 8
776 1070 64
776 780 16
776 1092 4
780 1432 32
780 1162 4
1162 1092 32
1162 313 16
1162 870 8
313 1083 64
313 1595 32
1595 870 4
1595 103 8
103 745 16
103 194 4
194 348 4
194 1053 4
1053 1315 4
1053 210 16
210 1220 64
210 94 64
94 1204 32
94 49 4
49 869 64
49 1355 4
1355 831 8
1355 1546 4
1546 1229 32
1546 612 16
1546 372 4
612 24 64
612 1565 4
1565 372 64
1565 324 4
324 1195 64
324 592 16
592 591 32
592 335 8
592 447 4
335 1470 64
335 128 64
128 447 4
128 17 64
17 1120 8
17 1559 4
1559 1535 8
1559 930 16
930 1222 8
930 795 16
795 638 8
795 652 64
652 1224 4
652 1140 4
652 1483 2
1140 350 32
1140 1430 64
1430 1483 8
1430 498 64
498 1399 8
498 1446 8
1446 337 64
1446 129 16
129 13 4
129 332 32
129 871 8
332 977 64
332 1405 8
1405 871 16
1405 1410 32
1410 1443 64
1410 899 32
899 439 16
899 666 8
666 1494 16
835 944 8
835 839 4
835 1166 8
839 144 32
839 1505 8
1505 1166 4
1505 185 64
185 669 16
185 6 8
6 368 32
6 982 32
982 501 32
982 1070 64
1070 891 64
1070 1432 8
1432 190 64
1432 1092 4
1092 927 32
1092 1083 4
1092 1064 8
1083 1381 32
1083 870 4
870 1064 32
870 745 16
745 1081 4
745 348 8
745 821 8
348 1096 4
348 1315 64
1315 821 4
1315 1220 16
1220 1302 64
1220 1204 32
1204 262 64
1204 869 64
869 102 32
869 831 8
831 1037 32
831 1229 4
1229 220 4
1229 24 16
24 356 4
24 372 32
372 1266 32
372 1195 32
1195 480 64
1195 591 8
591 357 8
591 1470 8
1470 98 32
1470 447 16
447 693 64
447 1120 16
447 1247 2
1120 221 32
1120 1535 64
1535 1247 64
1535 1222 8
1222 457 32
1222 638 16
638 987 4
638 1224 32
1224 1513 8
1224 350 4
350 661 8
350 1483 8
350 183 4
1483 402 4
1483 1399 64
1399 183 64
1399 337 64
337 7 4
337 13 16
13 3 16
13 977 8
977 322 8
977 871 4
871 557 32
871 1443 4
1443 472 32
1443 439 32
439 1259 32
439 1494 64
1494 1265 64
944 1059 16
944 144 64
144 936 32
144 1166 4
1166 727 8
1166 669 16
669 1491 32
669 368 64
368 134 16
368 501 32
501 781 4
501 891 8
891 825 32
891 190 4
190 1321 4
190 927 16
190 485 8
927 200 32
927 1381 16
1381 485 64
1381 1064 64
1064 376 16
1064 1081 64
1081 1223 8
1081 1096 32
1096 709 16
1096 821 64
821 1100 4
821 1302 8
1302 1487 16
1302 262 16
262 278 4
262 102 16
262 306 4
102 649 4
102 1037 8
1037 306 4
1037 220 16
220 1085 32
220 356 4
220 648 4
356 253 8
356 1266 8
1266 648 64
1266 480 4
480 979 32
480 357 8
357 834 32
357 98 4
98 33 4
98 693 8
693 1343 32
693 221 32
221 1322 8
221 1247 8
1247 471 4
1247 457 32
457 1389 4
457 987 64
987 876 4
987 1513 4
1513 1460 4
1513 661 4
1513 109 8
661 1296 32
661 402 4
402 109 16
402 183 16
183 174 16
183 7 4
7 443 32
7 3 64
7 12 8
3 1114 64
3 322 4
322 12 4
322 557 16
557 263 16
557 472 16
472 732 8
472 1259 8
1259 536 8
1259 1265 16
1265 47 8
1059 644 32
1059 936 64
936 514 32
936 727 8
727 116 16
727 1491 64
727 1519 4
1491 859 64
1491 134 8
134 1519 4
134 781 16
781 1371 4
781 825 16
825 884 32
825 1321 32
825 684 4
1321 609 8
1321 200 16
200 684 16
200 485 8
485 508 4
485 376 16
485 736 2
376 484 8
376 1223 4
1223 736 8
1223 709 32
1223 610 2
709 623 4
709 1100 32
709 873 4
1100 610 8
1100 1487 16
1487 873 64
1487 278 4
278 1471 32
278 649 4
649 189 32
649 306 16
306 419 16
306 1085 4
1085 685 4
1085 253 8
253 1208 8
253 648 32
648 762 16
648 979 4
979 621 16
979 834 32
834 1564 64
834 33 64
33 70 16
33 1343 4
1343 940 64
1343 1322 16
1322 875 32
1322 471 16
471 999 32
471 1389 32
1389 562 8
1389 876 8
876 261 8
876 1460 64
1460 1420 16
1460 1296 16
1296 1106 32
1296 109 32
109 765 64
109 174 32
174 1380 64
174 443 16
174 590 8
443 1330 16
443 1114 8
1114 590 16
1114 12 32
12 566 64
12 263 32
263 500 4
263 732 16
732 531 4
732 536 4
732 598 2
536 798 64
536 47 32
47 598 4
644 1237 64
644 514 32
514 697 16
514 116 8
116 1205 16
116 859 4
859 1227 32
859 1519 64
859 775 2
1519 632 32
1519 1371 4
1371 775 16
1371 884 8
884 1028 8
884 609 4
609 1036 4
609 684 64
684 1458 8
684 508 64
508 292 8
508 484 32
484 655 64
484 736 64
736 757 64
736 623 64
623 452 32
623 610 8
610 1436 32
610 873 16
873 1477 8
873 1471 64
1471 1560 64
1471 189 32
189 812 16
189 419 64
419 410 64
419 685 8
685 1149 32
685 1208 8
1208 1469 64
1208 762 8
762 25 64
762 621 64
621 1180 4
621 1564 64
1564 608 4
1564 70 4
70 63 16
70 940 4
940 437 64
940 875 16
875 118 16
875 999 4
999 130 64
999 562 8
562 1130 32
562 261 16
261 1395 4
261 1420 8
1420 146 64
1420 1106 16
1106 1496 4
1106 765 4
765 352 32
765 1380 8
1380 1580 16
1380 1330 64
1330 1304 32
1330 590 64
590 1472 8
590 566 32
566 1549 64
566 500 16
566 1527 2
500 1230 32
500 531 8
531 1527 8
531 798 32
798 1478 64
798 598 4
598 1214 32
1237 688 16
1237 697 8
697 239 16
697 1205 64
1205 1137 4
1205 1227 4
1227 1508 8
1227 632 8
632 929 64
632 775 4
775 949 8
775 1028 4
1028 800 4
1028 1036 4
1036 39 8
1036 1458 8
1458 1022 32
1458 292 64
1458 931 8
292 1125 32
292 655 4
292 266 8
655 931 32
655 757 64
655 1518 4
757 266 64
757 452 16
452 1518 32
452 1436 4
452 110 8
1436 1495 8
1436 1477 64
1477 110 16
1477 1560 16
1560 841 32
1560 812 16
812 1031 64
812 410 16
410 267 32
410 1149 8
1149 854 64
1149 1469 4
1469 487 16
1469 25 32
25 1390 4
25 1180 8
1180 1228 32
1180 608 32
608 1236 64
608 63 32
63 946 64
63 437 64
437 1132 4
437 118 4
437 272 4
118 1105 32
118 130 32
130 272 8
130 1130 16
1130 1251 64
1130 1395 16
1395 71 16
1395 146 64
146 1284 64
146 1496 8
1496 898 4
1496 352 64
352 774 4
352 1580 8
1580 295 64
1580 1304 4
1304 1353 32
1304 1472 16
1472 1066 8
1472 1549 64
1472 823 2
1549 731 8
1549 1230 64
1230 823 8
1230 1527 32
1230 490 8
1527 54 4
1527 1478 8
1478 490 4
1478 1214 32
1214 882 32
688 1171 32
688 239 64
239 204 32
239 1137 64
239 1473 2
1137 1018 4
1137 1508 4
1508 1473 16
1508 929 16
929 1202 64
929 949 4
949 1312 16
949 800 4
949 699 8
800 920 32
800 39 64
39 699 16
39 1022 8
1022 656 64
1022 1125 32
1125 1274 32
1125 931 32
931 361 32
931 266 64
266 1429 32
266 1518 32
1518 551 16
1518 1495 64
1495 1192 4
1495 110 16
110 1095 32
110 841 32
841 57 8
841 1031 4
1031 1499 4
1031 267 16
267 510 4
267 854 4
854 283 32
854 487 32
487 1387 4
487 1390 4
1390 1221 64
1390 1228 32
1228 1093 4
1228 1236 8
1236 892 32
1236 946 4
946 9 4
946 1132 64
1132 1456 8
1132 1105 16
1105 36 4
1105 272 4
272 1276 8
272 1251 64
272 371 4
1251 203 64
1251 71 32
71 371 8
71 1284 16
1284 62 32
1284 898 16
898 389 32
898 774 64
774 523 4
774 295 32
774 972 8
295 450 8
295 1353 32
1353 972 32
1353 1066 8
1353 1334 4
1066 325 16
1066 731 16
731 1334 4
731 823 64
823 1088 64
823 54 4
54 1157 64
54 490 4
490 1300 64
490 882 8
882 687 8
1171 710 32
1171 204 8
1171 87 4
204 1016 64
204 1018 64
1018 87 4
1018 1473 4
1018 233 4
1473 994 32
1473 1202 16
1202 233 32
1202 1312 64
1312 969 16
1312 920 4
920 1314 32
920 699 4
699 244 32
699 656 16
656 651 32
656 1274 8
1274 1048 8
1274 361 8
361 1454 64
361 1429 8
1429 1401 64
1429 551 32
551 1156 4
551 1192 4
1192 712 64
1192 1095 32
1095 837 64
1095 57 4
57 511 64
57 1499 64
57 856 2
1499 397 8
1499 510 16
1499 853 2
510 856 4
510 283 8
283 853 16
283 1387 64
1387 707 4
1387 1221 8
1221 22 8
1221 1093 16
1093 80 4
1093 892 16
892 158 64
892 9 32
9 1525 8
9 1456 4
1456 37 4
1456 36 64
36 1365 4
36 1276 64
36 378 2
1276 751 4
1276 203 64
203 378 16
203 371 16
203 170 8
371 985 8
371 62 32
371 1438 4
62 170 16
62 389 64
389 1438 4
389 523 8
523 493 8
523 450 4
450 440 16
450 972 4
450 243 8
972 722 32
972 325 32
325 243 4
325 1334 4
1334 1133 8
1334 1088 16
1088 151 16
1088 1157 32
1157 1336 32
1157 1300 8
1300 976 64
1300 687 64
687 270 64
710 1008 4
710 1016 4
1016 1043 4
1016 87 4
87 521 4
87 994 8
87 633 2
994 77 16
994 233 4
233 633 8
233 969 8
969 199 4
969 1314 64
1314 1391 8
1314 244 32
244 344 64
244 651 32
244 1520 4
651 23 32
651 1048 8
651 331 4
1048 1520 16
1048 1454 64
1454 331 16
1454 1401 8
1401 897 16
1401 1156 64
1156 716 4
1156 712 32
712 947 16
712 837 16
837 984 4
837 511 8
837 1376 8
511 161 8
511 397 16
397 1376 16
397 856 16
856 1012 64
856 853 4
853 293 4
853 707 32
707 499 16
707 22 8
22 817 32
22 80 8
80 866 16
80 158 32
158 960 64
158 1525 32
1525 1155 16
1525 37 16
37 412 8
37 1365 4
37 1431 2
1365 830 32
1365 751 8
751 1431 4
751 378 4
378 828 32
378 985 64
985 665 32
985 170 32
170 138 8
170 1438 8
1438 564 64
1438 493 64
493 1522 16
493 440 64
440 1235 64
440 722 16
722 579 8
722 243 64
243 1172 8
243 1133 4
1133 708 16
1133 151 64
151 578 4
151 1336 8
1336 1510 64
1336 976 8
976 983 64
976 270 64
270 252 64
1008 1043 32
1043 521 16
521 77 8
77 633 8
633 199 4
199 1391 4
1391 344 64
344 23 16
23 1520 16
1520 331 4
331 897 64
897 716 8
716 947 8
947 984 4
984 161 4
161 1376 16
1376 1012 8
1012 293 32
293 499 16
499 817 32
817 866 64
866 960 4
960 1155 64
1155 412 32
412 830 4
830 1431 64
1431 828 64
828 665 16
665 138 4
138 564 16
564 1522 8
1522 1235 4
1235 579 64
579 1172 4
1172 708 8
708 578 4
578 1510 8
1510 983 16
983 252 8
1468 1562 351 287 89 702 1198 1188 1034 44 581 126 958 1150 1032 1123 963 904 1386 819 1122 1075 454 1103 896 641 374 496 890 1406 990 226 1474 676 1020 1515 991 155 934 619 1080 1107 524 725 576 433 1363 967 1062 657 723 1260 139 563 937 366 117 97 430 735 558 553 438 16 1448 530 186 763 1593 1587 10 339 1586 1142 1094 1177 826 423 758 719 271 1356 998 706 1485 375 51 427 492 228 1011 535 1089 1340 1063 1139 872 473 1187 453 954 773 53 1594 858 1528 743 404 1476 593 986 1572 948 1160 880 905 1136 1282 1524 742 1002 754 770 752 829 470 434 96 367 327 993 520 766 617 363 1117 74 48 646 575 739 428 5 1000 269 1308 353 1126 628 808 213 703 1489 135 1042 1239 506 1060 1183 865 198 893 1226 1556 764 626 179 863 297 1590 1299 887 943 910 359 486 382 1347 1493 704 1392 303 276 370 1319 153 1579 132 169 1320 827 1440 1152 411 810 1578 251 759 32 408 777 895 1568 1269 911 1218 799 119 1516 379 311 240 461 291 250 1281 475 1557 1242 1179 597 502 769 76 705 1077 1482 1435 1003 545 474 211 1569 1403 100 1574 1038 833 792 167 387 67 1591 583 879 749 347 1159 538 1398 1004 1362 1445 1153 18 846 992 277 1273 903 559 1511 974 1203 1049 1039 1182 28 136 1245 1434 1145 1067 951 88 149 236 1154 1248 818 59 364 1112 156 114 1090 587 162 426 675 1514 574 636 822 401 60 225 458 568 209 900 1570 542 400 193 840 1370 195 634 85 1419 1534 717 692 106 1216 843 268 391 1272 184 218 603 121 45 1215 1189 1455 791 1598 1383 301 696 1475 602 1306 40 1451 1414 1029 1108 503 420 1457 1209 902 107 223 582 933 196 1433 813 21 1165 1529 1481 526 953 647 449 1250 73 1193 1147 1087 1135 346 1404 565 730 1078 398 1547 390 569 1084 231 1295 844 1014 1246 38 133 1592 1521 918 494 1422 219 181 65 1233 415 797 8 429 1268 747 554 1428 72 894 1243 1577 527 906 1158 1517 726 1097 222 455 1349 444 700 620 1134 1327 1262 373 1201 1099 123 399 1194 607 1055 1313 469 1402 955 1119 1352 832 1407 154 1109 1453 288 1324 907 312 913 658 515 914 1544 677 413 1076 1439 396 803 912 1558 330 463 365 1186 362 343 4 127 1575 659 1005 1128 1373 310 285 79 224 1588 1001 358 481 148 1329 282 1316 465 783 108 1555 925 1331 406 945 264 31 686 689 691 188 1 234 1408 122 1358 1338 441 746 1311 1024 446 1115 145 1199 1052 101 957 163 1289 966 789 915 615 635 771 1581 504 713 550 663 605 175 734 328 1118 1357 369 630 83 1325 1346 528 901 845 881 477 1287 208 1277 1019 69 639 848 1207 1174 668 1244 1006 1317 442 1342 34 345 1167 1462 409 1141 1190 1101 988 216 1397 166 1086 547 883 380 246 425 197 405 242 467 1257 539 52 932 874 768 1033 1017 1571 1121 567 201 259 909 928 1563 701 956 733 1498 1129 436 478 1537 120 321 1116 1270 476 1583 41 1484 1479 61 1009 847 92 1310 941 1256 807 489 112 1007 1161 1530 1417 588 860 202 435 939 1176 1168 1512 606 916 354 1264 27 78 738 177 604 1303 868 729 395 814 176 279 836 157 640 820 173 681 1291 214 720 424 497 755 857 192 796 1323 320 165 1576 802 779 381 336 81 973 1045 541 595 260 571 678 1507 586 422 1372 111 1263 1013 643 323 1197 1382 585 599 952 1138 1210 1567 1500 1131 1447 512 811 1206 1104 627 560 11 360 1169 1040 1361 724 642 522 68 1079 1541 334 462 748 355 1540 55 1110 383 1200 1286 482 1396 1211 191 1253 1288 1047 299 1463 99 889 1467 1294 1332 622 26 517 714 1098 629 249 1523 142 673 1582 1366 140 1400 1542 980 248 1293 750 1309 614 215 256 273 93 172 1384 180 852 333 1360 14 1185 1074 66 257 1394 505 805 650 393 1082 275 698 942 1367 304 543 143 1241 555 1255 1258 1504 616 959 1421 1146 1030 281 1552 1234 1548 1597 388 1298 280 1426 1486 667 838 1409 1377 147 137 42 938 654 82 1488 549 1412 1350 718 417 1151 1424 229 1337 1379 1124 1344 1551 679 15 601 971 1423 850 1464 1506 794 1553 737 1348 168 809 637 235 418 888 255 1492 1046 1345 1184 254 561 1271 995 849 886 0 1072 460 164 1238 403 584 690 787 935 625 212 645 546 1143 1375 1339 1333 721 50 1318 456 1418 1267 1545 975 964 245 232 247 1061 784 30 965 509 670 577 274 1573 319 407 1275 125 816 1374 1561 1071 105 923 300 1232 104 1025 314 160 386 1196 996 1369 540 1054 394 1452 1217 1533 1543 1278 152 867 318 141 1041 349 782 917 653 1341 75 1148 1585 205 756 533 187 1213 1354 1285 237 171 877 761 95 1057 178 43 432 1249 1538 1531 1416 258 2 1181 1178 552 241 1175 1280 785 1359 671 1335 778 1351 431 664 924 961 1073 922 851 728 1526 284 1044 124 1021 695 479 1191 309 611 150 715 981 1261 46 113 159 1427 1279 580 392 1297 662 488 525 1326 1283 1113 1027 1305 1461 744 1425 529 618 997 58 302 600 1441 631 1465 1111 227 806 1413 448 680 864 1539 926 793 760 1212 1102 518 86 414 308 767 307 466 921 84 815 1015 1490 90 230 1503 1292 340 573 1566 862 1173 385 1254 835 839 1505 185 711 296 464 495 683 315 1502 6 1091 1164 421 483 468 1170 919 445 878 1065 459 305 289 338 1010 507 294 326 1068 624 238 1290 329 1219 35 950 1596 1378 64 316 1328 384 1554 1144 206 1301 556 1589 1550 1163 944 144 978 317 182 1051 674 1166 669 368 982 501 1501 570 19 776 1070 891 672 780 596 1432 190 1059 936 644 514 1237 1162 1092 727 116 697 1205 313 1083 1595 1491 103 134 859 1385 194 1519 1227 804 1599 927 772 753 741 781 989 1231 1053 825 1321 200 589 572 788 286 20 491 861 516 855 1058 537 341 298 1466 534 1225 1497 1371 884 1459 1442 613 870 451 962 1393 745 1381 485 1064 1081 376 348 1315 1584 1307 1411 594 210 94 1096 821 1220 1302 1204 262 49 869 102 1355 831 1037 1546 1229 612 24 1368 1565 324 372 1195 1509 592 591 56 790 660 1480 1069 1450 91 544 1415 290 632 775 335 1470 1028 128 17 1559 220 356 1266 480 801 1449 786 908 930 357 98 688 239 1137 1532 740 1437 532 519 207 824 342 795 652 1171 710 204 1016 1018 87 1008 1043 521 265 1508 929 1473 994 1202 233 77 633 949 1312 1223 709 1100 416 115 1035 694 1026 682 885 1050 513 1127 1140 1430 498 1252 447 693 131 970 1120 221 1535 1247 1222 457 638 987 609 684 508 1224 350 1036 1487 278 649 306 1085 253 648 800 39 920 969 1314 484 736 1458 292 623 655 757 699 1022 1125 931 266 656 452 1518 610 873 1436 1495 1471 1477 1560 110 841 1274 189 419 812 410 1031 267 979 685 1208 762 1149 1469 25 621 834 33 854 1564 487 1056 1364 548 1536 217 1388 1444 199 244 1391 344 651 23 361 1446 1048 1454 1429 551 1401 1156 1520 331 897 1240 129 1192 712 1095 837 716 947 1483 1399 337 984 1513 661 402 183 57 1499 511 510 283 1387 70 1390 1221 1180 1228 1343 608 1236 63 940 437 946 1132 1322 875 471 1389 999 118 130 1105 968 13 332 977 29 842 1023 377 161 397 1376 856 1012 853 293 707 1093 892 9 499 7 3 876 1460 1296 562 1130 261 272 1251 1420 1106 1395 146 1405 1410 899 666 71 1284 109 765 1496 352 1456 36 1276 203 871 322 557 1443 472 22 80 817 866 158 1525 37 960 1155 412 174 443 1114 1380 1330 590 12 263 732 566 898 774 1580 295 371 62 389 523 1304 1353 1472 1549 1365 751 378 985 170 830 1431 828 665 439 1494 1259 1265 1066 450 972 325 1438 138 564 493 440 1522 722 243 1235 579 1172 500 1230 531 1527 731 823 1334 1088 536 47 798 1478 1133 708 151 578 54 598 1214 1157 1336 1510 490 882 1300 687 976 983 270 252
