733 288 675 929 125 559 461 129 1584 457 953 1148 1036 814 1143 1425 1546 364 1119 500 356 164 714 581 1133 1511 1430 1551 133 249 230 716 437 888 493 981 1486 281 1353 459
1130 1012 1155 332 976 157 1111 86 168 1239 1440 766 659 102 96 1349 636 453 848 377 511 505 433 477 1177 139 1041 259 407 663 1405 771 1532 1068 287 1543 838 379 17 19
785 974 347 1078 837 1243 375 1437 627 1392 1091 1445 362 1311 725 1004 1304 741 335 370 1244 1102 857 1194 59 467 414 850 190 575 2 676 320 1288 827 720 1599 311 1129 668
1156 1397 869 11 30 674 178 240 1550 1163 342 1559 293 1347 584 820 1352 696 209 884 109 604 1331 74 1579 605 185 426 1568 824 411 1065 630 274 1191 709 988 504 75 1225
1047 612 1171 1572 1231 197 1027 665 649 111 395 661 582 1281 1366 610 568 622 744 1054 1233 933 1503 998 1039 1138 233 1227 690 687 1332 1502 548 1510 553 427 1090 1010 1509 1508
236 191 543 1527 43 573 1059 956 855 1315 1382 264 1224 146 862 1409 911 1241 399 1007 1342 1219 712 938 569 1421 21 1544 656 749 652 12 1338 629 173 292 578 1282 269 388
234 1470 222 1031 917 313 833 1110 773 170 484 922 730 177 1541 215 1323 547 294 1183 831 846 1161 580 651 797 104 1533 1555 555 1237 1558 779 306 1322 1426 845 245 692 143
1476 905 1598 1340 1410 891 241 1149 739 1570 409 822 1113 558 179 647 621 1232 373 914 729 977 1199 1339 1412 796 633 1360 1226 503 586 386 1154 1063 903 1517 1295 1116 1112 1032
439 1557 1395 501 764 1538 1289 909 1495 801 421 1206 161 1057 794 818 110 1247 474 1104 549 516 1376 942 410 1364 1017 1374 619 926 1118 54 1203 545 316 1387 446 1487 3 300
1402 213 889 29 1049 1055 529 897 1591 1565 704 672 880 368 876 1221 1079 1193 813 416 1278 1350 906 88 823 1075 301 856 682 1351 431 1378 80 685 376 1457 1249 1417 931 106
1467 13 218 992 67 673 1516 1069 1127 46 1185 359 664 536 1515 338 1399 783 806 447 1512 517 1505 1431 91 105 192 945 1305 727 1085 1490 1117 515 116 174 1061 1567 1299 1236
691 442 438 1014 127 734 901 809 18 1190 1275 51 1493 266 1435 1284 1172 710 251 122 123 1256 655 1300 872 32 1263 830 472 1064 793 1367 418 23 1491 1380 1488 84 1564 1293
772 667 930 646 562 1354 1344 78 268 1439 973 297 1222 854 948 449 697 688 244 1146 310 406 7 1201 1525 265 700 532 1229 835 723 987 1581 531 522 867 486 980 167 148
698 878 1126 1463 915 117 1341 590 510 527 351 1150 650 1175 1465 1188 176 1497 1416 83 107 464 784 417 432 1327 983 832 683 1499 894 458 1000 534 469 118 1218 1394 1180 165
153 887 1197 393 41 1582 1045 1033 61 1106 352 1400 108 499 77 792 1452 325 1385 36 195 1594 200 1321 494 1181 737 480 334 466 881 1370 1563 996 1319 1165 112 1520 1301 946
513 1569 726 1271 229 1008 1302 1286 1245 743 44 16 736 318 441 1518 141 424 1447 807 1333 346 4 366 923 33 519 1066 384 1258 509 1141 781 1298 497 1326 445 957 172 1451
89 1358 340 1389 1074 1589 873 1549 1235 625 289 811 348 1432 1422 1294 853 256 147 138 912 1529 681 1215 1260 1082 415 560 276 1139 1099 1103 1545 1096 1268 566 1393 1320 397 1330
1001 1308 514 198 1482 564 1158 231 312 1140 1548 1388 1504 94 567 967 1067 609 1058 357 1147 991 1442 280 1053 1291 262 271 226 1251 63 286 391 193 434 1355 520 680 1124 205
202 1343 485 260 1254 852 188 892 471 1535 263 639 183 644 496 225 1562 1168 882 731 840 392 1026 546 1507 1200 928 87 1318 542 488 448 951 82 150 932 1246 284 1436 374
1444 383 1574 1324 585 1406 149 985 237 834 1088 1383 184 711 1070 1255 1234 844 279 761 904 1211 180 1596 255 343 919 305 966 291 1554 969 444 1566 481 398 37 380 802 1453
1170 606 321 1585 613 1182 390 498 1072 98 1252 1522 156 331 35 1519 1290 1500 1230 1164 430 113 800 810 495 962 1205 596 877 1107 1157 1121 916 1553 1359 868 600 196 1257 935
142 752 699 1287 1597 158 53 10 1037 487 1446 757 1048 1590 507 970 1020 544 103 248 1443 684 1561 26 1494 223 525 1456 31 1595 1202 1418 594 959 601 879 25 1587 1122 199
576 39 694 99 765 759 1398 71 473 304 5 611 272 0 273 238 329 436 1458 1023 403 632 1316 56 979 662 169 754 1484 588 302 81 1162 114 1501 1449 1455 1018 843 1125
751 144 614 232 1062 163 1022 1306 1472 1051 927 732 934 1030 1577 742 90 1192 159 1411 128 70 870 385 1210 1336 65 1198 1390 1273 1381 365 968 1136 298 506 443 100 713 482
22 219 512 478 1250 1266 404 126 653 1415 341 654 1408 1267 1272 677 166 860 1571 1369 1514 671 1593 468 518 1427 206 679 422 95 940 93 201 324 821 907 753 1346 339 1174
261 208 319 617 721 378 1575 1462 92 615 541 1292 719 1095 556 1035 1159 38 1 1142 1120 491 608 1144 1009 330 337 408 1092 623 452 1583 1015 327 69 1056 637 994 189 1279
1471 152 254 782 1028 750 1296 790 363 899 1483 657 211 918 634 175 893 72 864 1384 1145 1317 616 554 1083 1576 1087 817 239 746 825 451 960 344 387 799 1325 277 1542 686
595 1460 913 1428 990 1328 883 290 1592 758 975 574 1025 462 412 1368 1314 1573 745 836 1006 628 702 145 34 1438 1207 1489 1552 1115 131 1080 735 216 278 1169 631 603 489 789
1481 121 140 1016 246 1101 747 624 1365 1524 607 492 618 645 689 812 538 841 1166 381 371 703 1556 579 778 920 1167 401 465 706 819 775 470 6 124 258 1356 1310 950 40
1414 1433 476 24 707 1297 1208 203 1496 1280 151 1186 943 1076 895 1134 1474 402 369 770 592 955 1303 15 1285 982 79 963 1357 253 798 1313 533 1396 243 1212 886 1560 1050 1363
526 8 1131 678 540 523 777 669 136 1345 1329 1377 708 1100 1178 602 791 47 1253 1052 1043 593 250 1002 936 1459 626 954 921 1046 738 1391 119 658 1097 1469 565 620 898 803
76 828 570 961 1242 952 1013 42 724 1042 508 786 599 353 1029 382 1248 577 1531 64 748 1228 902 924 1530 767 762 863 420 1151 62 68 808 740 314 1189 597 949 1021 460
944 769 400 851 1123 1473 1485 986 217 1492 1077 1264 1361 866 642 805 60 389 1153 58 842 48 965 413 774 349 648 1213 454 333 479 1089 1220 1441 1379 55 1086 718 1128 978
528 27 1423 1011 768 394 194 235 1479 1176 997 660 537 358 247 1283 396 964 419 160 1044 475 270 1362 984 1475 66 715 1466 1003 228 299 162 1372 182 1375 910 1580 57 1540
1547 1216 336 1173 1038 989 282 257 283 666 303 1265 354 849 221 1450 999 242 1204 693 132 1137 861 695 1195 971 1429 591 941 9 1312 1404 155 315 296 947 1094 224 847 1468
865 1309 795 275 45 1419 885 598 154 1019 1105 463 896 52 130 1420 440 875 1214 212 1454 1539 1464 428 285 361 557 1434 1274 326 1386 345 535 640 307 701 1114 20 267 1401
561 524 1528 405 839 858 1108 780 181 1098 670 787 490 214 530 1523 220 1060 456 776 993 571 995 939 1187 429 1307 1537 367 900 539 826 1135 323 1498 1521 1424 722 1081 1152
49 1526 1513 1238 1588 563 1184 308 1071 1261 572 1109 829 1262 115 1209 1534 1024 972 552 171 925 50 760 1160 101 756 372 355 85 1073 1269 1223 435 890 1334 874 137 717 502
788 1196 73 1477 187 455 1179 908 641 425 207 1586 423 1461 1448 1578 1217 28 186 1478 705 1536 587 815 638 1413 755 14 1276 551 252 1093 1337 728 1240 227 521 1040 1270 204
937 1407 1373 210 1506 958 360 1480 1259 309 1335 550 871 1348 643 816 589 97 328 322 1034 1005 763 1403 134 583 1084 295 1132 317 483 135 859 635 1371 350 450 1277 120 804
