1149 1057 1029 1261 52 217 662 824 774 867 980 141 129 616 829 464 573 1329 1124 504 339 937 1193 1221 524 562 1342 1334 1056 1403 1243 509 1491 1150 729 421 1172 1098 2 772
1451 1540 413 604 1050 915 293 1559 157 1462 1562 1336 173 309 776 703 393 876 1112 749 1320 1523 1519 5 1599 1341 1069 416 232 818 1024 1018 82 627 1229 1005 124 488 974 59
431 414 1212 1254 717 686 800 556 1583 1271 1373 1378 1137 621 511 559 863 1287 328 1504 1045 1529 1006 459 9 693 1135 398 1164 156 788 1345 762 795 917 633 295 558 476 1432
557 1196 661 371 997 260 699 953 767 246 1323 653 758 844 1370 489 1125 684 1549 552 638 1356 1404 1525 377 336 1153 1418 574 1448 1026 845 25 1520 1166 354 332 1401 1476 286
303 810 80 678 728 1047 172 518 1309 1551 1522 1494 148 45 1192 1581 850 1268 1284 216 1422 34 177 387 406 1136 672 1110 1237 880 1001 1013 782 1586 781 816 1260 766 701 622
967 721 1425 676 545 361 1121 1090 846 862 1285 910 445 94 83 723 691 603 1375 1085 296 394 168 163 359 886 962 147 833 938 78 575 1252 898 877 988 1332 793 1359 587
120 18 784 1328 0 842 760 1003 1037 1115 1203 444 1326 1087 6 706 927 87 769 580 1436 244 923 418 190 753 71 755 442 739 1585 1265 209 916 27 1091 299 1081 1577 928
202 568 224 109 425 7 1264 99 1574 610 983 563 446 243 304 38 740 1092 1553 164 754 1297 825 596 1052 312 1470 334 433 779 1066 1235 13 353 51 742 1142 294 112 765
1507 1445 207 1454 106 1374 1346 802 564 1488 951 344 184 389 615 61 1281 81 813 110 815 37 1255 1351 150 410 1162 707 1259 1571 1339 166 270 667 171 1230 875 996 135 744
1362 1157 67 125 666 4 441 1512 1407 1354 1176 1408 906 1459 975 1427 746 461 798 275 1078 1165 1565 1171 128 1267 212 536 814 1138 709 1546 512 907 854 799 1584 1306 525 1197
315 33 1187 1429 66 1205 1119 1537 889 936 234 768 1340 1588 530 748 1499 1266 1382 1201 230 1461 1088 453 263 628 1464 879 670 637 1032 1068 522 46 305 839 1274 787 1412 745
472 1511 1368 55 1128 1129 1246 547 1349 1010 469 378 471 370 853 679 365 1195 832 1442 752 1290 508 262 1572 86 1232 253 1542 126 395 747 497 1325 682 808 1337 785 1452 397
412 535 240 242 1241 540 581 883 1182 1304 1256 1397 298 646 858 211 804 526 1051 437 463 367 775 612 320 1357 206 1392 648 1216 1567 1322 360 1313 1101 1033 1538 1086 608 725
1324 48 231 486 92 1484 429 1564 663 618 1049 422 696 1406 515 213 1480 803 1174 26 152 671 1025 1074 1286 730 167 280 857 102 308 1576 1580 321 93 998 1044 1587 714 840
68 330 427 423 1381 586 1156 279 668 852 1385 828 675 935 1353 174 326 323 194 245 1209 660 1497 301 674 589 183 73 1002 636 872 1061 1582 896 1130 1550 681 160 8 595
890 482 333 770 496 258 1280 549 830 1155 10 970 273 579 1258 1114 426 358 325 475 1595 500 1021 1457 645 391 865 778 208 268 1416 1000 159 903 379 1170 30 1534 302 470
252 43 1575 960 1073 560 151 929 1498 1076 271 473 154 1380 874 665 1482 791 292 732 1169 555 631 1202 70 1314 783 1352 514 1126 287 89 363 897 1059 657 624 181 1561 901
1593 572 1004 169 1398 136 510 712 142 1282 1463 934 1579 498 1545 716 1222 590 352 694 1190 222 985 1395 823 356 1347 1116 1016 290 820 546 507 72 1501 1543 925 1434 1598 959
954 1173 577 647 1167 350 602 1211 797 237 1106 362 145 261 644 528 655 619 91 1144 1080 1573 543 669 531 593 641 1011 1308 1527 1219 993 1023 456 1140 1438 695 882 491 650
1298 138 1369 550 539 1053 597 851 1386 1302 189 956 364 1387 269 517 132 14 964 715 914 1426 1316 848 594 1441 407 493 40 97 467 1578 288 614 64 1077 492 1278 1568 340
331 957 335 178 617 1531 1217 599 1399 553 847 1200 918 1554 327 969 248 1592 1250 683 289 1272 1331 1466 1590 1384 1390 1367 1161 763 192 1319 591 955 1133 1234 388 868 188 642
576 1228 1009 1513 1147 1188 227 503 468 1008 946 329 146 195 1437 625 440 976 111 369 878 972 1421 859 588 495 17 919 1524 1468 291 567 380 499 629 1007 1055 697 310 687
29 1481 1151 77 278 582 448 149 1111 733 65 314 205 961 1310 713 1253 761 1248 630 885 606 869 635 107 990 609 809 478 176 376 255 991 987 940 1208 223 1184 1095 404
439 534 1496 1548 462 200 1469 1413 1226 688 1495 1594 69 1273 1430 123 538 1439 1402 466 226 201 977 1479 451 1096 654 1315 856 738 214 143 894 570 501 84 1089 1015 659 351
399 20 1249 841 1083 247 893 277 1300 899 722 307 626 337 1177 1071 881 300 113 1379 705 1420 220 235 19 585 764 1305 1471 664 239 438 1062 926 750 700 420 1072 759 259
1333 1449 677 122 1450 3 1377 835 944 1185 1307 811 60 719 1294 981 780 1318 75 710 801 950 583 1330 692 403 566 911 179 36 887 1489 44 297 1213 390 196 1238 1475 639
1292 1453 598 347 1327 1039 1458 221 90 1041 191 98 484 432 88 726 1123 1030 548 79 720 505 1444 999 447 373 449 460 1240 281 1054 1160 698 1181 1541 1474 1533 1082 620 1224
155 1528 947 1371 1276 266 134 704 1343 419 381 966 1487 1145 1275 116 1198 502 965 411 1510 1424 1141 968 457 480 649 127 1443 756 1312 225 1065 57 826 1139 1120 42 385 920
1423 1191 734 1415 53 21 931 1500 401 724 1557 1218 1391 1118 942 1036 24 267 822 1296 454 1417 450 108 1063 1067 1263 751 909 623 338 1348 366 941 837 908 203 62 249 979
477 537 1288 1079 436 1465 1376 318 306 1355 415 139 1175 1017 133 1158 1365 1283 1570 1100 1295 777 1364 932 1223 1031 283 1419 251 368 219 843 1456 1097 182 185 56 613 1146 1539
1335 578 831 1477 1105 1103 104 523 978 342 1257 607 131 1 542 345 285 939 319 11 1505 1303 455 900 479 891 984 771 1022 1113 386 529 1199 1048 12 417 711 487 989 198
408 1020 1159 1035 790 605 186 513 1131 265 895 254 1589 1472 933 1245 1516 1360 963 741 561 96 1058 986 1102 343 1075 871 992 58 1163 731 1431 1532 912 357 1536 346 727 257
49 400 1247 490 1383 1483 1291 153 23 1189 31 1514 1566 1556 1473 796 1455 860 565 1034 1293 817 161 392 643 1094 424 47 1317 913 1338 827 1569 632 794 544 276 28 551 1301
1409 282 481 1389 892 807 690 994 1509 943 256 1154 1372 1358 197 1530 1506 737 165 74 1414 233 140 1596 348 1521 1279 718 1388 1244 1490 1242 274 1411 743 1070 685 1547 1127 673
180 115 1460 474 1060 836 611 1152 1447 812 405 1269 805 930 786 1544 533 702 904 1485 1019 527 1233 1236 434 855 63 1394 1214 1361 652 1433 600 1558 870 1321 15 521 1207 948
1597 1517 316 680 1440 1251 873 973 228 1299 1215 41 114 1344 1311 1518 1270 443 452 651 864 849 1492 272 396 1478 866 430 1363 144 121 1428 708 39 689 516 958 215 1040 1400
324 175 736 372 1493 821 1405 1435 1104 735 162 250 806 1143 322 532 1109 1535 1350 50 101 1220 1148 313 1194 924 1410 506 1042 1027 1179 945 1239 483 1117 1028 35 971 1560 884
105 341 1014 922 1555 204 119 995 16 1046 1262 241 888 374 1563 199 902 571 1486 861 1134 218 1446 757 137 210 921 193 554 130 1064 1515 640 375 355 1393 117 1277 428 458
1180 838 952 1093 1503 1099 409 634 656 658 236 1183 1108 402 1508 1552 1043 519 1178 238 584 54 1225 187 284 789 1168 1204 229 520 792 1038 32 76 100 264 384 982 317 22
1227 170 1012 1210 95 1289 118 834 1467 85 1186 1396 905 485 1231 349 773 1526 592 1366 1122 1084 158 819 382 435 1591 949 494 1206 311 383 1107 103 1502 1132 569 541 601 465
