0 50 33 3 25 1
0 70 15 18 66 46
0 5 0 20 42 30
0 71 5 14 41 44
0 13 24 7 38 22
0 57 20 3 37 40
0 68 19 33 64 21
0 72 41 3 47 2
0 81 16 34 70 23
0 61 18 8 14 42
0 4 16 34 8 9
0 81 58 18 12 23
0 31 18 6 0 63
0 24 25 28 78 32
0 3 18 1 75 10
0 24 14 10 40 46
0 56 45 8 75 59
0 61 24 40 13 62
0 52 0 8 76 42
0 25 24 8 43 51
0 71 37 26 67 40
0 5 23 25 17 7
0 23 30 35 43 27
0 58 18 6 51 41
0 42 1 29 74 38
0 46 18 26 4 15
0 28 43 37 62 59
0 4 14 29 40 28
0 19 40 10 3 30
0 53 55 1 53 4
0 76 18 42 76 37
0 83 29 14 41 40
1 16 26 8 37 53
1 51 51 21 27 13
1 51 57 24 24 24
1 9 16 23 64 42
1 78 30 28 54 13
1 73 42 29 18 55
1 56 62 18 69 8
1 49 57 29 72 1
1 50 59 18 68 21
1 68 27 23 16 62
1 73 36 7 42 46
1 14 50 2 67 2
1 6 55 8 76 44
1 43 56 18 75 38
1 50 19 31 22 37
1 75 50 18 46 16
1 54 42 21 5 30
1 19 60 2 82 7
1 4 48 36 11 44
1 17 0 3 41 55
1 49 41 22 12 55
1 65 47 11 47 3
1 63 51 27 74 2
1 47 35 24 61 32
1 5 46 37 71 35
1 18 24 35 61 31
1 32 35 35 23 53
1 15 38 13 42 24
1 68 42 40 78 6
1 67 35 24 36 49
1 77 30 36 53 33
1 19 26 38 84 49
2 13 63 15 25 26
2 23 61 9 74 11
2 46 4 35 10 21
2 25 21 20 19 36
2 14 17 24 36 27
2 70 54 30 56 46
2 27 43 34 24 26
2 12 0 13 5 44
2 11 60 41 81 10
2 57 42 35 69 6
2 57 57 0 64 60
2 30 12 6 84 13
2 66 38 9 27 40
2 14 7 16 26 25
2 29 41 2 13 20
2 28 13 18 32 22
2 51 48 26 60 24
2 67 50 19 82 43
2 72 54 22 61 18
2 0 31 28 18 13
2 79 4 30 79 62
2 80 34 22 37 22
2 63 10 3 21 30
2 38 39 33 45 37
2 26 14 19 70 32
2 5 9 34 5 20
2 28 51 25 56 16
2 18 58 11 3 58
2 12 56 19 77 21
2 28 56 35 40 35
2 83 11 9 33 57
2 13 49 26 44 40
3 45 30 18 24 10
3 79 15 36 1 7
3 18 18 30 3 57
3 8 24 25 64 10
3 50 53 12 48 26
3 19 2 23 46 31
3 64 24 40 56 7
3 25 59 22 50 60
3 64 47 11 80 14
3 56 16 29 4 24
3 72 39 8 53 53
3 52 18 41 26 9
3 71 42 8 83 26
3 25 27 15 83 5
3 26 53 27 80 21
3 6 25 17 28 21
3 65 57 34 20 28
3 10 1 3 68 55
3 53 19 10 83 31
3 48 9 26 62 1
3 15 51 17 63 15
3 81 19 36 36 41
3 48 4 17 78 43
3 76 48 12 26 63
3 75 24 5 61 32
3 37 0 20 30 61
3 3 41 26 48 51
3 70 51 15 77 14
3 58 51 28 64 3
3 16 55 17 25 24
3 66 44 31 42 26
3 50 8 38 79 63
4 44 2 40 38 47
4 65 32 11 18 46
4 24 2 34 16 44
4 80 58 41 73 15
4 69 58 4 17 12
4 13 29 4 42 26
4 14 63 16 58 56
4 69 43 4 54 28
4 62 53 29 68 39
4 27 42 8 47 11
4 59 24 38 69 13
4 44 54 29 74 8
4 24 39 4 22 57
4 57 52 37 16 44
4 75 37 3 4 4
4 64 2 32 45 25
4 84 49 26 81 37
4 0 42 21 70 60
4 41 18 14 30 18
4 58 32 20 63 17
4 20 17 0 27 0
4 51 23 40 2 61
4 20 42 12 68 24
4 22 22 31 23 11
4 52 63 34 8 15
4 76 53 2 28 12
4 62 19 7 15 45
4 64 34 20 50 36
4 36 41 24 28 10
4 40 60 28 57 10
4 31 0 25 14 29
4 44 60 4 82 17
5 8 18 17 49 49
5 58 31 25 78 36
5 44 14 11 60 43
5 82 37 4 47 15
5 28 63 30 33 28
5 41 41 35 39 8
5 82 35 25 48 14
5 49 42 30 55 11
5 21 31 36 16 20
5 4 31 41 69 48
5 83 34 4 83 57
5 60 60 38 41 23
5 30 1 33 50 53
5 18 21 37 64 34
5 24 5 12 24 17
5 66 0 8 7 59
5 56 10 4 31 41
5 59 44 28 27 19
5 31 25 21 26 61
5 66 44 0 37 44
5 29 4 13 22 43
5 12 58 30 46 27
5 12 63 15 63 20
5 39 25 1 22 60
5 16 41 26 39 51
5 23 59 16 31 45
5 35 4 37 65 53
5 56 23 24 84 19
5 36 18 10 2 55
5 0 48 8 42 43
5 51 50 6 32 17
5 29 19 36 23 35
6 12 41 26 76 18
6 10 38 8 36 34
6 7 2 32 16 17
6 47 33 32 79 40
6 45 59 15 20 48
6 20 33 23 53 60
6 14 43 40 73 57
6 80 37 19 7 9
6 2 14 24 60 51
6 8 39 29 37 59
6 26 12 21 62 29
6 49 17 30 20 59
6 4 0 27 75 3
6 58 38 11 68 28
6 13 17 13 65 42
6 71 12 26 63 6
6 19 39 40 37 38
6 76 8 7 52 23
6 29 29 28 11 43
6 78 61 21 61 29
6 45 63 37 51 20
6 76 62 0 62 63
6 80 33 30 22 35
6 66 38 35 6 50
6 33 3 25 15 23
6 29 63 30 73 59
6 5 12 13 38 54
6 19 32 25 62 45
6 62 35 16 64 14
6 9 28 33 6 37
6 18 25 21 82 9
6 42 42 33 49 31
7 36 25 23 60 10
7 77 29 22 84 47
7 52 37 16 1 12
7 14 18 29 77 13
7 22 22 0 66 38
7 50 51 36 57 54
7 71 33 23 10 34
7 15 1 9 3 7
7 37 13 41 29 59
7 49 11 29 41 48
7 77 15 13 69 47
7 23 45 25 58 18
7 81 20 23 16 22
7 41 29 38 62 46
7 41 56 8 32 11
7 58 3 3 78 39
7 82 24 26 25 7
7 3 14 8 60 47
7 39 24 32 35 23
7 65 56 22 4 53
7 32 49 21 20 26
7 0 25 24 7 18
7 58 63 14 47 34
7 36 30 18 68 61
7 78 38 8 30 5
7 30 33 13 44 6
7 83 8 39 36 35
7 26 57 42 46 41
7 65 14 18 11 6
7 26 23 32 52 32
7 29 46 1 3 11
7 47 14 13 13 54
8 36 22 18 7 32
8 38 3 6 42 11
8 14 0 0 75 12
8 51 52 22 82 61
8 43 2 20 77 35
8 4 46 23 83 7
8 70 33 24 55 58
8 30 11 25 19 46
8 74 27 11 40 47
8 71 52 32 34 15
8 28 0 32 46 3
8 29 62 3 48 31
8 18 21 28 77 61
8 42 23 5 54 50
8 58 58 41 38 40
8 7 36 30 63 4
8 21 53 32 1 55
8 13 8 41 74 54
8 1 35 10 59 32
8 63 44 14 27 39
8 45 18 11 78 43
8 73 11 37 5 43
8 6 32 2 47 4
8 7 7 0 48 47
8 36 10 3 44 21
8 43 19 30 56 44
8 43 17 11 59 51
8 14 44 14 50 32
8 84 33 33 44 29
8 62 33 10 5 61
8 9 0 0 35 23
8 43 63 38 51 35
9 57 61 21 9 51
9 68 51 39 31 60
9 80 48 23 41 11
9 55 45 40 74 1
9 28 29 17 67 12
9 81 60 1 53 33
9 10 22 3 40 50
9 19 50 24 38 49
9 15 54 29 72 40
9 80 20 13 73 58
9 82 28 22 83 28
9 25 54 7 52 18
9 32 8 18 50 21
9 78 42 39 4 54
9 44 34 4 72 55
9 26 4 16 17 43
9 45 61 2 28 57
9 72 15 33 2 22
9 12 29 38 33 46
9 60 43 35 52 1
9 59 6 1 5 36
9 34 44 38 54 22
9 84 40 23 65 0
9 12 26 1 28 22
9 0 21 8 24 3
9 75 62 15 79 15
9 9 63 6 33 63
9 83 17 41 30 17
9 66 12 1 74 35
9 78 16 1 38 1
9 70 56 25 11 63
9 35 8 34 16 27
10 65 32 33 60 57
10 54 14 18 50 57
10 12 41 37 60 28
10 61 55 35 85 50
10 27 8 29 69 34
10 40 51 14 11 25
10 4 55 30 45 1
10 62 43 42 43 26
10 61 4 21 76 31
10 48 46 0 28 20
10 10 55 35 21 1
10 45 28 42 29 51
10 61 15 28 41 50
10 75 0 37 70 8
10 62 50 38 14 28
10 70 17 33 4 7
10 76 58 2 21 57
10 44 62 7 67 36
10 11 46 31 45 35
10 80 33 32 77 46
10 77 59 21 3 43
10 17 51 10 82 21
10 79 55 10 10 43
10 4 58 30 18 42
10 25 1 26 55 53
10 64 54 8 82 35
10 33 15 1 8 21
10 2 47 6 17 2
10 6 16 29 40 18
10 10 12 17 65 33
10 0 62 29 71 10
10 84 3 29 72 62
11 21 41 12 81 18
11 49 27 5 28 47
11 48 24 8 24 5
11 56 15 41 20 21
11 35 22 36 76 51
11 33 13 28 23 2
11 11 63 35 78 23
11 19 3 21 29 58
11 67 63 5 57 62
11 42 52 41 23 6
11 57 23 31 49 0
11 83 48 2 43 4
11 69 34 8 52 34
11 61 15 2 30 20
11 76 16 39 71 5
11 30 30 36 84 34
11 70 54 38 22 21
11 68 61 13 73 32
11 10 27 6 46 35
11 36 8 27 73 53
11 38 47 40 61 51
11 70 43 35 73 60
11 36 62 28 65 13
11 24 11 11 26 32
11 38 25 7 35 24
11 32 56 16 15 25
11 43 39 25 6 56
11 56 14 14 73 2
11 32 16 19 33 37
11 56 14 25 74 42
11 17 63 27 70 17
11 84 47 34 84 41
12 80 58 4 79 19
12 54 59 11 2 38
12 16 40 8 10 43
12 35 56 9 76 46
12 52 29 2 4 37
12 69 32 32 33 7
12 21 60 14 57 6
12 77 48 26 11 61
12 48 2 32 18 5
12 58 34 16 70 14
12 76 41 19 67 56
12 44 27 15 43 41
12 35 32 9 1 16
12 62 11 19 42 40
12 27 4 9 53 56
12 25 2 18 75 41
12 17 40 14 43 57
12 8 39 9 16 45
12 22 36 8 13 11
12 66 16 6 65 26
12 0 9 37 2 40
12 29 0 34 53 22
12 1 21 11 43 0
12 46 61 26 57 12
12 52 43 2 64 35
12 45 11 20 56 59
12 23 53 3 44 49
12 34 41 5 82 3
12 4 11 4 79 60
12 34 15 19 19 0
12 20 36 1 45 37
12 26 3 18 83 13
13 77 52 16 30 33
13 71 34 34 79 28
13 13 25 42 13 12
13 6 48 15 47 1
13 84 1 28 37 54
13 16 3 36 43 25
13 19 57 17 66 52
13 25 31 38 2 39
13 53 23 11 52 27
13 32 36 29 47 31
13 33 15 7 20 32
13 73 46 5 17 53
13 62 10 16 45 42
13 27 30 13 61 30
13 33 27 2 37 15
13 84 7 24 4 59
13 1 16 4 8 46
13 11 38 25 7 14
13 39 20 26 77 42
13 3 30 42 21 29
13 7 11 33 83 35
13 47 11 39 83 1
13 71 55 12 39 24
13 71 29 34 80 59
13 47 6 25 7 56
13 38 29 1 80 9
13 43 46 5 18 59
13 59 39 29 10 2
13 43 11 32 18 39
13 1 22 35 22 16
13 63 53 25 1 30
13 82 60 29 13 0
14 67 54 6 24 49
14 47 7 28 64 0
14 13 59 25 25 11
14 35 18 35 5 49
14 46 61 16 70 47
14 0 36 11 7 42
14 43 14 7 10 20
14 12 60 23 68 3
14 65 49 2 35 62
14 66 26 25 79 12
14 68 10 36 58 20
14 74 27 34 34 1
14 4 49 22 36 63
14 59 46 11 22 54
14 58 0 8 75 27
14 74 47 0 61 25
14 28 57 38 26 52
14 52 19 21 60 18
14 78 45 18 39 57
14 61 34 21 63 26
14 8 46 21 10 61
14 80 48 25 3 17
14 33 32 1 58 32
14 35 42 22 4 36
14 51 1 22 50 25
14 9 33 31 62 55
14 4 7 16 64 0
14 62 12 23 66 26
14 29 33 27 31 27
14 31 45 8 40 42
14 18 8 11 33 4
14 56 37 38 35 7
15 26 46 9 50 57
15 17 33 25 11 29
15 25 53 7 83 48
15 3 22 3 34 13
15 72 49 12 62 58
15 72 46 41 38 32
15 84 17 25 54 57
15 40 10 6 49 24
15 5 51 41 14 1
15 34 18 27 41 6
15 46 58 18 28 36
15 10 8 4 68 25
15 2 58 14 50 28
15 6 41 34 50 16
15 54 8 9 4 29
15 16 24 21 82 17
15 82 24 26 29 10
15 38 60 39 7 52
15 57 50 35 25 21
15 85 29 42 67 50
15 50 52 37 59 38
15 13 14 11 57 33
15 63 28 20 35 18
15 40 40 16 68 23
15 59 46 30 21 8
15 4 5 36 4 5
15 29 57 38 77 58
15 26 28 35 49 50
15 15 40 9 84 14
15 83 52 39 69 37
15 48 12 25 44 62
15 3 33 39 51 57
16 61 23 5 5 35
16 13 38 20 13 51
16 21 26 27 14 52
16 17 14 8 11 58
16 19 31 0 22 45
16 32 1 10 79 36
16 63 45 31 57 25
16 60 3 26 59 35
16 55 25 37 29 53
16 26 7 20 37 16
16 43 5 12 62 1
16 5 7 41 58 2
16 43 49 17 80 36
16 54 7 9 65 26
16 22 12 22 63 37
16 50 2 23 75 12
16 48 6 10 40 22
16 27 25 11 2 55
16 81 0 12 13 21
16 62 17 38 12 23
16 49 20 22 3 0
16 32 11 37 49 6
16 29 3 8 54 33
16 73 29 14 37 35
16 72 25 17 23 61
16 34 3 5 48 39
16 22 12 33 4 48
16 54 33 29 17 54
16 79 26 11 17 34
16 2 4 14 53 1
16 7 1 23 62 33
16 13 25 9 18 1
17 21 0 19 27 50
17 52 12 22 9 22
17 29 42 12 21 24
17 55 30 26 66 39
17 81 63 4 7 46
17 45 25 41 81 27
17 44 10 16 75 20
17 65 41 26 44 56
17 46 17 32 54 32
17 5 52 18 83 22
17 48 0 24 33 18
17 67 25 15 51 11
17 35 37 0 55 26
17 38 1 42 66 4
17 70 35 8 80 57
17 76 43 38 23 13
17 63 4 41 45 41
17 50 33 1 72 18
17 43 2 3 20 40
17 63 30 38 37 0
17 15 27 30 31 28
17 35 0 7 35 14
17 26 21 8 20 43
17 54 57 20 48 60
17 61 5 31 44 44
17 38 3 10 31 47
17 28 47 9 74 28
17 44 28 31 24 9
17 14 41 19 65 38
17 28 8 6 29 42
17 31 13 6 51 53
17 14 41 18 4 10
18 71 35 32 72 30
18 54 34 26 0 57
18 7 25 3 16 18
18 54 35 11 77 37
18 62 54 7 19 7
18 42 17 42 51 23
18 66 17 34 7 27
18 45 55 25 65 37
18 5 11 2 40 49
18 82 1 0 30 33
18 3 26 14 61 0
18 60 51 20 55 54
18 35 49 0 46 55
18 49 22 30 35 12
18 24 57 36 4 2
18 64 9 42 57 18
18 7 48 13 54 6
18 24 6 38 31 0
18 46 30 1 6 34
18 15 55 25 28 6
18 22 25 30 30 44
18 83 59 8 21 20
18 32 26 32 60 29
18 28 2 12 20 59
18 74 46 17 15 3
18 36 24 5 80 63
18 8 39 35 31 21
18 8 25 34 0 53
18 27 34 4 52 8
18 67 41 21 28 28
18 9 40 22 67 55
18 63 20 14 39 8
19 81 51 35 16 14
19 60 32 5 8 0
19 44 26 2 74 60
19 71 55 20 62 49
19 23 57 30 8 27
19 42 44 18 52 55
19 74 42 39 60 61
19 48 1 22 58 63
19 10 10 5 69 59
19 20 35 29 31 27
19 44 57 11 68 41
19 40 26 6 82 14
19 62 25 27 21 36
19 2 24 10 20 20
19 81 34 4 6 5
19 3 42 18 29 29
19 33 48 20 29 62
19 66 52 38 14 13
19 59 48 39 35 2
19 7 52 24 46 53
19 45 1 11 12 13
19 67 45 6 41 41
19 29 24 18 17 33
19 80 6 19 44 8
19 45 22 33 23 6
19 60 27 15 52 43
19 56 32 14 12 12
19 45 62 8 76 56
19 51 31 15 72 21
19 1 60 9 15 9
19 85 59 22 77 31
19 11 44 2 58 31
20 6 39 0 24 39
20 77 20 42 6 5
20 76 52 2 49 3
20 31 51 14 77 10
20 18 14 24 54 55
20 21 4 4 2 59
20 23 34 11 63 19
20 58 5 22 41 59
20 51 44 3 78 60
20 68 14 33 76 44
20 65 45 40 13 56
20 45 57 35 26 47
20 31 48 23 40 24
20 35 10 10 21 15
20 46 6 28 33 28
20 37 59 41 65 1
20 55 60 38 50 36
20 63 9 33 45 62
20 49 55 16 73 36
20 36 16 30 59 28
20 54 13 21 43 45
20 4 40 27 75 61
20 13 28 30 42 30
20 22 58 3 64 32
20 28 62 10 67 25
20 80 35 39 27 35
20 7 50 10 59 25
20 22 20 29 20 49
20 25 57 26 59 31
20 17 55 0 47 0
20 5 36 24 67 39
20 40 0 29 0 35
21 23 23 2 34 36
21 24 17 29 57 48
21 5 57 21 73 63
21 80 42 31 29 38
21 58 18 41 1 36
21 14 30 10 36 35
21 85 1 28 54 38
21 5 31 38 81 33
21 51 17 41 31 55
21 38 7 35 57 9
21 62 12 30 48 57
21 17 33 27 58 2
21 5 20 12 29 40
21 58 18 41 47 55
21 48 48 18 69 24
21 6 9 33 40 29
21 47 17 25 23 61
21 83 49 6 42 40
21 74 30 10 75 54
21 31 23 26 29 36
21 67 11 2 51 31
21 3 30 16 10 8
21 77 54 9 35 13
21 8 12 16 46 0
21 81 40 19 85 42
21 3 54 4 21 15
21 79 32 23 64 22
21 14 20 6 31 31
21 46 61 6 1 36
21 72 45 1 39 10
21 20 60 5 46 56
21 31 13 19 10 22
22 44 62 31 63 17
22 31 24 36 66 28
22 79 3 37 35 41
22 39 50 1 20 36
22 45 32 19 81 2
22 84 1 20 63 17
22 33 29 13 8 38
22 24 30 19 76 24
22 55 4 11 73 59
22 54 38 36 47 36
22 40 47 5 9 32
22 27 53 0 13 37
22 44 22 8 8 11
22 22 61 21 41 58
22 17 8 38 57 40
22 82 21 29 60 5
22 73 38 13 56 35
22 47 0 37 53 56
22 68 33 23 1 13
22 0 22 12 66 28
22 50 62 17 74 3
22 55 41 16 51 19
22 50 41 31 72 17
22 37 52 20 65 29
22 78 27 24 45 38
22 42 19 1 33 22
22 78 13 40 49 3
22 67 10 17 80 36
22 73 19 32 31 0
22 10 8 21 73 0
22 53 5 35 53 36
22 25 44 37 58 53
23 30 7 40 22 43
23 72 33 35 68 63
23 28 48 19 51 59
23 12 4 1 4 9
23 6 59 39 78 29
23 50 26 11 26 63
23 6 61 42 78 5
23 53 42 42 65 18
23 37 8 34 78 57
23 45 9 5 69 18
23 75 35 11 45 18
23 18 42 4 16 8
23 25 5 14 33 61
23 84 27 19 5 55
23 7 11 34 4 6
23 62 44 3 1 27
23 25 24 19 48 7
23 71 28 25 25 3
23 18 8 31 52 44
23 80 14 35 34 47
23 57 40 9 4 37
23 79 52 7 38 39
23 48 18 7 1 60
23 75 24 11 70 21
23 81 57 7 24 5
23 11 31 22 42 18
23 67 44 40 23 8
23 76 52 11 20 22
23 18 39 4 59 38
23 0 42 37 28 21
23 9 1 12 33 40
23 75 42 13 78 24
24 60 44 13 15 61
24 34 58 40 12 45
24 68 35 0 24 13
24 72 52 1 84 12
24 30 26 37 75 36
24 84 56 6 22 46
24 72 39 42 44 12
24 31 31 39 56 37
24 73 63 41 23 4
24 62 51 25 76 32
24 73 27 15 19 42
24 83 35 35 67 45
24 80 13 7 11 4
24 21 20 0 23 51
24 79 30 12 2 42
24 73 56 2 65 50
24 61 35 28 71 20
24 66 31 6 13 53
24 84 29 3 48 18
24 36 58 12 52 42
24 1 26 38 0 20
24 70 45 22 78 22
24 24 41 7 52 27
24 44 60 22 42 6
24 10 56 14 44 16
24 80 5 26 57 17
24 61 23 14 43 50
24 31 24 12 26 14
24 71 54 39 11 37
24 28 43 14 36 27
24 68 14 33 11 49
24 46 34 40 53 14
25 56 19 15 77 45
25 72 5 28 40 15
25 6 32 20 31 9
25 21 47 5 33 34
25 43 40 35 73 29
25 60 58 39 60 16
25 68 36 17 72 11
25 53 4 29 48 1
25 49 41 24 40 42
25 57 57 29 49 5
25 60 2 16 28 19
25 70 23 13 0 20
25 63 54 23 71 63
25 41 6 8 15 41
25 15 62 22 9 10
25 53 41 0 17 22
25 72 5 13 65 60
25 39 27 25 74 51
25 11 20 22 22 34
25 1 16 2 18 39
25 75 22 3 58 48
25 24 53 23 43 22
25 76 3 30 8 42
25 48 27 0 3 50
25 27 34 21 43 0
25 50 12 6 80 49
25 63 30 31 19 16
25 4 30 20 45 35
25 4 15 25 31 23
25 53 31 5 54 49
25 70 32 39 54 45
25 52 48 8 32 46
26 72 15 36 62 58
26 76 35 9 4 37
26 31 14 15 21 49
26 74 50 25 0 57
26 81 43 28 33 7
26 33 36 9 63 0
26 79 55 20 1 27
26 12 44 14 34 27
26 15 15 5 84 51
26 67 21 7 38 16
26 16 34 37 57 50
26 21 22 24 55 47
26 79 44 30 4 43
26 64 3 9 76 4
26 53 24 33 26 18
26 71 28 7 21 28
26 16 28 33 19 22
26 36 59 17 4 46
26 75 42 17 37 43
26 30 63 29 52 15
26 54 43 40 58 20
26 27 33 32 52 50
26 33 20 6 42 45
26 69 5 36 65 40
26 45 23 16 8 24
26 47 52 21 23 51
26 5 12 22 65 21
26 58 44 25 34 51
26 37 36 22 24 0
26 30 26 38 63 61
26 14 15 20 12 54
26 45 44 4 81 8
27 42 26 33 55 40
27 23 32 19 60 63
27 30 44 30 52 29
27 42 23 28 46 5
27 58 63 37 64 1
27 61 8 2 65 22
27 27 46 41 27 32
27 12 14 17 77 0
27 44 29 39 1 40
27 81 45 32 13 38
27 2 37 0 4 1
27 29 7 3 40 59
27 37 16 38 15 32
27 27 21 2 69 8
27 19 7 34 66 3
27 34 7 4 54 11
27 1 22 36 61 20
27 11 40 40 35 27
27 43 15 38 1 62
27 68 10 42 71 36
27 70 54 34 20 28
27 8 55 39 0 49
27 32 61 18 6 37
27 6 8 37 43 45
27 42 38 4 64 62
27 43 14 36 46 28
27 15 38 33 79 9
27 16 13 38 63 34
27 54 46 34 36 62
27 81 37 23 49 2
27 9 56 28 66 16
27 32 47 34 58 7
28 48 36 30 83 17
28 7 36 19 67 14
28 6 8 22 10 61
28 52 47 34 59 2
28 74 35 16 68 0
28 34 22 24 79 54
28 11 28 24 74 4
28 32 43 3 42 17
28 28 10 28 64 26
28 48 50 7 35 60
28 74 1 7 20 46
28 56 37 31 82 6
28 20 49 41 37 47
28 23 53 19 40 18
28 65 61 37 32 57
28 15 15 30 42 33
28 83 56 30 4 12
28 47 33 3 19 5
28 60 1 27 16 21
28 35 53 4 50 48
28 79 29 4 14 50
28 13 58 23 54 40
28 28 44 26 75 17
28 4 3 32 55 20
28 73 24 17 77 24
28 75 29 17 5 43
28 38 4 42 48 54
28 26 24 6 42 4
28 72 52 31 15 53
28 1 21 18 60 37
28 66 61 5 57 63
28 3 53 22 53 20
29 15 9 7 2 62
29 8 58 8 14 4
29 70 46 36 43 9
29 5 4 8 12 53
29 33 45 4 77 24
29 60 39 25 62 38
29 72 36 20 44 25
29 42 58 12 0 47
29 76 49 26 11 23
29 50 7 18 41 28
29 49 27 33 16 28
29 45 36 31 83 29
29 82 28 15 76 1
29 73 15 9 79 6
29 35 16 30 56 28
29 74 59 29 20 54
29 85 27 36 1 17
29 16 26 30 13 8
29 65 45 7 73 48
29 40 14 41 44 31
29 14 60 15 74 28
29 12 61 1 5 39
29 1 3 36 2 48
29 18 1 41 3 3
29 34 7 20 8 47
29 45 36 31 28 10
29 68 18 21 40 9
29 21 44 19 56 44
29 37 14 23 70 2
29 54 31 16 49 41
29 42 12 0 30 56
29 54 63 31 84 31
30 2 33 5 28 44
30 57 45 13 77 40
30 59 23 27 15 39
30 53 25 39 75 33
30 7 23 31 29 58
30 26 13 15 69 11
30 76 49 34 74 43
30 0 48 32 26 0
30 59 47 12 68 21
30 8 7 1 39 58
30 75 48 7 17 34
30 39 51 19 63 56
30 22 26 35 38 57
30 56 37 12 18 41
30 10 32 1 0 55
30 3 44 6 18 37
30 23 0 33 84 60
30 8 32 4 65 46
30 70 41 22 39 15
30 81 28 27 26 45
30 46 62 37 41 15
30 37 28 18 76 44
30 79 31 21 64 52
30 10 17 28 3 27
30 45 0 35 62 51
30 71 6 15 27 18
30 42 7 1 71 18
30 36 60 0 65 5
30 31 60 1 29 12
30 46 50 5 6 62
30 72 24 32 68 20
30 57 51 26 73 59
31 70 19 8 61 33
31 42 42 3 34 17
31 26 32 24 37 10
31 82 45 0 25 14
31 80 20 15 25 25
31 19 16 19 24 3
31 40 62 8 32 19
31 56 26 14 30 45
31 46 21 28 9 3
31 59 19 12 10 45
31 85 47 13 82 36
31 29 8 41 79 17
31 2 7 40 44 1
31 23 31 5 66 36
31 55 10 5 21 46
31 3 3 12 69 49
31 8 38 30 58 48
31 63 57 12 52 49
31 40 25 0 83 41
31 17 55 34 47 33
31 50 0 19 1 55
31 81 40 40 15 44
31 62 4 26 13 54
31 32 39 38 28 50
31 27 50 6 62 48
31 72 43 33 24 48
31 82 16 40 40 44
31 62 17 24 59 57
31 69 52 2 64 33
31 76 24 21 4 15
31 37 46 12 8 49
31 60 50 6 70 13
32 41 8 2 8 48
32 82 37 5 59 52
32 80 21 17 10 12
32 63 8 11 44 15
32 66 4 41 82 23
32 32 28 24 7 1
32 38 4 39 20 4
32 67 42 40 25 22
32 29 58 41 13 52
32 80 60 35 52 19
32 46 46 0 8 3
32 44 37 37 85 18
32 54 52 21 17 57
32 79 34 13 6 13
32 12 6 37 80 42
32 29 46 30 29 19
32 27 37 27 10 30
32 51 58 1 0 53
32 68 50 24 6 36
32 34 31 26 23 38
32 1 33 30 20 55
32 84 44 40 43 15
32 68 51 28 79 46
32 72 13 18 78 26
32 23 42 40 9 52
32 34 13 24 32 52
32 69 35 16 64 8
32 68 20 6 9 13
32 40 46 42 70 59
32 9 44 12 20 13
32 25 25 39 9 25
32 46 2 41 60 17
33 24 63 35 53 49
33 7 23 30 57 25
33 20 35 7 15 16
33 58 14 23 70 63
33 40 12 29 71 22
33 40 31 42 27 37
33 59 49 14 26 14
33 0 38 39 45 33
33 23 55 38 38 57
33 46 42 22 10 54
33 20 25 16 30 25
33 46 34 24 40 52
33 70 39 39 53 49
33 57 60 13 83 5
33 27 62 7 58 60
33 78 32 36 54 20
33 6 28 12 18 16
33 23 27 13 74 49
33 81 14 21 10 56
33 48 28 27 56 33
33 18 3 4 61 27
33 24 19 6 51 6
33 83 61 0 41 46
33 13 28 41 11 43
33 63 61 39 65 38
33 13 50 7 70 29
33 57 57 20 15 20
33 24 27 8 1 11
33 50 17 10 5 13
33 33 14 30 7 48
33 4 38 19 84 51
33 75 53 13 65 32
34 53 31 22 3 44
34 41 46 18 41 38
34 49 43 20 40 63
34 71 9 40 46 9
34 55 0 28 63 2
34 44 53 3 39 35
34 29 55 21 81 45
34 31 27 2 33 54
34 7 14 7 65 0
34 48 53 2 16 4
34 59 62 12 19 3
34 14 15 31 12 46
34 9 10 24 36 4
34 11 31 22 5 51
34 58 2 21 7 63
34 68 29 37 33 20
34 15 30 39 12 41
34 65 54 18 12 58
34 69 13 18 67 19
34 80 57 31 67 15
34 6 34 28 39 10
34 71 57 16 50 32
34 8 26 33 85 60
34 30 63 36 35 2
34 41 32 37 43 0
34 34 27 9 27 56
34 49 5 24 62 26
34 41 11 33 77 54
34 32 51 25 20 33
34 15 9 23 30 19
34 38 29 32 7 24
34 43 58 20 34 45
35 50 10 26 11 49
35 61 30 18 76 39
35 79 9 23 32 26
35 34 11 22 83 37
35 54 51 20 54 30
35 81 42 28 47 7
35 18 11 35 43 63
35 76 5 15 44 54
35 8 27 42 12 34
35 59 11 15 11 52
35 29 7 32 61 56
35 17 30 8 84 48
35 21 43 12 59 24
35 57 24 10 15 43
35 21 30 9 70 10
35 68 50 36 66 17
35 40 48 26 14 25
35 53 14 3 67 4
35 53 44 28 20 30
35 72 53 12 42 24
35 20 32 0 41 43
35 62 40 14 71 3
35 13 28 26 20 31
35 27 4 28 73 40
35 5 52 9 42 47
35 77 16 5 62 40
35 47 57 41 45 63
35 27 6 4 69 37
35 66 4 39 9 4
35 81 26 11 22 57
35 29 4 6 33 44
35 66 0 25 7 34
36 75 24 16 55 18
36 36 10 9 76 41
36 80 53 37 12 24
36 75 12 39 26 6
36 71 18 38 26 51
36 44 52 29 29 21
36 39 52 7 8 8
36 48 9 31 12 5
36 23 28 7 70 54
36 77 10 22 59 29
36 23 21 26 18 31
36 8 19 37 12 51
36 32 7 14 4 42
36 68 13 37 26 41
36 28 17 24 23 52
36 36 15 13 12 54
36 12 16 7 73 21
36 16 9 29 74 42
36 22 1 24 8 8
36 69 49 30 59 59
36 34 31 3 36 36
36 61 49 34 74 26
36 16 36 24 62 4
36 65 6 16 45 37
36 20 34 17 52 10
36 80 12 30 48 20
36 22 57 29 72 33
36 80 14 0 75 37
36 48 50 22 45 43
36 55 55 3 69 35
36 66 51 12 15 9
36 35 16 34 48 25
37 64 35 15 14 28
37 78 58 41 57 2
37 6 47 5 19 29
37 20 21 6 1 42
37 0 36 6 62 33
37 42 36 2 72 23
37 33 41 13 49 29
37 23 60 22 23 16
37 64 35 17 82 36
37 79 56 37 35 23
37 47 18 26 36 19
37 18 11 29 10 33
37 44 14 6 15 52
37 46 13 16 82 49
37 23 62 11 55 61
37 25 20 16 59 27
37 61 20 0 67 49
37 2 46 16 42 26
37 70 36 15 28 58
37 14 55 34 17 49
37 18 28 29 20 48
37 51 5 11 70 23
37 68 11 39 29 33
37 49 56 39 23 8
37 18 40 23 84 44
37 52 13 35 9 42
37 51 5 0 24 19
37 34 56 2 24 48
37 54 4 9 14 58
37 75 21 17 1 63
37 42 63 38 60 18
37 43 6 2 60 5
38 60 13 31 46 53
38 27 0 11 71 13
38 42 22 13 37 10
38 61 23 39 68 58
38 31 32 12 30 22
38 81 21 13 14 20
38 2 62 37 59 59
38 17 46 37 47 33
38 18 6 22 40 23
38 21 22 18 37 7
38 59 33 2 82 6
38 45 57 13 43 8
38 67 44 29 58 8
38 83 58 26 39 38
38 20 3 31 74 11
38 17 8 40 26 37
38 17 46 38 46 63
38 73 40 6 4 15
38 22 28 15 45 52
38 68 26 1 35 20
38 39 44 3 19 18
38 73 48 5 40 60
38 82 55 24 28 36
38 46 55 32 70 4
38 47 8 33 0 18
38 67 20 3 84 35
38 51 7 15 83 23
38 83 26 2 34 9
38 33 11 11 31 38
38 70 23 4 43 2
38 55 24 9 22 47
38 73 21 1 69 9
39 55 0 23 80 34
39 6 6 18 71 36
39 34 22 3 39 10
39 40 60 18 18 45
39 82 57 28 39 8
39 33 54 13 49 36
39 79 10 14 69 23
39 4 48 14 54 59
39 50 63 11 45 58
39 60 10 8 38 18
39 83 18 16 14 4
39 79 17 18 79 26
39 48 49 36 85 53
39 68 14 4 36 45
39 47 61 5 1 46
39 61 0 32 50 4
39 45 18 14 5 24
39 45 27 27 12 54
39 40 0 32 73 47
39 3 16 31 33 4
39 21 40 41 5 19
39 50 57 33 57 24
39 28 10 28 84 0
39 71 5 19 32 33
39 4 29 41 24 3
39 55 20 36 15 6
39 12 29 14 65 55
39 61 20 16 38 38
39 16 18 27 70 55
39 32 39 17 80 4
39 41 4 24 13 46
39 67 43 4 69 62
40 78 47 37 7 40
40 45 53 25 50 34
40 56 14 12 72 10
40 15 56 27 37 2
40 80 57 30 62 56
40 30 43 3 62 27
40 30 6 6 52 58
40 69 25 19 26 24
40 35 19 31 18 29
40 37 62 16 73 4
40 80 2 33 18 40
40 57 62 15 9 10
40 64 20 14 35 60
40 37 20 40 74 55
40 43 61 24 83 10
40 28 34 29 73 51
40 1 24 12 46 16
40 45 61 18 49 14
40 59 46 42 45 46
40 41 17 28 39 22
40 7 22 14 28 26
40 73 6 7 54 29
40 22 29 22 62 20
40 77 3 23 63 46
40 25 59 39 69 25
40 67 38 37 60 2
40 61 14 18 30 27
40 65 56 15 37 6
40 47 2 31 46 6
40 1 15 10 82 25
40 3 4 32 81 7
40 20 1 6 2 33
41 34 22 17 1 24
41 7 34 38 63 30
41 24 61 27 56 21
41 11 32 9 16 32
41 71 23 5 49 39
41 77 39 22 31 36
41 74 25 31 81 47
41 57 10 37 27 41
41 53 48 14 75 45
41 40 14 0 35 53
41 60 7 42 9 44
41 3 55 7 80 14
41 52 38 16 18 45
41 10 53 38 22 47
41 10 51 19 76 17
41 57 43 24 43 55
41 83 7 18 61 10
41 32 51 3 23 58
41 1 11 0 73 34
41 30 28 39 5 2
41 38 35 37 51 47
41 60 36 27 44 25
41 65 32 25 83 13
41 6 31 32 51 40
41 74 9 3 77 43
41 65 44 32 26 39
41 38 48 36 60 27
41 35 54 13 47 6
41 49 31 35 48 47
41 77 38 3 15 19
41 33 12 13 67 28
41 67 19 7 77 61
42 65 59 1 20 30
42 15 33 30 80 43
42 20 42 10 22 36
42 16 18 10 85 49
42 54 13 18 18 6
42 43 43 38 68 17
42 64 52 20 11 22
42 67 19 38 11 20
42 43 5 30 48 50
42 16 20 40 60 24
42 17 21 36 72 15
42 79 46 8 49 34
42 28 47 5 62 62
42 20 18 33 61 35
42 18 55 20 74 34
42 54 52 15 56 38
42 23 27 28 72 40
42 49 12 31 43 54
42 14 41 21 36 10
42 67 44 39 52 8
42 25 16 22 17 1
42 1 1 5 22 56
42 57 48 40 32 58
42 23 33 27 67 45
42 42 11 19 55 19
42 16 10 8 65 23
42 57 28 36 35 0
42 57 53 7 35 40
42 13 40 5 82 9
42 6 40 34 82 34
42 77 5 37 22 56
42 3 4 8 1 16
43 23 22 10 61 9
43 35 22 4 78 18
43 58 37 5 1 28
43 62 25 2 24 56
43 50 12 19 46 24
43 60 49 27 43 58
43 69 23 18 58 54
43 52 40 16 49 20
43 49 29 24 24 63
43 60 36 10 38 13
43 85 53 39 34 50
43 22 49 0 52 19
43 10 43 9 48 10
43 40 35 19 71 43
43 75 18 19 69 3
43 37 62 41 8 1
43 25 36 42 55 48
43 73 26 38 84 44
43 14 48 28 26 4
43 18 8 33 16 9
43 46 6 15 84 19
43 71 54 32 54 14
43 12 28 10 75 36
43 35 41 7 11 2
43 9 47 13 45 12
43 32 37 2 37 43
43 33 49 36 34 55
43 71 30 28 32 44
43 43 6 25 4 5
43 42 22 17 26 32
43 37 27 19 56 33
43 54 37 10 38 52
44 79 36 21 82 45
44 6 51 40 53 39
44 16 45 29 6 10
44 18 21 19 70 17
44 68 1 27 79 55
44 7 56 21 41 61
44 16 58 31 38 50
44 7 8 25 17 5
44 26 35 33 0 60
44 82 60 33 3 9
44 82 60 41 8 29
44 19 32 27 50 7
44 22 47 0 13 29
44 44 15 25 42 34
44 26 24 7 81 59
44 84 9 27 29 1
44 37 19 32 45 63
44 2 28 19 54 50
44 4 36 34 75 49
44 24 26 38 37 6
44 4 55 23 29 42
44 54 3 7 53 6
44 6 63 22 25 60
44 39 33 38 25 37
44 23 43 24 50 14
44 47 54 7 38 63
44 5 36 18 5 15
44 75 36 22 59 33
44 31 55 19 47 41
44 82 37 34 83 9
44 43 15 40 76 57
44 48 23 12 50 16
45 13 19 28 81 0
45 57 6 3 76 53
45 45 31 13 54 5
45 73 60 31 39 12
45 36 21 20 38 33
45 54 29 1 6 17
45 56 3 16 24 18
45 47 46 40 68 27
45 68 19 20 30 49
45 16 36 35 29 58
45 64 30 18 68 14
45 69 15 38 32 17
45 5 42 10 68 5
45 22 40 8 57 38
45 44 7 42 73 47
45 11 54 35 24 56
45 21 10 15 17 17
45 60 19 30 34 20
45 57 25 35 68 12
45 16 46 18 69 59
45 78 40 26 39 49
45 63 39 29 51 56
45 34 11 5 78 50
45 43 1 22 14 5
45 32 55 40 67 62
45 41 24 41 16 2
45 14 22 28 50 38
45 15 52 41 12 58
45 56 6 42 2 27
45 11 49 4 66 62
45 67 7 27 25 56
45 23 11 11 83 13
46 34 2 31 19 0
46 39 33 10 1 42
46 23 45 1 48 35
46 61 22 21 9 51
46 66 56 12 50 51
46 35 9 2 73 59
46 9 61 33 68 39
46 83 44 19 12 57
46 74 54 41 0 55
46 73 25 37 25 23
46 0 8 18 68 30
46 53 46 38 21 31
46 70 18 2 8 2
46 3 47 32 14 33
46 75 35 39 15 19
46 69 46 19 39 58
46 14 52 39 13 59
46 13 37 1 11 8
46 0 26 41 2 39
46 64 1 25 63 48
46 52 14 28 43 50
46 77 26 10 74 2
46 4 12 2 19 2
46 78 1 37 22 9
46 6 2 6 80 49
46 44 28 36 34 28
46 28 39 15 34 20
46 9 5 5 39 44
46 84 40 17 15 58
46 64 10 5 43 48
46 84 54 9 35 5
46 78 21 24 68 6
47 21 57 10 13 49
47 85 19 19 49 12
47 51 51 11 21 25
47 81 41 17 57 57
47 54 3 31 65 46
47 67 38 22 5 20
47 78 8 12 54 46
47 31 8 17 2 60
47 76 54 40 68 25
47 14 7 34 71 48
47 0 19 34 22 35
47 66 49 39 75 39
47 59 21 21 6 40
47 57 44 23 26 48
47 74 9 10 29 27
47 83 59 2 35 43
47 9 45 3 46 49
47 68 62 25 58 62
47 43 63 38 60 53
47 7 45 21 55 35
47 55 47 2 48 3
47 51 60 22 39 17
47 35 1 10 63 26
47 70 32 34 51 17
47 17 29 20 67 7
47 11 49 10 38 52
47 55 60 25 19 22
47 74 5 33 49 54
47 0 42 28 13 2
47 69 24 19 32 53
47 44 17 27 58 42
47 42 32 2 47 2
48 77 50 23 35 13
48 76 58 16 58 29
48 11 12 38 46 54
48 57 0 7 40 32
48 77 15 20 31 53
48 43 24 26 46 53
48 77 5 16 80 40
48 49 59 3 84 9
48 82 6 29 84 51
48 11 32 1 36 52
48 15 21 31 50 19
48 23 50 27 66 16
48 3 8 29 23 5
48 13 23 0 51 11
48 81 8 32 66 56
48 9 60 39 67 44
48 10 47 21 32 13
48 30 33 28 63 6
48 37 5 31 31 31
48 42 5 30 55 4
48 19 46 2 48 1
48 66 63 24 26 7
48 80 28 4 35 9
48 76 35 26 71 12
48 38 30 21 10 34
48 26 36 4 9 20
48 53 53 31 70 21
48 56 21 25 75 22
48 2 10 12 7 30
48 65 4 38 15 12
48 78 1 19 76 19
48 7 4 31 30 48
49 31 8 3 0 8
49 64 12 12 68 58
49 46 4 9 57 34
49 65 48 7 28 15
49 63 53 30 72 41
49 2 15 38 59 51
49 59 13 30 37 7
49 12 53 16 22 56
49 28 44 14 20 60
49 79 38 17 24 20
49 28 2 10 60 48
49 0 33 11 38 37
49 1 17 22 26 0
49 36 11 16 81 21
49 28 10 5 34 11
49 82 2 24 28 10
49 77 18 25 64 30
49 36 30 23 17 16
49 38 53 2 46 19
49 77 30 29 57 61
49 37 24 8 32 31
49 43 15 0 41 41
49 7 54 29 73 56
49 41 39 37 0 56
49 34 44 24 40 27
49 79 51 26 15 41
49 64 22 21 19 36
49 65 63 4 50 50
49 47 59 17 5 56
49 68 27 39 34 8
49 53 37 12 76 33
49 58 47 12 67 0
50 61 16 14 50 45
50 33 62 30 84 29
50 24 40 4 83 14
50 73 27 17 1 63
50 51 55 19 61 44
50 13 1 20 71 8
50 60 33 31 13 45
50 7 7 17 48 54
50 43 17 14 52 47
50 55 7 20 26 45
50 39 16 0 46 39
50 40 6 16 6 47
50 2 60 9 23 20
50 46 21 22 17 54
50 83 5 9 80 17
50 54 17 10 14 62
50 44 50 41 29 40
50 72 10 20 67 14
50 15 37 12 41 5
50 26 56 1 32 36
50 17 7 16 62 58
50 65 63 32 57 45
50 68 56 27 29 18
50 37 41 29 56 1
50 68 20 7 65 27
50 39 58 38 29 15
50 22 20 34 5 13
50 77 47 7 5 35
50 82 17 30 76 39
50 64 21 34 16 55
50 49 25 21 47 39
50 35 55 6 85 24
51 75 24 41 80 32
51 13 12 1 39 59
51 19 5 26 32 46
51 81 22 14 20 59
51 47 36 3 0 6
51 79 22 10 69 12
51 38 42 17 54 26
51 9 52 18 17 63
51 53 3 34 66 42
51 63 47 21 26 26
51 19 42 32 17 51
51 69 45 37 37 21
51 83 4 14 64 42
51 56 59 28 14 24
51 38 51 39 76 17
51 44 52 12 76 52
51 66 46 19 37 30
51 22 50 10 10 18
51 67 51 22 25 31
51 28 53 3 42 62
51 59 36 31 35 56
51 48 48 3 64 8
51 76 56 11 14 31
51 85 16 31 34 58
51 53 50 29 81 52
51 27 60 5 43 30
51 32 54 39 78 32
51 45 5 15 47 8
51 85 25 41 76 26
51 51 40 20 41 52
51 18 60 15 3 17
51 76 51 6 2 35
52 18 1 4 28 50
52 30 15 21 38 41
52 65 14 10 38 16
52 64 6 2 73 28
52 41 2 0 58 18
52 54 46 34 15 52
52 72 0 7 10 3
52 60 35 33 63 26
52 8 31 37 30 53
52 9 39 33 83 59
52 66 20 16 2 45
52 0 17 13 78 11
52 58 40 6 50 52
52 5 62 13 6 12
52 67 13 12 19 14
52 39 54 1 30 30
52 73 39 36 28 5
52 78 30 42 51 13
52 17 0 35 71 11
52 51 56 1 39 62
52 11 3 19 22 39
52 84 61 29 37 35
52 82 59 7 66 9
52 36 19 10 38 22
52 21 22 8 79 24
52 42 51 35 6 51
52 63 52 2 57 40
52 80 37 34 39 6
52 81 45 14 72 25
52 50 2 36 66 62
52 3 8 28 79 2
52 52 4 20 8 63
53 29 28 20 73 11
53 71 60 8 51 25
53 63 56 20 37 50
53 71 13 9 64 5
53 33 7 13 54 1
53 33 35 19 41 59
53 71 4 28 19 41
53 22 6 9 25 9
53 27 22 36 80 24
53 23 30 2 50 44
53 72 49 5 75 21
53 60 12 29 50 42
53 79 9 33 12 25
53 84 11 40 64 3
53 58 37 24 42 41
53 28 9 31 3 58
53 11 53 29 55 54
53 54 30 19 82 19
53 29 9 6 33 51
53 56 52 32 37 20
53 18 59 41 7 0
53 44 32 0 2 8
53 12 48 20 30 54
53 56 7 31 35 52
53 62 7 15 4 19
53 26 55 20 63 12
53 16 25 16 29 37
53 58 55 36 47 31
53 24 39 18 18 7
53 3 29 8 72 31
53 12 51 40 61 33
53 5 34 25 12 57
54 45 15 4 59 8
54 55 63 4 56 52
54 8 2 9 16 24
54 15 37 0 55 33
54 49 9 27 12 55
54 52 6 7 31 9
54 21 40 35 83 42
54 74 11 9 51 17
54 58 16 26 30 5
54 54 19 1 21 58
54 78 33 9 65 27
54 76 59 31 35 7
54 14 31 7 32 21
54 12 50 20 61 53
54 25 27 20 13 35
54 42 34 28 46 13
54 65 13 15 36 36
54 69 15 7 70 20
54 13 28 40 71 0
54 14 34 40 14 31
54 62 25 34 2 28
54 48 0 3 48 15
54 72 32 22 35 42
54 76 52 10 38 29
54 1 43 17 77 2
54 34 50 14 66 38
54 40 36 7 72 9
54 45 11 2 49 56
54 16 5 36 75 7
54 34 26 41 56 38
54 84 34 10 40 39
54 6 1 37 82 11
55 31 24 21 0 21
55 68 13 20 54 44
55 15 54 6 33 63
55 9 39 2 30 30
55 52 34 10 27 11
55 22 59 15 31 22
55 35 22 34 52 58
55 16 14 33 77 46
55 37 44 21 41 52
55 32 14 36 14 30
55 6 56 33 17 3
55 33 5 16 63 41
55 32 56 0 44 2
55 55 42 41 71 23
55 67 12 10 51 23
55 60 13 30 36 38
55 67 56 41 16 42
55 47 62 21 67 60
55 14 27 31 52 56
55 41 10 14 79 61
55 9 61 24 76 30
55 56 44 9 12 0
55 72 36 22 10 63
55 29 52 18 81 43
55 83 62 32 26 24
55 36 28 0 70 57
55 62 19 30 48 18
55 78 9 19 11 58
55 59 27 38 33 50
55 11 4 33 80 62
55 39 42 18 8 47
55 66 33 15 74 12
56 76 43 21 82 19
56 80 37 13 74 3
56 71 33 27 27 22
56 58 45 6 7 54
56 22 43 35 53 16
56 37 59 1 64 61
56 6 57 32 8 22
56 75 57 3 38 47
56 13 51 11 11 14
56 29 60 32 41 26
56 72 43 27 61 48
56 5 34 42 18 33
56 65 10 32 69 1
56 29 57 28 43 8
56 11 63 35 1 39
56 30 16 39 17 37
56 22 43 7 67 4
56 66 5 18 46 26
56 46 51 32 65 57
56 38 35 32 55 55
56 74 34 22 57 58
56 57 12 20 5 60
56 9 44 32 73 45
56 34 9 26 32 15
56 54 61 6 8 56
56 79 61 40 39 31
56 79 18 19 61 16
56 30 14 11 48 18
56 57 61 29 55 41
56 84 35 5 51 60
56 6 49 30 40 15
56 61 26 28 58 26
57 0 0 14 28 34
57 16 18 25 79 47
57 38 63 8 67 47
57 56 55 39 84 23
57 83 40 16 30 59
57 63 35 28 28 40
57 61 52 8 23 44
57 56 15 11 59 60
57 74 11 24 26 56
57 47 21 5 33 35
57 28 58 0 39 25
57 35 36 24 40 60
57 21 13 23 2 34
57 73 26 23 71 24
57 55 17 7 65 31
57 29 35 11 83 14
57 69 3 8 39 62
57 47 22 26 13 46
57 74 49 20 37 34
57 55 40 39 18 30
57 39 26 27 55 10
57 66 26 8 36 14
57 5 30 23 8 24
57 25 42 9 51 12
57 11 17 15 1 25
57 73 37 16 31 25
57 57 23 7 10 51
57 66 44 6 24 8
57 7 45 32 32 56
57 9 8 38 79 45
57 16 59 24 57 31
57 61 16 22 82 35
58 76 19 26 53 17
58 72 11 23 25 26
58 13 42 16 74 2
58 21 45 30 12 50
58 50 48 21 69 40
58 77 5 10 17 42
58 39 6 8 56 28
58 42 52 3 73 23
58 45 35 1 14 10
58 69 33 15 8 8
58 37 9 10 46 7
58 64 30 9 17 1
58 69 50 20 0 14
58 14 49 32 77 8
58 62 20 1 58 46
58 23 58 32 71 26
58 8 42 22 48 28
58 27 62 31 15 61
58 69 28 27 12 48
58 48 35 11 30 30
58 10 26 40 17 9
58 84 8 13 64 38
58 58 30 35 45 45
58 28 15 34 21 3
58 31 6 10 25 4
58 70 12 34 34 37
58 3 23 17 75 16
58 47 47 38 15 26
58 10 20 27 39 3
58 7 49 12 48 42
58 39 10 27 84 20
58 30 54 37 69 44
59 32 15 2 12 5
59 83 58 28 65 1
59 34 7 27 13 51
59 78 6 37 72 34
59 14 63 18 77 32
59 14 53 22 33 35
59 68 8 31 56 22
59 13 50 26 64 9
59 60 58 9 7 17
59 64 61 11 36 29
59 3 35 10 2 21
59 22 52 27 23 24
59 12 5 35 38 25
59 38 19 1 14 38
59 27 1 24 54 3
59 25 6 36 66 42
59 59 58 41 10 46
59 80 59 37 12 26
59 21 40 20 0 32
59 24 63 15 49 26
59 21 10 5 41 37
59 23 47 36 59 50
59 1 25 39 28 29
59 2 22 33 54 23
59 13 8 30 43 21
59 7 41 35 81 56
59 42 3 14 28 61
59 17 0 1 48 50
59 59 21 0 57 15
59 77 18 11 77 45
59 79 57 17 15 54
59 38 27 25 51 55
60 10 55 0 17 4
60 62 12 11 16 26
60 44 14 9 76 52
60 14 43 36 45 46
60 30 15 9 9 7
60 50 11 3 56 23
60 73 12 33 51 47
60 28 54 23 52 15
60 49 50 16 48 60
60 6 37 32 24 7
60 62 8 33 53 10
60 2 37 36 58 45
60 5 47 26 85 11
60 85 10 6 56 58
60 22 60 40 78 62
60 26 51 13 62 5
60 53 4 14 13 5
60 29 2 16 59 2
60 13 7 34 53 3
60 78 11 6 15 9
60 69 61 16 17 62
60 18 3 19 34 52
60 65 31 24 73 0
60 36 37 40 51 50
60 12 33 30 34 23
60 72 41 23 18 48
60 56 60 11 36 51
60 16 61 40 67 16
60 66 21 16 62 27
60 7 45 17 19 22
60 73 15 39 59 35
60 65 22 19 74 1
61 59 19 24 30 14
61 72 35 40 22 32
61 17 40 2 53 30
61 40 60 42 4 62
61 29 16 9 48 62
61 62 19 15 83 59
61 46 10 31 84 22
61 4 11 33 72 41
61 20 17 20 0 35
61 77 52 16 45 12
61 74 8 39 28 40
61 77 33 34 29 45
61 67 11 9 68 52
61 84 61 39 36 62
61 28 59 36 31 62
61 11 13 35 42 9
61 63 57 30 1 7
61 64 29 26 18 50
61 45 19 14 6 58
61 20 59 27 35 4
61 81 38 8 32 43
61 73 56 41 4 55
61 14 8 35 66 60
61 42 8 6 67 24
61 16 55 5 80 4
61 7 42 41 5 3
61 10 0 25 49 31
61 12 23 3 75 0
61 81 29 12 20 62
61 5 2 18 19 25
61 37 30 26 27 46
61 20 56 37 70 8
62 48 47 4 8 12
62 63 50 2 85 49
62 79 31 3 0 47
62 28 18 21 74 14
62 3 1 39 80 24
62 81 29 27 61 3
62 22 13 27 72 11
62 24 19 1 76 25
62 71 4 9 20 39
62 52 23 6 71 21
62 69 51 7 78 44
62 42 62 25 66 34
62 71 45 15 32 16
62 6 45 3 85 7
62 13 58 35 40 40
62 31 46 34 53 2
62 72 21 15 26 7
62 84 8 7 9 34
62 84 57 5 28 2
62 78 16 39 30 46
62 69 53 35 3 51
62 59 49 16 67 35
62 45 4 41 70 53
62 2 54 19 36 32
62 0 6 20 46 15
62 1 43 34 56 5
62 5 46 3 32 56
62 26 37 30 60 61
62 42 53 6 25 6
62 69 59 8 59 37
62 21 16 34 22 34
62 1 19 27 82 28
63 85 38 31 69 11
63 3 45 26 40 32
63 77 13 28 47 27
63 17 5 34 67 26
63 64 18 37 47 29
63 10 20 3 65 60
63 75 20 33 50 20
63 46 9 27 57 22
63 25 41 10 36 56
63 17 20 35 10 59
63 41 19 2 69 49
63 14 9 20 56 10
63 59 40 6 38 4
63 2 14 28 21 43
63 77 9 9 76 57
63 82 57 32 69 61
63 37 22 39 64 0
63 29 63 34 0 34
63 46 61 21 79 31
63 11 30 19 62 26
63 31 9 4 81 11
63 27 5 28 41 15
63 12 0 42 18 3
63 79 46 17 47 44
63 31 25 28 36 10
63 49 42 30 0 14
63 43 52 20 11 55
63 15 12 23 80 19
63 41 33 21 80 55
63 16 2 11 24 28
63 26 23 29 32 34
63 52 9 1 38 57
64 25 12 9 33 58
64 59 34 19 46 6
64 44 55 18 37 12
64 21 35 14 56 10
64 3 39 0 81 45
64 2 7 36 23 45
64 75 42 13 43 61
64 69 56 11 66 60
64 41 42 18 62 61
64 25 21 41 39 16
64 55 20 18 5 56
64 8 56 42 50 58
64 15 15 40 43 49
64 69 48 31 74 9
64 50 13 4 36 21
64 58 52 2 64 41
64 43 15 14 47 23
64 32 6 8 46 11
64 16 40 38 50 63
64 43 24 8 44 24
64 79 34 20 79 36
64 70 54 12 10 53
64 34 20 4 68 17
64 4 27 15 55 53
64 27 63 32 0 51
64 61 19 37 60 15
64 19 43 3 14 58
64 70 10 9 74 19
64 21 2 22 34 29
64 32 5 35 81 17
64 10 19 41 3 54
64 29 7 10 3 2
65 30 34 24 13 56
65 9 56 23 35 43
65 73 38 27 9 52
65 65 2 11 79 3
65 10 60 6 76 40
65 40 41 9 9 11
65 61 23 36 57 48
65 53 4 38 34 20
65 63 8 40 41 10
65 26 46 23 30 48
65 68 22 32 59 57
65 9 29 3 14 61
65 52 61 3 25 58
65 78 39 27 66 52
65 63 16 7 73 27
65 70 53 41 73 0
65 53 40 4 9 31
65 30 36 25 71 60
65 25 6 35 7 59
65 26 34 9 63 16
65 71 9 9 60 45
65 41 62 33 22 15
65 46 22 35 74 16
65 78 9 7 5 7
65 44 28 38 76 43
65 22 18 26 81 34
65 16 49 28 9 42
65 31 37 37 23 15
65 17 60 17 26 27
65 67 25 9 2 21
65 70 18 30 77 47
65 35 22 41 67 0
66 75 9 30 85 0
66 40 49 30 59 2
66 7 17 25 56 55
66 50 1 27 71 10
66 65 55 14 1 23
66 33 5 40 48 57
66 65 26 32 69 62
66 4 4 33 11 37
66 77 58 27 79 7
66 53 13 35 67 55
66 62 41 6 7 7
66 40 2 16 17 11
66 67 62 1 55 25
66 63 0 32 16 26
66 84 13 14 61 34
66 51 47 22 46 23
66 0 43 3 4 50
66 22 37 31 22 20
66 55 4 8 31 57
66 48 24 35 49 50
66 53 22 23 2 38
66 66 49 34 1 34
66 8 6 18 41 18
66 61 32 11 7 53
66 37 28 41 57 18
66 7 33 7 6 21
66 37 39 9 16 4
66 32 16 30 2 23
66 57 31 19 60 61
66 36 62 5 7 26
66 14 15 32 37 9
66 58 31 3 20 55
67 70 21 33 23 46
67 74 26 17 48 60
67 61 46 4 39 17
67 68 51 31 25 12
67 33 16 23 48 3
67 31 14 26 15 40
67 10 50 18 7 16
67 83 35 2 65 1
67 50 13 36 79 38
67 6 3 11 6 9
67 15 43 16 76 3
67 70 22 12 64 10
67 76 52 41 51 37
67 9 43 3 80 56
67 80 41 11 76 49
67 48 10 40 58 13
67 47 14 19 13 36
67 61 22 4 2 49
67 81 36 32 19 49
67 0 33 18 57 7
67 59 54 21 29 6
67 61 13 13 72 33
67 16 47 2 47 4
67 30 60 27 40 62
67 9 47 16 29 14
67 62 3 26 1 27
67 68 54 21 27 20
67 2 10 38 7 21
67 82 32 20 8 14
67 39 19 9 33 27
67 24 54 27 9 38
67 0 27 27 16 39
68 77 17 41 65 30
68 56 10 12 8 13
68 51 35 12 21 39
68 79 61 36 64 41
68 49 53 5 32 16
68 0 50 40 44 44
68 12 2 10 59 21
68 28 58 14 63 56
68 72 8 27 47 8
68 30 55 8 15 8
68 6 2 38 56 43
68 24 40 27 24 10
68 82 1 29 30 37
68 30 13 39 72 49
68 46 22 14 62 63
68 27 46 12 50 10
68 78 47 36 23 29
68 61 53 40 72 47
68 45 44 0 72 9
68 74 10 8 41 50
68 83 61 33 61 5
68 31 25 1 41 0
68 11 49 1 74 23
68 82 56 13 27 25
68 9 44 12 40 18
68 43 47 1 11 14
68 54 20 38 12 11
68 49 3 12 72 43
68 77 48 15 63 21
68 67 3 21 50 37
68 59 29 10 78 14
68 2 52 39 49 39
69 3 40 0 14 63
69 68 36 16 81 40
69 69 14 14 20 27
69 27 39 38 63 5
69 84 4 0 75 39
69 2 26 31 29 40
69 77 39 2 54 43
69 31 61 30 71 49
69 74 36 20 3 63
69 69 10 40 5 14
69 2 12 24 31 51
69 67 44 14 72 22
69 42 41 30 62 41
69 12 18 41 79 48
69 33 15 25 26 62
69 81 48 31 30 42
69 41 59 6 46 43
69 33 39 0 60 54
69 70 54 30 60 56
69 7 10 2 9 7
69 51 37 18 33 9
69 49 29 9 64 9
69 69 1 38 67 40
69 74 56 26 1 2
69 51 8 15 29 3
69 83 13 24 79 30
69 19 51 24 79 31
69 21 11 15 45 8
69 81 50 11 28 42
69 64 59 41 83 50
69 57 58 37 67 11
69 64 34 32 17 63
70 53 52 10 77 33
70 45 14 9 37 10
70 6 25 35 2 9
70 70 59 16 75 60
70 24 15 25 75 58
70 45 47 9 56 23
70 64 45 35 68 52
70 72 32 20 42 58
70 19 57 40 7 49
70 73 58 16 24 28
70 45 54 40 55 33
70 42 39 27 79 31
70 9 31 7 22 46
70 5 61 25 56 55
70 17 9 27 46 45
70 24 21 14 82 50
70 15 31 9 52 1
70 68 56 8 1 20
70 79 1 2 38 57
70 24 19 28 84 16
70 27 6 3 78 61
70 4 25 12 59 17
70 30 56 28 80 40
70 24 3 32 52 14
70 22 58 17 80 29
70 51 21 21 22 9
70 54 56 34 81 1
70 5 60 33 85 31
70 76 5 18 76 55
70 81 62 7 65 12
70 37 61 26 50 34
70 4 20 36 6 27
71 53 13 8 44 39
71 25 31 12 44 11
71 35 34 11 34 38
71 64 1 5 69 33
71 20 7 3 27 22
71 84 16 0 12 1
71 9 18 7 36 39
71 14 58 11 18 11
71 65 36 23 27 1
71 84 58 36 39 36
71 44 47 4 6 55
71 40 18 23 5 63
71 57 25 5 4 33
71 11 42 15 24 0
71 60 8 6 78 36
71 15 22 1 45 37
71 6 43 16 18 23
71 0 16 13 22 26
71 26 25 7 42 53
71 66 7 7 22 24
71 75 17 40 25 44
71 17 35 19 81 7
71 6 20 16 33 19
71 55 29 9 52 17
71 27 63 6 52 13
71 52 2 33 36 8
71 74 41 25 16 56
71 19 59 17 26 57
71 70 46 6 78 47
71 5 51 5 66 62
71 39 48 6 20 36
71 50 56 25 48 32
72 39 19 0 21 35
72 5 13 20 81 47
72 8 59 4 17 19
72 50 17 34 72 29
72 77 6 5 34 40
72 11 28 10 66 10
72 77 24 40 52 38
72 15 51 28 78 17
72 67 21 25 55 43
72 23 25 18 35 40
72 56 13 37 27 20
72 28 3 40 43 4
72 0 38 34 71 19
72 10 29 41 2 7
72 38 19 28 83 50
72 1 13 29 14 33
72 2 22 0 46 15
72 12 4 23 21 13
72 67 27 31 74 3
72 82 15 19 71 32
72 36 34 31 58 6
72 12 43 8 78 43
72 73 39 14 21 1
72 41 40 26 38 8
72 67 34 29 84 41
72 50 29 28 9 39
72 12 53 15 20 48
72 44 49 14 34 47
72 45 48 29 14 8
72 39 9 29 3 8
72 31 39 19 6 4
72 81 57 15 8 59
73 3 56 29 27 20
73 11 18 17 10 5
73 47 32 21 77 56
73 16 12 34 12 20
73 18 11 36 71 18
73 63 27 10 23 44
73 44 44 35 66 12
73 29 24 10 13 45
73 75 11 0 82 49
73 80 21 32 72 3
73 7 62 32 31 35
73 47 17 21 66 19
73 8 26 40 16 20
73 76 54 16 20 32
73 74 14 28 0 62
73 20 23 15 58 25
73 51 27 28 10 58
73 28 36 27 30 22
73 79 11 0 46 9
73 85 49 3 27 27
73 64 49 26 62 11
73 12 49 16 84 62
73 1 0 10 41 7
73 77 13 12 76 30
73 27 34 36 6 41
73 66 26 34 57 41
73 10 49 34 31 30
73 54 32 7 84 31
73 10 28 16 59 4
73 3 22 30 60 35
73 51 17 2 74 34
73 14 23 0 25 57
74 40 55 31 13 52
74 20 0 10 48 63
74 30 41 30 37 51
74 46 28 1 22 61
74 30 59 26 18 61
74 66 56 33 66 48
74 56 17 20 8 14
74 49 30 40 2 38
74 11 39 40 32 31
74 34 30 23 81 24
74 11 49 31 12 44
74 14 41 12 65 62
74 53 23 26 49 17
74 1 20 1 35 36
74 7 33 7 58 51
74 17 46 15 84 62
74 52 49 18 73 57
74 20 46 5 81 28
74 57 51 29 85 36
74 25 22 19 55 14
74 66 25 30 82 58
74 14 13 6 47 51
74 80 16 26 6 24
74 20 45 13 82 37
74 5 48 13 55 62
74 0 58 16 56 56
74 67 0 18 26 16
74 71 39 14 21 42
74 59 29 31 15 16
74 68 3 31 37 3
74 73 19 1 26 40
74 27 39 40 70 53
75 36 16 38 36 56
75 77 50 5 57 20
75 41 49 32 20 53
75 12 39 26 45 45
75 30 21 4 46 27
75 55 50 17 46 39
75 69 1 27 17 42
75 36 45 36 61 16
75 1 37 7 2 14
75 41 25 7 78 41
75 65 46 29 6 23
75 58 37 34 40 33
75 26 43 9 61 38
75 8 7 21 34 25
75 44 32 26 48 32
75 13 43 33 59 15
75 39 58 25 54 24
75 22 22 26 42 43
75 63 48 38 15 5
75 69 25 5 80 12
75 48 25 23 48 47
75 33 12 8 65 41
75 1 52 41 84 37
75 47 43 32 12 0
75 6 30 42 60 43
75 39 13 11 64 12
75 2 42 41 84 48
75 23 44 32 20 53
75 84 57 33 63 10
75 65 47 41 2 29
75 33 56 14 0 27
75 53 20 35 83 48
76 13 19 33 47 33
76 8 12 41 70 23
76 55 1 20 9 60
76 46 3 24 83 42
76 40 47 27 32 34
76 11 12 18 83 1
76 74 31 1 70 36
76 23 8 30 40 36
76 47 61 33 83 38
76 18 61 2 13 39
76 61 48 3 22 0
76 22 37 9 78 54
76 34 7 15 56 21
76 22 5 10 58 13
76 68 11 19 29 29
76 18 35 35 60 47
76 21 3 22 82 30
76 21 41 17 4 54
76 18 61 35 21 51
76 84 28 42 18 3
76 72 49 28 14 45
76 66 22 0 11 9
76 57 41 22 33 28
76 68 2 33 1 51
76 38 49 31 36 11
76 61 37 21 19 5
76 22 39 18 13 18
76 38 4 40 19 48
76 0 37 32 81 57
76 22 25 30 50 48
76 74 41 27 79 9
76 83 38 29 38 49
77 44 54 37 26 44
77 19 53 28 19 53
77 8 16 14 12 41
77 36 49 34 8 3
77 36 57 21 17 19
77 50 28 38 29 7
77 32 32 39 49 23
77 22 18 17 71 32
77 64 17 8 62 57
77 54 2 10 77 30
77 46 14 23 48 24
77 76 49 30 62 3
77 47 21 42 57 24
77 51 31 40 38 57
77 26 52 26 39 45
77 7 14 22 33 0
77 30 51 33 15 18
77 78 14 23 57 57
77 19 15 25 9 59
77 55 13 40 73 33
77 56 9 25 84 54
77 19 27 17 22 4
77 42 5 23 83 23
77 25 2 23 51 0
77 39 40 21 37 33
77 4 58 33 36 26
77 55 23 1 75 35
77 76 28 38 48 17
77 34 41 4 31 5
77 51 12 29 78 12
77 51 45 1 24 20
77 59 54 13 84 16
78 61 55 23 42 30
78 38 14 39 57 0
78 52 59 39 77 3
78 79 60 37 26 15
78 55 59 32 72 17
78 70 35 32 81 62
78 18 60 2 0 48
78 21 57 36 63 56
78 38 20 11 32 40
78 24 10 27 25 22
78 14 16 30 4 43
78 42 7 0 48 41
78 17 23 17 49 35
78 54 22 9 16 3
78 27 29 23 27 49
78 12 23 4 74 5
78 35 51 24 23 62
78 29 58 33 78 59
78 43 21 29 31 45
78 37 2 26 2 6
78 81 5 26 72 61
78 16 37 14 53 29
78 15 51 13 11 4
78 36 26 18 44 21
78 63 7 24 7 25
78 11 14 40 70 3
78 37 63 11 44 59
78 8 25 39 80 2
78 65 53 34 14 29
78 85 26 20 26 63
78 1 4 9 1 62
78 49 55 22 74 32
79 35 11 2 73 1
79 72 33 1 37 25
79 7 60 12 38 2
79 32 1 41 10 16
79 84 35 15 15 34
79 35 33 5 29 12
79 74 13 10 21 16
79 64 53 31 61 7
79 2 3 31 36 13
79 39 44 22 60 59
79 40 48 15 9 7
79 5 59 5 36 44
79 59 41 37 18 9
79 56 15 36 15 55
79 17 48 42 50 52
79 66 20 13 6 2
79 78 8 18 16 26
79 18 55 0 53 49
79 55 0 24 57 32
79 14 42 17 4 53
79 58 26 33 33 23
79 1 51 5 66 58
79 80 48 41 18 47
79 49 38 16 58 11
79 47 18 24 24 34
79 63 57 33 73 11
79 50 55 4 33 59
79 65 34 29 70 19
79 73 27 23 45 44
79 19 51 0 77 40
79 31 31 18 10 56
79 11 24 22 31 26
80 41 14 23 64 16
80 51 18 35 71 13
80 3 28 31 17 15
80 53 3 20 3 36
80 31 33 7 18 20
80 67 9 1 42 23
80 48 32 38 7 31
80 69 44 23 80 19
80 42 25 16 18 8
80 59 45 10 21 59
80 10 6 27 9 46
80 35 61 40 70 44
80 50 37 3 53 57
80 82 48 1 69 57
80 43 59 25 71 44
80 70 2 21 63 23
80 8 38 28 0 44
80 4 17 16 31 55
80 48 0 34 5 40
80 12 31 9 78 51
80 79 15 2 7 62
80 74 17 13 3 53
80 19 9 24 43 48
80 42 15 35 14 58
80 26 0 11 64 28
80 10 12 1 82 22
80 84 38 41 50 0
80 45 56 7 63 10
80 9 39 31 72 51
80 19 10 26 5 25
80 38 19 40 71 7
80 36 46 17 12 1
81 64 59 29 54 19
81 10 36 15 54 34
81 36 37 42 6 52
81 25 58 27 51 28
81 13 53 21 59 46
81 65 49 9 19 21
81 84 42 16 83 55
81 43 12 36 60 6
81 15 35 25 10 16
81 62 40 8 19 60
81 27 28 40 18 50
81 62 10 1 36 19
81 32 35 22 51 48
81 49 58 32 25 19
81 33 39 29 59 25
81 13 43 33 6 62
81 70 26 16 24 45
81 9 30 10 52 8
81 20 41 17 0 19
81 35 46 28 22 17
81 47 46 30 58 56
81 11 36 15 56 37
81 71 62 9 61 15
81 75 56 20 9 34
81 36 61 4 31 18
81 11 13 7 54 59
81 83 44 17 69 15
81 83 32 4 77 62
81 73 20 24 80 12
81 10 16 38 45 25
81 44 32 21 85 30
81 1 12 25 84 22
82 26 34 36 82 39
82 48 38 18 80 58
82 7 42 10 67 41
82 28 62 26 82 56
82 47 24 38 15 55
82 80 2 17 30 48
82 4 4 1 79 59
82 81 12 38 59 15
82 79 35 10 55 33
82 73 59 11 51 46
82 78 20 18 35 17
82 58 51 1 72 6
82 74 5 15 65 49
82 39 11 31 35 49
82 37 24 35 61 9
82 25 19 22 40 56
82 26 52 41 23 15
82 16 35 40 73 55
82 75 44 25 51 61
82 71 17 25 73 54
82 67 45 3 61 30
82 54 55 25 60 52
82 19 14 10 68 45
82 77 7 6 76 25
82 54 47 4 28 35
82 57 14 27 3 38
82 54 53 40 83 15
82 46 16 42 59 18
82 84 23 28 14 41
82 41 4 13 60 60
82 58 11 2 27 18
82 17 42 4 21 0
83 75 62 30 51 58
83 0 63 25 18 2
83 80 46 30 82 43
83 19 62 23 5 43
83 18 20 23 38 10
83 24 6 14 68 36
83 62 59 6 12 62
83 6 31 36 32 19
83 18 11 36 29 3
83 71 54 37 61 22
83 1 30 37 79 35
83 64 23 4 78 21
83 10 14 40 34 50
83 60 29 27 19 11
83 62 50 38 42 1
83 74 33 23 29 43
83 62 49 15 36 19
83 80 53 5 23 19
83 11 62 4 25 32
83 47 22 33 60 18
83 31 34 29 56 24
83 48 15 40 11 51
83 13 43 42 6 46
83 63 44 29 59 9
83 3 61 28 81 30
83 44 48 32 58 7
83 30 59 0 9 22
83 40 35 35 12 15
83 66 1 14 39 0
83 0 9 6 78 18
83 52 12 12 38 27
83 40 21 26 84 41
84 29 26 8 70 55
84 50 29 8 33 52
84 2 3 2 33 5
84 36 62 2 2 26
84 82 63 12 50 25
84 17 6 16 25 21
84 34 57 21 3 59
84 13 7 8 58 15
84 47 59 41 67 7
84 2 52 3 20 38
84 53 48 38 26 9
84 3 56 17 52 59
84 23 9 33 77 61
84 76 43 11 68 27
84 46 15 22 55 58
84 59 51 7 34 36
84 35 2 1 28 29
84 52 41 13 68 30
84 58 30 4 73 22
84 16 1 12 9 4
84 37 57 15 16 43
84 29 47 33 44 46
84 17 62 31 70 2
84 68 31 12 50 15
84 40 10 42 73 61
84 60 38 29 23 52
84 29 60 0 50 23
84 59 13 10 54 32
84 18 9 11 25 46
84 76 32 23 4 28
84 75 24 13 57 42
84 34 56 40 33 3
85 69 43 24 69 22
85 49 50 21 16 53
85 14 11 6 40 38
85 54 33 27 21 8
85 36 21 40 1 29
85 9 42 31 61 48
85 83 35 40 78 5
85 13 13 17 11 15
85 10 4 19 39 60
85 21 55 32 1 51
85 15 39 7 65 4
85 57 8 37 25 13
85 63 53 5 11 14
85 39 19 14 41 51
85 80 45 28 3 12
85 69 34 9 3 16
85 18 13 37 79 46
85 0 4 36 75 13
85 33 38 12 84 41
85 23 63 1 80 12
85 21 50 0 8 13
85 2 38 2 44 29
85 74 32 38 64 40
85 24 3 16 54 31
85 51 53 8 60 19
85 61 4 33 7 0
85 70 16 39 18 35
85 47 0 24 25 33
85 72 20 39 70 19
85 57 56 39 6 18
85 70 23 39 8 28
85 54 30 23 33 44
86 5 15 13 9 26
86 36 5 17 52 35
86 39 33 1 36 42
86 13 5 25 59 62
86 8 14 42 27 28
86 50 37 27 0 32
86 85 47 11 73 6
86 24 7 6 13 10
86 8 46 16 10 38
86 2 15 39 6 26
86 77 48 30 61 0
86 68 33 33 38 2
86 37 38 22 16 9
86 30 52 6 77 60
86 46 37 36 27 19
86 10 2 29 47 11
86 60 26 1 50 12
86 84 38 10 37 12
86 39 54 36 28 57
86 82 10 0 80 37
86 20 41 24 18 48
86 53 31 19 62 43
86 75 48 32 19 18
86 68 40 36 25 5
86 57 55 37 62 53
86 20 22 19 39 41
86 61 63 9 56 8
86 45 5 17 46 4
86 48 42 15 13 54
86 29 0 5 64 42
86 21 63 27 26 6
86 1 22 21 32 23
87 50 40 25 74 25
87 49 26 19 59 36
87 0 28 11 67 18
87 62 30 31 26 4
87 74 35 6 11 30
87 20 2 24 26 45
87 28 52 15 27 46
87 79 17 21 7 4
87 61 57 19 56 34
87 43 53 16 43 52
87 17 61 15 64 47
87 4 10 3 80 8
87 39 15 21 30 42
87 55 7 1 36 19
87 58 55 27 73 59
87 32 32 22 53 12
87 63 59 23 46 50
87 28 2 27 69 28
87 61 10 18 56 50
87 53 6 31 71 4
87 49 50 1 59 51
87 9 59 33 41 39
87 36 62 19 62 24
87 38 61 14 55 52
87 80 43 25 5 20
87 49 60 33 44 38
87 33 36 29 38 16
87 58 2 39 19 31
87 59 27 5 61 20
87 20 62 34 21 48
87 73 14 37 65 32
87 36 55 6 30 52
88 71 1 35 45 6
88 25 38 22 58 61
88 36 6 9 8 42
88 12 10 41 2 46
88 20 9 19 75 59
88 42 37 10 80 51
88 65 56 31 54 63
88 64 9 24 14 33
88 78 47 6 70 6
88 38 43 24 78 26
88 10 28 11 3 4
88 35 35 41 6 49
88 29 10 40 65 28
88 40 49 28 42 48
88 8 31 35 48 13
88 53 47 4 24 34
88 25 19 31 36 2
88 42 57 21 10 34
88 69 55 13 0 5
88 56 3 33 29 30
88 64 21 25 50 63
88 75 58 38 21 54
88 3 12 27 78 54
88 9 35 25 25 8
88 62 24 18 62 24
88 56 5 19 55 46
88 21 1 17 40 55
88 45 15 38 47 52
88 6 35 8 30 11
88 22 27 19 55 45
88 53 7 32 8 28
88 8 26 7 81 2
89 18 9 38 19 52
89 16 29 35 23 5
89 48 28 20 78 15
89 78 19 22 5 38
89 78 29 10 54 32
89 82 40 5 39 1
89 22 16 42 3 53
89 4 31 24 4 62
89 34 39 19 39 55
89 30 25 18 47 14
89 41 55 13 11 31
89 13 62 35 41 56
89 7 59 6 66 4
89 18 58 0 23 63
89 16 5 14 30 41
89 34 43 4 34 58
89 66 12 3 82 7
89 4 60 4 5 33
89 42 46 18 52 39
89 5 33 12 32 12
89 52 11 11 57 12
89 11 60 37 20 49
89 17 45 42 14 14
89 48 8 23 22 32
89 78 23 24 24 52
89 30 6 35 43 14
89 1 51 42 19 17
89 16 9 12 68 60
89 36 2 13 48 28
89 34 10 5 81 39
89 52 29 35 24 39
89 47 49 34 22 37
90 5 26 40 42 40
90 1 45 7 42 43
90 35 20 11 0 54
90 32 44 3 4 43
90 53 40 3 5 43
90 41 17 15 75 49
90 44 43 26 52 34
90 26 41 3 41 31
90 60 29 19 61 61
90 48 51 9 29 13
90 51 44 17 2 27
90 31 57 10 69 50
90 58 48 33 2 29
90 82 33 5 28 3
90 56 11 37 22 38
90 34 4 12 32 31
90 18 50 9 21 26
90 7 5 10 39 9
90 23 4 5 65 46
90 26 17 36 38 3
90 37 43 20 77 46
90 64 1 6 16 48
90 16 56 32 12 29
90 81 52 28 44 63
90 79 54 12 7 39
90 57 32 21 63 29
90 14 30 15 30 54
90 40 9 40 17 42
90 55 40 8 53 60
90 3 38 14 20 21
90 21 53 18 34 56
90 75 37 31 1 37
91 75 47 33 46 50
91 1 50 20 26 1
91 67 60 40 67 54
91 45 50 21 17 32
91 20 38 18 34 17
91 24 44 32 53 9
91 0 49 7 15 7
91 76 40 5 69 60
91 6 5 17 32 27
91 51 45 13 25 11
91 52 15 13 82 18
91 75 13 16 31 47
91 9 17 17 37 36
91 16 39 4 70 12
91 53 9 24 81 22
91 64 50 12 44 55
91 74 40 11 31 13
91 53 22 23 74 29
91 52 24 39 31 22
91 14 16 34 78 60
91 19 4 10 85 33
91 13 18 14 76 32
91 67 37 6 19 44
91 24 54 30 3 2
91 55 19 3 84 29
91 83 41 2 81 26
91 29 12 15 30 7
91 46 41 11 27 54
91 35 60 11 39 41
91 59 47 33 40 16
91 3 20 42 21 29
91 19 33 26 8 12
92 57 13 6 13 38
92 46 32 15 58 53
92 63 38 34 71 41
92 77 4 37 69 35
92 4 0 20 82 50
92 70 38 15 71 24
92 40 45 0 80 30
92 31 61 3 41 53
92 41 63 21 72 18
92 33 0 22 9 35
92 63 57 20 68 52
92 8 28 11 10 62
92 80 37 19 38 49
92 15 58 13 34 36
92 33 1 5 84 63
92 15 30 32 53 48
92 74 23 10 1 7
92 60 54 22 34 40
92 36 19 35 22 61
92 39 28 39 17 50
92 24 57 17 84 47
92 76 61 9 54 11
92 82 44 9 61 17
92 26 36 14 76 19
92 1 63 8 67 29
92 66 2 34 59 44
92 59 5 1 53 13
92 4 48 24 10 38
92 6 41 36 66 14
92 24 24 20 2 48
92 33 48 12 24 35
92 37 59 36 53 29
93 5 11 0 25 28
93 73 42 33 13 13
93 38 46 19 23 57
93 38 45 33 52 56
93 1 30 9 68 39
93 54 45 12 32 62
93 2 11 26 62 7
93 23 35 29 70 20
93 43 59 37 0 55
93 55 29 23 6 27
93 27 2 28 32 28
93 19 52 22 3 23
93 74 34 42 46 52
93 3 59 25 2 49
93 44 27 4 33 4
93 52 32 42 22 63
93 51 27 17 22 31
93 46 44 9 40 59
93 71 0 39 4 20
93 40 47 3 53 34
93 46 19 23 11 0
93 65 61 2 42 50
93 47 38 4 20 34
93 51 3 24 21 25
93 25 16 0 2 0
93 63 43 33 21 2
93 26 4 37 33 44
93 64 63 38 53 3
93 7 55 18 3 52
93 84 41 26 21 24
93 4 13 15 16 16
93 25 53 23 74 8
94 25 7 32 59 54
94 6 25 10 27 12
94 20 54 37 70 16
94 60 13 25 60 3
94 65 36 39 22 7
94 5 1 27 12 38
94 32 57 41 37 37
94 16 21 20 75 21
94 34 41 3 75 3
94 65 21 15 0 24
94 72 45 11 43 61
94 52 40 33 41 21
94 16 23 34 45 53
94 19 27 42 45 31
94 22 17 7 28 44
94 13 40 25 41 41
94 5 9 24 75 46
94 61 45 0 55 39
94 52 13 32 45 15
94 13 53 6 79 60
94 54 37 38 18 58
94 60 43 6 79 60
94 34 53 3 25 53
94 80 32 0 20 10
94 63 35 12 18 11
94 32 38 36 39 4
94 4 7 7 53 6
94 34 34 12 58 28
94 55 28 34 31 23
94 67 17 12 63 30
94 43 28 36 49 23
94 78 9 17 72 48
95 20 61 28 53 45
95 64 56 5 66 46
95 52 13 5 80 16
95 74 59 1 35 40
95 0 27 38 36 6
95 81 54 23 37 50
95 10 8 39 52 62
95 27 11 14 30 8
95 8 15 39 83 32
95 73 32 5 16 57
95 78 30 27 28 60
95 24 39 37 83 12
95 76 51 39 43 49
95 2 34 40 82 51
95 43 62 12 14 44
95 64 26 38 49 59
95 84 27 12 80 33
95 1 63 30 27 63
95 13 0 14 23 56
95 71 49 26 63 56
95 70 36 8 84 9
95 68 48 24 7 17
95 17 13 28 42 55
95 2 56 39 71 27
95 44 45 9 71 61
95 15 9 35 21 0
95 0 50 37 6 33
95 41 6 33 33 19
95 1 11 4 67 30
95 0 3 33 17 23
95 77 22 22 10 57
95 8 21 38 40 14
96 12 6 17 44 61
96 42 32 20 61 37
96 79 1 28 31 5
96 8 59 24 21 7
96 61 49 34 39 21
96 37 30 38 51 26
96 63 34 15 15 47
96 81 25 9 35 28
96 67 62 3 22 14
96 29 45 5 2 40
96 80 0 40 70 32
96 60 31 30 21 45
96 20 50 32 82 22
96 19 31 36 47 30
96 47 11 19 41 4
96 4 15 24 69 47
96 70 27 36 11 35
96 63 56 18 6 0
96 39 38 14 58 39
96 41 37 22 34 10
96 40 42 26 3 31
96 51 3 21 47 44
96 19 16 28 0 23
96 31 20 15 22 45
96 52 59 37 47 63
96 56 53 15 28 56
96 45 53 38 81 57
96 83 26 38 31 63
96 75 37 31 71 51
96 17 32 29 53 52
96 13 26 25 74 11
96 14 56 0 29 60
97 39 29 5 79 1
97 69 60 0 81 37
97 74 51 12 25 27
97 73 8 30 16 62
97 66 40 18 67 20
97 72 43 2 9 20
97 26 42 14 31 37
97 20 29 4 71 7
97 47 60 30 9 61
97 41 43 39 72 5
97 57 50 17 78 12
97 62 42 4 74 63
97 41 51 7 8 31
97 11 19 23 29 30
97 38 12 35 38 47
97 81 20 33 5 49
97 38 28 4 56 46
97 58 1 25 18 19
97 66 49 13 6 2
97 60 13 21 54 38
97 33 62 8 40 53
97 18 27 1 58 2
97 30 51 21 66 61
97 78 23 22 49 50
97 42 49 39 47 21
97 0 3 12 81 9
97 9 18 29 2 53
97 48 21 25 20 25
97 26 17 10 27 16
97 53 61 18 23 44
97 17 38 34 68 59
97 69 62 29 22 43
98 41 21 7 60 25
98 32 2 11 63 47
98 55 43 1 31 13
98 46 59 33 19 48
98 47 15 13 60 57
98 84 62 4 8 55
98 80 62 35 58 30
98 50 18 32 43 4
98 77 23 37 62 50
98 52 6 35 35 0
98 63 61 29 47 20
98 7 19 15 23 49
98 45 39 24 27 3
98 60 0 38 80 39
98 39 8 37 5 22
98 67 40 22 27 59
98 7 15 14 51 58
98 56 0 32 46 35
98 11 47 1 49 27
98 82 54 3 76 16
98 32 15 20 20 42
98 75 62 11 57 60
98 68 63 4 30 28
98 82 55 37 10 57
98 51 10 42 55 8
98 23 27 25 72 24
98 35 46 29 18 15
98 30 9 37 30 6
98 42 6 15 81 51
98 48 38 17 37 31
98 69 42 36 21 26
98 47 45 34 66 7
99 61 63 13 62 17
99 37 34 2 74 61
99 57 63 25 77 32
99 20 45 27 8 52
99 27 33 26 8 40
99 72 21 23 77 26
99 12 15 30 73 40
99 15 18 29 56 1
99 83 45 33 19 4
99 59 43 24 17 22
99 84 0 38 10 18
99 79 6 11 17 3
99 18 46 6 76 2
99 78 50 42 69 0
99 62 11 26 24 29
99 28 60 12 55 13
99 65 7 34 0 16
99 71 63 5 16 51
99 72 3 39 17 54
99 2 12 32 5 49
99 29 27 16 63 61
99 8 38 2 11 17
99 83 26 12 66 33
99 67 34 19 44 2
99 13 2 17 36 17
99 22 34 26 54 28
99 82 63 15 25 38
99 51 22 34 44 31
99 53 23 42 18 23
99 29 42 20 11 3
99 56 11 15 70 16
99 40 19 13 11 49
100 84 3 37 7 61
100 65 11 10 25 47
100 80 61 25 0 1
100 23 12 29 22 18
100 73 24 26 64 23
100 44 60 8 52 5
100 38 40 6 44 21
100 0 14 1 75 9
100 20 26 30 77 31
100 2 2 13 27 42
100 8 61 26 63 33
100 3 2 10 55 29
100 15 18 37 57 52
100 42 23 28 66 60
100 23 10 9 50 63
100 63 4 8 32 33
100 18 36 4 13 60
100 24 26 35 35 2
100 49 8 28 60 34
100 15 40 41 80 57
100 39 63 8 38 6
100 16 54 15 28 1
100 8 12 19 57 38
100 36 6 15 17 13
100 69 34 39 32 15
100 65 45 41 7 1
100 30 56 38 29 35
100 36 23 22 7 24
100 72 52 14 76 20
100 41 57 16 44 26
100 1 60 27 41 57
100 81 32 39 27 54
101 22 53 17 30 14
101 26 20 13 35 30
101 68 10 4 75 31
101 19 40 34 53 26
101 7 20 36 1 58
101 25 11 31 27 61
101 45 63 29 63 25
101 76 50 7 64 54
101 49 33 16 11 41
101 1 35 0 82 12
101 21 20 0 3 44
101 76 31 21 84 48
101 40 6 25 21 22
101 52 54 7 56 60
101 60 38 10 43 11
101 75 23 6 15 63
101 7 34 8 11 3
101 17 16 21 25 36
101 79 24 28 40 24
101 76 58 32 12 8
101 0 32 0 13 18
101 73 51 7 17 29
101 68 20 37 26 58
101 48 24 34 23 49
101 53 38 21 24 31
101 83 3 28 28 48
101 11 44 17 33 11
101 38 30 3 80 29
101 31 45 31 83 1
101 20 24 13 79 41
101 42 9 41 24 61
101 17 17 31 42 2
102 37 21 27 45 41
102 7 19 21 55 30
102 49 42 35 74 47
102 79 49 41 41 61
102 17 17 10 36 63
102 37 5 41 77 39
102 60 39 15 28 19
102 39 60 11 32 39
102 8 24 34 69 40
102 24 31 15 83 8
102 32 4 36 79 25
102 30 3 7 4 36
102 38 50 30 14 26
102 34 5 17 5 12
102 38 37 28 59 23
102 48 6 7 5 37
102 40 42 37 4 35
102 31 16 39 38 40
102 18 7 17 38 5
102 32 29 20 64 23
102 76 61 29 19 21
102 56 17 30 50 2
102 55 13 9 5 16
102 52 3 12 72 29
102 49 56 30 24 58
102 29 35 19 4 10
102 34 2 28 33 41
102 68 4 11 75 31
102 60 28 6 23 55
102 25 5 29 67 18
102 30 48 25 3 55
102 78 35 41 69 31
103 38 52 26 44 63
103 65 38 31 55 38
103 55 42 26 83 22
103 23 33 41 49 21
103 55 52 11 51 37
103 51 41 5 82 14
103 78 27 35 41 11
103 71 47 30 52 16
103 74 13 40 33 13
103 54 61 34 81 3
103 35 32 1 10 38
103 55 45 6 36 52
103 12 20 2 14 61
103 77 45 15 17 38
103 47 33 27 29 22
103 20 2 34 68 22
103 6 20 39 35 57
103 70 24 12 41 43
103 39 1 0 3 51
103 46 38 13 6 26
103 49 50 14 52 23
103 71 31 21 33 59
103 27 11 10 42 59
103 65 10 36 65 61
103 11 29 19 66 54
103 84 9 9 64 31
103 64 50 37 82 25
103 74 31 25 37 11
103 9 28 36 74 23
103 8 12 1 19 40
103 26 60 9 18 27
103 50 43 27 49 11
104 81 6 27 47 30
104 55 31 41 61 45
104 35 54 4 71 10
104 70 46 27 30 10
104 77 20 1 32 9
104 81 58 17 11 40
104 13 34 41 80 35
104 10 20 2 64 41
104 69 45 3 45 50
104 49 23 17 83 23
104 50 39 0 65 4
104 62 63 15 82 15
104 24 39 23 37 44
104 38 57 41 18 36
104 11 6 12 33 4
104 49 61 9 66 35
104 12 33 15 56 1
104 52 1 8 42 14
104 3 27 32 7 22
104 24 5 31 59 26
104 36 43 9 52 22
104 22 54 9 41 49
104 61 4 30 37 59
104 70 43 28 2 37
104 79 39 17 59 52
104 21 18 24 71 51
104 31 21 24 64 14
104 84 61 22 56 31
104 10 52 21 5 39
104 69 5 24 47 44
104 10 52 26 0 6
104 83 28 16 11 26
105 46 17 4 34 63
105 45 54 22 43 2
105 75 25 8 8 58
105 70 18 16 34 50
105 55 14 1 44 62
105 66 32 31 6 62
105 27 44 32 75 40
105 19 29 14 7 58
105 11 6 26 44 28
105 25 41 36 14 36
105 8 11 16 37 47
105 54 12 16 19 53
105 72 45 33 21 54
105 35 60 1 46 17
105 53 58 22 81 6
105 52 21 8 27 15
105 17 37 12 40 54
105 49 57 13 14 1
105 62 36 23 74 32
105 31 53 8 81 47
105 69 6 8 13 45
105 22 37 32 8 13
105 53 21 23 65 27
105 31 6 34 9 15
105 1 32 22 49 27
105 58 41 23 31 33
105 19 17 31 71 34
105 14 10 31 56 45
105 73 47 35 57 6
105 34 40 20 57 48
105 71 58 1 65 63
105 37 28 11 64 20
106 25 39 7 19 6
106 1 22 36 31 50
106 25 62 26 13 24
106 11 19 14 42 32
106 15 16 12 49 29
106 66 32 39 47 2
106 57 21 38 62 31
106 55 50 41 37 51
106 39 2 1 39 22
106 9 60 27 75 21
106 26 52 19 50 15
106 31 47 13 0 14
106 5 38 33 65 54
106 66 28 11 58 50
106 77 22 23 69 16
106 72 21 36 42 41
106 82 59 27 23 51
106 25 39 32 20 42
106 28 33 20 16 45
106 6 39 4 28 12
106 20 20 36 35 25
106 73 54 35 27 37
106 50 41 28 70 52
106 58 56 36 39 56
106 45 53 2 32 46
106 5 6 3 25 24
106 56 0 22 14 55
106 78 28 5 76 22
106 37 54 41 7 8
106 81 26 41 19 51
106 60 62 41 58 42
106 38 53 28 0 1
107 22 1 29 63 60
107 3 37 2 68 5
107 6 61 2 39 28
107 64 62 5 83 18
107 41 17 3 3 26
107 1 62 3 14 6
107 31 36 20 29 39
107 28 52 23 73 47
107 6 31 38 14 14
107 73 34 39 24 23
107 79 20 28 71 51
107 41 3 40 44 29
107 59 6 10 55 21
107 21 19 33 30 3
107 26 57 30 80 28
107 33 58 39 14 50
107 84 57 25 37 59
107 40 2 19 42 63
107 52 47 36 3 38
107 13 5 23 72 25
107 36 61 35 58 32
107 75 1 7 7 57
107 2 4 2 55 54
107 8 32 15 13 29
107 64 31 25 72 12
107 40 36 5 84 11
107 16 4 3 61 34
107 15 26 33 36 55
107 23 59 1 16 53
107 77 19 26 25 33
107 30 10 19 17 18
107 74 19 1 73 43
108 62 31 12 79 51
108 28 59 7 78 45
108 24 16 2 52 30
108 44 19 40 30 41
108 18 51 5 6 13
108 76 24 15 7 17
108 53 1 14 71 11
108 62 2 3 33 33
108 48 62 23 12 39
108 66 38 42 55 36
108 66 29 13 73 52
108 11 27 2 14 1
108 54 40 37 17 1
108 57 45 19 58 34
108 67 36 0 78 58
108 40 46 13 35 7
108 34 16 0 66 6
108 27 30 3 29 62
108 41 62 5 48 29
108 23 34 42 74 13
108 9 23 17 8 31
108 50 19 19 69 11
108 37 63 34 36 62
108 27 50 9 81 50
108 62 28 3 40 31
108 48 36 13 34 5
108 14 55 11 44 43
108 41 58 39 35 11
108 9 63 24 47 42
108 43 56 18 68 9
108 41 26 6 53 38
108 53 8 36 34 6
109 10 47 28 77 45
109 81 11 17 47 11
109 35 46 39 66 15
109 16 55 30 60 34
109 18 52 0 43 34
109 50 50 42 55 5
109 61 39 32 78 44
109 61 48 31 54 49
109 55 11 38 10 21
109 32 61 28 47 19
109 58 17 39 67 45
109 30 47 25 77 42
109 26 22 9 7 37
109 4 29 31 76 30
109 65 62 24 68 56
109 18 52 14 54 8
109 82 23 27 46 0
109 27 20 23 19 10
109 21 48 37 45 10
109 8 38 24 25 6
109 67 28 35 23 18
109 27 49 3 68 23
109 71 60 39 42 39
109 15 52 27 24 12
109 9 10 32 68 62
109 83 21 3 64 37
109 27 37 29 61 14
109 80 2 13 6 41
109 24 40 18 81 29
109 6 18 33 7 39
109 29 12 22 62 19
109 45 22 26 15 11
110 75 1 5 77 22
110 81 28 30 85 30
110 50 12 26 36 52
110 66 43 5 34 45
110 49 14 12 16 60
110 79 35 23 2 9
110 28 21 5 16 13
110 39 30 20 64 10
110 59 58 6 44 24
110 61 3 33 16 37
110 71 57 34 33 39
110 21 49 23 3 45
110 75 59 8 49 13
110 44 30 14 56 3
110 46 55 5 1 25
110 13 59 12 43 19
110 21 7 2 44 34
110 21 29 24 11 21
110 66 35 24 27 36
110 44 36 42 9 43
110 83 44 21 15 30
110 14 22 11 20 24
110 75 4 41 25 32
110 69 3 12 64 0
110 2 26 14 82 41
110 80 38 13 35 11
110 57 45 20 55 17
110 19 45 27 0 14
110 76 27 40 11 48
110 27 17 2 46 37
110 64 45 41 70 13
110 2 23 25 3 14
111 83 33 0 22 5
111 77 8 20 29 52
111 57 0 32 75 16
111 35 26 24 57 33
111 78 53 20 49 34
111 55 13 3 38 31
111 80 14 38 11 55
111 80 10 11 43 53
111 22 23 7 15 42
111 11 40 12 63 25
111 57 12 35 30 27
111 8 33 5 41 1
111 25 63 11 25 31
111 78 46 20 13 58
111 57 9 28 50 47
111 20 55 2 40 38
111 57 13 3 77 24
111 66 24 5 34 21
111 72 54 13 8 25
111 26 32 6 35 17
111 62 39 12 18 4
111 17 0 7 5 62
111 21 47 15 41 51
111 51 58 32 76 61
111 46 51 16 80 34
111 63 15 38 16 6
111 16 53 18 60 16
111 54 15 29 29 51
111 65 39 23 71 7
111 21 27 18 18 60
111 32 44 27 45 21
111 32 34 3 28 10
112 56 11 13 76 29
112 41 18 27 23 22
112 78 52 22 36 41
112 40 1 42 38 13
112 20 41 19 72 55
112 65 63 42 12 1
112 32 30 23 19 5
112 33 55 17 10 53
112 33 35 17 74 10
112 83 24 38 67 38
112 43 34 1 5 30
112 8 55 0 56 36
112 85 26 31 14 5
112 32 36 21 12 57
112 13 60 0 81 8
112 3 23 35 15 25
112 8 5 33 53 36
112 62 55 20 62 10
112 2 50 22 34 32
112 58 44 14 28 30
112 52 43 41 71 45
112 31 20 16 81 19
112 83 36 18 47 62
112 65 7 7 19 24
112 1 62 0 3 0
112 73 42 26 3 43
112 82 38 30 41 36
112 15 25 29 27 33
112 64 5 11 51 39
112 28 27 10 13 0
112 79 43 12 51 2
112 83 29 4 34 38
113 37 28 30 27 3
113 42 16 17 8 42
113 7 5 17 17 2
113 3 10 35 47 34
113 60 23 17 29 35
113 78 22 19 83 27
113 6 54 20 44 62
113 20 47 20 81 10
113 60 48 17 61 34
113 12 56 34 84 15
113 27 14 37 45 5
113 44 58 34 26 51
113 73 58 16 17 53
113 82 47 34 75 19
113 33 30 5 24 63
113 75 16 38 79 42
113 3 8 14 84 19
113 80 44 17 49 4
113 17 61 7 41 28
113 70 17 20 15 28
113 55 34 25 5 5
113 74 13 4 66 51
113 22 48 11 2 47
113 11 16 2 19 60
113 80 18 24 74 41
113 39 39 39 49 11
113 16 53 30 51 47
113 4 0 34 61 16
113 38 20 26 0 25
113 63 43 30 44 57
113 33 34 2 9 25
113 5 59 6 26 0
114 84 57 20 10 21
114 81 39 40 5 27
114 7 7 17 21 12
114 25 33 32 42 35
114 9 6 8 72 53
114 74 3 13 78 48
114 71 51 6 32 24
114 24 8 10 78 43
114 12 26 15 16 37
114 3 20 42 56 15
114 9 7 13 10 48
114 67 23 29 75 28
114 33 10 25 45 56
114 4 0 38 60 9
114 25 44 8 63 18
114 15 15 29 59 5
114 10 17 22 13 24
114 37 31 42 58 4
114 32 48 23 8 18
114 48 16 29 72 40
114 31 6 40 84 58
114 2 52 23 23 55
114 2 5 34 62 6
114 49 1 17 7 53
114 34 29 1 19 61
114 70 52 18 32 5
114 12 25 2 7 10
114 3 56 31 24 11
114 41 40 23 20 47
114 76 29 6 25 6
114 60 11 23 75 19
114 64 34 36 32 6
115 49 18 27 77 22
115 6 58 11 28 61
115 46 50 12 3 55
115 41 23 14 30 7
115 83 35 6 55 4
115 30 54 0 74 12
115 53 36 8 34 19
115 76 54 38 70 39
115 36 39 19 49 55
115 84 18 21 70 30
115 76 50 15 63 34
115 4 21 32 53 25
115 42 41 19 17 50
115 47 62 21 36 43
115 48 57 10 44 54
115 53 34 16 61 23
115 74 20 2 3 26
115 26 24 41 41 26
115 31 36 2 58 15
115 7 23 2 75 57
115 0 44 18 24 46
115 75 47 29 16 50
115 2 29 34 54 3
115 4 42 1 31 39
115 17 3 25 73 10
115 47 29 20 39 32
115 5 55 34 42 52
115 64 26 36 68 37
115 84 3 21 43 32
115 19 63 34 3 30
115 21 46 21 78 37
115 14 7 19 55 61
116 12 10 13 66 54
116 24 12 23 1 12
116 59 57 28 39 23
116 56 31 37 33 42
116 72 41 27 42 1
116 43 53 7 48 21
116 52 37 4 73 19
116 7 32 4 38 8
116 24 25 13 70 34
116 5 27 15 45 32
116 33 60 42 5 61
116 82 18 21 24 20
116 33 9 20 49 35
116 5 27 28 3 9
116 3 4 22 84 6
116 59 34 26 60 16
116 72 3 33 59 5
116 12 53 27 32 30
116 24 33 16 25 1
116 4 23 31 16 16
116 62 7 13 12 60
116 6 12 20 9 33
116 53 6 10 13 43
116 60 26 4 29 38
116 32 62 4 11 47
116 40 10 0 49 61
116 71 10 1 67 63
116 1 31 8 56 34
116 25 49 29 39 14
116 5 21 40 25 8
116 32 39 40 25 43
116 69 54 5 67 16
117 70 12 40 21 15
117 34 0 32 66 60
117 40 2 23 58 54
117 51 42 35 75 43
117 17 62 2 53 12
117 9 3 28 55 42
117 56 19 2 79 46
117 42 46 16 23 46
117 0 45 0 49 59
117 33 23 36 22 17
117 82 30 32 63 25
117 14 33 18 61 38
117 17 30 13 51 59
117 1 30 12 68 40
117 39 58 17 31 7
117 5 4 13 57 35
117 43 16 17 68 28
117 19 1 10 79 19
117 38 18 37 63 59
117 67 24 19 80 12
117 48 27 29 44 4
117 47 34 35 55 55
117 15 27 26 23 27
117 0 56 6 63 57
117 50 22 16 12 51
117 24 33 4 50 26
117 58 36 18 47 52
117 23 2 1 14 30
117 39 37 28 0 48
117 11 37 4 20 51
117 33 42 35 76 62
117 41 4 33 37 55
118 41 59 20 69 12
118 60 42 15 77 36
118 35 37 30 4 16
118 72 22 35 2 42
118 18 15 36 43 46
118 83 56 33 10 24
118 52 50 13 83 28
118 83 40 21 72 63
118 58 61 4 6 59
118 22 48 10 69 63
118 0 26 10 40 57
118 10 34 25 19 39
118 64 7 36 48 49
118 30 55 22 1 46
118 44 18 34 6 39
118 62 30 2 3 48
118 51 48 7 11 39
118 78 8 23 48 55
118 35 9 30 53 12
118 72 21 5 84 12
118 71 17 39 47 19
118 83 37 14 53 27
118 63 44 35 79 47
118 23 46 17 13 42
118 17 31 17 68 33
118 83 38 36 6 40
118 2 5 39 16 53
118 78 23 34 9 63
118 49 8 37 39 58
118 46 0 19 47 21
118 19 30 41 76 14
118 58 57 11 45 33
119 10 24 31 28 47
119 48 30 20 43 38
119 61 23 9 80 8
119 28 27 35 2 30
119 58 6 18 24 58
119 12 63 20 71 54
119 82 21 29 40 13
119 49 16 13 63 32
119 48 2 10 63 9
119 28 25 21 29 31
119 45 1 22 49 56
119 71 17 33 23 4
119 2 2 19 54 10
119 28 9 9 48 34
119 60 24 24 19 16
119 41 47 11 77 27
119 38 49 32 38 27
119 59 25 42 53 47
119 15 45 27 76 13
119 59 44 36 61 56
119 43 9 9 23 49
119 82 40 40 51 18
119 37 7 24 15 15
119 50 57 38 30 60
119 36 29 27 65 42
119 35 28 17 35 53
119 22 41 3 37 30
119 84 32 24 21 36
119 18 28 11 59 41
119 66 2 24 79 45
119 76 36 7 82 35
119 22 55 22 35 23
120 30 6 7 61 44
120 19 60 29 21 44
120 3 59 19 49 22
120 75 44 28 26 13
120 21 15 36 83 46
120 7 46 24 19 17
120 52 16 11 52 36
120 36 5 37 81 13
120 43 31 3 44 13
120 75 26 29 32 58
120 31 3 37 78 60
120 52 24 40 27 46
120 1 38 13 26 54
120 78 16 24 70 18
120 79 49 1 10 19
120 51 53 23 56 28
120 10 11 23 4 27
120 51 34 19 79 44
120 31 5 22 27 31
120 39 44 37 8 42
120 34 15 0 49 48
120 26 17 26 60 13
120 9 52 42 78 35
120 30 49 14 32 7
120 39 62 34 67 53
120 4 26 27 23 31
120 71 0 42 50 41
120 4 16 8 72 11
120 38 29 23 11 47
120 55 57 18 35 14
120 77 27 6 9 32
120 79 50 40 54 14
121 74 30 16 15 27
121 56 36 6 58 39
121 60 32 37 28 48
121 23 1 34 52 25
121 37 48 4 4 10
121 67 50 6 10 58
121 37 61 13 82 24
121 20 42 36 12 20
121 49 15 40 19 15
121 62 50 10 40 41
121 74 27 6 8 17
121 33 16 15 27 53
121 20 9 14 6 52
121 73 38 6 21 16
121 32 39 12 58 25
121 64 58 13 78 53
121 44 39 0 3 54
121 15 33 42 20 53
121 48 38 18 69 1
121 69 37 2 70 58
121 26 59 28 27 32
121 2 47 5 16 56
121 83 50 30 43 61
121 20 7 3 55 37
121 29 48 1 58 1
121 10 39 31 52 47
121 5 55 9 70 18
121 35 32 14 46 20
121 63 58 41 1 31
121 17 16 35 81 57
121 40 63 28 3 59
121 43 51 40 30 30
122 9 41 20 43 38
122 50 48 38 44 50
122 23 19 29 65 6
122 68 31 17 27 14
122 43 21 34 67 14
122 10 54 37 77 36
122 58 17 22 54 14
122 68 25 39 4 41
122 46 54 26 31 44
122 51 7 4 83 29
122 52 49 35 77 41
122 52 51 19 69 42
122 72 38 4 46 15
122 30 12 34 51 4
122 9 5 32 51 63
122 35 62 31 62 40
122 51 17 26 31 5
122 61 63 18 45 19
122 37 46 10 67 19
122 79 54 12 66 49
122 19 6 1 56 21
122 27 18 21 51 45
122 15 57 5 14 32
122 59 48 11 9 17
122 78 42 13 71 54
122 3 12 3 9 50
122 82 53 21 82 35
122 55 14 42 63 32
122 19 29 35 62 1
122 40 40 13 64 44
122 43 9 29 52 19
122 12 9 1 1 14
123 82 0 7 59 5
123 21 51 2 9 49
123 69 43 31 40 11
123 18 8 22 24 32
123 12 24 25 6 27
123 29 14 33 84 33
123 59 55 17 30 53
123 20 32 6 22 52
123 39 60 36 75 52
123 27 58 10 57 53
123 41 6 29 7 44
123 2 47 40 19 27
123 81 39 5 1 11
123 50 28 8 66 30
123 38 25 39 20 38
123 59 38 4 39 4
123 51 36 14 69 33
123 34 32 33 13 61
123 81 20 40 70 28
123 39 31 11 14 11
123 38 16 4 53 14
123 25 35 14 83 55
123 56 6 42 72 29
123 78 36 25 6 28
123 4 49 5 9 20
123 75 12 12 31 9
123 73 18 8 59 35
123 61 63 3 15 52
123 77 50 21 62 8
123 30 50 16 66 1
123 47 29 40 72 9
123 14 9 4 7 17
124 52 45 41 15 47
124 40 60 27 10 26
124 60 63 17 50 54
124 59 40 27 66 59
124 63 40 35 24 25
124 34 29 30 43 47
124 0 40 28 49 37
124 5 31 13 81 59
124 15 48 18 54 13
124 58 8 6 6 26
124 25 38 0 13 44
124 56 13 21 12 7
124 39 48 14 0 37
124 35 56 5 37 45
124 56 63 8 33 30
124 82 43 22 60 39
124 14 18 0 28 46
124 47 2 10 38 10
124 54 43 32 77 27
124 50 38 32 1 2
124 19 3 31 48 50
124 21 27 16 1 29
124 16 25 9 48 0
124 41 23 14 9 7
124 1 49 10 68 43
124 63 37 41 27 50
124 63 53 39 49 50
124 33 51 13 45 39
124 36 18 24 42 21
124 34 58 26 10 17
124 42 21 30 46 50
124 44 24 20 53 48
125 55 55 8 34 2
125 27 47 39 10 23
125 26 38 6 57 50
125 24 47 39 16 28
125 55 45 0 40 8
125 56 59 5 68 59
125 23 23 29 43 22
125 66 60 16 83 43
125 42 45 13 51 16
125 2 61 31 5 60
125 82 41 9 4 6
125 28 37 36 15 46
125 33 46 14 61 25
125 25 30 14 55 38
125 29 1 13 12 44
125 15 23 26 18 61
125 53 1 15 75 29
125 3 43 38 80 52
125 20 25 7 42 60
125 29 44 37 0 4
125 10 51 37 56 5
125 82 2 25 47 1
125 85 19 35 2 56
125 30 21 36 46 63
125 5 29 16 45 58
125 69 31 1 26 13
125 35 56 8 11 9
125 60 53 21 17 16
125 57 9 20 62 63
125 35 8 17 28 16
125 32 29 9 79 61
125 17 46 39 44 31
126 69 22 39 31 48
126 73 41 28 56 6
126 41 36 24 9 42
126 8 37 3 51 29
126 51 47 22 34 62
126 59 2 2 72 54
126 12 28 27 12 5
126 26 31 41 57 53
126 74 12 15 4 46
126 0 39 1 10 12
126 0 1 14 54 57
126 27 54 4 1 33
126 26 17 34 73 6
126 77 9 31 9 52
126 19 48 18 33 15
126 62 16 6 0 38
126 37 53 15 21 48
126 56 0 27 75 22
126 46 18 12 51 3
126 10 47 2 45 7
126 46 57 42 54 8
126 70 7 19 53 45
126 9 4 25 34 51
126 42 41 8 9 63
126 33 57 5 28 7
126 19 36 20 36 44
126 49 38 9 31 9
126 28 50 13 0 56
126 23 36 14 45 3
126 71 3 1 2 2
126 29 62 31 71 2
126 58 7 10 32 13
127 58 8 22 82 46
127 39 52 24 50 54
127 36 31 37 53 47
127 54 18 18 51 40
127 6 34 16 13 7
127 70 46 10 42 39
127 0 54 22 2 48
127 64 51 41 34 44
127 81 24 8 32 32
127 31 3 36 11 37
127 67 10 38 52 6
127 50 25 36 55 21
127 76 47 5 36 60
127 1 25 5 52 20
127 84 35 15 45 6
127 76 9 4 27 7
127 38 25 37 42 27
127 11 30 0 18 30
127 9 45 38 21 50
127 34 13 31 5 8
127 15 13 6 60 52
127 73 30 2 79 10
127 19 31 26 51 10
127 54 5 21 4 60
127 43 3 23 45 37
127 56 49 4 29 43
127 37 21 37 18 8
127 47 7 11 39 30
127 4 56 32 14 15
127 44 27 39 6 23
127 2 51 23 61 17
127 48 31 0 45 42
