0 45 9 24 15 18
0 27 15 19 4 62
0 37 47 59 39 33
0 30 44 47 63 5
0 3 46 35 18 42
0 4 40 19 54 7
0 33 51 45 35 36
0 4 5 23 3 7
0 1 12 0 9 22
0 13 40 63 28 30
0 7 42 62 17 57
0 24 54 6 19 32
0 8 25 22 40 28
0 10 20 42 19 14
0 61 50 35 18 48
0 15 36 45 0 15
0 3 54 9 28 8
0 59 20 60 17 29
0 36 27 17 53 13
0 34 11 20 14 41
0 29 20 45 51 15
0 33 41 20 38 4
0 27 30 27 8 29
0 33 17 6 29 12
0 61 27 46 62 59
0 23 26 38 62 38
0 53 40 55 5 54
0 18 49 44 34 48
0 13 62 49 9 11
0 6 44 42 12 43
0 59 62 25 41 44
0 18 3 9 49 47
0 19 30 48 52 13
0 14 43 28 24 40
0 22 29 1 61 49
0 5 55 14 53 18
0 51 31 26 41 47
0 13 16 48 42 14
0 57 32 31 25 3
0 25 29 12 57 39
0 35 25 11 41 40
0 11 42 49 42 59
0 53 7 6 26 18
0 1 24 59 61 15
0 33 50 37 52 40
0 51 54 37 8 51
0 51 50 45 45 0
0 62 60 59 17 62
0 23 60 18 4 58
0 18 13 23 35 12
0 21 53 54 27 56
0 8 18 50 46 48
0 10 7 25 53 34
0 60 15 0 8 7
0 54 53 30 56 17
0 21 9 41 37 45
0 56 12 40 19 41
0 56 10 52 0 39
0 62 24 3 11 6
0 15 53 6 22 16
0 8 34 29 5 50
0 37 48 40 20 42
0 21 55 46 47 20
0 9 22 1 37 48
1 14 18 42 28 55
1 42 5 29 52 37
1 0 58 10 59 58
1 48 42 38 11 58
1 43 1 58 28 35
1 54 44 28 47 8
1 46 15 52 0 10
1 15 59 44 1 49
1 47 54 10 17 12
1 41 58 7 22 44
1 37 17 44 53 16
1 42 2 53 31 19
1 1 45 21 6 4
1 44 26 48 59 17
1 26 4 21 30 39
1 57 47 60 24 46
1 62 30 39 63 45
1 28 45 41 61 29
1 58 17 44 35 5
1 44 11 22 45 2
1 57 32 16 33 47
1 22 3 37 57 42
1 4 13 63 2 14
1 4 62 0 42 57
1 2 55 3 61 27
1 33 47 53 38 53
1 42 1 10 47 34
1 42 55 10 33 35
1 19 30 34 4 2
1 43 39 5 12 55
1 5 37 51 27 42
1 10 30 20 35 11
1 30 47 6 14 33
1 38 56 57 26 21
1 55 44 28 37 41
1 27 13 49 7 57
1 7 1 6 23 5
1 13 7 28 60 20
1 17 23 10 29 47
1 8 58 50 1 16
1 32 44 63 3 29
1 52 10 36 19 40
1 37 42 53 22 29
1 55 34 63 40 33
1 34 60 39 33 35
1 57 14 38 0 59
1 15 32 35 3 3
1 58 34 32 2 24
1 21 33 8 3 49
1 1 0 40 42 30
1 6 54 43 59 6
1 11 19 26 55 28
1 26 52 14 41 12
1 52 46 40 36 9
1 43 34 61 49 23
1 11 14 59 24 41
1 27 4 53 40 56
1 57 58 30 27 8
1 20 20 28 60 53
1 22 36 4 44 8
1 28 63 41 35 51
1 31 23 37 58 63
1 31 52 27 49 3
1 49 29 24 13 51
2 63 11 26 28 21
2 29 28 42 32 42
2 1 48 39 38 16
2 34 9 3 56 44
2 30 52 23 26 34
2 36 37 28 24 14
2 41 5 36 37 41
2 57 14 32 58 17
2 57 9 18 13 46
2 12 21 36 32 44
2 4 33 31 10 1
2 56 53 3 1 60
2 32 41 10 43 35
2 41 15 0 16 38
2 19 55 60 55 49
2 18 18 13 22 5
2 22 27 61 39 33
2 12 44 31 57 46
2 13 63 10 20 2
2 24 26 48 31 59
2 61 53 8 14 32
2 40 55 0 4 61
2 62 33 17 12 27
2 8 14 39 0 12
2 42 57 53 1 26
2 32 58 27 31 6
2 9 34 5 42 38
2 35 4 1 54 23
2 6 34 3 37 36
2 22 59 24 27 12
2 6 36 21 31 19
2 6 15 60 50 6
2 21 56 14 28 52
2 18 17 41 11 57
2 53 59 18 10 53
2 25 10 37 9 29
2 32 45 19 20 3
2 1 5 40 39 43
2 28 22 49 53 62
2 36 54 31 8 20
2 20 10 3 9 47
2 53 18 2 4 55
2 39 4 36 4 3
2 59 60 50 46 48
2 54 13 50 60 29
2 43 17 29 28 41
2 58 18 48 45 50
2 57 47 10 42 61
2 2 48 46 62 57
2 31 57 39 7 35
2 10 51 24 35 19
2 60 1 46 18 25
2 38 37 46 63 35
2 16 59 38 62 45
2 3 3 17 53 62
2 38 14 51 45 47
2 14 56 32 43 37
2 44 35 37 33 3
2 43 34 57 44 3
2 20 61 19 56 5
2 56 36 33 14 47
2 41 55 31 60 9
2 19 45 59 43 23
2 53 54 18 61 27
3 56 21 52 47 28
3 34 21 32 25 57
3 48 38 49 58 1
3 7 63 17 44 16
3 51 57 16 15 33
3 39 0 36 4 40
3 62 16 47 23 52
3 20 26 1 17 27
3 2 18 27 30 52
3 29 62 16 59 12
3 43 46 4 25 31
3 37 1 22 48 9
3 3 47 21 50 34
3 52 4 43 62 8
3 58 47 49 63 11
3 59 13 37 62 52
3 49 10 54 57 29
3 63 53 46 9 4
3 21 14 51 44 35
3 31 30 20 40 23
3 21 22 42 56 26
3 42 63 5 0 63
3 43 38 0 29 4
3 23 2 51 22 63
3 14 52 9 40 29
3 40 23 1 37 56
3 11 29 24 3 19
3 11 33 23 2 23
3 47 31 20 43 32
3 4 63 57 29 30
3 17 35 18 35 2
3 38 32 13 12 12
3 59 47 15 33 28
3 28 51 12 19 4
3 6 50 42 11 61
3 46 30 1 54 19
3 35 29 61 10 17
3 12 42 56 29 10
3 22 40 53 49 3
3 19 39 51 41 34
3 11 50 48 14 32
3 16 9 56 45 25
3 60 20 61 27 60
3 5 24 42 15 4
3 43 59 59 59 40
3 40 58 9 36 23
3 18 44 28 37 61
3 8 29 44 52 40
3 9 40 37 21 51
3 59 24 32 52 0
3 11 50 60 55 24
3 19 29 16 44 13
3 29 14 24 32 59
3 18 15 47 38 62
3 37 51 41 37 36
3 15 20 29 0 6
3 12 45 34 26 47
3 33 49 7 33 4
3 15 54 43 23 19
3 43 45 50 30 42
3 53 13 51 26 35
3 1 48 1 13 41
3 17 21 41 10 44
3 9 19 52 55 17
4 45 51 52 5 7
4 6 28 34 3 18
4 15 51 13 11 44
4 47 62 41 51 59
4 57 57 21 43 22
4 5 23 4 27 15
4 48 12 8 13 57
4 11 46 0 21 19
4 33 63 62 48 24
4 31 11 48 23 56
4 60 48 19 12 11
4 19 62 59 35 29
4 21 56 14 23 43
4 10 60 15 12 14
4 22 30 11 62 8
4 48 9 47 31 6
4 42 47 61 37 13
4 25 21 44 13 26
4 62 24 20 5 22
4 35 45 12 55 11
4 29 9 24 2 51
4 54 20 28 63 30
4 3 43 5 59 60
4 59 18 37 11 40
4 30 10 44 47 4
4 49 16 42 2 61
4 60 32 43 52 30
4 2 24 12 22 4
4 29 41 19 34 15
4 48 35 3 51 54
4 1 35 4 17 42
4 12 60 38 36 5
4 43 3 56 10 37
4 40 12 29 42 45
4 40 53 31 56 38
4 5 2 56 48 6
4 54 59 2 8 37
4 57 61 18 27 42
4 51 41 31 25 54
4 34 14 54 39 17
4 33 25 31 18 13
4 2 4 11 17 48
4 18 15 60 4 18
4 37 50 2 59 7
4 12 55 6 50 59
4 16 60 18 44 8
4 10 46 22 62 12
4 63 23 50 29 18
4 13 0 51 2 10
4 8 1 55 45 20
4 39 29 61 17 28
4 39 50 27 32 12
4 17 52 21 9 56
4 44 5 37 5 55
4 50 26 39 16 47
4 51 17 40 23 17
4 15 28 13 2 36
4 0 26 13 18 25
4 36 46 39 40 49
4 3 50 56 0 55
4 42 21 6 38 38
4 61 26 42 35 38
4 18 2 45 4 51
4 61 13 54 46 28
5 30 53 4 51 39
5 50 4 25 23 53
5 0 19 23 5 37
5 19 18 14 26 49
5 8 60 42 45 38
5 14 55 16 8 30
5 31 15 23 14 29
5 18 62 57 11 8
5 39 10 1 33 24
5 37 34 58 63 59
5 31 2 6 40 45
5 19 5 54 18 61
5 22 48 41 41 19
5 52 20 14 1 8
5 51 33 22 19 11
5 34 37 40 36 15
5 33 11 55 47 38
5 28 47 27 41 6
5 39 6 5 46 24
5 42 61 29 22 12
5 50 1 15 38 23
5 26 42 18 47 63
5 2 4 2 59 51
5 13 34 35 5 45
5 17 33 46 38 1
5 55 18 47 58 15
5 47 13 49 28 30
5 13 62 42 24 14
5 18 55 28 20 9
5 6 1 12 63 30
5 12 42 32 28 63
5 48 58 30 45 25
5 14 16 8 44 4
5 36 45 6 54 52
5 58 58 30 27 62
5 22 60 3 53 47
5 38 18 25 26 13
5 39 46 11 34 19
5 61 47 32 53 32
5 48 14 54 7 29
5 59 5 61 32 44
5 10 16 50 18 11
5 32 51 12 28 46
5 23 13 23 59 32
5 27 15 35 40 43
5 7 43 38 31 57
5 45 24 36 36 54
5 39 42 20 17 24
5 47 41 22 56 55
5 28 15 23 19 14
5 31 31 47 62 31
5 49 61 17 7 56
5 29 35 21 63 19
5 15 10 8 0 20
5 55 56 51 55 1
5 1 38 20 37 18
5 38 62 55 31 14
5 27 43 43 49 58
5 50 35 53 50 60
5 54 61 7 47 62
5 56 43 14 61 33
5 37 33 16 18 49
5 42 16 19 60 51
5 27 17 19 19 7
6 30 16 49 22 32
6 21 18 25 1 20
6 42 7 6 46 8
6 11 62 45 49 25
6 23 18 9 29 35
6 22 29 9 16 4
6 5 16 42 15 55
6 34 29 28 42 42
6 50 28 43 29 21
6 60 53 3 13 59
6 52 32 16 60 9
6 47 18 45 42 26
6 56 51 52 30 61
6 37 44 8 59 62
6 61 5 11 18 31
6 41 37 17 51 4
6 26 55 58 11 6
6 46 25 5 41 39
6 42 49 31 7 45
6 25 7 46 10 37
6 52 7 47 22 60
6 55 60 10 52 32
6 9 47 55 8 62
6 14 6 63 46 0
6 38 8 40 34 36
6 20 37 34 61 43
6 51 43 41 39 63
6 14 0 15 3 38
6 39 55 0 29 13
6 49 31 8 43 20
6 43 15 28 12 15
6 8 6 20 2 43
6 46 30 17 48 18
6 18 10 20 6 11
6 19 42 33 47 20
6 44 7 31 52 10
6 17 29 53 3 3
6 51 44 4 37 3
6 30 48 21 51 3
6 54 13 40 0 58
6 54 20 30 54 17
6 26 32 40 52 23
6 15 47 24 56 61
6 10 32 63 31 27
6 57 6 18 41 33
6 27 57 50 55 60
6 14 33 30 61 26
6 25 35 18 33 13
6 45 13 4 53 57
6 5 50 56 14 34
6 51 18 35 4 43
6 53 42 57 1 12
6 0 15 0 15 44
6 12 4 31 50 51
6 62 62 2 63 26
6 16 54 16 49 13
6 40 60 12 60 0
6 19 37 40 8 61
6 29 17 30 26 48
6 45 9 4 41 2
6 17 5 6 4 20
6 32 19 27 34 10
6 27 23 49 10 35
6 9 6 8 44 10
7 61 7 26 6 29
7 55 42 14 9 49
7 28 4 14 56 14
7 36 18 2 2 2
7 2 6 1 33 61
7 46 27 2 45 45
7 63 53 27 40 11
7 18 37 20 52 61
7 63 56 9 42 19
7 16 2 57 15 58
7 8 13 56 32 32
7 22 61 15 63 2
7 61 25 38 33 14
7 45 48 59 4 58
7 62 52 16 57 21
7 8 25 52 33 31
7 62 42 52 1 53
7 26 26 8 41 16
7 23 50 25 21 41
7 48 10 22 24 39
7 16 12 23 59 51
7 36 4 5 46 29
7 7 49 35 11 42
7 53 12 27 27 57
7 11 13 50 6 58
7 25 60 63 36 39
7 59 4 1 30 40
7 6 23 29 37 58
7 61 48 20 6 48
7 38 32 9 54 36
7 29 51 2 13 53
7 61 28 44 50 24
7 60 8 47 45 61
7 9 51 4 32 19
7 9 6 58 47 62
7 11 37 49 48 24
7 42 26 42 27 32
7 20 5 29 47 31
7 48 5 16 44 4
7 43 3 20 15 33
7 1 4 63 33 57
7 18 31 41 25 38
7 40 45 39 20 29
7 10 57 58 50 8
7 30 40 9 38 8
7 30 41 33 26 48
7 39 42 1 13 35
7 3 59 4 51 62
7 5 52 18 59 18
7 31 11 5 15 35
7 21 41 8 32 13
7 10 15 63 54 3
7 22 51 34 21 60
7 23 12 6 8 44
7 17 36 12 10 15
7 10 52 31 46 55
7 48 18 15 34 29
7 24 2 50 47 58
7 11 13 39 14 35
7 13 39 18 61 53
7 49 43 23 48 41
7 55 17 60 23 23
7 60 21 5 33 59
7 36 61 28 22 18
8 57 17 26 0 13
8 23 34 63 58 26
8 38 48 57 63 19
8 25 11 9 43 62
8 34 31 12 17 2
8 24 31 24 15 62
8 56 7 50 53 34
8 13 22 59 4 54
8 0 6 16 53 3
8 12 23 48 35 35
8 42 14 10 49 53
8 62 16 25 43 44
8 8 60 5 59 36
8 36 19 44 31 51
8 58 23 1 44 2
8 57 35 46 58 17
8 28 23 23 4 56
8 6 47 44 12 47
8 29 42 44 37 38
8 18 7 19 29 47
8 45 17 28 61 10
8 3 18 7 9 48
8 24 5 32 3 22
8 12 40 10 41 4
8 28 26 40 60 24
8 53 57 59 43 39
8 25 16 63 16 49
8 45 26 5 54 26
8 39 19 0 35 7
8 51 17 53 29 38
8 36 63 25 0 32
8 7 39 61 40 63
8 40 56 20 16 31
8 6 59 13 53 59
8 26 14 52 63 56
8 10 52 24 2 31
8 15 60 6 29 54
8 25 36 47 40 8
8 36 56 21 49 40
8 14 22 46 49 53
8 51 29 7 45 22
8 24 11 51 13 39
8 13 26 16 2 26
8 56 49 20 27 19
8 62 4 8 12 53
8 4 33 48 18 63
8 6 56 35 2 45
8 34 29 15 28 60
8 45 6 47 26 5
8 54 4 13 55 42
8 17 4 4 28 55
8 25 63 61 12 36
8 40 44 57 54 41
8 9 40 9 10 39
8 45 17 61 33 23
8 5 35 5 42 26
8 8 34 36 11 30
8 59 21 39 34 4
8 30 37 46 18 23
8 59 18 51 46 50
8 26 3 46 1 17
8 9 39 44 50 48
8 27 39 51 12 50
8 25 6 32 23 49
9 10 60 4 11 56
9 44 52 50 55 61
9 1 47 3 42 15
9 34 31 62 12 35
9 35 8 1 40 48
9 34 61 27 35 3
9 11 52 18 31 51
9 23 17 2 55 6
9 2 39 23 44 16
9 52 25 5 16 47
9 56 19 2 59 7
9 25 49 32 6 62
9 20 14 19 27 16
9 56 18 23 40 1
9 28 7 59 8 33
9 17 63 59 31 60
9 35 24 25 34 38
9 42 55 42 38 4
9 37 6 0 46 35
9 52 39 5 5 41
9 4 34 51 45 43
9 59 36 15 11 36
9 56 21 59 61 18
9 19 39 62 25 46
9 50 1 31 38 63
9 4 25 38 54 39
9 62 50 61 13 27
9 14 58 63 48 7
9 54 49 23 39 35
9 11 29 28 30 0
9 47 10 62 14 3
9 38 9 51 25 22
9 61 34 6 53 15
9 48 14 35 51 17
9 60 18 32 43 46
9 57 16 53 27 17
9 63 61 34 8 4
9 24 31 33 21 17
9 19 30 59 37 44
9 2 53 8 2 36
9 55 39 17 55 23
9 42 37 26 27 42
9 43 47 22 36 19
9 37 58 51 44 6
9 6 49 45 51 34
9 30 26 3 14 55
9 37 50 57 55 0
9 20 51 3 55 30
9 36 55 58 23 52
9 29 41 1 12 57
9 17 31 5 57 51
9 38 3 26 38 63
9 45 11 14 22 25
9 48 41 15 35 53
9 31 50 19 58 8
9 4 63 33 1 44
9 19 34 38 51 6
9 44 12 57 39 35
9 3 45 44 3 58
9 35 35 63 20 47
9 58 5 13 28 45
9 13 54 22 13 8
9 29 2 36 11 49
9 36 34 17 36 61
10 28 44 40 39 60
10 39 3 18 37 55
10 16 48 55 3 62
10 44 23 48 35 10
10 49 45 62 28 57
10 32 12 56 58 30
10 46 57 43 13 59
10 12 62 39 12 45
10 11 4 14 59 29
10 7 3 35 7 16
10 63 31 40 13 60
10 34 22 46 49 32
10 45 38 3 21 59
10 45 14 7 50 45
10 10 6 35 45 22
10 44 39 43 44 24
10 60 18 62 55 34
10 16 12 11 54 21
10 23 43 11 58 18
10 10 24 62 25 43
10 29 8 11 46 1
10 12 22 56 21 7
10 44 46 56 42 18
10 45 41 46 13 1
10 41 47 24 62 25
10 34 8 58 20 6
10 58 56 56 45 12
10 2 30 55 21 32
10 36 54 10 23 24
10 27 0 8 43 51
10 55 27 32 37 7
10 59 43 35 37 53
10 22 19 3 18 45
10 17 2 29 54 35
10 34 2 22 46 35
10 45 25 62 26 58
10 43 26 29 46 41
10 20 46 26 62 54
10 5 3 0 12 51
10 45 18 40 20 26
10 18 36 53 57 28
10 11 54 49 59 13
10 20 37 22 52 7
10 46 14 42 58 30
10 57 53 39 62 7
10 63 32 16 18 59
10 8 59 6 60 12
10 6 45 25 20 30
10 32 51 23 6 59
10 38 30 32 52 10
10 9 6 15 33 5
10 13 55 19 16 3
10 45 46 45 9 4
10 30 9 34 42 56
10 0 58 29 38 13
10 45 51 40 36 52
10 57 27 13 36 17
10 54 6 24 15 28
10 47 53 35 55 14
10 37 53 24 52 59
10 56 44 49 49 4
10 1 45 51 30 32
10 31 27 3 61 48
10 51 31 15 49 30
11 10 57 24 18 9
11 7 59 57 29 42
11 51 46 1 8 37
11 3 25 54 45 22
11 35 51 48 58 43
11 2 46 13 5 44
11 3 26 0 17 42
11 55 60 30 9 11
11 54 13 0 57 36
11 56 10 47 34 51
11 27 48 61 14 51
11 30 34 27 45 22
11 12 45 44 51 56
11 35 62 6 47 49
11 19 36 30 33 37
11 21 36 11 48 11
11 54 49 18 35 20
11 1 40 42 47 4
11 57 44 52 41 55
11 16 62 13 62 33
11 44 57 13 47 45
11 38 58 21 9 50
11 2 52 50 37 49
11 20 62 37 54 19
11 55 42 55 16 2
11 55 42 37 61 24
11 52 0 50 13 0
11 54 0 55 30 2
11 13 2 37 62 49
11 50 0 2 51 50
11 50 60 27 34 25
11 5 15 62 35 40
11 39 35 30 27 19
11 49 16 38 53 1
11 44 1 27 21 13
11 24 4 6 19 44
11 39 51 5 41 50
11 47 17 8 52 30
11 3 51 25 47 27
11 9 3 30 36 54
11 0 43 61 1 38
11 38 5 24 23 0
11 8 50 27 52 51
11 46 42 23 55 58
11 47 58 25 10 40
11 54 19 36 18 42
11 33 46 12 20 55
11 40 29 14 20 13
11 40 32 38 9 34
11 13 29 4 54 43
11 15 9 0 62 14
11 58 19 3 56 41
11 11 3 29 59 24
11 62 4 5 15 24
11 49 59 9 47 7
11 13 13 25 56 10
11 55 54 20 5 13
11 62 6 54 48 25
11 8 34 21 30 39
11 3 4 62 58 18
11 30 25 49 60 58
11 15 26 18 58 15
11 27 52 9 22 57
11 45 1 57 62 0
12 11 56 38 38 11
12 14 42 58 27 27
12 15 38 56 27 6
12 41 35 28 60 33
12 29 22 55 48 32
12 52 21 16 41 0
12 61 40 36 57 51
12 58 42 52 2 13
12 27 43 35 17 48
12 7 31 22 5 13
12 49 21 6 22 17
12 52 3 15 24 9
12 58 11 17 38 33
12 22 48 46 61 58
12 23 6 11 7 51
12 62 53 4 23 36
12 57 18 59 39 10
12 37 24 14 26 14
12 27 47 60 23 48
12 52 53 20 24 60
12 2 25 43 10 15
12 11 59 31 3 4
12 53 14 48 52 43
12 28 52 40 15 25
12 47 46 32 13 29
12 32 14 24 35 25
12 0 7 27 63 61
12 14 31 63 38 19
12 28 32 22 0 20
12 3 25 7 9 12
12 56 0 45 11 6
12 35 37 55 28 34
12 1 32 60 15 28
12 53 48 44 5 14
12 38 51 41 4 11
12 40 56 63 45 37
12 27 58 30 5 10
12 43 22 56 30 31
12 57 30 7 55 28
12 23 53 56 35 16
12 46 37 1 8 53
12 7 22 32 32 39
12 0 50 30 3 42
12 22 15 17 26 15
12 36 12 10 5 21
12 28 44 33 44 44
12 57 42 46 63 38
12 25 32 51 50 15
12 7 48 18 5 0
12 39 17 24 35 37
12 10 28 24 40 36
12 17 14 61 53 34
12 63 53 55 31 30
12 47 8 40 44 34
12 31 31 44 51 55
12 61 28 51 14 36
12 35 40 4 1 60
12 43 40 15 26 36
12 6 41 35 61 36
12 59 35 57 6 44
12 5 19 16 54 31
12 59 31 20 56 30
12 63 9 10 32 14
12 34 21 60 25 5
13 40 35 38 11 24
13 32 39 15 20 21
13 28 41 28 19 39
13 57 1 13 28 30
13 7 42 22 1 1
13 63 63 23 6 35
13 35 58 46 29 10
13 44 60 34 1 47
13 49 58 15 32 8
13 20 14 48 40 2
13 43 60 45 43 48
13 14 55 54 18 21
13 40 4 32 54 51
13 11 42 1 18 52
13 20 61 50 23 57
13 17 39 10 7 47
13 62 18 60 10 4
13 49 37 42 30 56
13 18 37 16 60 41
13 60 0 61 51 48
13 42 48 61 16 59
13 63 0 53 47 54
13 63 25 21 42 12
13 39 61 43 27 16
13 27 24 31 51 2
13 51 39 16 8 7
13 56 45 22 0 29
13 33 15 28 36 15
13 48 49 10 63 54
13 7 47 51 54 8
13 28 36 29 30 39
13 46 32 10 20 20
13 27 35 12 45 40
13 15 46 44 36 7
13 0 48 48 31 20
13 8 22 17 47 19
13 23 50 32 40 47
13 4 15 63 57 22
13 41 45 5 61 0
13 12 38 4 20 62
13 11 18 26 3 21
13 21 43 18 5 28
13 50 54 14 57 18
13 16 0 28 23 44
13 20 20 29 40 10
13 18 27 55 42 14
13 10 54 10 1 19
13 35 32 51 12 49
13 51 40 5 46 26
13 2 38 41 29 62
13 48 2 54 40 40
13 29 49 49 8 12
13 12 24 25 36 6
13 52 1 19 5 48
13 31 22 56 39 53
13 45 14 62 5 22
13 42 47 16 12 22
13 18 44 25 1 8
13 41 7 39 16 22
13 12 41 4 59 13
13 51 43 36 7 22
13 32 50 33 14 38
13 36 39 62 37 17
13 38 58 26 56 48
14 62 22 45 36 48
14 60 27 9 29 3
14 58 31 59 38 26
14 25 27 8 10 58
14 43 7 24 44 43
14 61 39 13 57 3
14 13 10 46 50 38
14 29 62 29 48 38
14 1 59 49 0 31
14 55 9 34 12 34
14 52 62 1 47 24
14 17 57 8 4 20
14 63 23 37 38 17
14 45 3 1 47 22
14 30 41 60 11 45
14 37 32 26 61 40
14 24 8 12 27 42
14 33 7 63 27 57
14 56 29 63 10 22
14 41 0 8 0 56
14 51 52 60 49 15
14 23 55 43 62 44
14 42 0 13 24 1
14 41 15 48 32 3
14 33 59 19 2 7
14 2 2 5 15 35
14 37 35 29 50 15
14 26 48 1 30 63
14 42 45 26 52 48
14 36 20 8 13 11
14 13 46 10 32 29
14 21 21 11 26 54
14 42 52 59 27 6
14 48 18 2 45 15
14 1 21 61 30 8
14 36 12 27 48 35
14 2 17 45 32 42
14 18 7 24 25 13
14 55 56 62 53 12
14 37 34 50 33 32
14 17 42 42 38 26
14 25 10 22 14 43
14 25 58 1 25 10
14 37 28 62 29 18
14 9 35 29 46 46
14 9 5 32 13 35
14 9 59 9 2 61
14 50 54 27 31 40
14 3 24 49 51 27
14 27 29 60 30 36
14 8 16 42 40 49
14 46 9 2 40 56
14 29 3 12 58 47
14 59 31 26 46 26
14 3 57 2 27 45
14 21 62 36 27 25
14 15 9 36 10 55
14 38 59 62 37 54
14 40 14 47 31 37
14 27 24 9 24 34
14 22 31 44 9 60
14 45 27 2 56 5
14 31 2 32 42 55
14 21 52 49 45 63
15 14 12 50 27 58
15 22 10 56 43 3
15 31 54 57 36 50
15 59 16 62 38 22
15 2 55 14 61 6
15 13 20 58 54 25
15 48 26 41 58 61
15 36 52 24 46 63
15 37 46 11 32 56
15 16 28 33 62 35
15 40 28 63 35 6
15 13 43 52 3 34
15 10 23 41 43 29
15 17 21 54 35 9
15 32 45 50 23 18
15 45 29 25 17 42
15 60 16 8 16 56
15 24 36 60 51 58
15 13 60 48 60 28
15 31 4 12 34 56
15 54 34 10 6 29
15 46 8 55 4 41
15 31 44 58 19 9
15 16 1 5 22 8
15 39 61 30 28 20
15 61 24 31 32 13
15 42 39 6 54 32
15 61 53 56 43 49
15 0 0 25 52 25
15 2 8 61 38 41
15 34 7 27 48 7
15 42 3 27 18 30
15 62 38 3 3 15
15 47 33 26 21 19
15 58 39 3 10 29
15 49 3 10 49 25
15 32 1 61 61 4
15 39 11 53 34 13
15 10 43 30 6 52
15 10 42 40 49 39
15 1 20 4 47 60
15 45 2 63 30 24
15 39 45 50 52 44
15 29 30 10 3 7
15 0 54 30 42 15
15 13 13 19 0 5
15 8 34 59 56 8
15 50 39 47 38 44
15 34 15 13 14 49
15 2 57 23 48 20
15 58 27 53 49 27
15 33 9 47 5 11
15 63 48 22 34 26
15 62 28 13 52 9
15 28 52 45 14 19
15 55 19 43 56 37
15 55 46 6 7 52
15 12 10 36 37 26
15 63 51 53 42 17
15 22 53 60 32 5
15 7 50 7 15 34
15 3 43 23 43 52
15 30 3 28 46 7
15 24 11 13 59 46
16 26 38 28 9 14
16 20 19 54 24 46
16 31 31 32 38 57
16 17 12 14 58 9
16 28 16 47 58 28
16 4 1 50 34 39
16 11 12 12 55 45
16 59 19 38 38 5
16 28 62 5 20 35
16 36 61 55 39 11
16 14 2 37 55 29
16 0 23 21 30 0
16 61 16 35 4 9
16 19 63 43 14 14
16 4 37 0 26 54
16 6 25 11 20 47
16 21 25 51 24 61
16 47 6 12 27 39
16 59 61 39 36 46
16 29 5 12 52 10
16 17 19 9 23 23
16 35 9 13 60 22
16 34 25 26 23 5
16 7 16 18 51 40
16 7 23 54 48 4
16 54 25 8 53 27
16 33 2 62 51 19
16 51 35 29 9 11
16 15 1 0 13 62
16 13 11 39 21 43
16 14 2 1 12 5
16 55 34 20 44 25
16 53 33 59 7 21
16 13 2 23 23 38
16 27 12 7 25 18
16 46 52 52 19 5
16 60 61 56 45 34
16 57 10 46 15 49
16 13 55 42 19 59
16 9 40 51 4 46
16 4 55 29 62 28
16 16 45 36 19 40
16 15 63 32 31 31
16 5 41 40 9 57
16 27 54 49 6 13
16 39 24 15 8 9
16 4 44 61 23 34
16 38 42 54 44 53
16 44 46 58 3 37
16 41 32 63 34 17
16 40 52 20 1 23
16 12 25 18 62 61
16 11 3 21 31 39
16 4 28 4 59 34
16 35 31 22 34 10
16 44 3 48 10 0
16 6 35 21 55 19
16 20 7 13 5 35
16 41 15 4 41 47
16 12 31 43 40 48
16 4 48 21 41 15
16 7 26 32 39 31
16 41 58 37 2 42
16 36 15 10 15 6
17 62 9 2 63 31
17 28 31 61 23 5
17 16 32 63 41 57
17 5 1 37 63 6
17 0 48 63 52 16
17 51 7 31 27 54
17 52 14 56 43 52
17 5 30 31 54 34
17 24 0 23 7 1
17 55 53 0 19 28
17 48 11 43 40 38
17 41 12 41 60 59
17 31 29 21 60 50
17 60 16 60 53 45
17 35 48 20 14 63
17 42 27 63 34 41
17 62 0 34 52 34
17 54 46 12 42 53
17 44 34 0 17 45
17 34 35 6 19 40
17 34 2 0 24 22
17 22 24 59 30 11
17 34 44 31 51 12
17 2 11 2 49 24
17 61 4 2 4 29
17 28 11 30 8 53
17 3 4 39 36 49
17 44 50 25 7 62
17 1 53 19 61 34
17 40 31 19 24 60
17 59 53 39 58 56
17 2 18 53 43 0
17 12 44 42 22 41
17 0 12 58 32 16
17 36 42 63 37 18
17 39 23 58 62 0
17 50 25 26 26 10
17 60 20 6 34 10
17 47 5 55 35 52
17 1 51 12 0 0
17 22 57 10 36 38
17 9 57 48 38 8
17 6 0 17 21 0
17 1 6 17 1 18
17 33 35 52 30 3
17 26 17 53 25 2
17 23 1 4 60 21
17 41 32 54 30 50
17 26 27 16 41 50
17 11 8 45 61 59
17 33 16 33 24 56
17 47 27 29 48 8
17 57 49 55 16 17
17 59 3 6 44 5
17 26 31 47 30 7
17 4 60 3 26 51
17 38 30 18 7 38
17 19 63 32 52 47
17 55 58 1 4 47
17 59 31 28 50 26
17 51 41 23 42 34
17 21 41 35 26 62
17 18 29 21 13 29
17 2 45 26 12 41
18 21 13 52 16 21
18 44 54 18 31 20
18 19 62 40 46 18
18 49 42 19 41 7
18 39 34 58 18 15
18 8 54 35 17 6
18 35 49 1 39 58
18 24 41 41 35 62
18 34 56 21 22 36
18 40 15 5 52 21
18 10 5 49 42 23
18 36 46 62 50 8
18 28 42 56 62 11
18 33 7 23 33 37
18 47 3 47 10 36
18 52 23 4 47 14
18 46 62 42 32 33
18 36 52 2 31 37
18 60 30 20 21 22
18 49 9 19 38 35
18 38 26 43 32 36
18 30 19 47 45 3
18 0 25 38 16 56
18 43 37 10 52 34
18 29 48 53 34 50
18 59 6 47 42 37
18 55 54 17 19 13
18 50 59 3 0 34
18 6 63 57 10 44
18 37 48 1 42 51
18 20 30 24 40 31
18 60 30 38 36 41
18 15 41 32 0 48
18 30 48 46 3 41
18 23 53 27 5 6
18 32 11 32 4 29
18 38 17 29 56 51
18 60 49 49 2 38
18 30 6 8 33 28
18 20 61 39 16 28
18 6 36 38 63 55
18 34 35 1 49 29
18 43 23 19 26 8
18 4 19 14 7 3
18 3 30 0 41 42
18 5 50 22 22 59
18 33 26 52 58 16
18 3 58 1 29 49
18 15 32 9 48 38
18 33 43 4 55 21
18 62 22 48 1 21
18 29 26 33 42 57
18 44 20 45 18 56
18 38 38 1 3 60
18 52 11 10 8 48
18 27 3 49 32 31
18 24 45 39 62 16
18 57 17 54 57 16
18 63 19 55 44 17
18 52 21 14 48 50
18 62 32 61 12 22
18 52 5 6 28 55
18 60 29 61 11 55
18 9 55 34 51 25
19 52 62 26 57 49
19 17 55 37 51 8
19 58 41 0 41 19
19 52 59 22 17 45
19 13 29 36 6 48
19 8 14 17 11 8
19 15 46 22 23 28
19 7 25 39 11 30
19 52 10 35 58 42
19 58 47 11 33 7
19 57 13 36 59 56
19 49 19 10 46 17
19 32 16 41 50 32
19 51 7 14 1 14
19 6 36 41 7 25
19 39 6 31 49 55
19 57 13 40 61 25
19 60 59 6 24 50
19 50 39 7 37 0
19 7 21 47 12 51
19 36 49 62 40 42
19 17 36 38 5 7
19 5 57 37 10 63
19 19 25 23 45 35
19 9 56 39 9 25
19 53 35 62 21 32
19 18 54 57 25 35
19 22 58 44 45 5
19 12 53 60 28 43
19 30 27 56 29 19
19 26 7 32 46 47
19 55 22 26 25 2
19 14 45 26 22 48
19 18 45 1 34 55
19 24 11 36 15 26
19 0 39 50 56 26
19 18 55 22 2 28
19 22 27 60 10 8
19 31 37 26 8 54
19 48 17 37 26 2
19 38 33 33 61 11
19 56 15 41 5 18
19 27 12 30 33 45
19 24 16 61 25 8
19 16 28 20 15 51
19 10 10 59 16 46
19 61 3 18 62 38
19 12 35 39 22 35
19 1 46 10 10 12
19 30 24 54 58 62
19 1 9 45 44 53
19 31 63 14 32 0
19 44 57 2 24 41
19 28 44 2 23 37
19 24 10 2 2 62
19 53 54 58 2 23
19 30 28 43 41 9
19 22 60 23 24 5
19 41 40 5 19 54
19 52 10 52 47 31
19 58 14 11 60 51
19 39 1 28 63 41
19 16 33 63 35 47
19 14 16 61 36 60
20 40 55 34 38 27
20 10 40 40 36 28
20 63 1 40 25 31
20 45 24 41 5 38
20 11 29 31 3 43
20 45 29 8 11 37
20 55 12 13 9 22
20 19 2 11 37 56
20 34 21 49 8 48
20 24 39 4 49 11
20 42 57 47 15 45
20 17 18 0 37 32
20 55 55 38 16 34
20 43 18 42 6 7
20 59 20 47 63 13
20 45 14 53 2 47
20 37 5 46 4 16
20 42 0 23 22 9
20 5 24 54 5 24
20 50 10 17 17 48
20 4 60 45 29 12
20 32 40 22 36 15
20 54 35 21 35 22
20 0 41 4 26 23
20 57 60 45 28 5
20 30 40 44 25 55
20 24 23 23 3 41
20 62 62 39 36 0
20 18 29 53 52 13
20 2 13 4 8 61
20 51 37 49 14 38
20 62 32 61 49 2
20 38 10 27 2 19
20 18 5 22 52 3
20 51 33 31 50 63
20 31 17 16 50 23
20 49 33 10 33 25
20 35 39 29 0 40
20 31 40 35 4 6
20 55 1 5 20 40
20 14 14 15 17 7
20 18 15 45 11 50
20 53 23 25 56 56
20 3 61 28 43 25
20 34 36 40 41 2
20 9 28 61 11 14
20 50 13 8 30 21
20 42 49 0 34 1
20 17 8 36 26 58
20 43 36 13 18 0
20 1 57 50 45 10
20 24 13 30 47 5
20 0 43 23 53 55
20 49 21 9 2 35
20 18 12 8 60 5
20 12 59 30 53 11
20 19 13 27 29 44
20 40 61 50 39 34
20 35 33 56 9 37
20 48 24 47 35 10
20 8 44 55 57 4
20 37 29 4 0 23
20 52 31 19 15 5
20 35 36 2 24 53
21 6 29 46 56 33
21 58 44 44 50 52
21 50 19 9 45 54
21 25 36 50 2 45
21 57 20 34 10 16
21 60 56 16 6 45
21 17 8 59 15 57
21 9 61 51 47 46
21 16 35 19 15 1
21 32 22 58 21 30
21 1 63 0 3 20
21 10 7 61 39 15
21 0 28 39 45 8
21 6 41 26 19 52
21 38 42 30 4 53
21 50 53 57 18 32
21 55 20 63 14 61
21 41 16 19 0 16
21 56 39 20 59 34
21 32 45 16 39 14
21 28 6 46 17 8
21 39 57 52 13 27
21 15 1 58 51 0
21 63 36 49 20 17
21 17 57 12 54 55
21 17 36 58 24 61
21 35 33 44 44 56
21 42 37 4 43 20
21 59 51 61 27 36
21 18 15 56 54 25
21 48 9 42 62 41
21 59 29 43 4 15
21 40 6 47 27 15
21 1 21 49 44 61
21 13 55 42 62 43
21 16 20 21 22 59
21 60 52 7 61 28
21 40 20 39 33 26
21 63 58 18 43 42
21 6 9 1 46 6
21 0 2 34 60 55
21 32 1 39 6 22
21 57 24 30 29 29
21 5 21 2 57 48
21 46 60 39 11 40
21 52 26 33 26 0
21 1 60 20 48 36
21 32 43 18 33 19
21 51 58 27 10 13
21 62 53 28 30 8
21 16 44 54 35 63
21 37 2 3 30 4
21 33 0 48 30 52
21 5 7 47 4 57
21 21 7 19 52 50
21 11 59 55 38 36
21 31 2 32 42 51
21 45 43 53 11 18
21 20 35 10 17 18
21 51 22 48 58 27
21 24 36 25 48 42
21 34 7 19 43 50
21 7 2 49 41 57
21 40 37 51 36 27
22 59 62 6 41 44
22 50 12 55 10 24
22 55 2 38 8 21
22 8 53 51 8 35
22 4 47 54 28 0
22 27 40 16 47 19
22 21 36 39 18 33
22 23 18 48 0 24
22 15 39 55 55 21
22 1 24 29 10 56
22 25 35 52 44 46
22 15 27 53 30 60
22 34 2 13 50 13
22 43 8 12 8 30
22 21 38 46 49 2
22 26 50 32 24 56
22 12 9 53 37 30
22 33 0 43 24 27
22 3 42 24 44 52
22 22 15 2 62 10
22 49 4 4 58 36
22 4 54 34 42 10
22 5 45 11 9 4
22 17 29 0 47 30
22 16 22 47 34 40
22 11 55 54 57 17
22 37 47 8 10 13
22 25 51 49 20 37
22 14 0 29 45 29
22 40 15 39 38 60
22 19 63 43 24 41
22 34 7 14 46 30
22 2 56 35 63 15
22 61 33 3 41 26
22 26 17 47 5 51
22 36 8 5 38 62
22 23 44 42 6 39
22 28 48 20 3 33
22 38 45 8 45 60
22 1 61 37 58 28
22 28 44 4 19 25
22 28 0 7 18 16
22 60 45 48 49 8
22 60 56 39 20 25
22 61 36 29 59 41
22 23 18 28 48 53
22 4 37 45 1 52
22 0 8 7 59 36
22 37 49 22 15 26
22 3 4 47 45 55
22 25 7 21 12 53
22 43 19 9 32 47
22 41 39 18 20 32
22 63 40 54 30 33
22 48 45 50 53 58
22 49 35 48 9 26
22 0 41 27 25 57
22 33 49 25 21 52
22 41 59 25 49 18
22 46 21 3 57 38
22 49 17 33 54 27
22 0 15 12 5 56
22 13 22 46 18 4
22 48 16 12 23 33
23 58 20 55 56 56
23 5 3 18 25 50
23 12 58 31 46 27
23 50 56 63 39 59
23 28 24 57 23 50
23 53 7 51 36 46
23 51 51 34 6 54
23 21 44 26 60 30
23 41 9 45 30 9
23 45 61 47 31 50
23 8 57 27 10 37
23 19 59 60 18 43
23 5 26 38 40 20
23 31 51 37 53 29
23 44 49 10 15 38
23 24 56 51 52 32
23 0 50 9 42 21
23 3 48 56 41 44
23 16 27 45 10 59
23 13 30 61 59 6
23 58 10 41 46 21
23 8 14 9 26 58
23 15 31 39 2 4
23 49 14 10 48 24
23 58 7 37 8 43
23 34 49 0 13 42
23 24 22 56 21 54
23 51 7 27 62 20
23 60 13 56 0 50
23 63 56 56 31 9
23 7 60 18 6 40
23 17 51 62 33 30
23 63 63 45 40 1
23 6 4 0 9 63
23 17 49 41 22 62
23 39 49 18 13 2
23 1 61 6 14 10
23 38 19 54 62 21
23 10 26 55 41 7
23 49 21 63 50 27
23 57 44 3 1 44
23 4 48 32 30 42
23 4 7 49 32 48
23 38 51 38 58 50
23 34 63 34 52 33
23 6 58 10 33 12
23 41 32 58 47 2
23 8 1 14 26 3
23 40 18 35 30 53
23 11 39 43 9 1
23 24 9 22 34 29
23 31 43 43 45 0
23 43 9 36 55 20
23 37 10 57 6 49
23 25 4 38 6 38
23 6 29 57 60 19
23 38 58 37 6 23
23 20 5 34 24 19
23 48 35 58 7 27
23 55 12 56 46 12
23 3 19 31 59 18
23 44 20 34 30 31
23 14 33 16 25 58
23 56 42 4 25 4
24 46 33 25 6 50
24 46 28 15 46 17
24 11 15 53 0 20
24 59 9 3 44 34
24 2 61 24 46 42
24 53 53 0 41 48
24 53 14 9 6 23
24 48 55 12 44 5
24 55 17 0 9 33
24 62 56 15 11 40
24 58 13 29 13 51
24 54 57 50 60 27
24 0 27 4 42 48
24 4 52 18 17 19
24 3 39 43 36 39
24 25 22 39 25 56
24 32 47 14 61 17
24 40 58 21 1 61
24 27 1 6 13 45
24 21 21 60 14 44
24 47 45 50 8 63
24 31 24 44 36 31
24 10 30 47 32 58
24 19 20 15 18 19
24 22 29 42 10 42
24 58 48 19 37 2
24 12 47 55 50 52
24 37 9 38 11 28
24 51 39 38 2 20
24 60 55 20 17 52
24 4 30 34 39 35
24 45 20 15 12 30
24 20 40 7 62 44
24 57 40 38 53 19
24 43 48 58 63 39
24 49 25 24 0 41
24 20 2 7 50 49
24 55 55 44 49 62
24 4 51 1 46 12
24 47 32 40 48 49
24 12 10 8 62 5
24 41 12 63 28 15
24 29 9 21 63 12
24 57 54 0 52 1
24 41 31 55 42 5
24 55 63 55 35 47
24 6 31 44 33 22
24 15 43 5 18 57
24 16 42 1 17 10
24 50 58 33 44 22
24 24 34 12 9 46
24 62 16 30 29 63
24 27 7 31 55 27
24 46 26 9 13 44
24 16 62 10 39 45
24 38 8 29 1 4
24 25 52 61 34 2
24 29 31 53 16 44
24 55 19 52 51 60
24 2 58 56 16 5
24 58 3 11 61 62
24 27 50 35 58 63
24 7 34 39 6 27
24 38 22 45 14 28
25 7 63 27 32 50
25 0 23 32 2 30
25 45 28 35 56 59
25 40 1 20 27 48
25 47 32 36 18 45
25 10 24 28 62 12
25 11 21 11 15 15
25 38 36 58 1 36
25 33 43 8 14 51
25 36 55 35 23 50
25 19 18 58 57 38
25 20 59 18 50 40
25 59 14 22 13 24
25 57 36 59 60 48
25 34 7 16 0 57
25 5 16 18 16 30
25 54 50 4 59 39
25 10 63 2 43 27
25 45 15 57 0 46
25 16 26 55 19 45
25 3 32 17 59 14
25 42 38 36 5 29
25 63 23 3 19 28
25 43 54 19 37 1
25 24 51 24 58 63
25 32 17 54 33 23
25 61 15 35 44 40
25 3 6 25 33 52
25 26 4 50 30 25
25 16 46 9 1 53
25 1 29 51 20 21
25 57 19 27 0 57
25 19 34 43 57 7
25 3 1 6 41 62
25 31 25 44 39 47
25 50 42 34 53 21
25 39 37 7 48 27
25 59 47 25 30 39
25 18 38 31 46 50
25 44 51 11 47 63
25 55 9 27 16 17
25 55 61 57 34 6
25 12 43 6 1 44
25 26 12 25 20 4
25 55 29 9 14 30
25 61 43 57 16 55
25 35 58 16 35 0
25 50 23 54 62 26
25 13 63 41 55 27
25 10 58 7 57 50
25 28 54 8 13 54
25 30 1 30 2 30
25 58 6 47 8 2
25 26 9 29 31 53
25 8 35 51 38 55
25 37 34 59 36 45
25 15 49 8 16 63
25 63 4 14 2 51
25 42 21 28 38 10
25 18 11 8 55 20
25 41 42 34 53 51
25 8 8 50 30 32
25 6 40 1 4 32
25 16 61 51 23 62
26 3 32 63 19 9
26 49 41 8 17 51
26 6 29 0 47 32
26 1 27 57 23 38
26 5 46 0 12 39
26 32 27 53 25 47
26 57 36 37 44 2
26 55 58 38 38 46
26 28 12 40 59 44
26 16 57 26 43 5
26 7 33 53 24 29
26 35 58 58 28 58
26 3 8 15 38 59
26 60 22 50 12 33
26 47 25 20 16 23
26 0 35 10 15 10
26 29 15 46 9 42
26 5 10 15 16 29
26 17 19 2 34 39
26 49 7 5 25 11
26 24 9 27 4 54
26 47 42 28 61 50
26 37 4 7 57 24
26 17 12 61 32 27
26 25 20 15 63 12
26 3 0 39 14 42
26 56 25 33 54 16
26 54 20 26 24 12
26 35 27 51 6 4
26 60 42 49 4 32
26 50 63 30 44 22
26 35 15 3 26 2
26 29 24 0 12 39
26 10 50 33 55 60
26 35 22 13 34 59
26 62 63 34 39 19
26 7 45 26 16 22
26 31 16 53 5 23
26 17 28 3 7 63
26 52 16 26 23 57
26 46 3 42 57 37
26 45 28 5 11 16
26 22 38 12 43 39
26 43 21 20 24 22
26 19 14 1 49 20
26 23 44 50 59 46
26 35 52 8 15 36
26 3 39 52 56 61
26 42 18 37 39 21
26 29 19 16 3 27
26 51 33 5 6 55
26 24 30 38 42 61
26 46 5 57 14 36
26 63 4 46 29 39
26 56 51 27 3 14
26 4 9 0 17 16
26 56 21 37 1 17
26 30 7 14 36 9
26 24 49 12 35 35
26 20 37 48 61 24
26 5 62 42 34 34
26 21 38 57 1 39
26 39 61 0 3 4
26 17 37 42 40 59
27 38 55 21 41 53
27 1 27 59 5 42
27 57 35 25 32 42
27 33 57 47 54 47
27 32 24 12 27 2
27 1 26 7 58 16
27 26 20 31 2 63
27 57 1 27 28 60
27 47 36 60 11 24
27 38 37 60 49 16
27 33 52 60 14 20
27 17 11 28 50 53
27 5 45 38 10 42
27 49 43 37 16 49
27 42 18 49 55 45
27 17 8 47 16 3
27 16 43 2 0 38
27 53 44 6 15 19
27 41 25 8 57 25
27 13 0 52 32 44
27 12 27 24 26 6
27 61 35 25 37 23
27 9 54 61 16 26
27 29 21 7 5 5
27 0 50 15 42 2
27 26 3 62 31 21
27 59 3 19 51 8
27 7 42 2 39 44
27 40 13 31 47 32
27 50 46 46 50 11
27 4 56 44 43 11
27 21 17 60 2 53
27 21 49 33 22 42
27 59 11 36 23 16
27 30 26 8 61 14
27 30 63 17 27 13
27 57 50 25 1 42
27 21 14 61 28 0
27 14 40 52 46 43
27 15 5 42 7 4
27 59 63 32 19 28
27 15 17 4 7 3
27 4 16 47 39 63
27 42 16 19 52 51
27 21 50 43 35 41
27 45 44 60 43 57
27 55 57 25 25 5
27 41 6 55 39 45
27 23 52 52 25 12
27 38 30 14 58 13
27 3 5 18 60 47
27 26 13 28 44 43
27 0 59 44 21 3
27 51 59 53 39 43
27 37 24 7 0 2
27 49 3 40 61 52
27 47 62 22 19 19
27 42 47 1 31 9
27 21 29 28 13 16
27 28 29 50 37 20
27 53 2 52 25 0
27 57 52 58 41 25
27 22 25 34 38 7
27 39 34 19 58 39
28 48 11 29 7 8
28 59 10 31 62 45
28 32 34 46 28 46
28 8 38 44 31 27
28 44 57 20 50 25
28 48 40 51 30 59
28 21 59 22 62 22
28 18 41 40 27 1
28 26 13 56 27 10
28 2 33 43 4 23
28 40 58 16 40 54
28 54 61 20 15 51
28 14 53 20 31 15
28 26 44 33 60 14
28 24 7 5 34 50
28 53 2 17 29 58
28 22 52 36 22 21
28 35 56 41 50 56
28 34 61 47 16 12
28 23 55 52 55 31
28 54 38 19 48 58
28 12 2 39 11 19
28 45 6 14 0 9
28 5 4 34 34 16
28 35 9 33 36 63
28 23 44 39 21 3
28 0 18 55 57 7
28 27 13 57 28 41
28 57 63 33 53 39
28 43 8 33 30 24
28 12 26 13 17 7
28 22 22 26 37 21
28 62 20 38 41 13
28 31 23 24 47 40
28 44 3 52 14 35
28 38 28 22 7 12
28 52 1 43 50 30
28 44 0 27 13 38
28 5 5 46 7 22
28 39 2 59 36 28
28 62 0 50 55 21
28 63 21 34 29 9
28 5 4 33 30 3
28 31 14 58 22 11
28 41 39 57 51 8
28 0 5 35 11 50
28 24 24 19 43 37
28 10 51 14 3 15
28 20 28 18 51 18
28 49 9 7 34 59
28 59 51 13 9 63
28 32 5 22 51 59
28 40 61 32 63 60
28 34 31 10 52 5
28 48 47 42 25 60
28 30 8 44 53 51
28 47 27 44 11 20
28 1 38 28 28 53
28 7 8 12 58 28
28 17 5 32 21 3
28 49 9 1 29 62
28 43 26 50 6 40
28 62 2 42 26 44
28 31 31 58 49 61
29 39 29 23 44 36
29 51 6 9 23 24
29 17 30 45 16 36
29 44 3 27 63 60
29 7 35 44 9 5
29 0 35 35 21 50
29 6 19 15 39 28
29 54 38 56 48 38
29 37 17 29 47 42
29 5 12 53 51 14
29 44 50 9 48 42
29 28 44 53 28 45
29 30 43 7 10 29
29 50 10 48 29 33
29 26 23 25 33 22
29 2 21 45 57 53
29 53 4 33 8 49
29 61 28 54 13 11
29 52 28 47 61 41
29 33 60 41 56 23
29 5 28 60 29 26
29 18 37 56 28 61
29 53 23 62 33 22
29 13 27 10 35 25
29 14 8 21 39 60
29 44 52 63 49 23
29 1 20 1 25 37
29 20 57 17 39 50
29 46 8 27 31 42
29 48 19 2 24 23
29 40 47 29 51 18
29 62 51 34 44 52
29 49 26 33 49 18
29 14 26 30 14 34
29 12 33 5 19 9
29 1 58 52 38 12
29 37 6 48 31 41
29 19 39 58 4 58
29 34 56 47 57 60
29 3 7 26 6 29
29 48 54 42 15 5
29 2 33 48 22 10
29 30 20 29 40 17
29 26 11 9 55 48
29 45 53 30 52 10
29 4 2 60 58 53
29 15 62 62 11 56
29 32 19 50 38 11
29 61 40 24 45 36
29 29 57 61 37 53
29 14 30 50 20 7
29 31 11 42 35 41
29 25 0 0 60 22
29 16 62 47 35 32
29 51 9 43 59 28
29 58 60 44 22 63
29 16 14 46 23 45
29 5 1 57 30 29
29 46 30 6 38 13
29 1 15 41 49 44
29 15 20 61 14 36
29 43 18 12 10 47
29 17 24 43 0 22
29 49 40 55 22 0
30 57 29 63 17 18
30 5 36 40 53 13
30 31 6 27 50 26
30 25 5 61 52 9
30 21 7 8 16 35
30 34 7 52 17 1
30 19 56 60 13 28
30 24 15 44 30 22
30 22 60 35 53 36
30 25 52 3 15 58
30 54 30 60 43 14
30 60 27 40 56 47
30 35 5 54 51 12
30 60 14 59 14 61
30 36 29 18 48 51
30 31 55 32 26 23
30 8 62 59 53 44
30 62 1 38 40 45
30 30 41 16 11 28
30 52 27 28 45 40
30 6 12 18 48 52
30 10 1 29 0 7
30 4 32 41 11 49
30 30 30 23 7 46
30 24 46 30 40 51
30 36 47 51 22 43
30 61 44 50 24 34
30 32 15 13 62 7
30 21 49 54 3 51
30 28 41 38 4 23
30 42 55 23 25 37
30 43 20 59 58 5
30 62 35 1 21 45
30 37 18 60 36 31
30 55 12 48 7 8
30 23 11 17 14 45
30 25 10 46 45 17
30 30 22 34 9 30
30 22 21 52 31 43
30 11 14 30 21 20
30 38 23 26 38 16
30 57 57 51 13 13
30 52 10 59 6 61
30 1 43 30 63 55
30 25 9 1 50 49
30 28 49 45 63 8
30 5 32 37 59 55
30 27 13 28 5 9
30 19 29 14 24 51
30 13 0 60 26 8
30 40 38 9 28 10
30 48 63 49 38 40
30 60 12 3 10 58
30 42 24 35 58 43
30 39 59 60 21 5
30 56 56 10 31 46
30 16 57 55 50 43
30 11 59 7 15 54
30 34 33 48 52 20
30 22 61 25 10 7
30 58 20 58 40 50
30 0 23 0 61 58
30 58 32 1 12 9
30 15 38 34 38 6
31 49 35 44 31 33
31 29 56 41 63 44
31 43 33 45 31 49
31 2 49 21 38 31
31 19 54 16 8 25
31 27 2 40 47 11
31 58 54 36 28 36
31 63 35 11 19 6
31 49 16 58 60 52
31 29 42 43 60 63
31 13 34 10 39 11
31 59 50 55 19 16
31 61 8 31 26 24
31 60 56 11 31 53
31 1 41 23 50 61
31 8 58 53 39 21
31 33 26 6 50 34
31 21 4 8 37 52
31 46 49 58 43 39
31 56 5 58 43 15
31 10 13 4 53 16
31 47 51 11 49 4
31 59 4 18 40 0
31 42 1 47 33 32
31 33 50 14 41 19
31 11 48 4 53 0
31 31 30 15 24 39
31 54 3 61 16 42
31 29 26 57 30 57
31 33 33 60 53 47
31 34 38 29 56 43
31 9 23 39 63 22
31 0 25 33 31 35
31 25 42 31 46 24
31 18 8 30 12 21
31 28 61 12 15 5
31 24 30 40 36 30
31 47 54 39 34 37
31 41 43 59 55 4
31 57 29 32 60 48
31 51 48 56 52 53
31 50 6 7 18 5
31 9 26 48 1 39
31 39 34 30 17 11
31 28 26 44 8 51
31 13 15 20 3 25
31 38 10 23 26 13
31 37 51 58 61 5
31 34 38 9 25 33
31 18 54 53 26 36
31 34 57 0 47 23
31 54 20 31 9 52
31 24 2 20 33 26
31 9 31 28 25 42
31 15 21 48 54 41
31 9 46 56 22 34
31 1 54 54 35 50
31 16 5 57 15 23
31 22 13 11 13 12
31 57 52 3 26 60
31 16 60 37 8 57
31 3 49 54 15 59
31 20 41 63 6 23
31 47 23 52 62 1
32 4 27 4 56 49
32 43 14 41 33 57
32 46 22 54 4 13
32 27 9 13 30 12
32 14 24 7 13 23
32 55 55 37 46 15
32 53 20 13 16 7
32 27 59 0 13 57
32 3 19 35 8 26
32 39 5 27 55 5
32 32 34 1 28 11
32 20 39 61 45 54
32 3 22 26 61 58
32 4 54 7 44 1
32 13 26 18 41 0
32 44 19 23 61 20
32 1 43 38 31 48
32 30 18 59 8 17
32 25 31 14 59 33
32 58 3 62 58 53
32 5 63 35 48 54
32 39 17 57 20 31
32 12 53 2 37 20
32 33 8 6 27 63
32 12 29 45 53 0
32 29 41 44 0 52
32 26 1 38 51 38
32 43 48 39 10 33
32 38 49 3 28 30
32 14 32 2 45 0
32 7 1 57 61 45
32 35 12 58 3 35
32 16 38 11 50 46
32 2 15 44 51 40
32 46 11 50 17 55
32 61 38 25 51 31
32 36 40 54 60 52
32 13 47 52 35 23
32 31 40 17 29 13
32 38 31 11 31 34
32 42 26 30 15 33
32 15 63 43 1 14
32 63 25 33 16 27
32 50 49 56 29 35
32 6 54 63 53 63
32 41 58 14 2 42
32 50 37 21 28 1
32 7 16 54 25 24
32 9 4 35 24 47
32 53 59 6 34 61
32 18 13 24 39 51
32 7 54 54 33 42
32 16 8 6 62 58
32 54 30 35 36 39
32 43 5 37 54 41
32 8 59 46 49 22
32 56 18 50 63 58
32 20 2 14 51 31
32 29 27 7 57 41
32 21 52 33 59 50
32 8 3 0 52 57
32 10 44 21 14 62
32 12 18 57 62 25
32 9 38 12 3 6
33 52 17 57 46 40
33 24 14 26 56 1
33 4 58 12 0 21
33 0 11 16 51 9
33 26 5 36 19 59
33 2 3 45 17 48
33 7 62 10 53 48
33 35 46 60 55 18
33 59 12 53 6 54
33 10 48 14 38 7
33 38 60 1 39 6
33 0 10 56 20 5
33 6 12 14 32 4
33 9 35 55 17 33
33 35 12 9 37 33
33 32 48 54 0 53
33 7 3 34 38 45
33 31 19 47 38 21
33 25 49 41 14 56
33 25 28 14 8 43
33 29 15 13 4 6
33 27 44 36 42 62
33 35 23 30 40 4
33 34 22 46 47 27
33 48 25 56 33 38
33 44 32 29 55 13
33 3 16 60 61 27
33 57 38 41 45 17
33 16 1 28 45 21
33 39 60 39 21 12
33 19 29 28 1 13
33 8 17 26 37 14
33 11 26 53 44 24
33 20 35 2 6 3
33 50 50 52 21 14
33 18 19 11 48 48
33 3 6 15 60 32
33 48 30 3 34 4
33 22 43 4 31 13
33 53 20 0 49 35
33 50 38 57 46 7
33 57 1 28 26 45
33 58 15 13 43 13
33 25 51 19 51 51
33 45 39 36 46 13
33 14 14 1 45 56
33 20 29 45 33 29
33 1 14 16 37 14
33 0 61 2 30 14
33 63 17 27 37 14
33 26 0 13 12 13
33 7 23 36 15 32
33 44 42 31 41 56
33 61 34 25 23 58
33 15 59 59 12 63
33 23 62 41 0 3
33 18 61 22 7 24
33 32 34 9 48 44
33 6 44 62 20 3
33 53 28 9 6 34
33 34 59 32 37 14
33 16 7 12 51 0
33 31 31 28 31 40
33 44 49 20 4 1
34 32 47 7 17 33
34 9 31 24 20 30
34 39 38 59 27 32
34 45 57 60 25 62
34 3 24 57 60 54
34 31 60 33 27 15
34 0 6 10 56 61
34 49 26 33 38 34
34 46 52 36 42 10
34 60 61 17 44 1
34 54 23 24 11 23
34 46 23 13 48 30
34 52 22 46 24 26
34 11 17 21 32 41
34 3 9 34 2 24
34 14 52 42 35 1
34 56 24 44 13 26
34 0 61 35 22 59
34 45 19 11 61 33
34 19 2 8 19 19
34 34 21 14 22 43
34 60 9 23 19 31
34 31 61 0 21 38
34 42 36 48 39 51
34 52 6 27 2 58
34 10 0 49 22 57
34 12 38 1 10 36
34 26 50 17 51 23
34 9 29 62 20 47
34 29 53 33 4 47
34 8 57 48 37 34
34 30 10 23 55 34
34 25 58 21 8 19
34 35 50 49 43 46
34 8 39 32 32 38
34 15 27 17 55 62
34 5 20 3 50 61
34 63 8 13 38 33
34 28 13 4 26 48
34 0 17 62 24 9
34 49 25 46 15 60
34 1 11 41 44 54
34 21 59 56 18 35
34 7 48 41 60 54
34 12 9 7 14 12
34 55 13 14 19 20
34 28 44 23 8 0
34 59 36 4 13 19
34 8 41 12 20 1
34 63 50 30 54 43
34 56 60 58 21 20
34 38 56 25 39 22
34 14 3 25 61 20
34 17 14 54 27 2
34 50 2 53 26 59
34 20 19 49 6 9
34 32 21 31 58 40
34 45 47 58 38 26
34 47 23 62 7 45
34 59 41 61 34 33
34 51 44 40 58 55
34 22 40 7 49 63
34 27 47 56 60 16
34 36 38 4 41 25
35 32 38 62 1 18
35 31 57 12 20 60
35 34 41 6 40 59
35 4 26 11 50 27
35 24 56 22 42 18
35 5 28 58 57 17
35 23 24 2 33 35
35 52 31 37 1 18
35 12 8 24 14 55
35 15 29 35 35 7
35 54 61 11 26 24
35 23 33 41 39 52
35 62 10 21 34 35
35 2 41 15 42 2
35 4 44 38 51 61
35 57 13 35 30 38
35 60 40 55 5 51
35 30 33 57 49 9
35 43 20 33 12 3
35 47 10 58 4 55
35 63 44 57 17 49
35 32 18 42 44 39
35 10 28 26 45 6
35 4 58 5 32 1
35 56 18 39 45 49
35 42 30 14 14 38
35 23 3 5 23 3
35 13 56 20 17 28
35 8 60 48 4 51
35 52 24 53 62 27
35 20 0 52 55 28
35 21 51 38 11 44
35 63 26 17 2 3
35 18 53 26 52 5
35 25 13 50 46 18
35 13 54 8 63 47
35 18 57 8 50 15
35 17 2 43 8 1
35 49 36 33 53 31
35 63 56 33 58 9
35 42 44 43 3 3
35 0 19 33 57 20
35 23 13 5 60 51
35 22 8 53 59 43
35 4 43 10 16 41
35 54 52 31 38 57
35 10 1 24 3 21
35 49 11 29 59 40
35 20 62 39 62 34
35 56 15 34 1 27
35 49 33 30 2 27
35 25 8 24 15 46
35 37 17 24 56 52
35 50 62 14 1 16
35 15 4 16 29 21
35 29 6 20 13 63
35 59 38 2 27 19
35 53 48 16 62 29
35 56 34 20 1 22
35 45 54 28 15 20
35 11 4 32 13 24
35 43 36 3 27 5
35 15 61 4 27 32
35 25 18 32 13 28
36 23 61 24 5 24
36 62 4 38 10 6
36 38 29 29 7 59
36 60 38 24 28 18
36 35 4 5 23 6
36 57 27 39 9 58
36 7 32 37 4 37
36 29 6 29 56 24
36 40 28 31 8 60
36 41 35 1 56 32
36 59 50 55 39 46
36 12 39 22 3 28
36 62 59 49 30 7
36 53 43 32 17 56
36 39 55 29 47 25
36 61 2 39 16 63
36 62 37 3 55 9
36 56 57 46 35 16
36 32 34 61 51 41
36 41 61 40 6 13
36 37 42 53 9 26
36 4 18 36 13 23
36 50 2 55 24 59
36 49 5 13 56 9
36 12 25 51 46 2
36 40 30 10 28 44
36 19 11 5 3 62
36 61 46 53 3 54
36 63 41 31 31 38
36 21 34 16 28 54
36 57 32 35 49 36
36 24 47 32 29 34
36 25 29 0 8 58
36 31 14 49 9 3
36 60 14 22 2 32
36 43 61 46 27 17
36 8 27 38 52 13
36 35 38 11 19 63
36 10 59 44 56 30
36 14 63 36 47 9
36 4 60 18 63 8
36 48 37 34 12 60
36 11 6 32 55 1
36 9 16 2 45 52
36 63 28 36 60 62
36 11 25 45 12 14
36 20 49 22 3 14
36 31 10 40 25 26
36 30 15 8 55 29
36 61 56 7 3 44
36 42 26 7 48 43
36 53 17 26 53 5
36 30 50 2 57 17
36 20 50 33 48 63
36 40 9 52 62 56
36 22 1 6 63 0
36 0 24 7 48 6
36 60 29 10 15 10
36 21 22 13 56 59
36 23 55 50 60 20
36 24 7 32 37 53
36 18 20 20 15 39
36 47 3 31 17 15
36 50 31 8 32 32
37 18 57 33 24 48
37 47 5 62 42 44
37 52 15 56 56 17
37 19 51 52 55 41
37 9 11 21 7 29
37 39 6 20 36 10
37 5 28 37 48 38
37 27 47 24 35 17
37 6 52 51 1 59
37 52 14 2 60 50
37 3 15 33 40 46
37 23 5 44 44 50
37 42 32 17 49 62
37 18 28 18 30 59
37 61 59 59 16 0
37 32 13 20 47 63
37 32 11 20 57 15
37 5 45 1 37 1
37 29 40 61 44 2
37 2 48 56 54 58
37 47 46 5 43 46
37 14 27 47 44 52
37 38 41 50 29 4
37 17 56 51 29 19
37 16 38 7 15 32
37 25 38 53 23 9
37 19 11 30 7 53
37 1 38 47 1 59
37 23 26 7 35 15
37 11 36 16 6 43
37 7 42 36 15 12
37 10 1 37 46 37
37 7 51 24 13 14
37 27 44 38 15 53
37 28 33 56 34 23
37 19 50 34 25 28
37 6 13 39 18 58
37 31 18 47 56 24
37 58 46 36 11 57
37 40 16 34 35 30
37 49 44 47 21 49
37 2 53 48 30 30
37 21 20 20 60 17
37 47 15 3 9 39
37 5 39 17 46 11
37 50 60 10 21 40
37 47 42 61 26 25
37 52 15 53 42 24
37 12 21 61 50 2
37 27 55 58 52 31
37 5 9 17 40 63
37 6 31 52 2 0
37 35 11 5 63 37
37 11 46 26 50 4
37 20 29 59 1 50
37 27 0 28 55 25
37 41 19 3 11 11
37 44 27 32 34 11
37 37 30 9 25 11
37 63 12 52 1 45
37 32 56 57 7 12
37 9 34 22 57 17
37 33 57 23 30 12
37 52 56 25 33 11
38 23 49 8 14 62
38 54 40 15 16 48
38 33 21 17 29 27
38 43 23 58 10 10
38 27 49 34 53 48
38 41 36 28 56 62
38 32 36 21 21 24
38 38 54 1 23 29
38 28 59 29 3 16
38 40 9 14 37 37
38 53 28 45 44 46
38 47 6 37 45 18
38 30 38 36 36 46
38 54 44 45 44 62
38 4 29 11 37 60
38 25 25 0 35 20
38 9 23 36 54 27
38 4 46 3 63 53
38 26 8 17 61 24
38 22 62 27 48 1
38 46 38 13 17 11
38 58 8 3 51 26
38 43 0 25 4 49
38 42 23 24 46 62
38 10 24 16 55 27
38 43 7 39 20 32
38 49 30 29 11 23
38 26 47 27 46 21
38 19 36 53 61 28
38 7 6 40 48 22
38 27 21 58 55 16
38 4 59 26 23 27
38 61 50 49 60 3
38 58 1 36 16 4
38 41 47 2 50 50
38 37 54 7 27 57
38 13 1 43 6 52
38 5 33 39 35 34
38 38 55 4 31 3
38 33 3 42 7 44
38 47 11 58 45 47
38 36 62 53 29 42
38 16 12 18 19 61
38 18 12 49 40 2
38 44 13 35 2 43
38 43 26 2 41 28
38 46 11 18 48 21
38 51 31 7 13 22
38 24 25 29 17 10
38 36 55 50 2 32
38 57 60 62 5 14
38 23 50 13 20 41
38 44 49 18 37 20
38 7 17 16 6 25
38 29 8 48 51 61
38 60 8 34 63 58
38 6 59 61 17 33
38 43 36 34 24 57
38 52 49 1 39 60
38 53 50 33 35 63
38 15 41 16 3 10
38 38 24 13 41 61
38 10 5 17 17 44
38 0 26 26 39 44
39 24 42 2 60 5
39 58 60 19 16 27
39 62 54 14 21 26
39 7 55 41 18 3
39 33 34 21 29 18
39 40 63 51 13 59
39 8 52 47 5 50
39 11 21 15 53 30
39 23 52 57 43 28
39 51 59 62 18 27
39 30 4 22 15 42
39 21 18 18 43 7
39 9 35 23 25 47
39 61 51 44 8 13
39 6 19 56 14 63
39 52 6 33 46 49
39 13 38 47 12 20
39 24 28 20 6 9
39 46 58 37 11 16
39 18 0 49 18 1
39 24 33 63 20 29
39 9 41 4 62 18
39 27 44 21 9 18
39 25 56 15 51 10
39 21 59 47 61 21
39 44 22 42 55 63
39 49 6 41 7 39
39 26 61 7 45 5
39 19 45 37 43 40
39 19 63 23 33 40
39 24 17 43 17 36
39 42 3 33 41 56
39 50 30 44 55 13
39 23 49 11 58 14
39 35 3 8 58 25
39 10 43 55 14 6
39 21 62 6 61 14
39 59 41 16 24 47
39 42 16 17 2 40
39 47 57 63 5 56
39 51 62 55 59 25
39 56 52 11 4 57
39 16 44 44 38 6
39 39 61 0 36 11
39 19 22 58 3 56
39 62 6 21 42 19
39 36 40 51 6 55
39 50 34 63 17 36
39 58 56 34 63 49
39 27 49 32 24 46
39 60 15 30 40 52
39 17 28 27 57 26
39 50 22 53 57 37
39 62 62 42 47 39
39 56 3 47 2 47
39 0 22 0 7 18
39 60 57 56 35 49
39 47 18 38 42 36
39 12 26 34 19 53
39 56 32 60 37 30
39 31 34 25 33 23
39 57 56 0 15 47
39 49 51 18 45 13
39 30 6 61 42 26
40 9 9 56 25 55
40 52 56 20 2 41
40 16 54 24 55 0
40 54 2 31 23 25
40 39 50 55 32 31
40 58 5 8 25 36
40 44 32 60 30 58
40 53 53 43 31 26
40 51 19 44 25 25
40 50 19 52 51 14
40 33 6 45 47 18
40 26 48 8 33 27
40 42 58 1 62 12
40 2 38 12 56 27
40 46 14 39 5 58
40 8 33 31 0 34
40 41 60 2 0 21
40 22 4 10 11 37
40 28 55 37 17 33
40 52 35 16 35 42
40 24 25 22 32 2
40 13 28 63 36 2
40 63 37 12 4 55
40 61 53 0 5 32
40 29 62 27 32 56
40 21 41 0 29 32
40 61 33 30 9 48
40 12 35 36 27 6
40 39 44 9 32 62
40 11 41 3 62 1
40 2 16 30 61 63
40 34 60 31 21 1
40 29 22 5 17 1
40 63 40 4 45 35
40 13 46 50 39 46
40 2 4 53 22 21
40 26 38 10 28 48
40 49 8 40 48 24
40 42 44 4 49 55
40 47 23 12 50 60
40 10 63 42 9 20
40 26 41 1 56 63
40 49 60 28 47 13
40 35 42 7 6 40
40 20 33 59 28 18
40 57 25 35 30 20
40 9 30 5 23 40
40 36 8 28 35 19
40 52 59 41 59 21
40 16 46 45 3 14
40 15 54 48 6 2
40 50 16 48 29 33
40 20 43 62 39 7
40 3 11 48 2 11
40 51 10 13 15 54
40 40 36 24 31 2
40 63 13 22 61 39
40 22 48 37 59 19
40 33 58 24 56 5
40 42 56 35 13 56
40 19 20 30 61 58
40 54 5 62 35 60
40 54 46 45 25 58
40 23 23 62 52 8
41 8 57 9 61 23
41 60 39 13 26 36
41 35 34 34 5 13
41 35 32 28 8 31
41 47 17 14 12 46
41 20 57 19 33 14
41 44 63 11 56 47
41 39 4 11 60 1
41 4 21 32 48 61
41 21 24 46 48 48
41 26 52 3 2 56
41 1 25 48 47 28
41 7 22 61 3 9
41 8 4 22 1 60
41 34 37 33 63 6
41 31 56 11 42 34
41 0 14 55 49 3
41 50 7 58 36 39
41 44 40 15 50 11
41 29 28 19 33 54
41 38 32 41 28 11
41 6 52 9 48 61
41 48 18 44 2 59
41 28 6 7 26 43
41 40 15 59 33 57
41 28 8 15 12 14
41 14 22 24 36 25
41 25 8 56 61 54
41 6 25 60 37 56
41 12 18 19 60 39
41 63 24 7 41 15
41 34 52 59 19 9
41 10 59 8 7 16
41 35 38 16 5 29
41 18 35 41 52 26
41 9 27 60 44 40
41 58 39 6 48 55
41 23 4 15 38 3
41 48 51 15 57 25
41 54 32 6 16 35
41 0 40 17 16 21
41 17 51 13 24 54
41 60 55 20 17 27
41 29 61 11 30 37
41 54 6 36 46 31
41 13 48 22 3 44
41 36 2 10 22 18
41 7 21 57 43 34
41 32 27 38 7 36
41 52 2 33 23 58
41 15 45 59 21 13
41 37 33 53 53 4
41 54 7 44 59 7
41 26 28 43 28 39
41 21 16 8 18 50
41 44 59 36 45 20
41 21 28 54 32 8
41 9 54 29 24 20
41 41 26 10 0 3
41 8 19 34 59 33
41 16 5 50 32 36
41 63 38 40 8 26
41 54 31 54 28 39
41 4 59 62 34 22
42 26 7 58 37 10
42 12 13 23 9 21
42 44 12 13 31 52
42 2 36 50 52 10
42 20 11 38 4 53
42 8 35 4 56 36
42 34 58 23 62 57
42 19 46 45 9 1
42 21 40 50 11 42
42 40 38 40 16 43
42 52 1 39 21 32
42 29 18 3 26 18
42 51 13 22 22 12
42 11 9 16 43 16
42 59 21 11 55 46
42 41 46 9 53 19
42 33 56 35 20 43
42 60 19 8 41 15
42 5 0 63 49 17
42 60 55 13 63 54
42 34 30 35 42 3
42 50 5 61 48 8
42 44 25 35 22 39
42 23 8 51 5 8
42 59 38 47 21 1
42 63 2 20 26 24
42 6 43 27 24 7
42 16 55 6 18 17
42 39 1 40 8 8
42 29 48 26 50 24
42 33 32 60 20 36
42 38 2 25 6 54
42 35 49 59 44 29
42 0 56 21 24 18
42 13 35 61 57 15
42 12 19 24 57 46
42 13 43 3 44 45
42 16 13 5 61 60
42 54 7 21 10 12
42 14 35 44 9 54
42 36 15 52 49 30
42 50 40 14 21 56
42 4 27 42 22 57
42 41 43 55 27 53
42 3 37 10 4 62
42 28 4 5 56 3
42 30 29 46 55 55
42 14 19 47 9 38
42 63 13 59 63 20
42 25 46 19 39 37
42 13 39 19 1 55
42 13 45 54 53 32
42 48 2 50 40 46
42 61 9 23 54 12
42 17 48 20 22 23
42 36 23 35 48 24
42 17 52 32 61 9
42 45 20 11 5 7
42 20 30 7 63 32
42 55 34 57 38 46
42 23 14 13 7 47
42 38 59 54 21 63
42 25 51 49 38 36
42 30 25 53 27 25
43 44 36 30 52 50
43 37 27 29 24 29
43 25 63 35 20 53
43 46 37 54 56 4
43 44 24 17 14 10
43 16 44 33 53 61
43 51 26 4 1 55
43 35 52 60 18 25
43 47 53 39 54 2
43 18 39 27 63 25
43 38 52 33 3 51
43 35 57 2 35 9
43 51 15 22 45 27
43 51 55 1 32 60
43 5 17 0 51 32
43 23 62 62 5 61
43 41 34 25 47 0
43 15 60 36 47 4
43 48 45 58 60 16
43 57 60 31 41 22
43 2 27 38 48 24
43 28 6 45 54 52
43 13 0 26 53 34
43 48 57 16 20 31
43 19 6 37 14 35
43 22 37 54 26 56
43 17 50 52 18 26
43 8 43 54 63 49
43 4 1 54 62 46
43 60 61 36 16 27
43 20 5 6 39 0
43 9 2 57 19 60
43 41 24 52 56 3
43 44 0 34 13 48
43 17 45 17 23 8
43 32 17 11 31 33
43 52 45 41 31 26
43 9 22 36 45 32
43 43 34 26 20 19
43 17 1 37 63 62
43 47 1 62 54 1
43 45 23 7 29 26
43 16 54 30 29 3
43 41 38 35 23 29
43 36 44 7 1 55
43 45 1 40 26 54
43 27 36 48 51 46
43 46 57 24 36 63
43 33 28 52 30 33
43 55 39 5 37 8
43 62 46 5 44 44
43 7 3 30 6 34
43 18 42 2 28 28
43 44 29 34 15 56
43 25 23 60 39 41
43 48 33 20 18 25
43 29 19 22 62 31
43 29 4 9 7 47
43 54 55 22 50 20
43 62 19 4 9 23
43 17 56 19 57 13
43 22 31 30 56 9
43 8 21 21 58 14
43 14 31 51 27 13
44 0 49 9 37 11
44 41 28 50 41 4
44 32 17 36 17 15
44 38 32 1 11 31
44 46 45 48 21 44
44 29 10 25 53 55
44 19 55 50 36 27
44 39 44 49 58 38
44 21 5 5 7 17
44 11 14 42 16 53
44 29 45 27 2 12
44 52 45 38 51 61
44 34 52 35 48 35
44 13 13 4 18 46
44 37 39 6 13 1
44 32 53 44 46 19
44 18 51 0 58 48
44 26 4 13 37 2
44 11 34 57 42 31
44 13 4 0 38 5
44 2 31 45 55 24
44 33 40 28 58 35
44 37 10 19 43 49
44 51 17 54 5 28
44 41 63 59 1 39
44 17 23 50 62 6
44 49 12 10 16 24
44 31 58 46 35 24
44 32 36 50 24 40
44 58 30 4 1 29
44 41 62 18 15 39
44 16 50 41 16 33
44 3 34 3 42 43
44 54 46 24 51 21
44 60 61 32 28 7
44 48 8 43 32 26
44 62 30 3 7 25
44 4 30 60 26 15
44 36 39 35 11 18
44 21 19 1 20 48
44 7 47 48 58 5
44 0 54 43 20 31
44 11 26 35 0 41
44 60 49 12 43 45
44 60 59 20 50 11
44 37 45 21 2 14
44 63 50 15 0 52
44 54 0 43 19 39
44 9 10 15 63 7
44 49 54 30 8 21
44 2 8 19 43 23
44 21 37 22 41 4
44 18 14 62 58 37
44 53 47 43 34 1
44 23 56 8 34 56
44 59 45 34 32 19
44 43 53 21 27 10
44 26 51 16 54 14
44 5 31 43 25 9
44 3 48 2 4 16
44 47 8 46 49 41
44 11 16 42 22 54
44 56 13 63 16 33
44 33 21 7 26 57
45 23 50 43 21 52
45 32 0 31 60 45
45 1 11 61 26 20
45 16 0 26 8 49
45 14 23 45 4 37
45 40 21 26 58 30
45 58 42 32 27 33
45 31 53 59 59 48
45 46 18 31 62 61
45 11 43 2 3 49
45 23 23 60 34 21
45 32 40 25 63 29
45 22 20 29 6 53
45 45 23 43 38 11
45 4 54 35 20 37
45 21 51 62 25 49
45 14 37 27 8 45
45 45 5 31 28 6
45 55 41 61 5 26
45 33 8 3 21 31
45 26 24 15 7 0
45 54 45 33 8 43
45 59 0 5 6 58
45 7 8 20 46 45
45 48 35 54 52 27
45 62 23 19 51 6
45 18 31 37 54 2
45 25 24 36 52 47
45 21 52 21 13 37
45 15 6 15 23 25
45 34 29 57 40 52
45 24 39 17 15 59
45 26 58 33 47 49
45 7 55 52 12 4
45 28 48 12 12 43
45 61 8 50 14 15
45 60 25 62 53 40
45 53 12 63 63 47
45 7 37 30 11 41
45 38 53 9 16 18
45 53 12 58 18 53
45 25 35 17 58 60
45 0 46 63 12 26
45 3 62 55 7 44
45 48 33 0 37 52
45 56 17 50 41 46
45 17 41 3 8 21
45 27 8 32 36 2
45 44 22 26 26 12
45 36 2 18 58 42
45 0 25 8 31 5
45 48 46 23 42 29
45 37 57 6 42 60
45 62 14 48 23 37
45 58 33 63 46 30
45 15 11 11 21 58
45 58 63 61 13 5
45 23 32 19 59 1
45 52 59 5 34 33
45 59 8 4 5 53
45 25 18 56 39 25
45 47 27 21 36 62
45 50 6 51 40 63
45 44 10 41 30 46
46 59 41 6 27 44
46 3 36 12 59 25
46 10 22 26 5 26
46 31 24 19 12 46
46 40 3 38 25 34
46 16 14 51 57 33
46 16 16 49 31 35
46 56 38 23 58 62
46 14 40 34 29 53
46 56 31 24 49 3
46 45 11 55 20 27
46 3 57 6 12 6
46 54 63 22 35 28
46 30 27 37 6 61
46 47 51 57 27 20
46 23 17 11 47 38
46 54 54 17 5 10
46 27 0 59 0 17
46 33 20 27 7 57
46 57 16 11 7 8
46 32 8 23 0 41
46 29 1 29 59 21
46 21 7 54 18 9
46 52 31 14 7 57
46 52 21 29 31 7
46 55 56 49 33 63
46 47 36 34 38 30
46 32 62 38 11 31
46 30 4 9 28 6
46 35 3 11 18 49
46 27 44 1 5 30
46 37 40 24 32 9
46 18 14 18 63 2
46 60 0 3 10 33
46 59 3 63 60 23
46 53 45 26 43 11
46 8 50 19 12 59
46 12 63 34 21 21
46 50 3 19 7 44
46 54 24 63 26 16
46 58 56 45 59 29
46 32 59 19 18 24
46 47 30 22 14 44
46 56 49 0 36 2
46 49 22 45 42 57
46 0 57 28 17 62
46 50 57 16 6 43
46 2 13 38 16 40
46 17 9 22 33 29
46 58 48 31 57 5
46 63 37 46 15 34
46 53 46 42 55 59
46 46 12 61 4 50
46 40 45 7 55 8
46 35 48 33 42 37
46 3 46 32 61 16
46 37 3 4 18 40
46 60 53 11 11 4
46 32 25 51 24 23
46 34 63 60 26 13
46 39 34 41 19 30
46 3 55 58 5 37
46 39 31 41 5 22
46 0 3 48 63 49
47 22 55 1 59 47
47 1 46 54 22 25
47 22 16 34 44 45
47 51 10 17 4 43
47 18 12 51 46 29
47 43 54 32 1 18
47 53 51 58 57 0
47 23 34 57 48 18
47 15 61 31 17 54
47 46 11 52 63 62
47 58 41 18 4 33
47 17 24 19 14 51
47 63 33 49 40 57
47 52 14 30 1 20
47 34 41 49 8 11
47 22 53 61 33 7
47 34 42 62 55 58
47 59 51 6 58 44
47 40 51 0 22 0
47 33 51 60 34 20
47 22 53 52 21 38
47 54 7 28 41 8
47 20 37 5 36 60
47 24 2 15 53 40
47 60 48 54 30 36
47 34 63 9 9 39
47 31 18 60 31 11
47 46 32 11 9 36
47 49 32 28 18 4
47 45 0 47 22 45
47 46 3 44 54 2
47 51 60 25 40 24
47 17 37 7 52 37
47 41 44 12 54 12
47 8 26 50 57 8
47 32 56 60 46 41
47 10 50 10 46 54
47 48 15 17 53 35
47 4 27 21 51 55
47 60 28 57 62 16
47 62 33 62 8 11
47 24 33 10 6 51
47 37 8 62 40 63
47 10 56 1 50 31
47 58 25 49 32 6
47 44 29 16 51 43
47 35 28 23 19 45
47 29 38 12 35 49
47 14 4 45 44 61
47 35 51 7 57 40
47 0 3 37 10 26
47 45 34 16 41 48
47 35 33 41 5 17
47 22 16 48 1 39
47 34 11 56 32 61
47 21 36 16 43 31
47 54 26 11 1 19
47 50 3 46 20 21
47 36 16 28 9 46
47 51 36 18 15 6
47 17 4 53 9 54
47 7 15 1 27 18
47 30 9 28 25 1
47 63 32 26 38 58
48 15 41 9 40 30
48 55 29 29 13 53
48 51 23 3 53 30
48 7 41 40 55 32
48 34 23 12 54 21
48 4 22 61 5 53
48 14 29 9 6 53
48 14 0 55 62 4
48 58 27 9 9 33
48 53 52 25 48 33
48 53 33 48 20 42
48 48 33 55 63 63
48 57 22 12 18 8
48 43 7 21 24 55
48 33 14 23 32 25
48 18 5 62 25 8
48 20 8 26 12 13
48 0 18 15 8 14
48 57 7 36 20 24
48 35 41 25 7 60
48 48 51 52 31 48
48 9 52 50 13 10
48 33 51 2 21 62
48 48 52 42 37 52
48 24 62 16 23 43
48 39 53 2 32 24
48 5 7 36 43 40
48 12 17 6 53 32
48 5 8 30 36 4
48 35 39 43 22 6
48 61 57 38 60 18
48 47 20 2 6 46
48 11 42 57 59 29
48 30 28 26 50 41
48 1 7 18 35 56
48 29 22 46 59 33
48 41 48 59 51 23
48 56 24 26 47 8
48 43 36 45 2 57
48 23 17 22 5 61
48 20 32 4 6 1
48 3 60 56 33 42
48 13 36 51 23 12
48 5 42 27 47 4
48 36 32 59 45 20
48 6 41 11 15 12
48 23 15 12 59 18
48 62 36 12 14 33
48 26 45 33 29 43
48 20 20 11 22 17
48 35 14 27 2 58
48 49 0 40 50 31
48 11 20 23 2 44
48 14 11 5 34 55
48 48 28 20 32 3
48 11 62 53 23 1
48 37 28 40 6 6
48 51 39 54 0 5
48 7 19 23 50 26
48 40 57 40 19 23
48 53 47 30 35 55
48 61 49 49 29 36
48 25 53 24 62 43
48 62 10 46 24 38
49 56 37 7 34 37
49 45 8 43 29 34
49 12 6 14 44 50
49 41 61 59 27 50
49 41 6 50 54 31
49 27 21 22 19 41
49 31 63 51 5 57
49 4 19 8 15 0
49 56 63 56 42 47
49 60 40 57 16 30
49 62 2 63 30 40
49 39 12 9 29 60
49 29 17 53 12 32
49 1 62 42 18 37
49 38 34 37 49 9
49 5 28 38 15 33
49 58 37 2 7 33
49 56 29 44 60 49
49 2 13 60 44 32
49 48 40 47 12 15
49 49 52 51 6 21
49 25 15 26 45 36
49 59 34 8 38 10
49 19 33 39 21 45
49 13 40 48 49 50
49 26 38 3 7 30
49 0 59 58 57 0
49 55 53 60 19 2
49 19 31 46 22 31
49 3 45 20 42 16
49 5 45 5 34 3
49 10 60 57 54 0
49 36 25 58 26 49
49 56 3 6 1 48
49 36 22 37 63 36
49 28 41 47 26 5
49 2 10 9 5 3
49 53 16 55 44 47
49 62 50 42 34 54
49 32 28 21 21 1
49 12 6 12 19 37
49 33 61 3 9 35
49 16 46 31 32 18
49 14 12 44 9 26
49 35 31 54 50 63
49 63 36 45 13 28
49 9 60 12 0 60
49 36 9 16 28 24
49 44 17 61 24 18
49 59 4 59 11 22
49 9 22 25 19 29
49 19 43 37 31 53
49 48 57 55 44 39
49 39 63 42 20 61
49 48 28 38 24 39
49 56 56 27 3 15
49 5 32 47 54 62
49 23 22 42 10 31
49 45 32 23 61 52
49 62 41 30 29 32
49 30 54 12 0 7
49 4 43 12 10 43
49 3 55 24 47 51
49 31 12 7 42 9
50 53 25 2 20 63
50 27 9 31 23 17
50 46 19 30 39 15
50 60 19 30 47 16
50 60 1 30 51 62
50 52 49 23 49 20
50 61 11 3 31 9
50 14 42 60 31 33
50 47 46 51 32 25
50 52 44 14 58 28
50 24 56 62 11 60
50 40 1 12 62 52
50 46 9 44 43 35
50 19 62 46 31 22
50 15 37 21 29 47
50 58 8 24 22 18
50 13 62 36 13 23
50 58 53 41 24 56
50 26 20 26 58 7
50 53 21 42 63 0
50 36 32 10 53 40
50 14 58 63 52 0
50 27 25 53 41 17
50 56 62 16 28 27
50 25 10 18 5 7
50 61 45 11 15 9
50 40 21 8 11 62
50 28 4 36 4 54
50 8 56 30 62 14
50 26 17 61 35 12
50 61 55 45 56 38
50 59 11 39 58 44
50 22 27 9 7 13
50 9 25 48 26 31
50 19 11 55 61 23
50 37 2 58 55 56
50 63 44 33 8 10
50 46 16 17 21 10
50 11 57 15 39 50
50 25 48 29 7 19
50 0 34 52 33 8
50 10 17 35 46 59
50 40 53 58 50 11
50 53 29 54 53 23
50 27 63 51 52 29
50 24 15 59 10 12
50 5 1 43 3 26
50 59 56 17 51 47
50 57 19 53 3 55
50 20 15 33 45 34
50 57 43 23 23 20
50 9 37 32 21 62
50 3 7 13 11 22
50 12 52 4 48 30
50 39 35 2 20 36
50 15 46 30 11 46
50 62 38 9 42 0
50 7 43 25 53 15
50 27 16 51 7 36
50 46 13 9 38 25
50 39 58 63 16 10
50 46 33 11 4 12
50 30 2 46 17 39
50 32 33 58 21 43
51 3 16 25 14 38
51 53 22 42 49 8
51 37 25 26 63 41
51 51 43 3 6 8
51 24 1 15 17 46
51 6 52 15 31 45
51 40 45 12 50 17
51 1 47 27 4 44
51 57 19 12 20 35
51 2 54 24 34 40
51 56 5 9 54 40
51 9 59 50 13 30
51 35 14 53 57 40
51 2 9 49 3 51
51 6 39 21 53 57
51 36 12 61 34 9
51 56 13 37 39 60
51 51 49 14 9 48
51 36 43 40 2 42
51 44 18 56 7 48
51 1 61 35 8 37
51 63 50 34 12 45
51 30 25 42 50 59
51 17 26 7 0 18
51 53 0 25 47 36
51 31 50 8 7 19
51 33 59 13 34 7
51 6 1 2 18 55
51 31 49 20 31 58
51 24 50 19 22 4
51 53 46 6 40 61
51 33 43 46 35 24
51 57 62 53 12 58
51 41 61 13 60 32
51 43 1 36 9 46
51 40 10 61 20 22
51 33 59 33 33 58
51 36 0 24 6 50
51 16 36 41 12 60
51 30 5 15 39 46
51 48 46 12 25 14
51 40 48 62 20 43
51 1 12 58 54 31
51 4 58 53 28 15
51 33 11 5 35 4
51 28 27 22 1 32
51 37 33 38 47 4
51 48 43 48 54 45
51 58 3 21 24 51
51 36 55 31 50 36
51 51 21 21 19 17
51 28 12 8 54 53
51 36 38 55 3 15
51 4 60 34 14 22
51 2 30 32 51 1
51 27 47 22 9 40
51 43 63 6 39 54
51 8 1 19 14 44
51 49 42 62 44 55
51 9 39 40 21 0
51 53 27 47 24 5
51 51 22 14 39 33
51 30 15 58 24 58
51 14 27 42 2 57
52 40 18 45 3 45
52 61 42 41 13 51
52 62 16 20 57 38
52 0 10 10 8 4
52 37 35 35 57 12
52 2 31 12 19 59
52 46 30 52 43 34
52 28 9 7 60 10
52 1 59 36 33 33
52 52 45 25 19 53
52 28 47 14 21 44
52 0 44 51 29 10
52 39 20 62 27 7
52 18 60 41 21 9
52 56 0 3 19 39
52 53 28 63 46 46
52 47 37 29 60 55
52 42 19 17 41 1
52 26 52 26 0 29
52 29 28 55 51 0
52 8 14 14 23 50
52 34 32 55 53 26
52 45 22 24 10 17
52 15 19 54 22 40
52 39 55 31 30 17
52 27 39 25 27 0
52 56 46 32 52 4
52 47 39 7 33 4
52 16 43 23 4 23
52 17 15 14 19 14
52 42 23 33 36 31
52 8 13 29 21 46
52 32 53 63 58 27
52 42 27 1 31 54
52 38 16 36 12 60
52 12 23 5 20 1
52 43 34 63 29 41
52 7 11 48 19 17
52 38 45 45 58 9
52 48 1 41 9 16
52 50 53 29 33 31
52 43 47 60 59 28
52 41 29 7 24 60
52 28 24 43 25 14
52 46 2 34 41 7
52 47 52 58 52 28
52 11 13 48 62 7
52 40 15 3 18 28
52 15 3 55 1 54
52 51 28 58 63 59
52 26 50 6 0 10
52 30 44 26 46 54
52 36 25 17 39 9
52 29 42 63 50 54
52 59 4 4 46 37
52 33 3 17 5 55
52 20 17 51 55 22
52 51 52 9 30 22
52 10 49 5 22 36
52 19 42 31 20 34
52 14 21 11 36 40
52 55 58 41 53 45
52 63 26 42 23 23
52 20 7 34 46 24
53 19 39 51 43 61
53 44 5 63 8 56
53 61 21 36 0 52
53 42 42 38 45 50
53 27 59 9 19 22
53 28 45 52 17 42
53 6 16 36 16 43
53 45 18 20 43 13
53 6 54 49 10 49
53 45 38 21 5 61
53 26 32 55 37 14
53 47 20 29 23 54
53 22 32 43 14 60
53 41 12 53 33 50
53 5 62 18 61 6
53 17 17 20 8 6
53 30 48 43 21 44
53 42 40 20 4 47
53 36 56 42 47 38
53 40 47 51 42 6
53 28 48 22 48 49
53 61 37 45 18 5
53 33 20 57 33 61
53 12 35 29 63 15
53 7 24 53 28 60
53 20 52 56 20 50
53 53 0 34 9 57
53 5 28 62 24 47
53 36 13 59 34 49
53 33 43 34 23 62
53 53 32 5 40 25
53 52 63 45 12 59
53 53 30 18 25 30
53 53 47 6 22 42
53 8 28 28 43 15
53 6 48 18 56 15
53 4 43 58 41 55
53 37 12 52 17 11
53 33 1 50 20 32
53 2 25 29 15 27
53 11 24 33 50 31
53 61 21 16 10 58
53 31 47 17 21 16
53 40 10 25 9 54
53 56 47 51 25 60
53 59 53 52 10 2
53 63 36 9 27 57
53 52 57 33 48 43
53 21 39 59 39 48
53 9 61 53 43 21
53 26 63 24 9 22
53 13 22 8 53 33
53 12 14 26 21 57
53 52 50 17 32 8
53 56 27 5 4 51
53 22 5 6 19 9
53 26 12 59 59 48
53 9 52 14 51 3
53 41 54 60 52 49
53 27 46 60 42 7
53 62 6 40 23 52
53 16 22 46 40 11
53 61 52 50 39 42
53 34 33 39 30 47
54 45 11 6 20 53
54 24 5 36 12 23
54 57 21 11 26 32
54 9 62 39 49 27
54 30 14 27 28 3
54 63 14 29 47 32
54 46 30 13 25 60
54 29 33 44 27 17
54 16 27 43 33 6
54 11 37 35 13 59
54 6 4 44 50 12
54 37 28 7 26 61
54 24 10 3 37 62
54 15 21 37 56 18
54 21 43 44 12 45
54 26 35 38 1 7
54 54 50 7 36 21
54 55 57 9 1 24
54 18 56 41 1 26
54 54 38 47 8 1
54 40 26 6 35 32
54 56 53 62 57 26
54 43 1 28 7 38
54 26 37 34 28 52
54 2 46 31 36 59
54 1 31 18 36 10
54 41 0 62 10 30
54 35 44 11 45 60
54 22 53 60 7 42
54 5 5 56 16 14
54 40 61 4 27 41
54 2 52 46 34 23
54 47 20 49 40 1
54 51 38 29 57 30
54 56 20 45 7 55
54 53 41 21 18 55
54 34 49 10 18 56
54 20 47 42 0 12
54 13 8 43 41 51
54 18 18 60 47 46
54 13 12 12 46 50
54 47 62 17 49 35
54 39 30 62 23 10
54 8 27 53 4 31
54 50 31 11 41 44
54 8 41 37 51 46
54 16 40 45 53 44
54 57 21 19 62 14
54 14 53 1 11 19
54 37 54 39 56 43
54 9 48 35 14 11
54 48 43 55 49 16
54 14 60 36 3 37
54 50 33 38 56 18
54 3 35 45 32 34
54 6 6 47 15 21
54 1 35 42 30 16
54 45 62 28 29 63
54 41 40 26 36 53
54 54 23 16 0 35
54 10 21 2 59 15
54 41 62 32 55 27
54 59 41 17 3 38
54 21 6 48 14 29
55 27 21 24 63 13
55 14 37 27 18 31
55 55 0 17 52 32
55 40 35 25 16 25
55 7 17 24 50 16
55 49 50 59 41 5
55 26 59 23 57 1
55 19 27 18 52 56
55 45 4 29 28 3
55 38 59 27 52 32
55 6 57 55 52 56
55 61 21 12 56 19
55 26 35 14 32 23
55 63 47 11 0 31
55 30 20 40 41 11
55 46 42 21 30 20
55 61 17 41 18 17
55 15 40 30 37 1
55 58 57 57 33 0
55 5 54 63 50 16
55 6 22 56 22 58
55 3 46 40 22 14
55 46 32 54 60 25
55 52 32 19 8 2
55 41 54 45 44 17
55 38 44 0 56 57
55 58 37 43 41 9
55 22 52 54 25 48
55 28 33 37 54 21
55 22 57 20 57 31
55 14 63 51 22 27
55 54 20 17 2 46
55 25 10 11 50 52
55 25 19 34 41 54
55 56 10 31 11 48
55 37 31 25 40 34
55 32 31 19 43 46
55 10 48 31 11 56
55 2 62 61 29 42
55 48 27 11 4 63
55 25 37 57 3 9
55 32 40 8 19 10
55 38 5 31 54 11
55 43 61 4 39 12
55 60 27 15 26 49
55 36 13 60 59 50
55 7 17 63 40 62
55 27 11 56 2 38
55 52 63 27 34 55
55 1 37 20 12 41
55 62 41 63 54 43
55 12 25 22 17 49
55 55 7 33 49 47
55 4 60 41 33 38
55 22 55 49 20 38
55 60 23 61 43 56
55 18 18 52 9 42
55 46 24 15 0 61
55 26 28 41 9 24
55 23 24 46 47 14
55 58 37 21 3 5
55 54 7 50 20 27
55 7 31 38 0 49
55 46 58 7 18 20
56 46 57 53 19 6
56 1 39 24 43 47
56 33 31 0 0 27
56 17 25 59 7 42
56 30 46 49 46 31
56 13 43 37 52 61
56 16 30 4 24 16
56 37 19 35 40 61
56 50 7 25 25 43
56 46 27 27 35 50
56 1 20 23 22 4
56 24 53 32 54 7
56 6 60 55 34 0
56 15 22 37 39 13
56 36 11 30 14 30
56 33 22 33 23 26
56 23 20 21 1 35
56 14 17 33 40 62
56 28 10 43 58 49
56 60 45 17 51 58
56 59 34 8 7 6
56 54 50 18 62 59
56 38 41 43 60 35
56 20 0 29 43 10
56 44 58 44 34 46
56 1 23 21 31 54
56 61 28 51 34 53
56 49 30 25 15 9
56 11 60 41 35 6
56 62 24 3 13 24
56 46 42 52 32 23
56 22 33 52 47 60
56 39 40 36 10 56
56 61 24 36 2 55
56 9 34 48 52 52
56 61 33 45 6 57
56 17 44 38 61 53
56 45 53 30 54 63
56 8 2 62 12 29
56 44 54 35 24 2
56 58 49 5 62 41
56 0 19 54 17 45
56 62 31 48 44 53
56 58 23 18 10 18
56 34 24 23 57 2
56 33 56 0 37 47
56 9 32 35 34 38
56 28 50 46 26 40
56 43 49 53 58 37
56 31 8 16 16 43
56 17 2 40 55 22
56 61 43 23 12 53
56 15 43 32 52 18
56 48 10 39 0 50
56 63 61 21 11 50
56 38 24 46 18 2
56 19 43 23 41 15
56 41 37 43 14 45
56 32 32 2 40 33
56 20 37 29 23 62
56 2 0 59 26 59
56 55 8 48 18 0
56 23 7 58 60 1
56 50 39 27 25 60
57 30 0 52 46 22
57 2 62 27 39 36
57 2 22 10 2 40
57 24 18 27 14 51
57 35 3 41 11 63
57 19 25 15 45 47
57 51 36 2 31 3
57 38 29 40 61 44
57 61 48 31 4 28
57 25 20 46 48 37
57 33 5 13 10 17
57 41 1 28 29 19
57 51 9 12 40 19
57 12 22 19 23 60
57 61 34 42 37 26
57 10 19 38 8 40
57 23 13 8 44 50
57 25 33 40 27 62
57 32 10 35 11 62
57 50 47 63 19 47
57 38 39 46 29 24
57 47 43 51 35 17
57 22 17 49 43 53
57 9 36 10 54 37
57 44 5 59 25 33
57 28 57 30 36 28
57 11 53 14 33 42
57 27 61 44 30 49
57 50 38 34 39 14
57 36 12 63 50 40
57 41 20 38 14 33
57 10 39 14 53 37
57 35 39 15 11 1
57 56 49 62 13 46
57 50 37 22 46 44
57 30 9 60 16 59
57 7 42 56 44 14
57 48 48 11 27 37
57 54 19 21 42 21
57 50 47 33 47 11
57 61 34 51 3 26
57 20 28 41 36 57
57 10 30 49 63 50
57 53 34 52 13 6
57 55 55 40 36 57
57 14 42 0 36 49
57 15 18 63 16 52
57 47 16 37 5 56
57 12 17 50 37 28
57 19 60 18 36 55
57 18 13 27 31 21
57 23 63 3 10 57
57 6 11 7 14 17
57 1 16 53 9 63
57 43 63 19 42 33
57 35 36 50 17 16
57 18 60 25 38 31
57 51 22 43 42 28
57 11 38 3 22 51
57 36 17 8 28 33
57 25 27 48 41 32
57 6 28 43 16 58
57 4 63 43 4 24
57 53 28 52 5 45
58 40 62 57 28 23
58 61 40 36 49 48
58 48 2 54 59 31
58 58 3 30 14 34
58 46 42 61 59 15
58 10 2 43 56 40
58 55 33 13 57 43
58 32 22 49 14 7
58 47 40 15 49 3
58 56 53 49 43 7
58 20 58 20 34 31
58 30 26 51 5 9
58 4 63 25 0 27
58 12 32 22 8 8
58 41 27 20 61 45
58 44 58 15 56 53
58 31 39 6 61 59
58 19 2 45 48 25
58 8 55 47 29 50
58 59 44 4 6 14
58 52 5 54 61 17
58 29 36 52 54 34
58 53 11 62 56 12
58 61 46 54 29 14
58 7 63 38 61 47
58 7 20 9 59 3
58 0 50 15 49 11
58 30 59 14 45 7
58 37 13 34 54 10
58 22 7 18 2 2
58 28 9 42 10 37
58 45 24 3 57 42
58 55 49 54 8 4
58 13 45 3 11 11
58 50 58 14 11 20
58 56 24 22 8 2
58 31 47 48 10 18
58 39 3 37 25 60
58 45 12 22 21 12
58 3 23 58 19 55
58 35 26 58 57 48
58 11 20 15 56 11
58 62 2 6 6 39
58 17 47 13 56 63
58 50 5 26 1 46
58 21 40 22 10 1
58 43 34 62 1 26
58 43 43 40 28 41
58 17 40 2 20 28
58 54 0 1 54 22
58 8 22 15 3 59
58 53 49 1 28 38
58 42 58 11 34 33
58 14 16 14 9 36
58 23 40 15 47 32
58 4 50 13 27 4
58 9 28 22 21 49
58 8 32 2 12 6
58 18 59 32 63 52
58 48 26 31 10 36
58 59 56 18 10 22
58 44 35 29 42 20
58 10 0 60 12 41
58 53 37 44 26 22
59 60 22 49 22 10
59 13 42 23 42 59
59 46 22 16 40 2
59 0 63 56 53 3
59 20 59 58 60 19
59 56 34 4 19 61
59 14 62 39 43 41
59 3 12 40 32 2
59 33 26 9 12 28
59 9 61 59 54 19
59 9 23 0 40 37
59 42 62 47 12 39
59 49 26 39 19 62
59 50 59 49 60 1
59 42 19 45 17 18
59 1 8 62 54 12
59 44 61 62 17 42
59 3 25 19 37 24
59 0 60 21 56 21
59 53 12 48 59 20
59 4 55 59 2 33
59 50 42 55 51 6
59 14 25 15 13 35
59 15 4 33 9 31
59 54 30 49 4 12
59 40 30 6 59 11
59 19 47 47 57 44
59 41 16 17 60 33
59 11 3 17 43 35
59 19 54 51 43 46
59 19 60 16 59 50
59 32 55 62 18 9
59 58 47 23 24 13
59 26 30 1 7 37
59 27 15 28 32 46
59 56 10 28 44 43
59 14 46 26 14 30
59 14 6 52 41 54
59 45 26 63 45 2
59 8 6 30 19 28
59 19 51 37 3 13
59 25 37 11 38 10
59 2 48 31 57 12
59 23 11 56 30 26
59 63 16 16 43 1
59 15 11 36 42 20
59 31 5 27 55 0
59 7 6 43 16 6
59 3 21 24 46 20
59 63 8 53 45 52
59 55 38 41 22 6
59 21 4 39 38 22
59 36 53 52 42 17
59 48 34 36 25 38
59 55 58 43 32 1
59 47 63 45 22 3
59 10 39 59 49 2
59 46 39 21 7 27
59 14 48 33 25 28
59 24 58 33 20 0
59 26 24 5 22 15
59 51 8 12 47 2
59 23 49 2 32 8
59 6 63 37 48 19
60 47 2 5 12 29
60 12 16 60 46 60
60 37 43 57 2 39
60 34 16 14 33 2
60 55 53 40 46 34
60 35 58 20 55 0
60 56 41 16 29 39
60 22 43 28 13 52
60 33 20 13 54 48
60 50 38 39 6 58
60 61 18 14 40 28
60 42 1 19 48 53
60 15 20 32 35 16
60 59 41 17 27 16
60 30 24 28 61 43
60 5 61 12 50 37
60 59 35 51 30 21
60 12 54 15 25 26
60 46 36 15 36 50
60 49 7 38 46 8
60 55 32 28 57 10
60 31 49 51 17 63
60 44 13 38 63 1
60 54 48 19 48 46
60 18 9 39 3 28
60 32 18 12 40 3
60 42 46 55 20 54
60 10 30 8 21 56
60 49 9 14 18 16
60 62 38 2 34 41
60 21 16 40 7 52
60 6 8 47 4 54
60 28 40 31 36 15
60 8 36 49 27 46
60 26 14 24 62 10
60 42 25 27 38 34
60 48 39 26 51 27
60 41 36 6 31 6
60 25 52 38 4 3
60 46 53 4 41 28
60 36 34 15 51 21
60 39 27 37 54 19
60 13 58 23 8 52
60 60 49 16 49 5
60 43 57 57 19 52
60 52 8 28 54 22
60 15 25 37 21 15
60 22 58 57 59 29
60 2 27 58 53 6
60 11 23 60 36 49
60 63 45 46 0 9
60 23 37 46 17 37
60 10 25 51 61 22
60 57 11 54 1 34
60 20 39 9 53 25
60 50 0 6 55 39
60 55 7 14 29 56
60 40 41 44 17 25
60 55 10 25 12 52
60 29 49 55 37 55
60 10 62 50 61 34
60 24 9 36 17 51
60 29 24 55 37 41
60 39 0 61 1 56
61 54 14 45 37 30
61 21 22 57 9 16
61 11 10 47 3 49
61 20 30 1 63 50
61 30 46 45 46 35
61 1 6 57 11 46
61 39 38 59 10 23
61 8 60 57 30 55
61 12 6 46 40 0
61 23 7 46 26 61
61 25 12 15 54 63
61 2 28 15 48 37
61 16 46 10 53 38
61 46 10 48 60 18
61 32 23 55 59 11
61 42 10 63 22 25
61 26 40 7 57 37
61 49 53 8 43 60
61 36 6 17 59 38
61 3 23 22 61 51
61 33 33 28 45 52
61 37 0 54 23 51
61 35 36 56 56 37
61 37 3 5 4 39
61 7 23 42 32 34
61 9 51 26 23 49
61 20 63 43 37 41
61 49 57 42 24 55
61 52 21 40 49 61
61 26 0 16 28 36
61 59 49 40 7 42
61 49 58 36 22 17
61 39 47 62 56 5
61 27 8 44 50 10
61 2 60 17 3 16
61 43 31 7 57 52
61 55 54 16 44 36
61 43 28 31 8 42
61 43 56 59 47 37
61 63 39 49 49 43
61 39 40 7 26 61
61 49 30 40 2 36
61 47 58 39 7 32
61 51 3 0 34 1
61 8 45 17 40 58
61 24 48 13 18 10
61 14 62 40 50 19
61 24 15 9 60 2
61 44 31 10 60 56
61 53 7 4 39 52
61 24 60 27 48 3
61 55 26 34 56 28
61 51 2 14 62 38
61 31 61 19 54 19
61 16 47 32 49 1
61 15 14 46 62 5
61 7 1 15 24 5
61 51 35 62 48 16
61 37 48 16 40 51
61 37 12 60 5 37
61 24 33 41 15 61
61 20 26 18 58 5
61 54 56 28 55 30
61 24 15 3 14 26
62 44 42 52 58 0
62 20 17 23 23 2
62 34 51 9 48 38
62 42 12 37 58 13
62 13 0 48 32 54
62 15 34 44 29 0
62 35 23 32 15 28
62 23 9 41 21 11
62 44 40 45 49 28
62 17 21 25 56 59
62 46 56 19 32 2
62 27 33 13 19 15
62 23 30 8 16 9
62 22 13 54 44 52
62 43 29 13 38 47
62 41 30 31 43 35
62 50 60 34 45 45
62 34 59 47 54 12
62 11 16 9 27 15
62 31 35 4 57 9
62 62 13 0 45 23
62 22 21 32 42 8
62 12 38 25 34 17
62 46 5 28 63 13
62 16 36 47 0 45
62 54 56 30 12 8
62 6 50 26 6 37
62 52 51 19 11 31
62 56 49 5 26 16
62 2 48 34 10 27
62 58 46 15 58 50
62 5 43 2 40 48
62 22 4 10 39 21
62 28 16 49 30 34
62 47 60 21 22 57
62 25 45 22 12 22
62 42 41 43 15 54
62 48 37 11 36 31
62 15 55 46 16 41
62 27 36 10 23 59
62 16 4 10 24 21
62 29 5 46 49 58
62 6 10 34 2 54
62 18 38 5 10 39
62 20 49 13 45 15
62 31 54 35 25 20
62 63 43 32 0 22
62 48 63 2 39 42
62 56 63 63 2 61
62 20 47 0 20 46
62 40 17 41 39 43
62 53 9 29 51 54
62 46 51 25 14 7
62 38 10 29 44 29
62 60 44 13 44 31
62 49 29 13 57 56
62 10 40 54 13 30
62 34 12 35 3 58
62 55 21 17 43 32
62 6 49 56 52 62
62 11 47 56 60 7
62 39 55 42 31 57
62 12 23 17 17 36
62 55 46 18 19 10
63 5 15 11 17 1
63 2 6 35 57 63
63 2 45 13 28 35
63 5 61 40 10 45
63 61 12 13 18 31
63 13 33 48 21 16
63 19 30 24 58 59
63 63 37 59 45 43
63 39 61 16 9 15
63 58 25 5 58 9
63 21 11 56 11 41
63 2 37 19 6 17
63 6 27 42 21 10
63 15 41 57 29 52
63 45 44 52 59 2
63 44 5 55 14 62
63 58 19 19 54 31
63 26 47 24 33 57
63 49 50 6 16 5
63 1 20 45 33 59
63 30 45 57 39 24
63 1 62 23 18 4
63 36 11 41 13 20
63 62 11 21 10 16
63 29 61 38 60 27
63 9 30 52 32 43
63 27 51 48 56 21
63 26 19 39 28 31
63 21 12 34 39 29
63 21 17 26 63 58
63 5 32 13 34 11
63 58 61 31 38 17
63 45 56 30 28 14
63 28 11 61 25 8
63 29 10 5 52 54
63 23 41 55 36 52
63 16 33 38 41 9
63 57 47 49 24 27
63 5 47 7 25 12
63 58 55 37 29 47
63 47 27 37 22 41
63 62 40 2 27 62
63 42 5 12 6 23
63 22 31 44 28 40
63 12 51 10 49 51
63 28 9 39 48 12
63 18 11 49 19 16
63 19 16 56 62 25
63 19 26 3 32 30
63 45 35 21 35 43
63 33 0 33 31 39
63 6 36 31 29 54
63 4 2 63 55 11
63 13 45 56 24 14
63 36 13 33 47 49
63 16 27 1 33 57
63 32 14 17 29 28
63 63 57 17 52 35
63 58 51 44 60 9
63 29 11 29 1 23
63 9 45 35 20 63
63 29 51 33 28 54
63 7 10 59 42 26
63 14 15 25 31 61
