0 57 35 6 59 41
0 37 53 19 51 11
0 58 40 12 43 20
0 19 0 3 40 43
0 50 52 18 7 53
0 10 2 5 26 45
0 19 8 63 32 51
0 41 34 2 1 11
0 14 2 38 51 12
0 24 30 51 54 37
0 43 59 26 1 33
0 35 36 28 22 47
0 20 2 11 20 63
0 46 9 45 2 16
0 11 48 12 43 40
0 52 38 3 10 9
0 37 27 29 25 27
0 39 59 17 44 30
0 17 45 63 55 46
0 58 13 33 46 8
0 32 43 19 26 54
0 16 13 43 38 25
0 35 4 4 59 28
0 35 13 62 45 56
0 17 26 43 8 49
0 17 24 20 48 4
0 55 18 56 26 42
0 61 55 61 29 3
0 16 43 30 17 12
0 0 42 38 0 44
0 48 62 10 50 31
0 17 38 26 40 20
0 61 11 14 57 23
0 60 6 16 31 51
0 0 11 8 43 47
0 51 49 58 24 57
0 35 25 34 3 14
0 62 33 10 4 8
0 9 21 3 4 52
0 50 31 2 7 54
0 55 26 42 63 16
0 4 11 48 63 47
0 3 23 22 38 59
0 16 25 37 4 23
0 44 27 39 42 36
0 50 15 56 36 1
0 25 45 19 11 3
0 62 21 38 43 54
0 48 44 23 34 60
0 36 60 42 58 27
0 1 27 8 51 0
0 22 21 13 61 39
0 52 46 4 3 40
0 43 38 13 14 36
0 15 1 49 62 8
0 48 5 60 32 45
0 0 44 20 2 20
0 1 22 27 0 46
0 34 45 37 25 18
0 48 44 19 23 49
0 54 34 46 48 20
0 24 48 22 53 53
0 6 7 20 42 56
0 7 19 38 29 27
1 39 5 23 61 54
1 1 51 52 41 50
1 14 7 63 34 12
1 26 60 12 14 36
1 45 15 31 6 40
1 1 22 24 20 29
1 51 49 18 38 31
1 7 0 57 46 37
1 55 39 62 56 24
1 50 49 38 7 49
1 33 11 0 13 19
1 55 45 45 50 54
1 45 33 2 39 56
1 50 4 42 11 4
1 50 21 11 31 26
1 27 33 32 34 15
1 36 34 4 17 29
1 63 28 1 35 60
1 1 12 23 29 1
1 37 32 43 30 45
1 5 30 40 2 14
1 2 0 52 60 47
1 9 31 39 49 49
1 34 4 28 33 47
1 32 12 30 37 32
1 15 37 5 56 53
1 36 22 21 28 25
1 3 20 36 15 30
1 30 30 38 13 54
1 38 1 33 32 27
1 54 26 30 36 61
1 63 13 57 41 2
1 39 48 43 4 8
1 56 10 0 56 5
1 22 46 28 15 7
1 63 11 5 7 8
1 1 36 19 1 51
1 37 61 16 14 41
1 41 2 0 37 1
1 1 32 59 55 17
1 0 46 48 54 21
1 17 53 11 46 53
1 44 54 13 56 36
1 7 46 16 22 54
1 42 11 31 16 19
1 47 19 14 18 2
1 38 51 3 46 5
1 18 59 5 55 7
1 56 10 48 62 56
1 47 36 35 8 24
1 50 45 37 21 30
1 16 59 52 47 32
1 27 6 59 51 6
1 19 21 32 60 38
1 59 28 43 10 11
1 27 51 8 60 61
1 5 2 15 63 21
1 4 53 7 46 22
1 55 41 35 35 28
1 45 20 15 7 13
1 61 62 6 55 12
1 42 42 2 20 49
1 53 27 34 21 13
1 49 59 57 21 20
2 56 16 39 25 62
2 4 49 22 29 0
2 12 47 62 2 61
2 60 50 35 24 25
2 60 33 49 52 26
2 42 43 36 39 36
2 33 61 6 62 42
2 45 49 50 9 16
2 38 27 49 32 48
2 6 5 45 50 31
2 62 47 11 40 17
2 18 42 2 1 28
2 36 42 6 16 10
2 8 53 0 26 19
2 33 41 53 18 14
2 3 42 13 7 28
2 13 58 17 55 2
2 18 40 14 8 1
2 41 31 22 2 11
2 10 8 54 44 21
2 25 60 38 15 62
2 0 36 42 47 39
2 33 29 47 2 13
2 12 50 4 10 62
2 33 8 5 8 15
2 7 55 28 61 56
2 50 63 26 60 1
2 45 11 51 22 58
2 22 21 61 14 51
2 20 36 5 3 56
2 46 18 24 39 4
2 24 58 29 5 56
2 15 6 61 5 36
2 59 4 20 55 27
2 56 30 61 30 12
2 28 29 49 3 35
2 62 4 37 27 49
2 54 19 48 58 32
2 1 53 48 3 63
2 42 28 28 47 5
2 3 46 27 1 21
2 27 20 27 12 58
2 31 52 37 12 52
2 23 21 44 9 55
2 9 58 57 22 53
2 0 43 13 19 22
2 41 56 39 21 8
2 29 38 30 26 12
2 20 62 38 45 23
2 48 0 54 44 28
2 8 10 39 17 52
2 2 12 51 13 35
2 58 57 4 1 17
2 58 62 39 19 45
2 5 45 58 41 55
2 10 16 14 62 15
2 10 40 23 0 0
2 63 22 8 4 8
2 2 5 53 41 21
2 61 36 61 24 15
2 28 48 11 63 41
2 47 12 43 41 49
2 40 46 48 4 31
2 24 27 21 2 60
3 59 37 62 49 43
3 58 13 37 33 63
3 47 25 11 9 58
3 19 49 10 49 19
3 35 2 47 13 35
3 63 29 10 31 34
3 30 22 41 61 38
3 34 50 6 52 26
3 20 15 48 45 22
3 38 63 17 2 22
3 39 45 53 17 16
3 60 31 18 0 62
3 36 46 27 9 2
3 9 59 2 7 29
3 1 17 42 33 55
3 30 17 0 31 49
3 35 21 63 15 22
3 43 54 17 29 37
3 29 15 2 60 44
3 6 12 43 3 13
3 12 22 5 27 3
3 40 54 10 30 15
3 27 32 53 58 42
3 8 58 9 24 33
3 61 47 21 17 56
3 15 41 20 50 52
3 20 49 44 1 61
3 4 9 20 62 0
3 3 41 28 30 59
3 7 44 44 57 25
3 5 20 14 48 9
3 10 24 27 30 24
3 41 35 11 22 22
3 35 50 54 40 23
3 15 55 40 7 44
3 7 4 62 19 23
3 15 51 51 29 42
3 39 13 4 36 54
3 52 22 11 17 62
3 18 29 44 9 17
3 33 31 40 61 21
3 24 38 7 49 37
3 27 9 59 29 58
3 30 14 61 39 38
3 55 25 3 27 54
3 20 43 27 14 38
3 5 35 52 26 53
3 30 45 28 46 45
3 42 37 20 48 6
3 33 29 13 14 36
3 58 56 38 23 39
3 38 15 15 51 24
3 16 57 40 23 58
3 46 62 6 41 14
3 63 6 53 39 15
3 54 30 9 3 50
3 34 20 8 42 26
3 33 23 4 1 34
3 22 37 36 48 26
3 36 46 8 49 16
3 28 61 35 27 0
3 26 35 24 45 34
3 48 12 40 2 31
3 27 50 2 48 44
4 33 42 26 15 19
4 3 1 38 48 4
4 41 38 7 36 52
4 38 4 44 43 54
4 33 23 55 63 20
4 20 50 50 52 31
4 19 57 52 17 27
4 8 18 60 19 2
4 2 23 25 53 37
4 56 33 29 5 9
4 58 50 40 15 23
4 36 36 61 63 57
4 16 44 1 9 38
4 39 22 11 40 30
4 13 54 14 62 58
4 31 33 60 59 0
4 41 24 11 60 24
4 2 39 29 57 52
4 54 42 13 28 55
4 31 45 38 62 28
4 57 23 13 51 48
4 45 4 45 17 18
4 23 63 18 53 44
4 14 4 43 63 8
4 31 57 57 10 50
4 7 22 51 23 56
4 21 37 46 12 8
4 29 19 9 25 50
4 30 52 37 5 47
4 23 43 2 10 35
4 52 51 24 51 6
4 11 32 63 30 48
4 43 38 11 1 59
4 15 18 17 24 1
4 15 38 22 57 59
4 16 9 59 12 61
4 11 28 33 5 54
4 18 3 54 9 5
4 39 39 43 19 8
4 3 24 3 53 5
4 7 54 53 14 39
4 51 18 14 51 45
4 19 14 61 26 18
4 25 0 8 55 63
4 62 52 18 62 16
4 62 30 29 35 11
4 27 1 14 6 37
4 39 61 3 14 16
4 7 50 29 42 48
4 36 53 60 11 42
4 58 14 51 46 22
4 20 61 12 38 20
4 24 1 45 43 0
4 34 8 3 63 13
4 54 41 8 63 48
4 26 57 60 25 44
4 40 21 59 22 52
4 47 47 62 8 13
4 50 59 14 3 6
4 57 3 49 13 39
4 1 42 51 27 31
4 44 56 16 63 48
4 30 54 62 20 51
4 10 62 37 15 10
5 56 44 24 28 57
5 63 50 28 43 1
5 51 7 21 26 22
5 59 59 2 16 55
5 20 46 53 37 7
5 45 47 25 7 51
5 58 22 24 31 11
5 12 33 18 36 37
5 61 57 14 36 37
5 8 6 29 55 10
5 22 44 60 59 58
5 23 43 60 32 37
5 42 29 24 39 11
5 29 42 0 13 18
5 49 53 43 24 38
5 53 10 37 33 15
5 27 18 41 42 50
5 13 35 33 49 6
5 13 55 17 6 38
5 44 32 56 2 52
5 56 45 46 49 55
5 50 51 28 12 39
5 30 38 6 4 24
5 26 19 58 59 28
5 21 51 34 32 62
5 16 53 45 40 52
5 0 56 28 10 60
5 45 29 44 40 50
5 25 34 19 10 7
5 16 32 41 12 4
5 57 41 7 59 29
5 0 47 5 60 46
5 31 17 51 15 27
5 45 5 26 39 60
5 24 61 37 6 63
5 23 38 34 60 11
5 44 44 28 44 4
5 63 57 14 25 43
5 15 63 46 14 19
5 13 50 60 6 27
5 51 58 34 3 33
5 56 57 11 3 62
5 50 41 57 10 2
5 37 55 22 26 29
5 46 36 38 59 48
5 60 7 46 39 54
5 14 30 43 63 14
5 18 30 58 10 17
5 60 55 39 63 56
5 52 46 18 22 50
5 47 0 11 59 12
5 17 3 11 39 62
5 55 18 53 28 19
5 33 10 25 29 34
5 50 21 57 43 52
5 30 16 32 41 2
5 58 34 60 61 7
5 60 32 47 50 17
5 49 45 14 45 34
5 40 22 47 57 16
5 61 23 13 19 54
5 46 36 8 1 31
5 19 16 22 1 19
5 47 35 33 1 41
6 14 38 44 38 51
6 15 23 43 29 29
6 60 9 24 3 38
6 25 14 30 30 58
6 52 0 20 38 42
6 59 37 3 63 33
6 20 37 53 47 21
6 30 48 53 54 12
6 45 16 30 30 55
6 28 20 6 16 42
6 56 9 61 31 1
6 53 19 48 12 61
6 34 14 60 63 56
6 13 28 33 1 32
6 32 62 44 43 30
6 46 13 56 21 53
6 45 4 38 0 18
6 42 9 37 62 3
6 53 51 23 12 38
6 0 11 56 31 48
6 18 17 4 23 34
6 32 60 12 31 16
6 0 56 0 1 30
6 36 39 18 26 49
6 26 48 7 14 50
6 56 11 30 53 56
6 9 46 23 30 8
6 45 41 38 1 5
6 5 27 41 30 12
6 9 34 23 56 18
6 28 27 29 16 9
6 59 47 56 61 14
6 19 11 32 42 3
6 51 5 36 2 16
6 4 17 61 28 39
6 50 61 39 50 41
6 50 11 4 28 5
6 0 47 6 4 33
6 56 19 28 39 2
6 39 10 32 51 30
6 3 25 17 14 51
6 6 21 12 37 61
6 3 42 13 3 27
6 20 0 62 40 20
6 44 63 61 22 41
6 37 16 10 9 8
6 17 28 21 36 10
6 10 18 24 40 25
6 10 61 4 59 25
6 59 60 28 41 57
6 4 0 4 12 32
6 39 2 3 0 8
6 20 45 17 36 2
6 39 18 38 38 18
6 23 7 48 18 35
6 58 8 3 22 2
6 14 14 18 60 12
6 48 39 63 41 4
6 42 60 29 44 18
6 54 37 4 53 4
6 8 18 30 54 54
6 56 9 22 13 21
6 40 40 26 43 37
6 62 14 41 50 61
7 3 38 14 14 1
7 6 33 9 28 63
7 60 14 15 48 8
7 1 58 45 4 20
7 16 20 22 7 44
7 57 5 2 11 22
7 23 46 13 4 37
7 54 16 5 45 57
7 51 4 24 18 14
7 21 1 38 41 14
7 28 56 61 40 42
7 49 34 40 3 12
7 39 15 52 62 55
7 17 54 13 15 58
7 33 43 56 49 20
7 0 61 7 26 30
7 26 39 53 17 51
7 12 28 23 0 3
7 57 8 51 63 31
7 18 21 42 13 18
7 19 26 0 63 37
7 37 57 56 50 58
7 42 13 13 62 52
7 47 14 39 33 61
7 21 41 62 16 31
7 32 35 44 33 51
7 36 1 42 41 40
7 53 14 3 55 0
7 37 46 2 37 54
7 26 31 45 13 9
7 58 48 36 51 12
7 57 46 49 36 35
7 31 43 25 57 25
7 55 27 51 28 0
7 29 45 38 42 59
7 5 10 11 54 7
7 58 7 39 24 46
7 20 24 9 3 10
7 31 34 3 5 28
7 42 25 50 37 18
7 40 1 4 35 48
7 60 3 12 63 51
7 41 33 29 51 22
7 10 18 21 15 35
7 4 41 25 19 7
7 11 7 45 55 14
7 39 17 61 61 33
7 22 41 36 25 47
7 6 52 40 3 17
7 40 14 13 21 58
7 41 20 17 62 41
7 7 26 55 12 28
7 35 8 1 32 4
7 59 38 55 59 59
7 26 40 27 8 37
7 55 55 8 24 9
7 57 42 20 1 12
7 62 31 49 17 22
7 44 4 31 45 25
7 52 33 8 53 46
7 43 45 6 34 3
7 50 12 35 32 29
7 59 1 33 6 43
7 56 43 43 25 8
8 33 3 50 58 53
8 49 18 18 47 18
8 54 1 56 8 53
8 53 48 1 39 44
8 53 14 59 57 35
8 17 59 58 18 38
8 45 57 63 2 58
8 8 56 40 13 62
8 16 31 31 54 29
8 26 30 15 12 29
8 5 62 18 29 42
8 10 41 47 49 49
8 59 30 63 19 22
8 53 54 14 63 21
8 13 51 1 28 6
8 21 2 45 55 11
8 56 39 45 42 5
8 52 55 48 3 24
8 39 40 0 47 14
8 38 32 9 49 48
8 52 32 14 63 50
8 38 34 6 42 19
8 53 21 40 13 33
8 16 1 53 6 53
8 42 48 13 27 36
8 56 45 37 62 48
8 7 46 60 11 9
8 4 36 33 19 35
8 43 43 41 58 23
8 18 51 33 63 61
8 55 63 57 41 42
8 43 31 55 22 3
8 38 16 31 6 35
8 51 8 51 25 2
8 20 61 7 26 13
8 46 24 23 62 41
8 25 48 51 27 58
8 49 55 40 44 19
8 47 21 32 23 45
8 16 12 10 13 37
8 53 28 4 34 25
8 34 3 28 27 48
8 28 63 11 38 7
8 0 0 4 62 52
8 25 26 8 4 62
8 19 60 51 15 37
8 23 15 1 39 25
8 50 56 45 42 52
8 16 54 10 35 3
8 24 4 30 11 34
8 14 44 20 14 62
8 45 4 39 27 38
8 23 8 45 60 31
8 46 1 4 2 63
8 31 5 52 7 21
8 34 18 45 46 1
8 45 52 35 7 63
8 29 2 29 27 16
8 19 56 37 20 4
8 18 60 56 35 0
8 24 9 54 28 58
8 53 27 53 51 1
8 47 13 49 53 5
8 14 54 62 4 58
9 27 17 1 16 49
9 18 49 57 35 34
9 0 60 46 14 53
9 13 2 41 38 38
9 47 30 15 19 29
9 50 48 22 45 6
9 55 54 40 0 45
9 1 19 28 26 36
9 14 28 11 18 42
9 47 26 31 47 44
9 38 30 27 29 36
9 2 46 4 37 14
9 52 50 6 43 10
9 49 46 13 34 17
9 3 50 47 52 21
9 20 40 18 55 19
9 54 61 24 9 49
9 62 6 55 31 10
9 35 49 7 11 4
9 15 59 21 52 56
9 54 53 57 15 29
9 53 12 11 41 18
9 51 49 28 17 48
9 61 37 52 26 1
9 41 55 25 25 39
9 61 39 3 54 36
9 7 31 46 51 23
9 37 57 1 51 63
9 18 22 52 39 6
9 17 56 62 62 8
9 30 52 45 39 43
9 30 50 55 63 54
9 19 31 13 29 36
9 22 51 43 24 18
9 49 55 27 22 55
9 25 15 52 20 56
9 38 46 49 43 20
9 52 19 59 25 25
9 37 59 17 39 42
9 59 23 48 61 16
9 31 0 20 55 62
9 52 21 39 45 32
9 8 57 43 1 19
9 17 6 25 50 58
9 41 25 22 40 57
9 12 24 10 21 12
9 58 19 47 62 5
9 13 31 27 46 19
9 24 3 44 50 47
9 15 5 60 19 51
9 9 2 31 39 56
9 46 48 22 39 29
9 26 27 54 43 50
9 0 55 54 15 42
9 25 20 61 23 41
9 45 9 62 34 57
9 44 50 14 20 43
9 32 60 45 61 1
9 23 21 53 61 59
9 33 32 45 9 52
9 43 61 61 55 18
9 18 2 24 39 34
9 14 10 40 45 0
9 30 23 18 20 61
10 50 13 44 39 23
10 20 21 56 20 10
10 35 12 4 60 11
10 17 9 2 48 6
10 54 25 53 44 22
10 26 61 22 42 5
10 38 22 35 23 26
10 8 56 37 41 40
10 7 3 44 58 24
10 29 45 27 44 12
10 61 35 9 37 46
10 57 28 2 11 12
10 39 27 31 63 6
10 2 57 27 11 14
10 25 48 59 37 6
10 25 35 4 2 58
10 55 51 24 32 37
10 2 28 62 19 35
10 39 31 17 41 59
10 57 18 0 60 56
10 58 40 8 21 54
10 57 23 62 34 14
10 27 62 25 37 5
10 13 24 60 5 48
10 61 61 47 4 0
10 19 54 56 5 62
10 39 62 9 57 40
10 49 52 9 57 59
10 37 48 59 47 16
10 11 60 3 45 19
10 34 47 32 41 38
10 20 10 60 22 6
10 8 9 49 0 54
10 29 4 23 22 23
10 24 28 57 28 29
10 26 19 39 48 23
10 14 53 27 24 57
10 19 63 2 13 44
10 41 26 54 32 3
10 53 38 56 55 30
10 41 59 40 42 0
10 2 50 1 10 59
10 48 18 19 30 2
10 31 14 13 61 18
10 44 6 38 25 37
10 10 55 6 45 12
10 39 32 41 13 29
10 27 2 38 30 7
10 40 47 38 21 53
10 51 38 30 35 29
10 8 48 11 27 25
10 6 60 59 26 0
10 14 46 15 49 60
10 54 11 49 7 33
10 17 6 39 19 16
10 8 30 14 54 54
10 60 10 48 4 48
10 44 52 11 36 30
10 62 35 41 36 57
10 48 33 11 10 8
10 28 17 54 27 50
10 40 42 5 56 63
10 15 61 51 49 34
10 32 43 8 40 40
11 41 51 30 41 25
11 24 33 29 37 23
11 23 55 55 5 49
11 44 48 52 41 41
11 1 48 21 7 29
11 57 59 18 22 14
11 56 62 60 47 50
11 27 48 32 13 46
11 56 53 16 5 50
11 57 5 62 41 37
11 26 18 55 4 34
11 29 28 32 58 52
11 25 6 49 2 60
11 54 52 16 19 32
11 11 53 20 36 43
11 10 27 6 38 20
11 47 6 14 56 6
11 47 59 59 9 15
11 33 37 37 32 7
11 43 8 50 8 26
11 6 17 16 42 50
11 17 40 9 21 45
11 57 34 44 43 14
11 16 15 15 33 23
11 17 20 2 15 59
11 17 25 54 2 34
11 46 28 20 43 24
11 10 23 59 2 4
11 14 30 52 20 12
11 35 4 38 21 61
11 62 34 39 61 42
11 8 60 57 1 39
11 62 56 8 38 0
11 24 19 15 52 45
11 18 39 15 59 31
11 63 41 40 58 36
11 29 45 10 5 29
11 26 19 55 54 46
11 42 31 24 17 53
11 11 34 14 22 48
11 51 31 57 24 26
11 55 5 22 11 40
11 41 56 15 8 20
11 45 26 25 56 51
11 46 37 7 22 46
11 5 60 4 13 19
11 46 16 19 39 40
11 45 53 3 37 32
11 22 56 46 58 13
11 8 45 58 15 24
11 22 5 54 33 43
11 41 25 54 33 5
11 40 18 23 0 20
11 19 36 5 35 0
11 26 54 1 59 32
11 52 27 0 35 34
11 5 37 54 42 3
11 43 60 20 19 37
11 47 32 23 50 21
11 8 17 12 31 7
11 33 29 30 52 48
11 55 34 34 14 46
11 15 24 51 7 58
11 10 13 59 60 2
12 45 28 57 50 3
12 52 19 60 25 63
12 5 60 55 9 58
12 16 29 54 9 24
12 43 47 40 23 53
12 0 32 58 4 56
12 7 23 12 49 62
12 11 61 15 16 35
12 31 32 11 30 38
12 38 14 39 52 35
12 6 41 9 61 44
12 51 14 57 25 8
12 63 9 58 4 7
12 27 57 27 49 15
12 15 11 48 57 25
12 31 56 9 57 9
12 0 40 26 40 34
12 15 63 33 26 26
12 55 56 9 35 28
12 51 57 21 15 18
12 23 7 23 57 1
12 54 29 37 35 20
12 51 61 41 47 63
12 51 40 30 47 7
12 9 54 35 23 40
12 57 4 1 44 2
12 33 28 40 62 43
12 55 57 34 16 47
12 18 1 25 11 12
12 57 53 32 43 6
12 21 41 13 45 35
12 20 20 4 35 46
12 23 24 28 54 36
12 24 40 19 6 41
12 9 6 1 18 5
12 54 63 51 2 6
12 48 3 43 52 26
12 63 22 42 55 30
12 62 17 47 31 37
12 43 19 15 8 43
12 4 39 53 12 50
12 60 28 18 47 52
12 44 20 11 24 54
12 57 19 36 21 9
12 16 9 19 48 4
12 2 6 61 26 47
12 58 29 59 12 28
12 21 63 61 42 33
12 1 18 35 41 8
12 62 3 29 23 56
12 7 12 53 13 59
12 45 51 34 28 60
12 6 3 16 22 55
12 21 40 39 36 5
12 28 22 55 51 25
12 15 38 40 4 30
12 38 24 48 22 35
12 5 43 25 20 42
12 15 24 12 19 17
12 0 18 44 17 60
12 30 11 63 57 53
12 37 1 60 29 23
12 39 27 6 58 19
12 51 59 32 59 36
13 10 49 27 29 61
13 15 44 15 8 25
13 12 16 63 42 5
13 24 63 48 18 46
13 36 6 9 26 36
13 11 32 62 31 53
13 40 31 52 60 48
13 53 61 46 57 40
13 61 8 30 26 53
13 0 40 1 56 25
13 31 26 12 10 50
13 9 1 26 27 1
13 42 31 45 28 26
13 27 10 61 6 10
13 38 53 38 40 8
13 45 25 44 9 13
13 33 41 11 54 11
13 58 48 5 35 3
13 56 27 52 18 46
13 50 4 39 48 26
13 11 52 22 2 58
13 38 59 33 21 34
13 17 2 55 2 39
13 26 49 24 6 13
13 49 37 19 63 51
13 31 60 20 15 14
13 42 38 13 20 56
13 44 55 0 1 53
13 2 47 61 5 23
13 62 23 52 53 55
13 24 24 21 30 39
13 58 12 62 19 2
13 50 50 31 60 5
13 34 52 54 23 19
13 8 20 19 28 52
13 2 45 45 45 17
13 44 50 13 18 34
13 10 34 45 12 9
13 39 29 21 33 61
13 46 60 60 54 25
13 21 31 42 26 2
13 40 5 15 59 6
13 46 56 50 11 20
13 11 46 46 1 55
13 18 29 38 62 50
13 4 60 45 56 9
13 9 14 15 11 53
13 17 25 14 19 29
13 30 21 0 57 32
13 59 28 6 32 49
13 49 50 17 8 36
13 36 40 32 0 17
13 58 24 35 62 57
13 55 0 44 11 33
13 21 21 7 36 0
13 34 30 2 25 56
13 9 41 26 42 23
13 16 30 33 18 36
13 57 30 41 25 32
13 59 27 15 19 18
13 23 4 63 35 37
13 16 58 32 29 29
13 26 17 54 8 58
13 59 58 44 27 32
14 19 51 8 19 34
14 6 47 63 53 3
14 32 53 1 1 62
14 32 25 61 50 34
14 33 10 38 54 51
14 24 51 12 49 29
14 39 44 42 18 41
14 44 59 59 35 2
14 57 16 10 15 4
14 54 44 8 31 63
14 11 32 46 41 47
14 60 42 53 17 34
14 1 56 48 28 14
14 1 63 22 51 15
14 61 55 26 49 45
14 15 62 62 36 4
14 62 39 5 22 3
14 6 49 34 15 39
14 3 33 44 28 54
14 8 53 56 32 47
14 48 5 15 54 5
14 49 35 6 60 44
14 48 24 23 47 58
14 47 18 18 55 33
14 57 58 2 29 34
14 18 51 45 4 27
14 42 10 47 5 3
14 23 57 48 61 49
14 44 30 2 15 41
14 8 43 42 7 28
14 45 27 49 32 57
14 12 13 62 16 18
14 31 43 21 30 19
14 11 2 56 36 29
14 33 55 43 26 17
14 39 42 9 58 13
14 17 18 28 58 51
14 25 26 13 6 47
14 3 6 9 61 48
14 36 49 61 35 14
14 42 57 44 60 24
14 13 44 25 5 46
14 14 27 37 58 44
14 18 42 31 37 47
14 8 31 17 38 9
14 11 33 62 21 13
14 2 27 1 53 17
14 26 33 25 34 7
14 53 32 1 52 18
14 25 0 10 4 41
14 49 14 28 40 51
14 55 42 16 0 1
14 61 28 21 46 50
14 33 50 48 10 33
14 45 28 32 2 26
14 62 16 47 47 29
14 27 12 29 6 44
14 28 27 37 27 54
14 20 22 51 19 6
14 25 33 7 25 8
14 51 46 52 6 19
14 32 10 20 31 5
14 3 18 47 52 27
14 5 3 30 61 5
15 37 29 40 2 17
15 43 56 14 53 2
15 5 51 46 12 14
15 2 0 44 46 16
15 19 27 29 35 62
15 1 44 2 25 30
15 12 15 52 0 19
15 33 45 57 24 37
15 37 58 37 48 16
15 48 40 11 43 44
15 24 60 9 39 0
15 38 36 7 28 11
15 37 15 10 26 56
15 61 20 44 15 58
15 41 25 40 17 30
15 4 60 34 10 50
15 25 31 61 27 39
15 58 36 42 34 8
15 52 34 13 61 47
15 15 24 39 56 12
15 35 28 33 1 51
15 46 31 13 46 8
15 39 38 4 17 4
15 4 14 19 37 40
15 50 15 53 16 6
15 46 45 50 45 17
15 33 25 35 63 21
15 6 62 47 40 0
15 46 48 49 20 21
15 52 26 43 16 56
15 25 30 52 38 9
15 5 40 6 41 2
15 13 54 28 56 5
15 34 39 43 5 35
15 48 29 15 9 45
15 63 6 5 8 14
15 53 61 0 44 31
15 57 33 43 50 26
15 28 20 33 19 22
15 21 26 29 21 0
15 38 8 16 38 53
15 50 12 11 45 15
15 19 15 16 27 60
15 56 58 0 42 46
15 49 31 61 13 39
15 32 10 23 5 27
15 16 48 59 31 21
15 42 10 4 41 25
15 15 23 43 1 4
15 5 26 50 52 20
15 62 23 63 26 17
15 60 60 11 0 30
15 15 3 41 54 59
15 30 28 49 51 61
15 10 16 14 62 58
15 18 25 9 28 29
15 16 63 18 54 2
15 26 11 24 34 26
15 33 38 36 19 15
15 41 47 19 8 22
15 56 59 5 13 37
15 29 4 39 32 49
15 48 47 37 34 47
15 15 56 49 37 15
16 23 63 5 33 33
16 13 17 44 7 37
16 18 30 40 34 63
16 23 20 9 7 1
16 48 58 59 29 10
16 27 42 40 11 56
16 22 13 1 50 34
16 7 54 21 23 20
16 27 39 8 29 40
16 43 0 14 49 58
16 62 34 52 47 61
16 7 16 57 61 16
16 6 28 5 4 42
16 35 0 59 3 50
16 52 12 23 17 20
16 17 34 42 28 12
16 62 13 17 56 9
16 60 46 53 0 60
16 33 48 34 17 45
16 12 42 16 32 44
16 49 8 12 16 44
16 53 18 18 18 10
16 61 3 59 50 60
16 22 40 29 22 41
16 22 53 21 31 59
16 4 53 31 62 4
16 13 28 37 62 52
16 11 24 53 49 53
16 11 2 44 32 23
16 41 31 57 59 43
16 43 27 22 55 26
16 45 56 1 50 61
16 0 19 62 59 38
16 61 1 50 41 55
16 31 2 45 56 46
16 34 35 17 34 3
16 48 9 42 34 26
16 58 3 50 45 31
16 39 10 35 36 11
16 58 14 50 24 26
16 8 41 56 35 18
16 45 10 17 52 57
16 49 39 50 34 38
16 32 21 58 45 42
16 57 30 9 35 27
16 5 24 5 38 21
16 29 34 20 4 54
16 16 5 27 22 45
16 30 54 18 22 63
16 51 1 36 42 55
16 9 48 18 18 24
16 27 26 36 42 62
16 30 23 30 24 50
16 53 2 39 52 27
16 36 55 10 28 20
16 23 30 15 31 16
16 45 55 18 28 39
16 23 62 29 34 27
16 25 22 43 39 13
16 16 42 19 18 62
16 10 43 13 37 6
16 46 27 3 58 40
16 45 25 54 44 50
16 32 39 27 45 26
17 7 3 53 15 21
17 36 1 0 39 9
17 37 33 38 10 37
17 7 19 44 20 54
17 32 58 55 31 11
17 59 52 7 47 27
17 5 27 31 54 12
17 41 48 39 16 0
17 38 55 56 61 38
17 45 31 20 12 36
17 60 31 23 51 60
17 63 61 4 63 36
17 18 27 56 26 14
17 1 30 16 32 30
17 17 30 12 44 57
17 28 35 38 12 50
17 14 52 18 43 30
17 44 53 53 10 37
17 47 49 39 42 20
17 62 52 30 45 41
17 12 10 23 17 0
17 53 5 19 32 24
17 54 12 34 22 40
17 39 42 53 4 40
17 14 10 33 29 59
17 63 48 20 7 63
17 9 54 25 5 28
17 22 18 40 44 4
17 2 25 41 51 26
17 2 7 7 0 48
17 8 13 44 34 24
17 51 2 60 16 37
17 22 48 57 14 30
17 46 50 55 32 36
17 28 54 62 1 56
17 46 58 14 37 11
17 0 42 3 59 50
17 44 56 32 56 50
17 61 11 6 43 1
17 31 9 44 37 40
17 44 37 45 58 61
17 32 62 58 27 60
17 48 60 6 17 27
17 11 24 25 37 52
17 12 1 10 60 5
17 54 52 62 22 33
17 63 45 31 21 40
17 30 51 35 18 22
17 0 40 45 52 20
17 3 16 32 42 27
17 61 1 5 36 27
17 2 42 59 24 54
17 10 21 60 41 13
17 9 26 22 31 42
17 2 1 53 12 27
17 53 35 2 47 30
17 38 53 17 1 46
17 52 48 25 16 60
17 38 44 63 47 14
17 27 32 6 31 43
17 6 56 27 56 11
17 49 58 54 33 35
17 51 14 3 21 26
17 42 18 63 22 38
18 48 30 49 7 34
18 62 49 21 25 56
18 55 30 44 35 11
18 11 19 33 57 5
18 50 5 62 55 52
18 31 32 19 26 43
18 63 34 22 48 31
18 6 60 11 1 21
18 50 35 42 10 57
18 16 63 54 43 61
18 54 45 21 22 45
18 62 42 35 25 0
18 17 63 43 6 42
18 19 22 47 23 0
18 51 3 25 29 3
18 16 58 27 50 2
18 9 55 23 16 10
18 46 37 35 24 45
18 23 21 0 2 59
18 36 24 12 11 34
18 61 11 42 55 47
18 17 60 9 5 62
18 15 0 20 30 31
18 2 40 59 44 19
18 26 36 7 25 8
18 56 16 47 3 30
18 0 45 62 20 0
18 19 18 5 24 0
18 14 4 63 33 60
18 34 41 52 10 63
18 41 58 18 42 21
18 45 53 35 50 2
18 25 51 3 53 53
18 56 51 26 30 20
18 51 1 41 56 52
18 46 53 45 33 50
18 20 0 52 28 18
18 11 16 61 15 54
18 30 15 2 57 63
18 29 34 21 44 42
18 58 32 45 17 25
18 45 50 22 32 53
18 27 0 10 4 54
18 61 39 25 35 46
18 26 26 12 3 25
18 13 12 33 38 19
18 7 21 18 0 31
18 14 34 6 15 46
18 28 22 10 52 14
18 42 52 46 20 54
18 14 0 27 53 54
18 49 21 63 56 60
18 63 16 37 57 5
18 40 4 38 16 45
18 38 51 49 54 18
18 6 62 36 10 47
18 14 50 63 17 39
18 20 56 26 19 40
18 25 29 15 16 19
18 26 54 26 13 48
18 17 5 2 30 36
18 47 34 3 30 51
18 3 48 55 3 47
18 18 3 13 27 13
19 40 10 22 32 4
19 25 10 48 56 59
19 7 20 8 48 41
19 59 61 15 10 57
19 3 41 46 8 17
19 35 47 40 63 38
19 48 18 2 19 7
19 27 11 41 23 5
19 24 44 34 9 3
19 1 63 54 33 39
19 55 41 29 50 47
19 50 33 1 6 7
19 12 54 25 56 52
19 0 52 46 18 39
19 35 33 35 50 61
19 4 47 8 27 1
19 4 51 21 8 9
19 27 25 53 24 52
19 59 63 11 40 26
19 5 3 42 2 5
19 7 22 37 21 22
19 56 22 0 35 34
19 49 55 55 51 10
19 5 20 26 0 60
19 36 3 40 17 37
19 3 14 38 33 22
19 20 42 6 20 57
19 11 11 57 40 60
19 11 45 24 44 38
19 12 0 4 12 2
19 6 30 13 58 34
19 37 37 56 51 45
19 48 26 20 11 0
19 2 43 34 18 35
19 54 2 23 32 63
19 29 21 2 31 13
19 34 33 5 5 7
19 41 49 11 23 43
19 30 43 56 25 63
19 31 26 2 45 22
19 22 26 17 42 43
19 37 30 59 2 24
19 31 8 22 12 36
19 27 12 46 12 43
19 60 5 39 9 50
19 39 51 60 18 45
19 56 53 51 33 45
19 61 4 29 32 23
19 56 33 28 34 28
19 61 59 2 37 61
19 32 14 8 31 8
19 14 59 35 47 29
19 1 0 37 9 44
19 4 10 48 24 17
19 39 15 60 2 57
19 47 32 8 7 55
19 48 29 9 14 7
19 59 4 2 17 21
19 59 50 56 44 7
19 37 34 25 19 41
19 43 47 30 13 59
19 6 47 32 12 41
19 58 29 27 60 38
19 0 13 13 50 19
20 26 58 0 27 26
20 17 53 33 61 40
20 46 49 32 19 42
20 25 14 25 57 17
20 9 34 55 62 52
20 33 62 47 46 45
20 51 58 10 5 27
20 51 25 29 22 9
20 62 38 31 33 41
20 33 45 7 20 55
20 16 40 44 54 57
20 22 62 1 23 29
20 3 60 55 14 22
20 6 42 11 10 56
20 28 22 3 36 41
20 32 55 30 47 17
20 39 22 48 50 10
20 53 43 29 36 59
20 6 29 63 22 17
20 49 58 62 59 32
20 60 15 40 45 9
20 11 36 45 14 20
20 47 7 41 13 44
20 56 7 55 48 53
20 9 47 60 44 12
20 54 43 2 5 29
20 43 0 47 58 6
20 58 32 1 36 40
20 44 7 25 18 25
20 24 42 36 2 46
20 63 49 38 3 38
20 54 15 60 4 60
20 19 27 56 39 6
20 45 37 6 8 51
20 49 33 50 4 46
20 4 53 24 61 47
20 51 4 44 33 55
20 43 35 46 20 43
20 0 39 14 46 38
20 3 27 11 57 52
20 20 30 3 63 30
20 30 21 3 17 37
20 41 19 3 56 16
20 22 34 8 2 11
20 19 36 26 36 12
20 57 5 34 1 45
20 63 63 27 63 4
20 45 5 0 48 5
20 55 34 44 16 40
20 39 54 19 18 31
20 52 3 58 13 24
20 46 13 36 8 18
20 30 44 34 12 38
20 38 58 41 48 0
20 51 40 13 50 14
20 17 38 23 23 46
20 47 44 63 22 46
20 51 26 9 40 63
20 53 52 2 15 15
20 28 43 29 22 23
20 61 23 54 56 12
20 44 18 6 15 54
20 62 29 39 51 12
20 23 24 42 5 32
21 8 29 29 55 41
21 41 20 13 18 37
21 26 15 42 49 39
21 44 58 24 23 36
21 5 58 6 16 38
21 49 63 3 17 49
21 26 41 46 26 52
21 53 29 42 45 7
21 54 1 22 34 0
21 56 25 15 61 48
21 39 27 39 60 49
21 12 4 14 59 7
21 58 28 41 20 41
21 28 51 52 43 11
21 49 25 50 62 50
21 28 44 45 26 51
21 39 7 63 49 5
21 19 26 5 56 46
21 39 16 3 47 33
21 60 2 55 38 28
21 1 46 18 52 11
21 14 29 56 11 62
21 55 52 23 58 56
21 50 63 5 32 5
21 55 4 49 38 53
21 39 57 51 13 23
21 56 3 54 28 26
21 8 35 35 39 25
21 52 59 9 43 33
21 14 60 17 19 33
21 36 13 53 55 48
21 13 44 51 28 53
21 18 34 54 63 9
21 12 4 37 45 8
21 58 63 55 7 29
21 31 22 1 5 27
21 20 53 11 41 9
21 45 55 63 19 3
21 59 50 12 47 45
21 60 62 24 36 54
21 24 58 43 56 55
21 13 23 50 6 38
21 35 28 26 14 32
21 34 53 42 33 15
21 8 25 26 62 42
21 57 50 16 62 1
21 37 35 38 4 32
21 29 25 38 8 62
21 57 8 32 37 19
21 22 10 49 27 16
21 8 38 43 11 43
21 6 51 53 10 39
21 44 60 12 33 42
21 31 17 44 41 55
21 12 44 62 44 52
21 23 27 14 58 57
21 50 17 2 14 52
21 33 0 2 10 43
21 33 57 34 4 1
21 34 47 51 26 16
21 56 0 55 11 8
21 4 25 17 45 15
21 0 39 10 0 15
21 42 29 63 55 19
22 35 48 31 29 28
22 59 12 61 33 19
22 60 14 52 9 23
22 29 56 5 27 6
22 27 17 56 5 59
22 30 20 62 3 1
22 58 27 8 33 57
22 54 12 46 5 19
22 51 35 23 27 55
22 0 21 28 40 45
22 19 46 45 14 53
22 61 37 32 7 44
22 55 21 63 11 1
22 47 40 21 9 21
22 46 11 6 59 51
22 4 1 43 60 20
22 54 26 43 16 5
22 44 28 56 34 17
22 48 14 3 11 34
22 42 17 24 43 12
22 16 27 42 59 49
22 57 59 51 62 31
22 4 18 12 28 62
22 47 51 11 23 21
22 53 19 60 45 7
22 52 34 35 58 41
22 12 5 28 13 24
22 33 15 10 59 29
22 34 48 31 45 20
22 21 20 30 25 53
22 5 49 34 39 50
22 0 6 55 43 52
22 26 34 20 62 47
22 12 45 0 54 11
22 61 0 51 61 11
22 60 47 45 49 46
22 9 8 45 19 22
22 11 46 40 31 33
22 0 55 61 22 8
22 59 50 9 54 10
22 16 18 62 2 30
22 6 43 25 12 42
22 37 32 2 29 27
22 35 12 32 0 20
22 50 40 27 21 22
22 56 54 18 54 33
22 61 47 11 24 16
22 56 47 54 33 54
22 3 42 24 7 31
22 55 21 43 18 10
22 49 25 41 16 35
22 4 57 48 48 32
22 23 6 3 3 9
22 22 32 43 17 3
22 29 46 63 61 53
22 41 4 56 8 50
22 2 43 61 39 33
22 21 26 46 20 14
22 35 42 22 6 13
22 41 32 52 34 45
22 23 17 58 11 3
22 53 26 42 4 21
22 57 20 57 61 25
22 11 44 20 54 56
23 29 18 49 45 27
23 21 14 37 22 60
23 24 43 25 52 42
23 11 40 27 52 16
23 42 43 43 56 35
23 42 15 15 20 2
23 15 5 42 58 53
23 63 35 46 12 15
23 28 22 47 1 17
23 9 58 40 50 60
23 63 16 17 40 27
23 2 52 58 62 39
23 41 17 46 33 6
23 43 45 42 33 8
23 10 43 14 28 2
23 3 29 31 58 10
23 36 26 50 4 34
23 1 43 28 10 2
23 0 36 5 29 14
23 20 44 36 43 8
23 58 23 8 27 13
23 12 42 36 57 27
23 37 6 51 11 36
23 48 56 60 62 39
23 41 53 21 12 44
23 61 52 19 5 23
23 13 43 32 59 1
23 37 8 40 7 25
23 57 27 32 28 21
23 45 61 24 32 13
23 62 58 62 5 60
23 7 18 39 48 44
23 9 36 49 9 7
23 4 26 23 16 6
23 9 9 41 1 1
23 23 3 60 63 52
23 30 23 46 27 40
23 38 18 62 16 33
23 5 29 26 51 3
23 51 45 44 63 20
23 13 24 27 53 49
23 59 58 14 63 30
23 12 31 2 63 39
23 24 22 36 59 22
23 8 33 25 47 51
23 24 4 46 1 5
23 41 22 4 59 16
23 38 63 58 45 58
23 43 51 53 6 21
23 60 25 14 29 13
23 8 0 14 3 56
23 38 26 51 30 59
23 50 16 7 48 38
23 50 54 31 6 40
23 18 26 53 61 20
23 11 56 41 44 61
23 5 17 41 17 4
23 13 21 62 14 63
23 28 12 24 47 13
23 52 19 38 60 32
23 49 38 59 6 32
23 50 31 4 6 59
23 21 41 3 5 32
23 63 46 56 57 15
24 24 10 15 15 63
24 58 1 34 0 26
24 53 35 51 52 29
24 32 25 14 6 40
24 22 54 13 17 6
24 0 57 49 19 36
24 62 11 56 37 41
24 16 42 40 42 14
24 13 63 18 24 14
24 3 9 57 1 58
24 30 19 20 34 48
24 20 5 57 13 5
24 6 3 26 18 34
24 10 13 28 15 5
24 31 35 13 43 13
24 10 35 7 35 46
24 43 44 63 36 14
24 44 49 45 52 38
24 23 46 24 40 23
24 12 16 28 48 26
24 43 23 11 24 0
24 62 13 59 28 47
24 12 7 57 47 48
24 10 51 6 10 63
24 21 12 52 33 42
24 28 54 10 6 3
24 18 60 3 9 57
24 36 48 58 14 11
24 8 28 36 2 20
24 59 47 10 52 32
24 6 36 21 54 6
24 34 6 10 1 49
24 36 50 29 50 11
24 1 15 40 26 61
24 60 28 19 55 28
24 3 61 4 62 12
24 6 8 16 2 33
24 0 55 32 12 30
24 37 12 39 54 30
24 7 23 2 6 49
24 12 2 50 7 4
24 11 3 13 12 13
24 25 38 6 0 50
24 59 34 13 11 30
24 24 38 39 9 24
24 28 17 6 0 43
24 55 52 8 58 18
24 4 15 41 1 49
24 55 6 43 16 9
24 15 50 50 7 16
24 25 25 32 22 15
24 40 10 18 53 44
24 37 48 18 31 51
24 36 51 58 54 20
24 32 7 45 63 24
24 54 25 30 3 45
24 5 57 6 58 8
24 31 51 27 33 14
24 2 9 23 2 8
24 56 15 1 27 42
24 7 20 36 49 54
24 21 17 29 17 34
24 14 37 60 50 26
24 30 21 60 31 40
25 43 60 17 9 44
25 20 27 1 48 61
25 51 33 7 24 13
25 40 45 61 36 60
25 45 30 45 55 55
25 7 22 15 7 30
25 56 5 47 22 61
25 3 62 28 9 25
25 28 24 39 40 30
25 8 54 52 13 57
25 5 44 52 38 57
25 55 60 12 23 18
25 63 20 28 51 60
25 25 35 63 63 32
25 60 28 8 48 51
25 54 32 34 49 32
25 37 41 18 11 5
25 28 2 37 21 13
25 53 48 23 12 17
25 58 60 25 0 20
25 22 59 2 30 27
25 4 9 18 53 33
25 42 57 32 62 52
25 12 17 21 49 31
25 57 5 41 58 38
25 1 33 5 18 21
25 28 50 60 34 59
25 39 35 8 46 43
25 27 29 26 34 4
25 35 3 26 21 13
25 34 12 5 8 3
25 38 50 36 12 56
25 22 62 54 15 31
25 23 16 57 44 15
25 12 26 26 57 20
25 35 50 46 43 32
25 36 63 0 36 13
25 13 41 63 57 6
25 12 23 9 52 21
25 53 11 38 47 1
25 45 17 12 21 21
25 15 6 17 53 52
25 8 53 33 62 30
25 52 13 0 25 42
25 54 1 36 1 10
25 23 57 38 7 26
25 4 40 58 2 21
25 51 24 54 48 5
25 26 43 2 55 27
25 2 24 0 58 33
25 39 7 55 3 5
25 37 15 33 61 21
25 33 17 16 23 35
25 30 36 35 31 47
25 4 39 36 29 6
25 18 62 1 2 42
25 57 18 33 33 23
25 32 51 43 11 43
25 51 19 26 29 53
25 19 43 46 26 15
25 54 34 29 47 21
25 63 24 34 7 52
25 20 17 22 47 48
25 57 37 9 3 34
26 47 28 19 46 16
26 2 58 36 4 11
26 40 23 37 30 38
26 6 32 2 63 10
26 45 39 58 60 7
26 27 45 6 36 44
26 10 25 61 4 34
26 21 15 18 7 41
26 36 42 49 30 11
26 1 12 47 36 10
26 5 38 58 38 59
26 13 45 53 12 18
26 2 29 1 9 26
26 60 29 19 51 12
26 22 39 54 12 41
26 36 56 35 34 50
26 57 23 5 11 38
26 51 10 46 1 49
26 39 9 37 52 27
26 46 2 12 11 14
26 21 37 30 26 17
26 14 54 59 38 54
26 28 4 25 3 54
26 32 52 24 47 46
26 20 36 30 36 17
26 42 51 18 53 63
26 36 19 4 49 7
26 21 42 14 0 45
26 24 38 44 12 25
26 9 28 60 41 40
26 10 19 48 14 59
26 42 40 19 4 28
26 49 42 19 12 5
26 21 41 55 58 20
26 63 19 5 63 52
26 17 13 62 3 43
26 42 18 54 42 58
26 43 47 46 53 19
26 10 60 5 4 18
26 40 11 1 50 50
26 3 43 49 1 53
26 42 40 63 44 31
26 40 63 51 57 26
26 53 58 47 25 14
26 40 35 35 10 4
26 52 39 6 16 13
26 60 22 8 9 26
26 45 46 35 16 25
26 21 12 46 59 37
26 10 15 14 58 10
26 15 35 8 31 59
26 5 9 56 54 32
26 52 44 36 38 39
26 24 26 56 48 21
26 5 23 29 54 31
26 14 8 19 21 41
26 15 8 29 25 46
26 51 49 45 10 15
26 1 59 41 28 10
26 36 9 33 14 38
26 21 61 26 48 0
26 59 47 15 38 23
26 53 58 9 33 7
26 61 29 35 53 35
27 7 36 47 47 47
27 57 44 26 44 51
27 26 37 16 32 57
27 52 27 27 47 36
27 18 20 63 35 19
27 61 54 39 5 63
27 0 52 58 34 3
27 47 2 18 6 15
27 35 55 0 57 53
27 11 21 30 62 55
27 52 55 63 48 44
27 12 14 56 47 35
27 63 44 27 26 17
27 16 61 58 22 43
27 42 35 38 16 1
27 36 9 9 1 1
27 32 41 1 58 26
27 63 4 62 31 40
27 37 7 44 9 17
27 25 10 63 58 26
27 7 8 52 22 31
27 61 53 60 23 9
27 54 48 33 43 39
27 49 24 27 60 13
27 60 30 42 53 62
27 3 0 41 45 3
27 33 51 22 23 34
27 19 11 5 50 51
27 29 34 29 0 34
27 37 35 20 48 50
27 63 50 58 54 32
27 1 11 50 41 24
27 29 55 6 30 53
27 44 14 36 53 4
27 52 46 63 55 11
27 1 63 32 31 23
27 40 56 24 33 22
27 3 40 9 54 6
27 57 29 9 56 16
27 30 4 55 46 20
27 1 20 57 21 41
27 32 38 60 1 24
27 29 21 32 9 55
27 1 44 31 45 41
27 10 34 48 5 25
27 33 24 18 48 45
27 9 45 60 46 17
27 36 49 22 59 28
27 0 1 47 35 36
27 36 52 4 0 63
27 58 16 50 41 23
27 54 50 21 44 24
27 61 16 50 3 20
27 20 59 59 23 19
27 13 55 31 29 12
27 26 13 26 56 3
27 47 41 15 15 36
27 40 2 48 42 19
27 26 1 57 15 44
27 39 42 26 59 30
27 38 47 21 27 57
27 19 34 62 61 53
27 43 23 46 38 62
27 46 1 34 48 1
28 9 0 59 12 56
28 9 26 18 16 4
28 17 39 26 27 41
28 39 42 10 61 30
28 52 52 58 7 53
28 5 36 10 10 35
28 25 6 22 26 59
28 26 38 27 24 23
28 27 9 9 35 63
28 49 61 1 54 61
28 40 19 26 29 44
28 18 23 47 6 28
28 60 0 23 11 15
28 59 60 0 48 21
28 54 40 56 2 4
28 31 31 39 8 23
28 15 54 12 14 15
28 35 26 22 3 19
28 35 26 12 3 9
28 13 10 58 51 3
28 46 23 34 31 31
28 60 23 45 26 14
28 10 29 2 38 6
28 53 45 39 52 15
28 5 31 13 56 27
28 0 57 55 19 32
28 12 41 0 10 53
28 22 2 32 53 0
28 37 41 30 45 25
28 6 0 63 4 39
28 11 44 52 43 47
28 49 21 27 51 40
28 13 22 62 41 45
28 22 7 38 6 17
28 57 10 58 52 62
28 14 62 36 29 11
28 22 19 38 37 42
28 53 13 16 25 27
28 14 23 36 56 8
28 28 56 52 32 38
28 3 17 26 2 43
28 10 23 18 27 25
28 0 2 63 1 40
28 17 24 14 59 7
28 26 57 58 31 47
28 6 35 0 51 57
28 35 37 30 29 21
28 35 36 31 48 44
28 10 31 47 25 24
28 52 39 16 7 18
28 2 12 13 5 4
28 17 29 32 11 16
28 52 63 56 51 61
28 43 39 2 10 51
28 56 62 30 5 11
28 13 44 17 45 14
28 21 1 20 4 12
28 23 57 9 60 13
28 33 23 36 35 34
28 34 9 8 3 28
28 46 13 21 60 10
28 24 30 59 4 1
28 63 54 16 62 22
28 28 43 4 50 8
29 7 52 24 28 46
29 59 44 53 12 18
29 26 49 61 39 63
29 16 27 12 61 16
29 41 62 31 22 8
29 14 12 42 29 53
29 44 48 1 10 32
29 32 62 30 16 9
29 52 52 19 24 54
29 5 55 41 9 20
29 30 46 61 57 52
29 51 14 9 35 43
29 51 52 29 22 10
29 10 47 30 56 37
29 7 46 16 51 1
29 38 20 56 25 35
29 60 3 32 49 32
29 58 14 27 45 16
29 13 49 19 40 6
29 38 62 59 50 60
29 29 17 18 3 8
29 13 22 26 32 51
29 25 5 58 14 25
29 32 14 15 52 43
29 2 11 17 11 24
29 54 5 3 5 7
29 26 9 35 7 0
29 58 6 55 20 28
29 28 14 50 54 53
29 16 40 15 37 40
29 14 11 61 7 59
29 20 52 39 34 28
29 27 39 48 61 57
29 42 43 20 11 5
29 53 35 51 44 39
29 57 57 26 22 37
29 36 47 6 13 61
29 44 61 24 60 4
29 17 14 40 36 28
29 23 42 41 17 2
29 58 39 9 59 16
29 62 60 10 60 24
29 41 16 5 17 48
29 52 38 2 51 20
29 50 33 48 20 32
29 22 36 50 10 35
29 48 42 52 4 18
29 58 34 5 63 31
29 21 23 49 9 58
29 34 47 13 28 29
29 56 33 30 34 8
29 27 20 32 14 19
29 35 48 33 18 36
29 11 46 50 39 40
29 21 38 33 3 0
29 40 10 0 24 22
29 35 53 0 43 51
29 17 59 57 9 38
29 15 15 50 12 23
29 15 28 26 20 52
29 20 29 36 54 6
29 61 42 15 1 42
29 17 46 0 48 14
29 18 15 5 33 2
30 1 53 8 8 12
30 0 30 8 45 23
30 3 45 28 42 31
30 15 60 5 5 35
30 31 59 26 2 55
30 57 2 2 44 11
30 26 37 60 1 56
30 60 59 24 42 29
30 5 13 46 6 50
30 21 63 18 63 59
30 53 38 36 48 4
30 39 39 50 10 54
30 55 50 15 21 32
30 32 36 8 9 37
30 43 24 59 35 10
30 51 31 15 52 16
30 0 49 1 38 17
30 29 1 51 27 14
30 49 37 0 46 50
30 48 39 36 15 2
30 63 12 17 3 3
30 9 39 38 61 35
30 10 32 23 14 31
30 50 0 11 26 13
30 23 60 12 40 9
30 32 13 50 45 16
30 52 11 55 23 58
30 25 29 10 62 39
30 47 27 30 55 35
30 15 3 0 50 39
30 47 21 47 8 24
30 0 11 9 53 28
30 41 13 57 52 4
30 44 51 22 47 42
30 27 8 10 44 35
30 48 47 52 57 5
30 5 42 36 59 47
30 33 60 30 7 12
30 6 21 17 7 40
30 6 49 40 7 62
30 2 21 47 4 1
30 24 43 49 23 51
30 42 57 39 35 33
30 60 26 29 2 45
30 21 61 55 41 48
30 23 27 23 18 56
30 60 47 8 23 32
30 40 60 18 22 44
30 62 8 12 56 6
30 29 16 21 58 40
30 43 10 16 36 4
30 43 28 18 7 17
30 9 38 10 27 10
30 43 21 60 25 11
30 2 49 7 24 31
30 41 13 9 24 31
30 56 35 31 29 54
30 11 38 44 6 30
30 32 49 52 51 45
30 9 29 36 19 53
30 26 48 25 42 47
30 2 17 15 38 25
30 31 53 60 10 21
30 0 49 50 20 41
31 4 35 61 25 17
31 61 16 19 31 32
31 18 24 41 24 48
31 49 9 55 21 3
31 3 5 34 2 11
31 8 3 50 59 35
31 56 3 58 10 39
31 50 41 25 27 42
31 12 33 26 50 21
31 18 32 7 22 9
31 14 56 21 55 27
31 44 36 17 31 28
31 3 51 21 60 15
31 55 43 17 33 2
31 51 39 17 43 15
31 11 39 6 26 7
31 58 43 6 22 30
31 35 1 31 58 24
31 10 22 63 44 26
31 60 7 55 23 25
31 54 12 63 60 21
31 26 49 6 43 7
31 29 8 10 3 4
31 57 36 59 36 6
31 34 9 50 15 7
31 13 14 63 43 22
31 8 59 48 4 37
31 45 20 40 16 8
31 39 41 16 53 32
31 40 14 53 1 37
31 48 33 12 20 30
31 46 28 6 12 1
31 55 56 35 59 59
31 54 55 28 35 50
31 41 43 17 46 19
31 35 19 33 45 57
31 50 29 37 13 53
31 44 2 7 26 4
31 25 45 61 38 1
31 63 46 1 47 45
31 34 57 38 52 16
31 16 35 41 51 36
31 49 2 45 8 62
31 3 61 59 53 16
31 61 24 3 37 57
31 4 9 41 12 10
31 15 37 29 61 46
31 35 52 49 57 59
31 18 4 49 2 11
31 38 8 33 38 41
31 45 59 6 42 22
31 62 55 30 13 3
31 10 22 40 57 40
31 14 25 56 51 49
31 21 17 10 9 62
31 58 61 31 18 21
31 56 49 59 19 50
31 27 8 16 30 55
31 60 59 37 50 27
31 26 26 31 4 47
31 3 17 55 2 43
31 4 0 23 31 55
31 4 59 25 37 15
31 2 3 30 14 47
32 30 26 40 6 3
32 2 39 19 6 24
32 20 42 32 0 43
32 19 55 49 18 59
32 17 17 61 53 55
32 12 62 3 61 54
32 25 57 58 55 58
32 36 51 34 43 23
32 26 3 2 54 58
32 44 23 28 32 51
32 13 46 5 55 6
32 49 46 43 60 4
32 52 39 16 2 53
32 8 10 11 62 3
32 49 33 20 0 29
32 55 16 61 56 12
32 62 60 9 40 35
32 36 24 20 58 41
32 44 33 21 41 20
32 7 56 48 27 57
32 21 53 49 45 28
32 50 52 29 9 24
32 35 33 11 12 56
32 41 51 40 2 25
32 49 31 48 37 0
32 37 27 61 18 53
32 47 31 22 36 58
32 29 0 63 37 40
32 54 23 2 56 57
32 33 34 41 34 41
32 23 28 56 55 61
32 40 59 54 27 56
32 14 4 17 59 13
32 27 34 38 62 13
32 42 57 19 8 45
32 50 28 56 21 3
32 24 34 45 7 43
32 26 5 56 2 15
32 51 37 16 37 1
32 19 7 47 31 43
32 4 0 46 28 47
32 33 58 58 61 11
32 53 54 35 29 60
32 35 12 26 31 19
32 61 22 37 22 18
32 10 42 3 45 5
32 17 6 12 57 8
32 51 25 7 2 7
32 12 49 48 43 61
32 17 16 35 24 51
32 40 53 24 29 59
32 19 14 57 34 42
32 1 60 30 54 13
32 46 0 51 61 34
32 7 41 44 23 61
32 50 22 42 45 17
32 7 35 30 53 18
32 49 23 19 59 45
32 61 40 44 46 20
32 23 14 1 9 60
32 21 50 56 6 55
32 18 38 14 44 13
32 10 27 29 41 48
32 23 32 13 39 62
33 38 50 57 38 61
33 27 23 29 63 49
33 46 63 11 29 31
33 61 37 57 6 8
33 31 47 28 32 36
33 23 38 54 60 37
33 25 56 1 23 38
33 46 46 45 13 52
33 20 19 59 40 2
33 24 20 30 13 38
33 34 38 63 25 42
33 6 12 51 40 57
33 41 0 7 10 60
33 4 5 37 5 36
33 7 4 49 59 56
33 12 45 2 43 16
33 51 6 63 61 62
33 3 33 57 21 49
33 5 37 56 60 17
33 46 14 36 2 6
33 35 60 34 3 51
33 13 34 0 20 6
33 11 46 58 48 7
33 20 11 13 28 10
33 62 25 49 53 22
33 13 55 36 35 46
33 0 31 18 47 10
33 11 0 8 33 59
33 31 58 6 20 14
33 62 33 52 51 44
33 59 24 59 46 28
33 35 2 34 17 32
33 55 15 58 7 22
33 0 5 12 26 11
33 45 44 42 11 8
33 20 22 46 52 38
33 27 5 12 63 48
33 19 24 5 21 26
33 48 12 25 56 30
33 49 62 62 43 42
33 52 27 20 41 9
33 55 11 1 62 41
33 11 36 53 50 13
33 8 36 24 18 7
33 4 29 2 17 37
33 30 45 32 43 52
33 8 14 22 62 45
33 5 14 46 31 9
33 57 32 12 47 60
33 3 45 42 53 58
33 31 45 12 17 25
33 21 43 16 58 59
33 25 50 36 54 39
33 62 16 53 25 60
33 12 21 56 0 31
33 48 62 2 20 7
33 27 59 32 61 38
33 41 38 48 56 36
33 28 26 8 9 35
33 44 37 35 46 43
33 27 22 22 47 63
33 47 34 59 18 44
33 28 3 21 44 21
33 34 12 34 46 1
34 9 9 31 5 44
34 6 31 57 15 22
34 24 58 9 20 55
34 46 47 37 31 1
34 43 35 32 46 56
34 20 12 61 29 29
34 18 38 43 57 30
34 8 25 33 32 12
34 6 14 51 15 0
34 45 11 15 20 30
34 25 59 17 48 3
34 17 52 17 9 26
34 26 33 30 38 39
34 61 61 41 35 57
34 62 7 50 47 38
34 49 33 13 1 20
34 1 10 5 6 36
34 36 46 59 22 15
34 32 47 5 63 6
34 29 3 6 49 0
34 35 40 31 46 54
34 56 14 23 23 54
34 42 33 47 39 37
34 46 41 39 47 19
34 41 5 10 6 22
34 11 9 37 14 7
34 13 5 13 22 29
34 45 1 38 0 30
34 59 30 14 50 58
34 61 31 25 53 19
34 39 29 58 10 25
34 2 23 47 44 50
34 32 62 24 48 15
34 33 40 23 61 50
34 56 30 12 1 59
34 42 60 13 8 19
34 20 1 48 52 18
34 35 21 3 56 21
34 23 24 40 33 49
34 11 8 55 18 0
34 7 47 60 42 34
34 35 35 37 25 47
34 58 27 43 27 23
34 41 3 51 27 12
34 40 52 35 16 12
34 37 56 35 46 33
34 1 15 15 55 56
34 1 53 37 15 7
34 5 0 3 29 34
34 20 0 20 25 29
34 14 53 30 2 46
34 58 57 56 43 39
34 57 27 48 24 56
34 46 27 61 23 48
34 63 44 33 53 21
34 59 31 26 51 45
34 18 6 51 35 55
34 8 5 47 37 23
34 2 56 18 56 43
34 63 2 63 43 43
34 51 6 35 55 44
34 50 31 55 48 53
34 28 52 12 46 4
34 11 34 1 60 44
35 54 54 0 38 17
35 21 45 7 34 6
35 23 38 16 62 60
35 50 10 31 36 45
35 8 40 23 21 58
35 16 36 41 50 1
35 32 26 3 49 3
35 31 51 49 58 21
35 35 54 36 4 21
35 31 10 27 12 45
35 43 25 11 9 45
35 36 2 48 15 20
35 17 55 36 16 2
35 36 63 32 23 7
35 17 50 45 61 43
35 17 15 5 46 51
35 55 28 0 31 40
35 30 35 28 17 2
35 26 61 24 32 51
35 8 26 36 24 43
35 28 7 53 61 9
35 32 43 54 58 59
35 53 28 60 49 33
35 29 0 24 28 44
35 45 19 61 29 49
35 41 13 9 52 26
35 26 20 56 43 57
35 43 63 57 13 47
35 32 57 10 26 16
35 32 39 15 35 31
35 3 29 7 51 27
35 34 62 47 42 48
35 6 11 60 40 39
35 36 54 27 9 35
35 27 5 2 10 10
35 13 36 0 36 2
35 50 22 0 45 48
35 52 0 60 35 39
35 50 6 7 2 54
35 11 23 4 8 0
35 35 11 34 38 23
35 43 56 39 18 11
35 34 12 17 30 33
35 7 59 63 22 50
35 27 42 21 39 10
35 3 34 59 46 50
35 42 7 39 47 18
35 9 40 59 13 31
35 40 51 48 20 27
35 23 58 60 8 58
35 34 63 41 63 13
35 56 40 14 13 29
35 22 10 20 24 42
35 17 38 7 48 35
35 38 4 16 30 17
35 4 13 11 35 46
35 51 3 50 59 4
35 32 36 0 54 55
35 47 39 9 11 32
35 18 31 57 24 43
35 2 4 13 58 46
35 16 22 29 15 32
35 50 8 43 13 7
35 42 10 5 3 59
36 39 43 26 37 31
36 29 29 20 30 2
36 23 44 6 37 29
36 25 12 50 10 9
36 23 41 22 34 22
36 37 20 46 33 4
36 6 46 47 22 46
36 49 11 57 3 48
36 4 38 21 8 2
36 21 27 42 33 31
36 60 11 29 57 62
36 18 17 49 6 6
36 31 39 30 57 40
36 21 43 7 0 10
36 23 10 18 62 52
36 36 2 47 12 35
36 17 61 20 40 28
36 33 27 23 41 20
36 27 46 29 28 49
36 27 41 40 38 23
36 61 39 23 46 21
36 16 6 2 36 60
36 49 62 42 9 19
36 22 8 60 46 56
36 2 44 61 32 33
36 47 36 61 60 21
36 41 35 7 6 34
36 52 17 7 37 0
36 14 17 11 1 40
36 47 20 52 8 22
36 62 4 43 35 43
36 26 25 45 25 45
36 8 25 0 3 38
36 22 41 14 20 61
36 7 54 5 33 37
36 24 11 9 63 40
36 19 48 58 21 46
36 62 22 33 21 18
36 52 46 53 55 59
36 58 44 49 1 45
36 60 32 10 27 60
36 43 50 1 30 42
36 3 63 31 4 31
36 1 13 45 23 11
36 24 40 44 14 33
36 39 30 41 59 35
36 6 32 41 37 10
36 4 18 46 10 62
36 8 25 44 28 10
36 53 1 50 49 38
36 19 16 18 57 12
36 29 52 42 27 50
36 52 57 45 7 18
36 34 47 14 59 8
36 63 46 40 22 24
36 47 19 37 32 1
36 7 39 7 1 49
36 20 30 47 31 48
36 54 19 14 47 56
36 61 21 37 6 30
36 51 7 24 3 33
36 12 6 34 9 15
36 2 7 16 24 28
36 54 47 37 28 13
37 39 54 45 0 60
37 42 5 12 25 33
37 24 28 33 17 34
37 4 2 29 52 0
37 47 48 60 4 44
37 38 25 50 42 50
37 14 0 20 49 25
37 52 5 58 30 40
37 29 12 8 8 61
37 63 42 5 7 35
37 16 9 50 42 7
37 62 28 2 43 58
37 25 48 11 41 18
37 16 2 36 1 4
37 26 16 20 5 11
37 56 37 55 17 31
37 5 20 19 52 38
37 57 19 10 10 50
37 16 35 25 8 18
37 60 57 19 6 8
37 46 17 17 32 34
37 18 63 50 24 32
37 44 26 14 8 62
37 16 44 15 17 50
37 37 11 36 19 28
37 22 6 30 25 57
37 33 2 22 38 52
37 37 15 12 38 31
37 43 53 28 41 53
37 49 43 61 53 56
37 5 3 10 57 62
37 60 7 35 36 5
37 53 31 17 60 27
37 29 2 27 3 47
37 37 16 42 52 45
37 24 49 38 34 24
37 7 44 41 37 0
37 58 30 34 3 6
37 31 51 16 53 10
37 1 14 57 19 22
37 32 37 49 17 15
37 4 11 17 15 34
37 31 34 8 49 41
37 53 33 33 22 55
37 22 29 20 20 13
37 38 22 50 15 25
37 21 59 28 49 15
37 63 38 23 23 57
37 2 30 62 61 54
37 25 60 5 1 4
37 0 8 10 3 62
37 40 37 28 21 5
37 14 8 40 3 62
37 27 59 46 36 2
37 46 20 50 8 61
37 23 13 36 34 55
37 43 32 62 16 15
37 63 36 63 54 63
37 29 3 16 0 30
37 10 2 54 14 31
37 18 33 2 59 36
37 42 39 63 49 22
37 25 62 17 54 51
37 57 36 8 21 18
38 37 9 58 11 6
38 55 35 31 0 17
38 47 8 53 13 62
38 19 7 29 31 14
38 16 11 19 8 19
38 19 20 22 14 13
38 37 8 53 27 13
38 63 8 16 41 52
38 45 24 23 29 12
38 59 8 42 39 13
38 50 46 57 4 41
38 5 7 38 52 0
38 43 21 33 20 19
38 13 16 18 48 0
38 22 59 42 57 42
38 37 6 52 8 10
38 30 16 31 59 17
38 42 33 40 11 12
38 21 19 29 55 39
38 33 36 62 39 44
38 44 3 36 41 7
38 47 3 0 62 47
38 15 37 62 17 39
38 47 2 18 39 16
38 19 32 53 8 10
38 57 11 17 40 17
38 60 51 20 48 59
38 28 62 34 13 44
38 37 44 46 24 3
38 29 22 3 46 24
38 55 53 22 42 5
38 0 5 54 28 49
38 46 30 58 25 23
38 43 47 44 47 34
38 24 15 51 61 36
38 31 9 44 18 24
38 58 12 8 29 56
38 48 61 44 19 60
38 12 40 58 45 27
38 0 53 52 18 49
38 29 7 8 16 51
38 23 23 28 45 23
38 33 57 57 31 16
38 35 18 22 49 24
38 56 2 20 29 21
38 6 37 46 36 47
38 38 47 26 0 3
38 15 61 51 14 7
38 46 21 22 17 62
38 20 6 15 33 48
38 53 3 60 7 42
38 35 22 0 49 55
38 17 6 19 2 13
38 26 41 7 57 61
38 7 0 13 9 32
38 31 52 53 39 7
38 16 15 38 12 59
38 29 11 27 12 58
38 42 51 52 40 40
38 14 28 29 14 21
38 17 63 4 34 3
38 38 9 53 53 0
38 31 28 10 47 28
38 41 12 32 35 26
39 51 29 45 27 60
39 52 31 59 55 38
39 20 10 41 37 49
39 48 41 50 49 60
39 18 60 62 7 8
39 36 58 53 0 30
39 17 38 20 5 0
39 16 47 27 40 51
39 17 32 30 36 25
39 32 19 42 9 24
39 33 53 1 31 24
39 19 48 17 58 25
39 3 18 26 17 23
39 38 0 23 4 37
39 11 63 2 22 28
39 44 5 12 46 27
39 21 23 45 30 26
39 20 20 25 63 4
39 59 57 50 0 38
39 33 31 47 38 6
39 7 59 14 16 17
39 44 39 31 1 38
39 21 41 57 0 25
39 38 8 25 24 23
39 63 38 14 24 58
39 38 10 17 40 39
39 46 49 11 33 48
39 26 53 3 31 10
39 35 4 13 11 40
39 19 39 11 55 18
39 42 43 32 34 36
39 15 3 49 52 30
39 63 26 12 11 3
39 9 23 8 51 2
39 22 52 41 35 15
39 1 21 10 27 38
39 27 62 46 46 3
39 8 8 48 36 49
39 2 52 58 12 32
39 31 44 8 6 17
39 10 19 7 60 36
39 44 22 55 5 51
39 23 25 32 51 28
39 21 6 23 1 1
39 56 1 21 4 51
39 8 62 26 41 46
39 23 16 19 56 7
39 34 30 58 60 50
39 9 58 32 37 17
39 9 1 19 61 0
39 40 45 3 62 31
39 32 16 33 36 52
39 46 56 21 57 48
39 54 15 44 54 38
39 3 4 21 21 52
39 4 37 22 0 5
39 30 7 55 30 26
39 10 60 49 27 45
39 2 56 52 39 56
39 3 33 31 11 55
39 54 58 53 18 39
39 62 8 10 44 48
39 2 15 22 12 29
39 45 16 40 62 59
40 46 7 3 53 36
40 25 36 34 59 4
40 32 62 18 60 10
40 38 39 27 29 63
40 41 16 53 30 1
40 53 42 59 0 35
40 44 54 23 21 33
40 38 26 23 15 37
40 14 7 14 20 27
40 25 29 32 43 31
40 20 32 58 28 31
40 14 21 8 60 14
40 45 19 35 62 16
40 57 53 31 42 2
40 47 2 47 54 23
40 25 46 24 33 39
40 14 23 49 6 37
40 46 3 40 26 14
40 43 53 60 18 44
40 14 22 54 26 29
40 40 37 8 15 55
40 21 27 31 25 13
40 14 37 58 1 48
40 36 45 46 51 48
40 15 22 23 37 23
40 59 29 4 27 41
40 9 38 10 17 45
40 50 8 21 12 20
40 46 36 56 20 0
40 6 11 28 13 44
40 44 7 50 53 27
40 28 35 63 35 27
40 33 52 3 56 58
40 33 52 23 19 52
40 8 25 23 10 57
40 7 3 4 36 61
40 1 32 33 4 59
40 10 44 25 7 8
40 46 56 45 2 6
40 57 3 22 56 34
40 32 20 59 20 8
40 41 36 7 34 40
40 51 61 39 41 34
40 23 7 29 23 49
40 37 38 7 47 47
40 28 8 35 14 53
40 48 50 36 13 16
40 1 48 31 18 28
40 12 63 21 56 15
40 62 15 20 6 56
40 4 20 48 3 60
40 29 33 49 54 23
40 36 26 19 8 58
40 7 0 7 41 37
40 6 32 10 52 35
40 32 59 5 24 11
40 15 36 4 42 49
40 43 32 7 19 42
40 17 35 19 16 51
40 35 34 14 56 22
40 30 24 4 33 26
40 44 6 58 54 43
40 37 7 3 51 49
40 47 24 43 34 40
41 17 63 20 46 0
41 59 49 34 25 48
41 34 40 7 29 6
41 58 31 27 40 61
41 47 13 58 11 10
41 34 53 36 39 17
41 22 13 11 46 63
41 45 2 59 21 37
41 49 62 26 30 29
41 2 24 54 26 63
41 34 63 58 56 19
41 60 57 58 51 28
41 60 37 57 32 7
41 1 32 31 36 56
41 0 2 0 22 39
41 31 43 9 44 41
41 0 42 47 29 61
41 4 57 49 14 0
41 40 9 34 25 60
41 14 41 24 7 20
41 2 56 30 33 47
41 44 23 21 28 32
41 58 61 24 13 54
41 25 19 39 39 39
41 22 10 63 31 40
41 40 20 57 47 9
41 22 32 48 53 0
41 12 23 50 61 5
41 56 38 18 11 2
41 59 52 26 44 29
41 22 62 5 45 39
41 8 46 50 53 51
41 52 21 4 37 17
41 8 6 42 12 48
41 45 43 19 7 49
41 15 36 57 12 25
41 31 39 41 16 54
41 38 34 46 13 29
41 26 7 28 46 13
41 23 26 35 47 60
41 57 60 53 34 28
41 1 22 43 0 5
41 27 44 43 29 44
41 43 29 46 4 3
41 0 14 41 42 13
41 63 50 54 28 29
41 32 31 44 31 49
41 39 22 7 53 60
41 43 13 51 28 58
41 29 34 23 23 39
41 9 5 27 20 10
41 32 17 43 34 55
41 39 41 18 56 63
41 38 48 34 0 18
41 25 7 4 24 45
41 61 33 29 62 52
41 63 11 57 34 54
41 17 20 17 11 36
41 52 31 39 39 47
41 22 59 13 25 53
41 44 20 13 14 8
41 22 44 1 18 32
41 31 17 61 24 48
41 52 39 27 46 35
42 24 21 43 38 23
42 25 56 52 57 41
42 51 48 40 2 37
42 60 62 15 60 52
42 17 7 23 47 29
42 47 45 28 27 32
42 22 6 2 24 4
42 54 53 6 38 8
42 1 45 51 30 58
42 62 16 42 42 51
42 22 43 39 44 36
42 47 8 57 9 6
42 0 15 36 41 46
42 2 47 9 39 24
42 23 49 31 63 56
42 32 38 62 23 11
42 52 23 47 10 50
42 54 54 8 10 8
42 22 61 47 40 12
42 7 8 55 44 57
42 63 25 0 53 63
42 43 61 40 30 3
42 3 18 58 21 60
42 47 26 7 50 58
42 53 31 57 45 22
42 23 30 5 45 60
42 50 43 45 26 58
42 30 57 32 11 20
42 59 10 2 14 11
42 28 9 31 54 28
42 30 57 50 38 26
42 36 6 44 47 47
42 8 33 61 17 53
42 13 28 37 59 1
42 25 29 4 15 3
42 29 55 40 16 60
42 30 42 40 59 54
42 2 42 62 61 7
42 44 23 16 0 21
42 5 32 13 36 25
42 48 13 16 33 43
42 30 47 59 47 33
42 47 15 47 5 54
42 55 53 23 41 38
42 59 48 22 6 22
42 58 62 43 58 30
42 28 23 0 24 19
42 58 39 34 55 18
42 44 4 55 38 5
42 59 39 47 54 55
42 38 48 18 52 43
42 59 15 3 46 34
42 48 55 61 0 30
42 14 39 28 46 60
42 10 47 48 2 33
42 6 58 36 5 21
42 8 7 6 51 1
42 23 51 52 37 12
42 19 12 30 17 7
42 6 50 22 50 19
42 6 44 17 8 62
42 5 40 61 5 11
42 34 29 47 57 39
42 52 55 0 62 3
43 35 15 54 50 45
43 37 5 37 27 38
43 9 16 13 12 22
43 53 30 34 32 1
43 16 22 52 34 18
43 23 22 9 28 27
43 18 35 25 43 39
43 9 25 47 43 63
43 50 4 6 54 31
43 34 47 13 61 44
43 46 14 44 9 24
43 37 18 12 49 57
43 51 51 31 14 9
43 4 6 42 42 12
43 55 57 33 51 9
43 49 8 41 21 2
43 55 63 60 21 30
43 3 15 53 45 30
43 42 32 54 37 63
43 8 43 16 41 23
43 51 5 32 16 46
43 32 13 9 43 62
43 63 6 28 20 27
43 53 16 1 2 25
43 35 12 48 8 24
43 53 62 5 5 4
43 0 45 31 38 61
43 34 19 36 11 29
43 55 25 19 49 26
43 61 45 56 32 24
43 63 7 14 48 29
43 10 7 27 19 30
43 1 19 6 14 7
43 14 37 47 23 26
43 5 6 43 44 6
43 31 19 60 62 56
43 31 30 32 42 9
43 34 47 34 22 57
43 25 1 18 48 4
43 7 28 53 26 40
43 42 3 32 28 37
43 20 4 54 1 20
43 16 54 16 18 50
43 13 62 7 63 45
43 27 61 25 42 32
43 22 14 48 9 25
43 58 63 54 21 28
43 10 31 43 28 12
43 4 27 30 59 61
43 35 35 30 44 28
43 4 28 57 31 10
43 32 38 55 42 58
43 34 55 17 35 62
43 11 60 52 31 58
43 6 1 34 44 44
43 38 50 14 23 16
43 57 1 29 24 50
43 38 55 0 5 8
43 57 56 25 52 5
43 10 55 43 24 22
43 6 46 57 63 57
43 16 7 36 28 43
43 57 18 49 46 14
43 40 31 53 25 57
44 17 18 34 6 30
44 57 60 47 9 3
44 10 10 25 16 34
44 14 11 6 49 41
44 12 24 60 13 58
44 21 41 4 6 40
44 9 34 5 44 42
44 53 36 62 58 1
44 54 22 40 14 2
44 50 44 0 8 12
44 16 55 62 20 19
44 28 13 30 63 57
44 56 0 38 47 8
44 61 4 49 2 52
44 5 17 16 32 47
44 39 36 36 41 61
44 47 4 32 1 14
44 3 8 18 18 58
44 13 57 10 35 10
44 23 62 4 10 11
44 50 61 27 38 55
44 18 59 14 15 34
44 48 31 8 19 18
44 32 19 27 15 54
44 19 39 25 51 45
44 52 7 7 2 34
44 10 5 60 22 63
44 39 48 26 52 34
44 29 27 5 46 51
44 33 50 13 9 1
44 59 8 13 28 6
44 32 46 35 3 53
44 36 56 15 27 16
44 6 59 55 56 10
44 37 58 54 10 34
44 41 48 9 63 9
44 24 33 58 53 49
44 56 9 63 28 23
44 46 30 34 5 36
44 6 51 50 19 53
44 39 56 7 13 59
44 35 60 30 56 37
44 63 0 59 25 25
44 53 40 25 40 18
44 48 62 54 28 6
44 14 17 16 23 22
44 22 15 60 27 1
44 52 53 16 19 26
44 24 20 21 43 20
44 39 58 1 38 60
44 25 5 56 31 10
44 13 62 24 29 22
44 59 17 8 16 48
44 1 59 23 46 20
44 55 57 38 31 45
44 59 15 21 0 7
44 6 63 31 0 42
44 60 13 58 52 33
44 42 35 18 13 44
44 12 36 56 0 7
44 18 54 42 56 33
44 39 37 25 41 51
44 55 62 31 49 57
44 57 35 36 21 24
45 19 40 3 56 62
45 4 3 10 30 18
45 57 32 29 14 39
45 14 59 42 21 24
45 5 6 26 63 28
45 54 12 21 11 55
45 12 1 10 62 55
45 39 19 27 40 47
45 28 61 25 60 15
45 41 22 2 47 39
45 58 6 39 15 47
45 48 33 20 45 53
45 27 36 2 36 29
45 60 28 58 58 35
45 24 14 50 38 63
45 17 40 14 18 32
45 38 38 35 0 6
45 2 20 59 8 44
45 34 23 47 32 25
45 5 12 1 19 9
45 29 4 5 58 28
45 22 28 40 49 48
45 40 33 5 51 31
45 46 53 37 45 38
45 11 3 62 16 15
45 56 42 43 53 5
45 9 21 37 14 15
45 18 22 11 44 2
45 8 28 53 58 5
45 53 52 27 26 1
45 22 42 4 45 5
45 7 38 55 60 4
45 9 43 41 21 52
45 38 35 43 11 3
45 12 37 42 42 38
45 34 15 39 46 41
45 36 9 24 19 35
45 3 24 17 19 35
45 11 46 3 56 35
45 51 60 11 50 10
45 47 24 12 21 20
45 59 12 61 44 59
45 38 4 39 45 9
45 49 24 54 17 59
45 25 36 38 5 3
45 15 54 35 37 60
45 23 6 60 15 53
45 37 53 27 11 1
45 51 32 8 40 40
45 42 37 49 57 11
45 11 10 12 27 39
45 35 40 49 53 61
45 38 45 20 43 57
45 20 27 10 55 24
45 7 25 18 43 59
45 36 5 35 58 43
45 4 46 42 23 13
45 45 27 15 42 12
45 4 50 1 19 45
45 14 4 30 45 19
45 10 19 12 18 34
45 19 62 34 32 33
45 33 62 57 22 11
45 16 40 55 41 33
46 13 21 57 30 50
46 19 2 0 5 34
46 31 50 25 30 22
46 26 21 21 28 46
46 36 54 42 35 41
46 62 18 55 59 37
46 44 7 42 6 51
46 30 11 41 10 32
46 52 13 14 34 4
46 20 2 44 62 32
46 39 22 39 25 20
46 25 58 35 63 51
46 29 52 43 22 11
46 52 31 15 35 61
46 40 49 49 29 48
46 2 61 56 15 47
46 19 16 7 28 39
46 37 15 16 25 10
46 38 30 45 34 2
46 28 27 16 20 18
46 13 58 28 7 31
46 62 12 51 60 51
46 17 55 43 13 27
46 13 33 48 6 50
46 13 55 40 57 60
46 33 4 55 35 58
46 29 29 1 37 7
46 59 14 46 29 45
46 7 39 49 39 61
46 50 17 35 8 54
46 25 26 55 62 56
46 18 49 56 16 15
46 33 20 35 0 23
46 44 6 31 61 63
46 43 28 49 19 42
46 26 7 37 51 33
46 28 6 23 23 61
46 21 9 29 46 1
46 56 21 28 55 40
46 33 25 52 40 44
46 4 54 24 23 42
46 29 52 21 24 35
46 53 31 63 17 54
46 6 49 39 55 44
46 32 6 48 51 60
46 3 56 33 14 9
46 42 53 59 34 33
46 50 27 22 56 4
46 3 54 15 37 40
46 53 41 26 40 41
46 16 17 57 14 57
46 2 18 62 0 12
46 40 34 45 44 41
46 19 52 20 24 20
46 53 34 1 43 13
46 55 61 62 62 41
46 61 41 24 52 19
46 59 48 17 39 19
46 25 56 24 16 46
46 52 3 0 9 46
46 56 19 44 42 13
46 34 26 1 44 41
46 37 14 0 49 28
46 48 32 10 61 56
47 41 8 10 9 47
47 31 23 48 30 52
47 40 13 53 41 4
47 15 51 25 10 49
47 63 35 32 8 60
47 62 61 39 41 41
47 13 46 13 36 59
47 7 7 63 46 14
47 55 63 42 40 61
47 50 0 24 7 46
47 18 63 23 48 54
47 11 35 60 12 59
47 13 37 31 42 28
47 5 6 28 16 18
47 5 3 35 14 4
47 4 42 28 14 42
47 2 21 24 58 58
47 27 58 12 49 9
47 55 31 63 58 46
47 11 44 29 36 57
47 8 29 47 10 54
47 41 48 54 32 37
47 12 24 22 6 30
47 48 53 59 35 3
47 5 40 46 61 22
47 12 36 3 44 62
47 34 8 16 55 14
47 30 39 55 24 15
47 11 57 32 53 4
47 41 63 43 16 32
47 17 51 11 42 62
47 45 14 35 21 44
47 61 2 22 59 6
47 35 1 31 30 53
47 24 44 38 31 42
47 63 41 36 42 36
47 58 18 49 45 14
47 32 34 40 33 54
47 29 12 51 38 16
47 19 57 15 40 24
47 30 33 44 14 1
47 3 57 16 10 10
47 21 61 46 11 60
47 5 34 62 52 35
47 36 41 41 46 35
47 36 3 59 24 10
47 21 59 53 23 61
47 48 26 37 53 26
47 56 54 29 20 38
47 38 9 56 24 63
47 21 13 28 35 26
47 57 21 26 22 20
47 31 38 41 18 10
47 52 7 60 54 34
47 18 62 6 1 33
47 21 55 7 42 38
47 49 20 23 17 12
47 28 36 9 29 63
47 6 2 31 50 49
47 47 5 7 15 40
47 53 28 56 32 56
47 47 32 45 36 10
47 54 25 22 41 49
47 7 40 34 18 32
48 32 14 51 19 16
48 63 49 54 48 23
48 59 60 27 57 44
48 49 17 52 35 62
48 5 63 7 42 47
48 47 33 33 9 13
48 17 16 4 28 22
48 63 7 10 29 47
48 35 21 52 50 34
48 3 7 22 41 48
48 55 41 6 3 22
48 61 24 41 39 62
48 37 23 60 57 15
48 40 15 55 15 23
48 25 31 51 5 5
48 38 29 42 33 25
48 27 38 21 39 61
48 37 5 44 59 47
48 43 31 31 36 45
48 3 18 52 56 59
48 5 46 59 42 41
48 12 18 43 29 9
48 60 36 24 60 46
48 48 58 50 13 55
48 0 53 0 16 9
48 63 24 16 50 19
48 7 49 12 41 23
48 39 18 13 35 13
48 56 1 33 43 17
48 20 3 19 42 50
48 21 22 63 60 21
48 48 25 33 60 28
48 26 54 46 27 1
48 13 13 47 13 61
48 34 33 55 49 25
48 61 50 11 52 21
48 29 63 9 33 6
48 29 63 16 30 9
48 10 15 44 34 44
48 27 58 13 17 24
48 19 47 51 59 31
48 41 39 39 3 56
48 31 38 8 57 48
48 53 36 25 13 42
48 58 5 3 44 15
48 27 51 42 51 37
48 0 12 0 49 27
48 61 32 40 6 47
48 12 50 14 10 51
48 34 42 15 7 22
48 28 8 21 4 9
48 6 1 35 40 28
48 57 45 46 20 60
48 43 35 4 16 57
48 53 17 4 38 31
48 11 9 62 38 11
48 45 20 31 34 15
48 29 38 61 52 33
48 20 9 61 40 47
48 23 31 3 56 28
48 31 40 58 15 21
48 5 30 32 37 57
48 19 61 33 2 24
48 36 29 46 36 16
49 17 55 51 21 40
49 14 41 8 37 51
49 60 54 45 25 51
49 47 11 63 54 35
49 13 29 0 11 25
49 23 39 20 49 42
49 41 44 46 43 10
49 26 25 19 32 24
49 18 9 4 24 35
49 42 40 62 17 2
49 55 53 33 31 10
49 60 27 19 32 5
49 32 12 27 8 58
49 13 3 25 37 39
49 34 4 21 40 33
49 41 36 47 50 56
49 63 39 53 4 63
49 2 2 48 51 1
49 0 6 46 28 27
49 25 8 19 55 30
49 21 12 47 0 46
49 60 47 31 55 8
49 26 49 50 2 55
49 5 58 53 21 27
49 61 19 6 49 9
49 22 58 42 52 41
49 57 32 58 60 33
49 38 55 34 13 56
49 39 41 10 5 17
49 35 24 37 1 62
49 40 43 1 27 16
49 8 16 32 4 33
49 48 50 52 17 33
49 37 35 48 49 13
49 25 51 30 38 20
49 50 41 51 32 31
49 21 30 29 15 49
49 58 19 35 21 10
49 43 36 52 35 47
49 22 12 12 25 58
49 35 44 15 59 27
49 62 15 61 44 13
49 47 51 47 15 24
49 43 63 7 32 43
49 2 11 14 49 17
49 10 13 10 24 7
49 45 41 61 62 20
49 41 62 48 13 16
49 9 9 47 26 51
49 58 3 28 16 42
49 36 3 39 35 8
49 61 36 31 44 29
49 35 25 37 49 52
49 45 10 37 42 40
49 56 15 11 32 27
49 14 17 29 5 13
49 42 61 25 57 18
49 9 7 58 53 59
49 15 57 30 53 16
49 43 50 29 34 57
49 45 55 49 18 6
49 20 8 29 55 31
49 10 8 37 3 11
49 7 52 38 43 5
50 22 15 22 50 62
50 0 50 20 33 9
50 49 32 32 19 7
50 53 10 45 21 21
50 39 23 10 52 17
50 27 33 16 7 43
50 12 32 51 9 36
50 40 49 8 39 15
50 28 28 12 49 63
50 44 49 61 13 28
50 35 54 49 29 40
50 54 4 4 58 26
50 1 59 24 7 43
50 44 7 24 9 21
50 55 30 53 43 12
50 9 36 54 61 49
50 40 15 37 30 25
50 38 30 19 26 27
50 30 47 1 0 14
50 51 12 33 29 57
50 43 53 57 53 18
50 42 15 26 20 16
50 21 24 37 28 10
50 30 48 26 11 63
50 59 33 31 50 2
50 49 17 5 4 41
50 4 24 33 48 53
50 30 37 19 60 23
50 19 57 34 20 26
50 52 55 41 37 25
50 47 44 34 2 32
50 34 8 7 37 12
50 15 2 9 50 54
50 39 44 15 19 11
50 42 35 9 15 10
50 23 13 22 33 37
50 56 39 30 38 18
50 62 55 10 62 55
50 62 44 25 33 63
50 24 31 27 17 19
50 20 59 15 63 2
50 39 48 18 51 8
50 59 36 26 59 0
50 4 3 58 16 42
50 13 8 40 37 14
50 7 35 24 58 51
50 32 58 22 58 43
50 21 34 40 8 15
50 53 10 19 26 52
50 4 0 32 39 14
50 31 27 42 26 54
50 42 61 41 14 41
50 32 1 34 57 29
50 60 52 27 37 31
50 7 49 17 7 54
50 57 6 11 3 24
50 48 24 47 0 36
50 47 1 43 7 20
50 1 19 10 45 48
50 17 63 45 10 25
50 7 26 5 38 61
50 39 22 21 19 31
50 1 31 59 39 60
50 49 18 56 33 54
51 36 45 34 4 33
51 10 16 12 46 28
51 63 19 33 61 26
51 12 24 3 50 28
51 54 14 44 34 11
51 60 28 8 26 48
51 27 2 53 24 40
51 52 54 25 38 38
51 11 55 19 14 29
51 21 25 1 4 26
51 49 10 10 6 31
51 30 7 19 9 31
51 54 30 61 61 10
51 48 12 33 60 42
51 62 63 24 18 14
51 34 39 33 39 61
51 21 56 39 20 39
51 33 25 20 44 13
51 19 19 41 57 22
51 34 59 48 32 17
51 4 9 56 50 56
51 57 25 18 25 11
51 29 45 4 8 63
51 8 38 27 38 0
51 9 50 9 34 57
51 57 16 10 62 28
51 44 54 38 12 46
51 47 9 20 56 17
51 29 33 8 54 1
51 15 58 55 51 1
51 18 56 42 57 62
51 11 6 52 9 37
51 5 63 39 3 39
51 4 49 7 10 9
51 23 30 45 10 47
51 51 46 32 49 12
51 56 37 11 16 25
51 50 37 43 44 9
51 36 18 36 1 0
51 54 23 4 20 8
51 58 60 33 30 24
51 7 22 51 14 62
51 40 13 55 8 4
51 10 17 42 63 22
51 45 55 15 15 44
51 19 60 7 29 33
51 28 40 5 22 29
51 7 4 18 22 45
51 38 16 50 16 39
51 54 19 59 22 5
51 20 1 55 40 33
51 42 15 62 27 28
51 57 9 10 45 45
51 55 22 35 52 3
51 36 58 62 35 8
51 6 33 46 20 16
51 2 16 52 33 63
51 40 12 26 55 34
51 48 30 14 9 27
51 62 17 52 5 28
51 24 23 47 28 25
51 19 17 40 48 30
51 44 4 42 27 43
51 45 8 12 31 9
52 23 57 24 7 47
52 5 51 19 3 22
52 18 46 34 57 0
52 37 38 57 53 17
52 55 7 47 4 31
52 58 27 59 55 35
52 0 40 25 48 21
52 34 18 42 27 46
52 9 38 12 48 2
52 27 13 12 50 33
52 61 38 12 51 47
52 30 58 3 37 57
52 51 10 40 48 35
52 20 55 33 23 37
52 1 39 0 28 22
52 62 10 62 13 59
52 42 49 59 17 46
52 14 60 1 24 14
52 25 12 58 58 54
52 34 26 34 44 49
52 26 18 25 21 37
52 55 1 32 11 23
52 5 34 28 48 42
52 46 59 21 34 23
52 51 61 42 35 2
52 1 28 24 53 55
52 24 56 32 37 0
52 63 36 20 13 14
52 52 4 56 3 8
52 6 10 44 31 22
52 0 56 39 0 51
52 63 9 60 44 35
52 15 37 20 7 62
52 12 14 32 3 61
52 45 17 53 36 26
52 45 44 24 63 15
52 7 1 63 15 23
52 40 13 26 55 38
52 12 17 52 40 38
52 30 55 11 49 12
52 7 44 31 37 15
52 18 46 35 26 8
52 51 47 23 38 9
52 55 26 14 20 42
52 59 32 32 53 45
52 30 7 7 48 21
52 41 16 38 44 35
52 31 20 41 52 20
52 10 46 31 18 39
52 55 43 9 11 39
52 19 33 53 10 39
52 50 12 34 24 56
52 56 1 36 29 32
52 62 30 25 61 7
52 32 14 16 42 11
52 56 20 2 20 35
52 19 58 5 55 17
52 32 9 20 11 50
52 44 31 49 44 29
52 43 62 39 7 40
52 11 24 34 56 11
52 20 27 20 21 36
52 40 30 62 31 30
52 5 50 29 27 35
53 60 12 37 50 52
53 34 13 10 58 44
53 22 47 30 43 32
53 15 59 50 31 37
53 36 41 20 24 14
53 48 13 19 17 15
53 56 25 46 20 9
53 8 58 17 37 36
53 36 8 16 21 32
53 44 53 16 29 47
53 31 29 48 59 7
53 14 13 14 7 36
53 24 28 43 50 49
53 27 0 4 43 46
53 32 47 58 28 46
53 38 63 34 62 38
53 32 11 41 49 18
53 40 17 18 42 30
53 34 49 14 26 51
53 28 55 31 15 44
53 21 17 13 1 60
53 50 19 1 25 39
53 62 52 45 47 22
53 26 58 61 18 42
53 13 3 57 12 37
53 45 29 27 4 47
53 30 46 19 24 17
53 24 14 37 12 15
53 49 0 17 35 11
53 22 6 50 13 21
53 54 1 29 41 7
53 27 18 24 57 59
53 30 43 51 20 30
53 10 2 50 54 52
53 15 63 47 16 13
53 46 23 53 30 6
53 18 50 28 46 36
53 11 25 50 25 54
53 28 61 47 9 23
53 10 11 47 54 23
53 36 56 49 6 2
53 43 52 35 60 32
53 33 28 52 8 8
53 10 43 57 25 9
53 25 27 45 21 31
53 11 45 7 5 41
53 12 41 50 57 45
53 33 20 59 17 30
53 24 49 14 26 11
53 1 4 46 36 52
53 34 56 8 5 10
53 54 30 29 44 58
53 38 33 57 43 53
53 40 15 16 6 33
53 37 55 41 36 61
53 60 42 34 18 61
53 18 53 59 50 12
53 26 29 56 39 27
53 39 24 19 16 5
53 40 47 26 9 44
53 63 11 25 13 35
53 31 61 41 54 22
53 35 13 28 20 63
53 2 54 36 46 15
54 42 0 33 3 30
54 55 30 52 24 45
54 16 50 31 26 51
54 30 29 7 62 2
54 19 40 58 10 49
54 62 27 6 35 63
54 29 45 21 59 20
54 29 42 48 34 9
54 21 20 33 60 20
54 60 16 16 25 50
54 62 63 35 28 33
54 16 48 16 5 38
54 28 57 22 47 0
54 33 10 15 39 48
54 19 8 8 27 31
54 28 56 36 2 46
54 31 54 4 19 23
54 11 45 4 57 29
54 42 37 10 58 20
54 43 0 33 62 46
54 16 24 17 10 1
54 34 4 1 20 25
54 21 44 4 0 59
54 31 19 4 41 46
54 34 0 36 50 2
54 50 6 25 43 2
54 52 41 48 55 28
54 63 11 37 46 30
54 13 48 30 11 40
54 43 46 50 23 9
54 48 0 31 47 45
54 33 52 46 1 1
54 8 46 12 57 47
54 42 31 36 40 22
54 15 32 7 13 34
54 24 61 3 27 9
54 46 26 23 27 34
54 57 40 36 36 28
54 52 43 6 20 55
54 46 16 16 32 42
54 18 46 28 56 9
54 46 44 54 54 48
54 2 41 56 3 55
54 12 5 39 59 37
54 22 43 34 40 61
54 24 42 4 26 15
54 22 58 30 57 34
54 21 51 27 20 32
54 33 21 38 8 28
54 25 42 1 8 46
54 15 23 5 58 33
54 40 60 16 55 63
54 4 38 21 33 52
54 12 6 35 38 62
54 6 34 12 55 41
54 49 32 38 6 1
54 59 14 45 14 53
54 13 29 60 39 24
54 12 5 30 20 36
54 50 51 39 18 10
54 42 29 19 63 31
54 10 44 12 26 10
54 7 34 6 41 35
54 60 56 7 61 19
55 7 16 50 55 23
55 57 57 19 32 55
55 4 49 4 55 34
55 47 9 51 16 44
55 48 59 5 4 26
55 15 24 35 16 55
55 1 27 6 58 2
55 8 59 56 16 49
55 9 32 54 11 36
55 61 2 24 2 63
55 58 50 59 29 3
55 40 6 21 19 32
55 26 52 52 0 20
55 50 20 33 31 52
55 13 47 51 54 59
55 63 52 60 60 6
55 19 60 63 37 32
55 24 1 11 36 25
55 18 7 61 33 47
55 11 20 30 7 49
55 42 19 54 24 47
55 44 23 49 49 59
55 53 9 30 10 35
55 53 56 53 57 6
55 53 5 33 27 33
55 12 21 28 61 11
55 36 54 38 63 16
55 33 43 63 37 24
55 4 44 21 25 60
55 10 45 46 29 61
55 24 18 20 59 39
55 24 37 8 52 31
55 42 30 34 58 27
55 18 36 0 54 43
55 16 47 28 33 43
55 2 17 44 48 51
55 56 16 0 23 4
55 54 2 39 16 15
55 55 41 2 62 4
55 5 48 31 41 36
55 8 45 1 18 39
55 9 57 19 7 14
55 48 34 33 51 63
55 46 35 56 10 62
55 22 62 40 9 55
55 37 41 6 44 25
55 4 21 33 7 60
55 28 62 37 52 44
55 54 1 6 47 58
55 1 29 17 39 14
55 9 62 49 38 19
55 48 50 27 41 58
55 12 2 54 42 39
55 37 39 35 51 16
55 60 49 55 37 28
55 3 60 46 29 12
55 4 6 56 48 42
55 12 31 45 39 46
55 8 1 21 48 2
55 11 34 12 52 55
55 26 22 54 28 22
55 16 51 29 30 52
55 24 33 55 60 12
55 0 43 1 58 40
56 8 0 3 53 34
56 43 41 4 58 26
56 53 41 50 22 3
56 15 24 34 62 26
56 8 42 55 0 49
56 47 19 10 23 32
56 1 2 20 39 30
56 32 49 27 46 47
56 61 49 16 56 45
56 35 61 28 7 13
56 55 15 39 38 55
56 42 59 23 25 58
56 20 56 24 0 54
56 3 37 49 43 63
56 4 26 23 33 24
56 17 32 48 46 35
56 48 2 14 6 1
56 34 11 51 18 49
56 22 38 8 55 29
56 28 34 38 58 44
56 49 34 62 39 48
56 51 25 31 31 56
56 25 22 50 37 19
56 47 5 28 30 59
56 24 11 33 15 11
56 10 23 20 63 36
56 58 42 54 24 29
56 43 47 20 32 43
56 7 61 15 11 15
56 21 11 15 33 18
56 41 20 39 46 12
56 1 14 44 18 16
56 26 19 58 54 2
56 28 12 31 57 14
56 17 41 62 23 9
56 54 20 32 4 55
56 20 60 56 48 58
56 36 29 38 6 11
56 13 48 2 33 33
56 51 9 8 11 44
56 30 8 25 63 57
56 47 33 41 5 43
56 62 21 3 23 31
56 12 16 8 8 61
56 22 20 11 61 40
56 35 23 12 20 37
56 23 3 58 23 17
56 53 24 20 40 24
56 59 61 34 12 63
56 32 58 21 25 19
56 10 13 48 56 49
56 35 49 23 27 2
56 3 20 1 16 43
56 53 15 18 40 10
56 31 36 11 3 44
56 2 12 5 34 0
56 38 63 2 58 17
56 33 39 35 40 52
56 26 33 21 26 13
56 14 40 36 52 21
56 49 51 46 30 16
56 62 7 12 18 7
56 43 18 23 26 17
56 30 55 23 14 0
57 3 13 43 17 16
57 58 55 47 42 26
57 59 20 9 39 56
57 40 21 15 19 40
57 15 52 18 52 20
57 13 3 16 46 17
57 30 55 33 57 10
57 14 16 59 45 48
57 29 59 35 5 11
57 3 5 14 35 12
57 59 13 45 49 12
57 27 40 43 40 18
57 22 59 17 26 24
57 2 11 31 12 36
57 41 61 56 17 60
57 57 15 47 11 36
57 42 46 55 31 14
57 63 2 57 36 2
57 13 3 40 13 27
57 25 31 48 6 4
57 12 1 16 60 30
57 49 9 32 32 16
57 6 45 5 53 5
57 13 51 37 5 18
57 9 51 10 1 55
57 41 57 22 0 42
57 23 15 12 14 17
57 17 44 46 26 62
57 44 49 41 5 26
57 27 5 59 31 51
57 11 11 1 24 24
57 43 7 26 62 5
57 58 57 38 23 26
57 12 9 22 18 22
57 16 37 61 2 7
57 18 17 32 48 36
57 36 61 42 21 26
57 9 37 16 53 60
57 3 24 24 12 61
57 15 47 51 3 50
57 28 13 59 54 32
57 60 55 33 16 21
57 9 10 22 53 17
57 45 31 13 60 31
57 58 16 15 30 24
57 24 40 39 51 38
57 32 54 44 49 42
57 3 40 30 33 57
57 48 10 5 12 22
57 16 30 9 6 13
57 2 3 29 47 5
57 51 0 42 50 36
57 36 13 19 30 36
57 2 45 37 44 51
57 48 32 32 57 53
57 18 5 37 29 6
57 0 23 44 28 12
57 0 10 21 38 54
57 48 62 46 32 13
57 24 63 29 19 28
57 55 24 55 34 16
57 59 47 39 6 53
57 48 30 28 39 9
57 40 56 0 5 36
58 57 24 31 14 5
58 19 5 48 25 61
58 56 0 56 17 30
58 25 42 2 4 33
58 55 59 22 32 52
58 11 47 58 30 12
58 63 58 14 44 56
58 50 4 39 1 24
58 9 63 34 25 26
58 49 33 28 34 48
58 11 54 47 52 12
58 58 48 44 28 59
58 16 62 50 13 48
58 37 61 47 23 57
58 11 12 7 21 45
58 5 1 42 1 11
58 1 13 44 44 16
58 18 31 9 21 18
58 12 54 35 61 55
58 29 60 33 35 59
58 28 26 6 5 30
58 1 7 15 59 30
58 39 25 3 60 22
58 15 19 42 61 23
58 46 61 3 57 35
58 34 50 38 13 58
58 20 45 9 13 16
58 35 38 3 4 41
58 11 56 42 4 57
58 27 62 25 57 62
58 6 7 34 5 3
58 25 52 26 18 40
58 59 53 9 56 5
58 0 52 48 56 11
58 18 55 41 40 15
58 51 57 3 46 3
58 1 8 37 59 7
58 47 51 6 45 62
58 44 13 63 45 63
58 59 2 26 53 8
58 40 52 40 9 48
58 8 14 63 30 22
58 43 53 22 53 15
58 14 48 40 51 40
58 30 46 35 36 33
58 9 1 5 50 3
58 1 22 0 25 7
58 34 5 8 36 6
58 31 45 29 47 15
58 3 9 23 61 24
58 59 1 19 30 17
58 60 23 62 14 41
58 40 40 49 48 29
58 1 62 44 17 43
58 26 22 54 60 50
58 4 51 54 15 36
58 30 21 19 23 17
58 20 59 48 56 63
58 27 49 22 18 48
58 21 3 55 49 57
58 26 31 31 11 35
58 30 32 43 48 55
58 34 17 3 19 58
58 59 7 55 21 12
59 7 14 43 33 1
59 14 17 13 54 41
59 53 35 1 32 51
59 55 56 39 22 27
59 1 3 17 34 43
59 26 32 58 36 47
59 24 26 27 2 55
59 37 54 52 2 30
59 47 37 33 46 54
59 61 54 26 30 4
59 27 0 61 52 0
59 16 12 50 44 14
59 3 32 30 46 10
59 23 40 9 22 28
59 29 16 63 54 49
59 19 28 43 45 29
59 15 26 17 55 9
59 28 7 19 14 33
59 25 17 16 35 45
59 5 59 55 31 27
59 13 50 49 59 59
59 23 25 19 11 32
59 42 56 30 40 33
59 11 0 27 32 3
59 55 41 41 5 46
59 15 7 59 32 49
59 20 2 54 19 55
59 62 39 26 58 63
59 40 45 15 52 16
59 61 51 43 61 41
59 37 48 44 55 19
59 48 35 13 34 16
59 35 49 48 47 18
59 2 6 20 19 22
59 49 43 61 47 46
59 63 20 10 60 52
59 36 5 42 31 62
59 3 41 48 30 21
59 43 37 32 5 3
59 55 59 60 22 44
59 3 0 11 50 0
59 61 28 59 17 42
59 27 19 17 23 18
59 44 10 4 54 37
59 47 39 13 1 3
59 49 13 12 34 55
59 62 14 60 54 22
59 62 4 7 54 34
59 49 39 34 31 51
59 54 12 0 12 36
59 54 47 3 59 29
59 36 18 27 50 54
59 12 28 20 11 63
59 43 56 3 63 33
59 50 8 4 13 29
59 52 16 17 41 19
59 22 11 12 14 7
59 39 2 27 48 26
59 34 22 3 14 52
59 30 21 28 3 43
59 5 30 61 37 21
59 17 50 26 21 1
59 50 51 36 35 56
59 61 58 17 23 28
60 3 58 56 52 52
60 15 60 22 46 35
60 28 9 14 34 41
60 28 54 37 18 39
60 6 60 27 46 19
60 59 43 35 50 31
60 9 50 9 50 56
60 47 53 7 11 9
60 40 11 4 30 27
60 49 34 1 21 13
60 61 3 48 35 40
60 11 58 22 42 49
60 5 10 1 42 48
60 20 37 15 43 12
60 18 61 11 41 6
60 49 42 36 6 26
60 28 53 17 29 62
60 51 37 34 36 34
60 48 17 32 59 46
60 48 6 35 46 18
60 28 57 19 63 8
60 39 8 2 49 58
60 54 35 3 9 63
60 57 40 33 27 15
60 62 40 23 50 14
60 18 35 43 33 7
60 16 49 41 28 12
60 20 26 24 41 0
60 51 55 62 37 49
60 49 42 38 3 9
60 13 56 55 18 60
60 2 18 62 43 3
60 21 28 41 10 60
60 35 24 13 23 3
60 15 20 16 55 0
60 61 26 51 21 20
60 8 54 4 3 24
60 54 62 20 26 55
60 30 56 8 37 53
60 26 51 41 11 21
60 6 29 6 32 56
60 60 50 53 49 55
60 32 9 28 23 13
60 52 14 28 44 2
60 28 15 40 21 15
60 9 11 24 60 3
60 29 8 46 32 59
60 44 49 9 44 56
60 36 57 48 59 15
60 56 44 15 4 24
60 62 2 30 6 13
60 60 28 33 58 61
60 56 24 57 19 41
60 41 42 51 56 3
60 37 49 49 51 4
60 16 54 38 59 29
60 34 18 16 0 21
60 35 58 61 26 4
60 39 52 51 18 2
60 8 48 44 38 1
60 19 27 18 55 17
60 31 18 59 8 57
60 38 54 15 1 25
60 13 51 38 8 48
61 1 10 22 13 32
61 50 15 13 8 62
61 63 52 12 8 7
61 46 49 21 30 37
61 37 62 24 58 41
61 14 35 35 48 27
61 9 10 53 52 37
61 1 27 14 8 27
61 35 63 6 49 44
61 24 5 1 21 59
61 24 36 36 54 23
61 54 8 13 42 60
61 32 42 38 38 44
61 46 18 9 51 25
61 41 61 50 19 33
61 61 1 26 12 49
61 62 16 29 53 59
61 44 23 45 0 55
61 52 11 21 48 29
61 58 4 63 32 32
61 0 18 14 8 37
61 14 32 52 48 19
61 32 54 20 30 6
61 40 17 24 43 47
61 56 20 23 30 63
61 31 9 43 24 50
61 29 60 29 53 47
61 40 37 9 8 44
61 29 44 27 40 20
61 13 7 12 12 19
61 33 28 37 60 36
61 13 17 52 19 19
61 30 24 30 40 49
61 14 18 59 60 18
61 20 55 6 38 35
61 42 60 9 43 63
61 19 0 23 57 46
61 12 40 29 35 49
61 9 21 55 22 43
61 19 26 11 56 31
61 48 20 57 38 41
61 63 38 38 38 4
61 18 39 10 25 50
61 9 22 44 62 24
61 44 18 54 15 8
61 6 16 54 44 38
61 44 19 18 37 16
61 41 6 23 37 21
61 40 57 33 30 30
61 31 14 5 21 33
61 9 28 26 0 61
61 4 52 46 53 5
61 60 13 25 39 19
61 59 6 17 34 14
61 46 44 24 49 1
61 4 19 8 30 60
61 41 25 50 45 10
61 1 10 41 43 11
61 2 35 61 10 42
61 48 5 4 5 58
61 22 4 7 42 29
61 48 39 49 40 42
61 54 62 53 17 11
61 42 35 51 45 58
62 52 15 7 9 25
62 41 11 26 51 53
62 21 37 54 16 57
62 52 29 52 30 42
62 43 45 24 46 43
62 6 49 62 55 2
62 33 45 27 51 25
62 58 26 52 57 27
62 6 6 51 17 34
62 37 37 28 40 2
62 28 58 1 45 34
62 15 37 12 20 19
62 59 43 2 38 57
62 17 32 56 30 8
62 63 43 51 18 62
62 46 33 38 9 0
62 31 63 46 28 62
62 58 27 60 12 28
62 0 61 51 19 62
62 27 52 22 15 52
62 33 26 42 7 49
62 29 34 43 27 13
62 34 18 57 32 14
62 14 63 52 56 1
62 54 16 11 36 50
62 46 1 50 4 5
62 38 15 0 51 4
62 27 9 28 59 38
62 24 45 26 39 26
62 37 30 54 60 45
62 24 30 54 10 27
62 22 15 40 55 57
62 45 28 1 50 55
62 55 46 58 58 50
62 27 5 15 29 61
62 24 35 17 49 37
62 41 1 28 13 43
62 22 57 5 47 7
62 22 58 48 55 53
62 9 16 16 56 16
62 4 26 63 33 28
62 22 17 17 40 53
62 52 0 51 52 6
62 12 7 15 17 29
62 55 4 54 51 57
62 16 52 53 47 9
62 19 5 63 34 53
62 6 10 20 51 51
62 28 26 57 61 50
62 6 48 39 8 14
62 9 63 63 31 46
62 28 34 54 10 38
62 50 57 54 61 43
62 29 40 37 52 27
62 47 32 41 47 22
62 38 21 6 25 41
62 33 42 23 36 6
62 34 9 22 6 33
62 15 50 15 63 43
62 14 41 52 27 14
62 21 43 58 39 17
62 41 62 51 25 32
62 60 8 60 20 48
62 38 42 35 52 15
63 29 1 19 20 28
63 29 9 15 34 18
63 49 50 55 23 14
63 51 35 21 27 23
63 29 11 26 3 5
63 44 12 49 50 11
63 30 44 49 25 43
63 60 25 25 23 61
63 31 20 34 44 51
63 59 47 48 6 27
63 8 25 49 26 50
63 20 19 21 18 36
63 31 9 17 40 19
63 36 23 60 46 4
63 5 20 58 47 49
63 11 21 61 45 48
63 20 43 36 39 63
63 40 25 25 40 45
63 15 13 51 36 6
63 6 59 10 41 56
63 21 59 47 23 23
63 30 25 51 12 55
63 16 8 0 45 6
63 10 37 25 53 45
63 46 52 30 15 39
63 53 4 25 8 29
63 45 53 61 16 38
63 48 34 35 33 50
63 56 47 11 29 2
63 37 59 21 40 18
63 29 48 52 15 42
63 17 14 0 47 59
63 0 36 37 53 23
63 25 48 40 41 3
63 9 27 63 19 57
63 9 36 44 14 39
63 16 4 27 2 18
63 2 36 62 26 23
63 23 37 62 10 27
63 37 33 11 34 2
63 31 11 16 8 8
63 18 47 46 28 43
63 3 57 1 42 46
63 46 2 4 12 53
63 51 29 45 58 49
63 43 1 51 63 32
63 13 48 57 35 26
63 45 58 21 39 18
63 44 14 7 15 62
63 61 10 2 32 4
63 25 30 54 59 38
63 62 13 18 60 25
63 61 6 17 14 14
63 40 19 6 20 46
63 10 17 60 30 24
63 17 43 13 63 28
63 14 36 0 33 52
63 16 61 36 6 46
63 59 49 42 29 43
63 10 10 57 54 62
63 33 34 21 23 9
63 49 1 45 0 9
63 7 53 25 55 4
63 19 37 7 39 60
