0 65 48 111 94 73
0 32 33 121 105 116
0 46 85 82 34 81
0 77 83 125 65 88
0 73 65 126 83 35
0 32 49 100 11 85
0 43 0 66 22 126
0 72 79 89 40 110
0 100 8 67 109 29
0 49 83 80 75 75
0 36 86 64 17 72
0 27 39 97 44 79
0 23 114 88 126 79
0 27 91 41 104 3
0 84 9 88 79 97
0 98 60 98 59 107
1 86 61 24 70 10
1 48 10 127 33 80
1 66 18 125 68 101
1 106 65 9 88 51
1 74 9 79 42 81
1 75 119 95 72 82
1 118 37 62 13 9
1 39 115 9 84 92
1 17 87 115 119 87
1 45 127 122 14 32
1 33 79 127 43 115
1 60 73 74 36 19
1 49 87 91 75 117
1 41 62 84 108 22
1 92 109 9 25 123
1 88 74 12 97 47
2 78 75 59 96 81
2 31 63 74 105 64
2 30 74 90 115 51
2 80 37 84 44 59
2 26 125 91 9 104
2 59 61 23 55 62
2 121 7 51 84 116
2 20 102 18 91 93
2 40 98 18 39 115
2 59 53 45 11 84
2 68 19 28 62 112
2 30 2 16 44 23
2 126 111 71 19 53
2 4 81 69 5 63
2 59 72 18 25 41
2 39 57 78 91 113
3 76 32 76 126 117
3 75 44 1 80 21
3 105 80 89 15 89
3 36 45 2 69 71
3 54 48 126 104 4
3 77 111 77 1 86
3 48 124 109 30 38
3 102 103 35 79 120
3 96 88 69 109 101
3 28 73 87 101 70
3 40 108 7 126 101
3 25 108 106 19 3
3 55 6 123 75 57
3 31 105 16 85 93
3 9 20 53 24 60
3 36 122 127 108 71
4 99 15 11 120 9
4 116 18 92 101 85
4 39 15 31 91 78
4 18 39 70 5 24
4 91 97 30 87 50
4 125 122 107 32 127
4 121 122 17 77 88
4 81 28 23 91 86
4 31 118 67 11 43
4 71 76 43 71 8
4 20 34 105 7 59
4 40 108 67 44 54
4 18 17 24 64 104
4 10 70 97 25 47
4 118 29 17 114 57
4 84 12 25 115 107
5 87 14 54 119 67
5 45 112 66 53 31
5 121 78 12 81 122
5 114 72 48 79 51
5 57 123 77 14 92
5 76 68 27 107 62
5 53 107 94 123 82
5 9 27 110 88 71
5 24 47 95 92 122
5 83 60 103 12 48
5 56 105 19 25 72
5 62 118 124 20 115
5 27 116 8 113 26
5 69 64 58 50 20
5 17 43 49 46 86
5 95 59 17 90 28
6 44 1 9 6 33
6 69 6 38 126 16
6 73 25 2 17 66
6 16 107 61 111 67
6 116 62 77 111 65
6 85 102 3 115 110
6 37 8 7 7 66
6 118 51 19 31 82
6 84 56 29 3 19
6 56 119 58 77 103
6 32 111 98 16 55
6 117 114 0 98 113
6 89 20 51 34 68
6 15 88 26 29 27
6 86 35 49 104 109
6 19 8 50 79 31
7 122 11 79 33 12
7 91 85 69 82 107
7 70 13 16 120 48
7 95 55 61 7 26
7 34 83 34 51 28
7 114 27 85 64 123
7 99 115 93 24 69
7 34 1 61 26 39
7 110 41 21 103 80
7 75 50 40 125 6
7 53 5 83 86 24
7 50 27 29 25 29
7 39 107 75 12 17
7 96 21 92 103 112
7 85 88 90 96 14
7 113 88 95 54 74
8 82 35 40 116 52
8 103 20 43 47 124
8 61 43 102 94 11
8 118 70 68 102 27
8 105 15 9 91 108
8 26 77 48 24 48
8 76 27 38 107 121
8 115 11 102 1 71
8 28 0 52 122 40
8 64 7 127 68 47
8 92 101 46 30 3
8 87 33 6 26 125
8 42 0 89 45 99
8 25 95 98 116 11
8 103 77 106 62 34
8 32 52 107 43 106
9 4 12 117 29 72
9 22 46 30 85 31
9 79 76 36 26 12
9 107 7 127 29 59
9 55 55 11 114 13
9 105 36 109 120 119
9 45 66 56 87 124
9 5 18 33 43 1
9 122 88 39 51 106
9 4 113 47 6 78
9 15 13 74 35 126
9 124 87 25 57 97
9 23 34 15 78 45
9 56 89 61 84 61
9 111 50 31 15 94
9 20 50 77 86 2
10 74 89 124 52 23
10 23 82 2 6 21
10 100 115 82 126 44
10 11 42 20 51 13
10 127 108 96 47 17
10 26 85 57 70 116
10 92 28 1 29 71
10 79 25 27 84 19
10 66 34 110 110 59
10 19 82 124 28 51
10 62 121 71 18 43
10 5 68 111 28 127
10 40 107 27 113 6
10 121 63 42 72 2
10 70 77 119 35 114
10 124 62 106 34 77
11 52 76 0 10 6
11 49 38 46 3 107
11 115 54 2 88 111
11 121 34 46 76 120
11 12 49 43 40 45
11 118 19 89 53 87
11 62 115 20 105 90
11 16 49 85 68 82
11 42 103 76 54 40
11 45 29 122 20 15
11 125 119 40 3 3
11 96 79 97 35 14
11 103 93 78 53 127
11 122 106 52 94 93
11 55 91 15 110 118
11 108 77 12 37 95
12 24 97 89 110 43
12 58 95 116 42 1
12 0 42 100 66 110
12 61 58 11 17 81
12 40 90 7 127 26
12 122 84 116 104 113
12 124 14 13 97 39
12 0 100 90 6 81
12 4 126 113 24 15
12 94 32 33 48 23
12 93 46 13 96 98
12 45 93 49 78 101
12 80 24 64 127 94
12 86 21 105 42 17
12 41 29 2 90 102
12 30 25 123 37 63
13 50 100 89 78 51
13 13 87 113 31 77
13 120 45 63 5 8
13 23 58 0 122 91
13 97 24 27 82 8
13 39 1 53 120 53
13 71 106 80 72 16
13 76 124 21 56 95
13 61 61 28 127 20
13 92 98 26 119 47
13 73 92 101 115 61
13 122 122 71 2 7
13 14 81 123 118 0
13 14 9 100 59 9
13 123 56 62 63 6
13 32 48 8 102 121
14 110 65 111 38 34
14 57 29 4 48 70
14 68 24 89 40 103
14 88 70 112 100 117
14 24 60 83 25 91
14 81 95 20 87 117
14 73 41 57 116 84
14 27 97 26 27 89
14 59 110 13 30 62
14 87 100 126 39 35
14 113 41 82 115 45
14 26 6 62 92 67
14 71 77 45 79 118
14 87 82 27 98 100
14 59 66 41 38 94
14 39 88 92 111 40
15 38 123 80 102 97
15 66 90 75 27 50
15 69 126 39 57 93
15 49 19 53 38 96
15 126 85 68 64 28
15 48 19 111 120 99
15 95 74 55 81 68
15 115 20 17 8 25
15 44 126 84 95 29
15 96 120 100 34 47
15 53 84 37 104 73
15 106 126 81 104 97
15 0 55 114 51 25
15 37 30 8 67 27
15 100 120 118 61 54
15 43 34 56 104 10
16 55 9 16 80 10
16 97 48 11 6 124
16 57 91 31 61 94
16 85 17 53 121 101
16 60 64 54 107 44
16 111 117 20 114 87
16 49 96 27 26 117
16 75 4 81 45 22
16 57 122 16 100 21
16 114 35 7 74 115
16 44 114 97 56 19
16 14 16 63 97 77
16 80 120 47 14 10
16 39 118 3 54 57
16 76 14 30 38 104
16 66 100 51 55 41
17 96 98 11 91 123
17 106 34 101 20 15
17 22 59 60 59 62
17 76 70 110 10 127
17 25 30 13 44 72
17 64 111 63 126 69
17 91 11 21 37 84
17 105 35 97 73 54
17 3 65 88 3 41
17 29 38 126 38 100
17 3 35 117 8 3
17 39 23 67 1 27
17 27 121 81 74 65
17 1 53 84 102 60
17 56 94 37 121 77
17 29 35 15 75 8
18 26 93 58 93 15
18 61 114 96 16 104
18 104 69 118 71 101
18 9 47 9 16 56
18 110 63 122 75 107
18 14 53 72 0 9
18 60 34 112 123 75
18 120 47 57 73 121
18 67 87 27 72 29
18 96 81 55 63 45
18 95 107 2 98 75
18 91 53 98 65 44
18 30 71 74 52 31
18 41 55 12 52 87
18 11 105 95 125 33
18 41 0 10 9 1
19 83 82 29 36 119
19 94 118 70 45 64
19 76 66 94 80 37
19 89 43 105 58 9
19 61 77 109 20 97
19 100 22 22 117 96
19 120 79 104 16 18
19 10 89 112 17 119
19 26 40 40 117 24
19 113 83 38 116 115
19 22 44 102 48 74
19 7 105 14 127 124
19 82 126 74 4 124
19 68 97 53 11 66
19 7 28 85 35 118
19 27 112 87 83 70
20 18 85 39 93 125
20 51 126 118 90 127
20 93 48 97 78 84
20 55 80 55 56 63
20 33 100 33 19 106
20 111 47 10 124 79
20 124 57 21 47 7
20 14 89 118 68 58
20 116 7 44 78 74
20 118 87 119 113 88
20 75 40 126 39 11
20 9 35 37 11 1
20 43 27 100 115 118
20 98 123 62 119 56
20 99 18 22 75 30
20 92 41 24 16 110
21 3 7 94 120 49
21 87 37 49 115 34
21 9 102 88 110 69
21 52 43 123 33 105
21 87 24 28 81 37
21 101 60 69 123 14
21 71 104 57 118 84
21 10 21 71 91 71
21 37 46 127 105 103
21 127 93 27 100 116
21 79 111 111 101 124
21 64 109 88 39 119
21 87 71 118 19 107
21 31 108 104 115 106
21 41 107 30 90 4
21 112 17 31 53 118
22 104 117 111 59 105
22 119 38 78 24 88
22 6 105 4 53 96
22 41 96 108 61 46
22 98 106 126 118 36
22 93 0 99 92 34
22 83 46 57 93 120
22 115 115 65 3 28
22 11 0 114 113 66
22 11 45 20 87 97
22 106 124 91 49 118
22 97 46 63 103 21
22 120 124 11 63 29
22 77 84 57 110 91
22 123 98 11 100 70
22 18 126 6 26 58
23 82 91 78 15 40
23 42 103 18 92 52
23 21 64 20 123 17
23 98 67 10 12 53
23 91 87 16 124 6
23 5 61 105 35 110
23 56 45 91 91 78
23 15 66 21 23 42
23 52 78 71 12 52
23 83 86 108 10 1
23 46 31 3 0 115
23 13 109 86 24 108
23 117 45 21 64 100
23 120 3 6 25 88
23 44 80 121 107 13
23 13 0 73 34 126
24 100 49 37 44 122
24 10 0 52 73 97
24 109 41 1 53 86
24 45 119 94 45 0
24 121 3 14 62 110
24 55 94 116 119 49
24 72 123 43 96 39
24 24 67 122 68 122
24 77 82 83 116 28
24 19 117 38 127 23
24 42 116 116 63 91
24 106 28 63 21 105
24 29 82 22 108 78
24 32 55 78 43 39
24 70 96 105 77 49
24 18 43 73 62 39
25 119 69 121 62 16
25 0 101 39 104 107
25 56 93 45 80 10
25 1 72 60 41 126
25 46 97 29 108 50
25 9 14 95 33 47
25 76 49 109 107 42
25 66 73 61 94 67
25 47 39 77 46 16
25 18 51 60 99 67
25 94 113 84 37 83
25 32 6 62 12 88
25 56 89 116 42 28
25 102 59 105 22 78
25 57 62 22 28 103
25 96 82 30 62 73
26 95 47 10 36 35
26 33 20 107 103 63
26 52 47 47 57 91
26 17 83 50 113 70
26 9 104 29 2 68
26 0 36 119 15 55
26 59 12 79 117 88
26 68 65 26 10 8
26 126 99 90 15 86
26 16 78 121 69 17
26 98 67 6 56 2
26 24 103 8 48 71
26 76 20 34 7 75
26 89 107 122 19 82
26 1 37 48 82 48
26 72 61 28 48 38
27 15 90 16 90 2
27 109 3 82 7 117
27 52 59 23 80 30
27 31 85 43 101 57
27 120 57 55 115 84
27 12 68 32 32 78
27 111 1 109 61 55
27 43 27 90 28 32
27 4 37 95 122 65
27 36 124 122 90 72
27 105 93 68 101 9
27 70 113 12 125 122
27 64 54 1 89 122
27 34 121 108 39 112
27 125 14 52 7 30
27 11 63 51 74 8
28 50 14 100 81 9
28 71 90 96 44 106
28 3 100 120 30 3
28 24 44 115 103 75
28 122 49 41 65 97
28 122 96 86 117 6
28 30 14 48 96 23
28 121 92 12 38 17
28 51 117 46 100 33
28 11 13 99 45 104
28 23 72 67 44 44
28 88 55 114 108 58
28 89 39 40 10 93
28 73 25 70 107 58
28 92 70 105 27 86
28 31 99 88 3 50
29 11 33 98 98 100
29 23 104 4 91 25
29 98 68 87 125 120
29 109 25 34 27 11
29 90 43 4 0 41
29 22 88 55 11 30
29 122 44 120 95 13
29 126 8 125 35 62
29 55 71 30 19 34
29 0 81 16 94 7
29 17 50 66 103 29
29 56 104 63 14 84
29 119 116 93 122 100
29 11 114 108 112 62
29 93 32 126 47 99
29 127 60 13 103 60
30 37 18 21 6 113
30 100 104 71 24 93
30 108 66 0 44 65
30 61 119 114 29 10
30 112 90 100 29 93
30 20 10 1 46 8
30 81 14 10 94 48
30 111 10 0 93 92
30 26 21 62 10 91
30 44 76 58 124 81
30 97 126 19 67 34
30 30 6 82 36 111
30 18 41 13 21 6
30 5 71 124 27 21
30 56 7 68 104 112
30 12 101 108 40 13
31 95 53 37 88 63
31 108 103 60 111 127
31 102 69 115 37 40
31 82 40 72 51 108
31 114 4 27 52 100
31 14 52 90 22 24
31 77 71 43 83 35
31 109 118 85 122 103
31 116 72 65 55 93
31 22 94 49 78 111
31 26 29 124 105 100
31 115 77 105 80 94
31 43 57 39 50 96
31 86 97 85 27 9
31 116 18 2 122 95
31 23 56 12 71 42
32 103 119 7 97 93
32 13 54 77 19 102
32 91 87 101 89 124
32 8 116 106 90 68
32 58 46 117 70 113
32 79 31 32 46 3
32 67 20 60 22 24
32 53 116 125 67 7
32 111 102 114 80 32
32 39 64 34 50 77
32 8 104 32 99 108
32 110 123 55 57 6
32 118 109 68 18 29
32 35 85 59 6 35
32 17 11 60 57 17
32 54 106 60 118 1
33 85 76 80 80 27
33 27 92 114 17 26
33 113 54 63 34 91
33 104 87 105 37 64
33 104 6 92 125 76
33 68 123 19 64 109
33 73 98 79 90 48
33 74 107 34 21 104
33 14 104 80 120 73
33 36 66 66 55 53
33 93 116 7 5 46
33 28 94 93 90 59
33 95 73 16 77 15
33 22 124 23 65 79
33 85 42 106 122 44
33 121 12 108 0 89
34 99 50 44 89 90
34 110 27 58 61 25
34 3 82 54 5 49
34 88 27 0 87 2
34 44 23 34 48 54
34 21 22 122 53 52
34 116 86 112 117 78
34 80 17 66 117 74
34 6 74 70 68 21
34 42 67 61 18 86
34 119 43 58 93 83
34 60 100 30 106 22
34 16 29 20 57 64
34 15 47 103 72 21
34 88 56 46 51 103
34 89 61 79 17 114
35 53 42 1 117 23
35 66 61 114 10 106
35 103 116 35 34 89
35 39 18 118 46 70
35 55 74 51 88 45
35 89 79 34 71 91
35 34 47 45 109 108
35 115 20 2 123 2
35 101 85 89 9 5
35 95 89 40 26 88
35 25 94 54 0 51
35 49 91 54 0 105
35 117 61 36 75 5
35 33 7 110 127 43
35 3 25 17 0 30
35 69 48 34 118 80
36 38 64 57 91 102
36 46 30 5 92 68
36 93 115 3 28 25
36 81 102 55 46 32
36 39 90 54 126 86
36 10 53 59 86 41
36 110 98 115 41 57
36 71 54 123 1 4
36 68 10 111 92 122
36 37 32 42 62 41
36 90 86 66 88 123
36 73 48 21 69 56
36 12 22 113 15 100
36 79 28 13 10 54
36 55 66 70 102 64
36 47 27 102 81 21
37 13 1 80 14 58
37 1 37 55 85 16
37 77 50 86 16 109
37 68 72 19 73 65
37 62 82 96 106 34
37 53 25 110 124 26
37 101 110 72 30 33
37 9 86 41 111 108
37 29 14 74 115 43
37 63 127 6 50 41
37 30 22 26 9 95
37 91 5 118 13 5
37 42 104 2 57 62
37 30 51 71 30 84
37 64 86 68 59 70
37 99 58 112 125 48
38 92 75 38 76 11
38 94 26 74 38 51
38 31 3 83 8 67
38 60 3 101 65 62
38 107 37 17 12 12
38 33 12 0 114 4
38 96 111 16 86 114
38 104 68 36 103 126
38 101 85 82 82 17
38 31 79 25 79 43
38 50 60 46 13 42
38 34 93 92 83 68
38 125 45 50 2 75
38 20 12 1 102 125
38 109 57 70 1 65
38 51 93 86 40 53
39 19 56 67 109 115
39 89 33 126 11 66
39 88 12 116 58 50
39 54 33 31 106 90
39 37 39 111 28 31
39 22 114 59 34 18
39 52 41 47 56 18
39 118 121 109 116 124
39 120 93 34 105 14
39 95 21 24 51 83
39 107 50 13 99 34
39 125 3 104 74 105
39 12 14 46 110 66
39 2 115 7 30 75
39 93 22 5 111 85
39 90 72 117 75 117
40 56 57 115 28 14
40 123 96 95 101 60
40 77 101 116 24 28
40 67 98 49 113 66
40 110 26 106 74 102
40 13 76 80 15 116
40 15 14 121 26 50
40 109 120 42 94 13
40 3 115 112 121 36
40 29 69 125 123 44
40 78 93 71 1 43
40 107 6 19 19 13
40 18 45 47 30 75
40 88 8 78 89 119
40 81 95 33 58 80
40 95 58 10 112 60
41 34 42 94 3 67
41 105 103 88 4 121
41 58 96 7 68 27
41 63 87 119 41 30
41 47 99 43 48 9
41 110 95 65 79 90
41 64 80 113 37 9
41 2 64 66 40 46
41 124 58 35 107 71
41 41 48 0 39 0
41 100 109 120 76 73
41 44 33 97 60 4
41 120 6 12 63 90
41 109 27 37 62 127
41 41 114 65 84 36
41 72 97 8 49 121
42 78 38 38 89 107
42 20 108 43 64 82
42 46 25 81 95 78
42 69 92 120 37 8
42 94 99 4 26 25
42 96 69 53 36 62
42 24 28 21 8 68
42 12 78 120 76 9
42 48 105 56 63 106
42 21 68 45 111 67
42 39 81 13 84 116
42 36 21 40 52 121
42 117 75 0 112 55
42 124 119 65 48 76
42 121 56 58 78 19
42 126 31 118 81 6
43 7 11 62 84 20
43 100 5 48 31 63
43 67 69 1 11 96
43 81 52 110 125 69
43 71 118 54 93 18
43 4 22 29 117 9
43 125 57 94 14 116
43 41 11 44 70 104
43 93 62 123 26 54
43 74 118 19 15 114
43 19 58 66 57 42
43 6 53 52 117 40
43 2 21 92 95 59
43 94 80 53 13 119
43 59 97 41 95 58
43 10 73 47 107 72
44 107 1 75 41 20
44 75 64 42 80 126
44 51 8 105 47 126
44 50 80 69 48 102
44 3 26 26 52 72
44 66 24 57 93 56
44 44 112 61 49 79
44 68 102 33 96 34
44 108 95 50 117 42
44 21 3 59 126 112
44 59 95 75 73 99
44 123 40 9 121 83
44 19 62 58 34 117
44 12 127 5 125 125
44 72 60 22 36 60
44 59 27 22 99 22
45 68 115 25 88 93
45 5 27 52 61 58
45 13 60 36 68 106
45 27 45 97 82 30
45 60 109 79 96 100
45 102 26 75 46 55
45 119 34 89 59 108
45 81 125 52 116 68
45 121 96 60 98 5
45 44 75 78 50 73
45 35 64 102 56 17
45 7 6 121 82 83
45 112 121 55 22 26
45 118 103 19 109 7
45 8 9 50 121 34
45 14 77 101 48 30
46 88 108 98 122 6
46 89 27 99 73 126
46 75 31 76 102 14
46 33 84 47 105 52
46 62 110 55 58 89
46 97 54 107 97 20
46 122 121 12 111 18
46 69 111 113 28 23
46 122 9 125 66 16
46 45 30 127 96 114
46 120 53 126 13 65
46 13 86 88 95 73
46 103 74 73 57 56
46 19 52 50 22 106
46 90 100 115 78 103
46 111 86 104 40 25
47 9 85 51 19 79
47 94 89 32 10 43
47 92 105 36 81 38
47 58 13 118 21 74
47 93 97 112 12 123
47 1 127 36 105 7
47 6 79 86 125 38
47 111 88 66 69 22
47 99 56 45 98 117
47 98 66 53 73 64
47 65 111 109 49 51
47 32 94 122 37 37
47 83 108 123 91 12
47 119 59 31 106 78
47 119 28 93 8 83
47 22 72 117 96 61
48 27 13 86 56 107
48 28 22 35 89 8
48 28 100 15 9 68
48 121 68 75 126 55
48 85 9 74 78 80
48 67 40 71 21 4
48 125 114 18 51 29
48 85 41 92 31 77
48 40 58 58 65 107
48 67 25 3 49 5
48 56 121 88 125 11
48 105 107 115 56 89
48 35 119 112 98 64
48 92 59 22 83 49
48 9 84 123 0 51
48 109 41 117 56 121
49 51 33 44 67 62
49 112 71 3 110 53
49 49 96 103 72 95
49 83 117 96 116 44
49 73 115 97 125 4
49 23 106 64 119 47
49 25 34 14 44 41
49 0 2 50 60 102
49 114 49 23 66 104
49 72 22 91 120 28
49 5 9 105 25 11
49 2 122 41 60 1
49 70 117 1 20 90
49 116 32 104 55 73
49 70 124 24 68 89
49 2 109 49 9 14
50 70 10 4 97 79
50 64 102 99 114 107
50 52 99 88 13 94
50 27 110 24 112 120
50 53 122 120 76 24
50 44 117 79 112 50
50 35 104 55 91 40
50 118 107 43 122 122
50 100 52 89 119 62
50 115 102 64 36 122
50 45 120 121 1 82
50 53 31 98 41 121
50 71 41 75 97 126
50 115 113 18 28 91
50 69 96 78 62 107
50 46 5 60 5 3
51 41 74 53 6 111
51 71 110 4 79 71
51 36 96 23 9 28
51 123 73 30 66 66
51 10 58 39 102 82
51 122 112 113 23 8
51 63 124 0 87 116
51 63 44 21 100 66
51 58 0 99 1 1
51 33 44 102 18 74
51 33 30 73 60 76
51 15 54 106 19 117
51 90 106 1 58 11
51 42 91 80 60 39
51 47 100 87 16 112
51 49 13 99 102 46
52 127 72 77 122 25
52 14 17 99 120 85
52 48 120 59 56 76
52 116 36 11 26 72
52 53 124 64 64 69
52 8 65 122 107 42
52 75 32 39 83 84
52 54 41 118 7 72
52 85 19 46 110 35
52 111 2 20 83 120
52 54 75 51 75 116
52 17 58 126 96 71
52 38 125 83 2 82
52 54 59 23 114 32
52 75 38 107 36 20
52 46 123 125 52 97
53 4 110 3 84 39
53 55 57 125 93 0
53 15 55 65 63 37
53 26 28 127 124 36
53 105 39 5 7 41
53 81 32 51 7 104
53 28 107 26 68 96
53 22 50 39 47 104
53 37 23 19 49 37
53 114 108 43 66 67
53 25 31 104 87 122
53 22 56 86 62 92
53 7 23 46 79 122
53 109 109 115 54 31
53 98 122 51 35 30
53 60 124 21 107 64
54 84 26 118 31 96
54 75 86 75 55 77
54 4 90 42 80 93
54 41 107 68 12 16
54 13 111 93 60 29
54 125 100 56 106 22
54 20 56 2 47 108
54 17 77 63 35 111
54 47 64 25 96 40
54 56 16 106 99 54
54 47 60 4 43 3
54 10 116 74 105 10
54 84 14 96 105 101
54 8 17 91 109 51
54 27 23 38 64 25
54 6 101 122 63 27
55 127 110 104 114 82
55 123 115 112 75 105
55 66 46 69 23 75
55 44 24 99 40 43
55 80 16 46 74 94
55 21 1 82 13 97
55 10 76 1 84 109
55 78 49 13 105 126
55 55 32 66 50 99
55 67 67 100 82 4
55 106 77 47 108 26
55 79 80 15 123 26
55 53 110 52 23 5
55 13 59 113 33 89
55 16 13 70 44 95
55 58 4 56 8 104
56 113 44 126 21 119
56 23 113 54 43 45
56 8 122 93 70 72
56 29 98 8 23 27
56 21 37 59 72 69
56 28 18 104 3 8
56 70 84 56 109 0
56 73 60 28 29 96
56 28 106 104 31 119
56 114 127 113 23 113
56 58 123 49 74 117
56 107 99 31 89 7
56 118 89 77 40 117
56 125 4 31 102 115
56 43 61 50 33 55
56 80 73 74 50 63
57 13 124 69 70 45
57 99 124 31 36 31
57 99 2 90 5 125
57 82 42 56 32 84
57 123 39 124 65 97
57 50 25 87 33 2
57 82 5 38 40 101
57 127 40 115 53 94
57 109 10 18 58 73
57 73 34 86 35 41
57 31 119 118 56 72
57 47 111 98 110 103
57 3 31 34 124 5
57 90 47 107 70 0
57 108 24 9 2 70
57 44 108 15 82 28
58 40 28 69 44 85
58 7 5 39 104 67
58 105 90 33 93 2
58 126 46 7 11 120
58 26 92 62 84 89
58 105 101 108 5 83
58 92 81 24 96 81
58 81 127 47 72 80
58 34 101 85 17 122
58 4 6 64 57 16
58 101 53 85 24 39
58 27 110 25 20 0
58 23 52 103 51 64
58 46 70 61 108 45
58 35 99 73 17 49
58 10 54 36 67 77
59 17 106 25 90 53
59 53 79 74 31 61
59 18 126 31 120 102
59 43 82 88 88 23
59 25 102 87 46 89
59 112 92 56 94 5
59 69 62 99 45 61
59 126 81 58 98 68
59 9 25 121 23 73
59 73 122 51 45 22
59 81 115 68 15 31
59 10 65 106 3 45
59 49 44 72 106 125
59 78 17 6 73 53
59 83 23 40 22 23
59 92 48 120 16 121
60 63 2 37 54 56
60 85 7 3 70 120
60 58 95 13 27 90
60 68 26 84 99 112
60 38 78 14 11 12
60 19 123 75 69 41
60 54 121 91 32 47
60 102 14 11 63 83
60 98 19 24 123 74
60 1 34 26 124 29
60 59 98 116 42 7
60 119 64 31 55 49
60 107 109 80 11 23
60 95 60 78 37 41
60 94 99 34 118 98
60 118 75 111 59 103
61 95 93 22 32 7
61 110 80 55 114 45
61 54 39 21 107 40
61 126 48 125 27 108
61 80 109 79 121 63
61 53 56 45 41 48
61 126 46 100 124 84
61 42 92 18 125 27
61 18 45 117 48 65
61 13 79 44 58 115
61 43 126 120 91 52
61 26 20 86 47 123
61 76 43 79 38 37
61 103 113 92 2 97
61 19 125 49 30 70
61 47 55 28 24 4
62 125 94 18 118 80
62 68 15 9 71 109
62 47 64 75 108 26
62 114 76 1 58 103
62 72 26 26 25 13
62 43 69 96 109 30
62 26 49 125 1 32
62 30 45 85 72 5
62 46 103 12 28 24
62 21 30 56 69 10
62 48 54 23 112 100
62 84 125 122 32 98
62 73 46 103 88 37
62 24 13 45 13 118
62 8 85 0 31 85
62 41 81 70 97 66
63 46 5 70 50 35
63 66 26 96 88 61
63 50 94 77 10 10
63 5 62 36 90 38
63 19 40 65 49 46
63 90 108 91 25 98
63 114 18 34 88 117
63 88 57 55 73 123
63 23 105 87 106 21
63 47 10 48 101 95
63 77 6 71 100 52
63 42 119 39 67 77
63 57 127 91 37 37
63 93 104 91 115 50
63 114 33 79 103 106
63 38 63 13 43 4
64 5 20 48 33 49
64 17 119 54 84 69
64 84 120 47 48 42
64 125 108 88 72 74
64 67 75 29 46 33
64 60 16 17 112 73
64 24 36 46 88 12
64 68 117 123 38 49
64 64 21 74 12 94
64 101 103 2 99 41
64 88 43 106 6 91
64 43 26 76 53 93
64 102 16 127 83 84
64 99 23 67 47 111
64 102 4 93 77 53
64 108 113 35 51 120
65 49 112 77 121 53
65 29 71 84 15 30
65 84 74 111 70 54
65 58 16 85 10 37
65 98 71 99 93 47
65 0 91 78 68 126
65 69 67 15 86 95
65 4 83 47 40 77
65 72 71 6 98 0
65 25 87 118 123 38
65 11 100 9 111 22
65 88 33 82 109 27
65 123 83 124 79 117
65 118 69 124 15 66
65 81 41 16 120 78
65 6 105 72 106 68
66 122 2 46 38 81
66 123 108 35 31 117
66 117 83 116 82 2
66 97 26 110 87 124
66 48 80 31 58 120
66 91 73 104 53 41
66 25 30 60 18 125
66 119 57 9 49 114
66 126 75 41 53 15
66 99 101 28 5 50
66 116 120 1 60 81
66 106 127 105 118 79
66 38 65 105 33 65
66 29 82 33 35 45
66 72 55 76 3 105
66 125 21 41 120 77
67 80 26 73 9 127
67 67 6 37 77 58
67 79 125 99 58 101
67 100 127 6 20 36
67 112 73 115 16 112
67 6 86 64 116 13
67 99 18 21 86 55
67 35 65 61 74 67
67 104 125 17 4 6
67 116 69 123 45 48
67 65 59 64 9 68
67 86 42 17 32 76
67 6 1 105 85 7
67 0 43 35 100 94
67 90 16 50 67 47
67 107 23 73 81 5
68 60 33 14 34 52
68 82 62 69 4 96
68 86 14 9 125 64
68 124 19 86 108 79
68 17 53 11 7 98
68 57 66 65 53 49
68 34 40 89 71 105
68 45 123 97 93 78
68 51 108 9 124 7
68 21 25 120 87 75
68 82 23 27 19 58
68 59 34 120 87 86
68 72 36 84 119 43
68 117 16 100 89 109
68 86 16 93 82 87
68 76 50 60 42 58
69 18 84 81 14 86
69 83 10 92 17 19
69 88 9 101 70 122
69 38 51 72 49 61
69 74 92 47 25 114
69 92 104 48 104 1
69 37 107 103 49 87
69 97 85 108 66 80
69 74 36 21 64 122
69 20 46 54 0 95
69 71 64 40 64 19
69 93 2 11 86 90
69 74 74 81 58 77
69 89 114 8 8 113
69 44 65 38 77 40
69 104 76 67 59 11
70 102 83 5 59 60
70 15 23 100 17 49
70 19 125 82 85 69
70 75 99 1 97 32
70 118 89 76 75 19
70 102 56 28 11 18
70 77 83 6 33 106
70 90 45 51 34 33
70 31 74 120 40 36
70 120 72 29 105 60
70 101 1 35 55 75
70 113 88 41 72 60
70 42 39 15 114 102
70 117 4 98 54 94
70 98 9 66 6 97
70 36 78 35 25 55
71 115 32 79 27 99
71 113 72 22 88 107
71 45 91 40 32 63
71 74 43 64 92 15
71 105 54 38 55 14
71 39 40 72 99 21
71 33 125 69 50 40
71 36 51 57 116 18
71 110 44 77 126 93
71 51 66 78 76 86
71 68 98 57 82 37
71 16 5 54 51 88
71 83 68 84 22 120
71 78 33 71 39 63
71 54 4 48 8 22
71 49 124 11 31 124
72 35 67 12 98 17
72 119 21 65 52 22
72 94 42 82 125 64
72 7 84 23 111 2
72 67 11 122 89 18
72 96 68 10 93 127
72 6 9 67 26 8
72 73 118 24 57 63
72 82 27 123 110 77
72 29 37 30 98 0
72 39 124 91 78 100
72 104 67 119 1 52
72 105 80 103 112 124
72 102 74 17 56 43
72 120 110 109 72 21
72 87 101 76 119 32
73 33 17 124 65 78
73 50 123 80 117 127
73 100 81 111 29 99
73 27 30 60 0 75
73 69 0 76 103 72
73 106 109 58 19 109
73 28 9 70 28 70
73 97 52 61 10 97
73 36 7 18 46 90
73 83 32 88 14 87
73 93 11 109 69 92
73 79 75 23 17 25
73 76 118 9 100 57
73 34 22 32 77 99
73 103 84 76 87 18
73 35 78 52 25 85
74 89 24 90 25 62
74 120 101 10 17 17
74 110 48 0 111 70
74 46 37 31 50 98
74 106 74 70 62 36
74 16 97 15 81 49
74 86 29 47 74 114
74 35 39 64 30 20
74 113 104 98 118 81
74 104 79 94 30 123
74 58 71 75 39 84
74 40 115 4 111 16
74 33 103 62 54 31
74 83 91 106 85 86
74 21 59 103 80 44
74 63 70 108 13 105
75 45 39 49 28 56
75 87 75 30 61 16
75 32 77 103 45 99
75 17 70 85 15 86
75 91 119 33 98 74
75 57 38 57 25 13
75 98 94 48 69 65
75 85 100 45 99 98
75 125 53 8 127 105
75 20 68 40 32 27
75 65 8 2 107 111
75 80 44 98 33 127
75 79 42 66 99 53
75 16 121 44 126 40
75 101 115 30 102 61
75 45 18 8 49 85
76 115 71 57 112 46
76 2 51 24 118 97
76 15 107 67 85 67
76 90 105 87 79 113
76 28 15 22 125 94
76 113 79 28 54 96
76 20 73 7 20 42
76 88 9 99 124 120
76 46 7 53 72 35
76 22 42 104 16 67
76 112 106 102 97 73
76 40 29 58 34 52
76 120 118 34 45 61
76 115 127 43 28 113
76 51 74 36 77 81
76 34 3 81 32 110
77 83 54 0 109 112
77 80 31 52 112 59
77 28 58 50 41 90
77 91 38 117 3 62
77 64 78 83 92 71
77 2 84 18 22 32
77 32 50 71 47 71
77 107 67 68 58 80
77 80 111 14 66 91
77 61 118 56 87 53
77 125 84 32 78 80
77 48 112 32 69 103
77 115 39 95 12 59
77 47 58 26 90 3
77 101 58 121 113 109
77 60 40 73 49 88
78 10 20 89 96 3
78 22 90 119 108 5
78 40 26 112 30 91
78 61 63 62 121 119
78 77 103 99 18 91
78 124 110 22 40 54
78 102 71 100 10 35
78 53 8 15 86 20
78 94 11 109 90 96
78 21 51 106 105 124
78 29 90 88 80 86
78 1 77 14 6 65
78 48 52 58 9 112
78 57 22 126 45 76
78 103 3 4 47 69
78 36 111 61 71 68
79 21 56 127 101 125
79 108 81 63 29 1
79 113 72 91 2 26
79 114 64 124 75 75
79 36 24 5 20 15
79 69 23 102 55 50
79 2 90 117 112 92
79 79 15 28 69 121
79 61 44 48 125 50
79 74 8 5 107 75
79 90 6 126 23 101
79 62 113 12 52 102
79 59 61 126 37 5
79 55 12 8 107 63
79 77 45 111 80 123
79 28 8 124 78 33
80 90 29 38 92 52
80 21 72 64 38 15
80 74 12 115 36 57
80 115 83 120 97 110
80 103 117 59 34 126
80 81 61 90 22 17
80 0 92 77 82 12
80 64 55 127 121 28
80 89 8 23 56 22
80 98 8 29 59 49
80 18 1 102 118 7
80 12 88 40 33 14
80 92 63 66 13 13
80 107 63 73 42 125
80 37 87 25 47 106
80 69 125 97 2 1
81 22 34 116 89 58
81 79 80 75 83 36
81 61 32 58 100 11
81 43 40 39 101 39
81 65 12 42 16 105
81 88 51 6 67 38
81 67 9 20 28 82
81 1 85 83 46 123
81 103 5 72 95 54
81 2 111 94 43 57
81 126 116 102 85 99
81 1 120 107 34 79
81 99 119 5 87 57
81 109 94 4 52 13
81 46 35 62 50 15
81 23 62 64 9 38
82 38 37 107 108 10
82 5 81 42 111 38
82 20 25 114 113 79
82 127 26 54 35 31
82 113 32 68 54 37
82 36 111 50 94 101
82 92 125 53 57 82
82 38 81 23 73 65
82 40 120 51 81 109
82 18 22 84 32 109
82 75 36 5 116 76
82 5 23 103 19 30
82 84 12 80 22 78
82 23 72 98 18 119
82 112 54 74 92 55
82 127 17 65 78 39
83 3 28 104 50 46
83 76 66 45 19 33
83 1 102 35 49 54
83 68 10 118 127 7
83 70 59 93 99 75
83 62 105 85 5 55
83 22 19 107 122 51
83 120 56 32 108 98
83 116 61 109 32 26
83 37 49 68 53 109
83 94 1 12 106 44
83 15 60 38 64 54
83 42 68 127 113 14
83 32 30 62 107 78
83 11 24 100 24 29
83 103 37 34 30 48
84 49 80 61 39 83
84 80 12 97 12 48
84 78 13 17 85 22
84 108 34 123 47 48
84 52 71 44 93 60
84 51 112 90 83 118
84 7 70 53 109 100
84 11 59 104 41 122
84 109 112 110 50 53
84 55 126 103 70 109
84 101 18 47 60 89
84 108 65 84 95 117
84 101 49 7 47 73
84 44 21 116 87 75
84 58 19 24 22 83
84 19 62 95 113 98
85 111 25 82 42 70
85 57 116 86 8 34
85 108 35 124 117 120
85 67 7 33 12 59
85 21 50 119 11 70
85 111 19 108 92 45
85 127 2 11 78 65
85 38 73 73 60 68
85 124 106 52 68 95
85 72 88 28 16 26
85 63 91 101 10 61
85 35 108 121 118 72
85 8 35 112 105 65
85 3 32 46 8 12
85 124 92 89 50 44
85 62 26 68 23 42
86 14 8 116 110 26
86 53 103 26 89 2
86 124 102 123 80 101
86 34 117 77 26 39
86 2 101 64 61 57
86 65 71 82 101 48
86 25 90 111 116 51
86 46 110 86 20 85
86 21 47 44 24 31
86 61 54 5 84 108
86 73 17 96 86 127
86 74 7 49 14 79
86 63 111 64 8 64
86 104 2 31 105 96
86 7 79 81 67 94
86 1 106 19 21 62
87 67 23 110 92 69
87 4 10 53 23 20
87 106 18 25 8 114
87 5 90 109 113 46
87 6 55 15 13 113
87 8 5 33 74 3
87 123 78 93 27 125
87 111 125 77 101 23
87 97 55 115 69 46
87 33 109 43 23 47
87 63 66 84 124 98
87 72 40 54 88 76
87 52 38 109 94 56
87 55 19 94 26 111
87 60 101 119 15 25
87 91 63 54 77 0
88 4 62 67 51 85
88 64 91 5 101 36
88 28 92 119 98 8
88 77 51 44 99 86
88 9 44 89 70 113
88 52 0 24 106 46
88 94 46 87 73 30
88 87 88 115 71 118
88 85 109 113 116 35
88 17 11 69 67 83
88 43 75 36 97 54
88 53 114 114 62 81
88 12 84 13 48 26
88 0 78 81 14 109
88 95 79 84 21 99
88 65 100 11 9 3
89 63 64 7 97 113
89 36 37 114 92 66
89 106 30 37 21 61
89 70 86 82 46 20
89 89 45 66 119 118
89 66 11 20 117 72
89 77 18 72 60 26
89 48 61 25 95 5
89 60 57 46 81 43
89 71 86 81 83 74
89 20 17 42 2 77
89 2 2 76 70 59
89 1 7 122 114 48
89 89 87 126 56 110
89 11 125 127 1 76
89 71 104 10 23 92
90 1 36 87 81 101
90 72 116 48 102 36
90 58 87 66 74 87
90 20 71 6 63 55
90 70 50 98 39 119
90 117 61 79 73 106
90 124 52 42 67 76
90 16 38 99 1 24
90 31 8 115 126 91
90 103 123 81 23 23
90 82 70 12 93 36
90 90 98 5 65 81
90 60 13 110 12 67
90 123 46 107 104 104
90 102 26 114 114 102
90 117 126 125 127 4
91 65 26 44 36 57
91 10 55 25 115 93
91 8 113 95 31 15
91 29 70 70 70 96
91 105 23 65 99 87
91 66 11 113 0 59
91 114 57 22 122 18
91 43 50 49 54 79
91 6 38 70 117 37
91 45 99 101 78 13
91 4 123 69 30 18
91 12 114 61 127 57
91 47 101 122 58 2
91 123 74 59 106 4
91 116 2 112 37 5
91 108 6 53 16 69
92 54 77 124 91 60
92 33 98 17 53 35
92 45 58 95 37 11
92 112 22 118 57 44
92 50 33 69 26 71
92 52 76 117 124 20
92 45 114 63 121 56
92 8 85 3 50 38
92 88 92 33 111 38
92 86 110 11 62 63
92 66 80 82 0 12
92 113 34 100 35 81
92 87 68 81 36 72
92 3 102 48 44 121
92 42 70 28 76 110
92 118 44 19 41 73
93 117 41 95 76 33
93 50 117 20 75 106
93 84 99 27 18 121
93 2 10 69 95 46
93 12 122 83 9 19
93 111 82 20 52 56
93 72 117 24 41 36
93 66 57 18 33 116
93 85 84 121 27 9
93 38 51 29 13 61
93 56 75 108 16 58
93 12 119 56 110 108
93 126 67 125 46 119
93 102 5 63 81 92
93 54 4 10 52 17
93 110 67 45 28 124
94 42 19 8 121 32
94 75 69 29 63 21
94 74 126 93 52 24
94 15 3 41 23 50
94 49 51 94 73 66
94 84 53 108 123 63
94 30 82 18 49 14
94 94 2 38 76 87
94 67 99 92 26 102
94 62 92 70 86 123
94 78 106 107 2 14
94 103 113 29 115 101
94 70 98 85 26 80
94 59 92 21 29 27
94 81 20 83 90 32
94 57 38 41 92 85
95 82 2 81 104 48
95 112 10 92 123 115
95 44 24 101 92 55
95 112 37 91 4 29
95 110 85 63 24 92
95 97 112 92 72 17
95 62 120 33 12 124
95 27 90 94 21 7
95 25 127 36 118 14
95 5 126 79 43 44
95 116 42 44 31 0
95 59 120 73 42 100
95 31 21 15 52 126
95 17 42 107 41 25
95 113 48 7 54 103
95 78 7 97 79 63
96 64 65 112 97 4
96 40 67 101 96 77
96 15 5 50 100 69
96 5 118 14 108 88
96 14 4 35 94 89
96 90 53 19 13 115
96 104 18 27 55 11
96 28 38 72 41 13
96 16 85 8 66 116
96 84 13 95 15 30
96 20 88 95 86 74
96 36 118 19 101 111
96 99 5 2 122 111
96 111 48 57 13 20
96 84 12 12 46 10
96 57 95 84 4 15
97 62 42 28 20 89
97 13 98 63 18 42
97 62 91 95 93 53
97 121 101 1 94 87
97 45 39 14 111 121
97 96 125 83 14 54
97 59 75 93 24 99
97 77 77 92 67 58
97 18 16 76 42 71
97 32 11 119 63 28
97 7 95 32 36 80
97 119 24 31 55 0
97 26 43 42 76 120
97 50 76 68 66 38
97 97 66 48 39 45
97 114 16 96 38 1
98 122 120 14 2 111
98 38 101 5 44 14
98 14 88 6 1 93
98 86 121 77 33 35
98 71 54 39 92 96
98 35 102 37 109 6
98 24 70 48 46 34
98 125 94 51 112 6
98 126 96 62 95 35
98 119 117 37 2 66
98 70 64 59 42 71
98 106 52 26 86 61
98 40 89 32 27 19
98 96 59 61 122 104
98 52 99 36 79 76
98 15 113 61 110 9
99 30 51 46 17 1
99 0 94 64 53 45
99 84 47 59 41 99
99 0 89 32 43 17
99 9 15 25 76 59
99 1 33 10 81 80
99 44 35 55 13 13
99 30 75 105 86 11
99 35 98 103 73 10
99 7 38 22 89 64
99 56 31 35 36 101
99 22 91 49 75 59
99 32 79 101 59 73
99 3 91 50 123 104
99 124 62 103 121 112
99 24 28 87 18 8
100 90 63 63 117 82
100 92 94 35 121 87
100 8 37 126 8 32
100 73 30 113 54 93
100 2 81 117 32 124
100 102 99 81 127 70
100 48 10 104 95 52
100 101 73 92 35 115
100 108 15 61 65 21
100 50 63 1 61 92
100 16 36 75 77 114
100 13 73 44 115 68
100 108 32 36 43 125
100 16 82 121 100 24
100 127 107 120 20 112
100 90 43 119 3 1
101 121 47 89 59 114
101 107 97 113 116 89
101 96 14 26 90 16
101 83 15 96 22 104
101 72 4 29 49 125
101 60 97 111 59 119
101 39 23 73 69 100
101 82 121 23 112 9
101 91 31 14 18 11
101 122 95 44 101 64
101 63 83 43 121 88
101 101 35 104 73 67
101 64 93 0 24 19
101 121 95 18 94 18
101 65 13 40 75 7
101 93 27 99 56 18
102 91 20 73 11 94
102 31 101 41 53 43
102 46 16 15 126 25
102 127 90 7 76 24
102 97 56 41 55 43
102 121 93 69 71 127
102 19 69 12 5 47
102 110 47 108 85 83
102 124 56 90 83 108
102 98 67 64 95 19
102 85 15 25 14 50
102 120 112 45 127 33
102 72 86 125 41 125
102 102 96 93 122 115
102 52 10 123 124 39
102 4 0 115 71 88
103 107 21 102 84 87
103 68 127 13 2 74
103 52 105 28 89 86
103 51 36 67 51 113
103 12 103 3 77 64
103 65 38 16 119 10
103 97 71 80 58 15
103 86 76 41 18 38
103 51 112 79 57 35
103 127 47 27 104 118
103 27 62 50 76 42
103 67 19 71 77 15
103 4 96 33 80 34
103 86 113 47 126 27
103 47 33 60 41 121
103 109 100 23 68 48
104 104 36 42 83 57
104 79 78 117 124 20
104 34 80 103 107 12
104 13 20 9 81 49
104 106 29 48 61 94
104 18 40 72 114 19
104 12 39 98 33 63
104 46 121 77 54 45
104 32 0 76 40 33
104 7 105 60 110 87
104 84 5 43 58 77
104 99 78 86 31 110
104 74 54 63 101 31
104 25 89 84 9 83
104 43 109 15 64 116
104 48 95 51 43 92
105 17 43 29 4 126
105 114 113 52 89 3
105 27 3 105 5 110
105 29 49 76 43 4
105 35 77 113 70 79
105 7 63 67 62 73
105 80 35 110 127 125
105 51 27 80 79 52
105 93 81 3 77 29
105 2 65 70 37 97
105 86 40 39 46 98
105 62 39 90 21 103
105 105 55 91 126 20
105 124 70 15 24 122
105 37 49 97 99 78
105 30 52 32 72 85
106 110 74 95 35 101
106 5 0 33 57 44
106 47 87 63 83 95
106 115 49 119 86 71
106 64 40 72 37 6
106 69 114 46 23 114
106 112 16 72 69 87
106 23 0 40 102 5
106 6 64 38 45 65
106 54 86 45 51 29
106 25 113 18 123 37
106 10 1 52 22 109
106 12 59 82 29 99
106 85 98 90 85 43
106 51 76 21 61 113
106 21 99 10 18 85
107 112 73 76 21 33
107 61 36 30 51 119
107 96 32 112 103 56
107 51 93 59 120 115
107 50 44 114 67 84
107 76 28 10 45 33
107 66 41 110 40 51
107 0 18 65 119 56
107 61 90 39 4 39
107 93 103 67 66 33
107 49 15 0 4 16
107 24 53 79 0 39
107 85 88 4 44 105
107 6 31 100 71 95
107 32 28 32 15 21
107 98 4 6 21 55
108 20 38 98 31 51
108 117 82 112 118 40
108 37 112 32 95 125
108 99 117 29 88 10
108 98 13 22 29 69
108 103 16 13 6 39
108 13 81 19 83 33
108 78 108 73 6 23
108 100 31 14 20 43
108 122 60 119 61 12
108 87 61 90 119 84
108 50 92 27 65 112
108 81 122 74 67 0
108 58 60 84 113 5
108 73 104 120 41 92
108 104 119 97 38 69
109 6 1 68 61 89
109 69 81 124 4 72
109 91 126 89 82 9
109 19 116 110 4 85
109 41 17 85 74 126
109 12 97 86 66 38
109 61 80 33 68 12
109 87 106 59 69 92
109 117 66 4 10 41
109 65 57 79 29 24
109 79 111 7 20 31
109 94 50 33 103 114
109 91 46 108 45 25
109 37 75 125 119 19
109 25 45 11 66 123
109 32 21 24 84 4
110 79 84 65 78 28
110 3 50 119 103 87
110 48 1 6 123 14
110 11 31 96 19 60
110 58 63 78 8 27
110 58 89 8 11 91
110 49 121 75 114 70
110 96 95 87 64 41
110 81 65 94 54 0
110 14 51 45 127 23
110 56 123 29 27 58
110 65 99 122 98 37
110 70 105 92 52 114
110 26 24 25 17 79
110 100 43 86 82 98
110 40 53 68 89 2
111 116 102 17 127 47
111 106 7 26 42 112
111 119 57 34 115 88
111 123 33 45 5 53
111 101 42 14 25 54
111 37 76 80 71 50
111 112 9 2 104 119
111 64 59 6 7 105
111 100 63 106 115 90
111 55 78 35 49 42
111 6 46 5 75 82
111 65 10 72 113 35
111 50 23 98 38 60
111 109 96 59 106 111
111 88 13 62 18 42
111 125 72 49 31 12
112 77 68 121 7 116
112 115 42 0 95 57
112 34 22 38 19 51
112 112 87 37 42 47
112 71 30 108 109 23
112 78 29 85 34 90
112 126 22 90 119 21
112 124 75 62 71 59
112 92 120 114 39 123
112 117 58 87 48 40
112 94 83 4 39 32
112 105 35 60 97 124
112 23 47 67 3 62
112 9 91 15 1 55
112 78 117 17 102 90
112 50 3 102 5 26
113 5 19 110 84 90
113 68 1 101 5 89
113 77 113 96 6 100
113 9 122 127 87 111
113 71 112 3 71 12
113 110 45 125 114 25
113 34 12 81 82 29
113 30 2 32 0 52
113 57 35 76 45 23
113 38 63 114 4 28
113 95 120 16 95 51
113 62 79 102 86 16
113 66 25 91 56 46
113 38 69 109 60 36
113 56 35 97 28 106
113 7 48 71 93 58
114 104 88 73 27 111
114 19 114 56 99 83
114 42 63 121 9 27
114 35 30 14 122 92
114 33 41 40 114 102
114 80 122 30 124 18
114 57 120 35 34 116
114 101 104 57 17 22
114 86 55 69 23 57
114 41 79 125 111 80
114 78 109 78 43 39
114 112 95 18 99 92
114 33 48 57 39 76
114 47 9 96 86 34
114 91 127 49 85 83
114 2 15 100 22 4
115 17 3 103 55 69
115 127 77 94 1 110
115 54 52 44 60 34
115 83 48 19 89 96
115 43 28 26 76 12
115 78 121 58 100 112
115 17 60 25 102 62
115 43 86 8 20 95
115 108 106 110 7 110
115 63 31 44 123 0
115 29 54 44 63 37
115 35 67 117 38 61
115 113 89 92 71 111
115 75 94 53 74 67
115 63 32 37 7 95
115 109 97 93 118 36
116 104 105 81 14 125
116 82 93 8 100 107
116 30 10 68 63 61
116 7 119 4 63 69
116 84 22 2 65 127
116 113 116 110 15 22
116 78 57 36 29 34
116 21 52 99 127 105
116 123 83 26 61 127
116 118 59 113 117 120
116 42 52 119 94 116
116 26 118 72 113 74
116 111 33 80 4 46
116 82 78 117 103 32
116 83 67 41 0 30
116 87 17 78 91 58
117 1 123 75 126 6
117 79 51 3 3 80
117 99 19 35 65 104
117 37 127 3 61 10
117 14 21 74 66 19
117 62 78 56 121 81
117 20 4 24 21 82
117 63 20 87 106 92
117 75 110 94 31 49
117 40 15 109 85 54
117 65 102 116 39 52
117 96 52 124 35 76
117 52 78 107 97 25
117 54 30 74 59 2
117 61 62 3 27 40
117 85 80 119 35 28
118 6 116 116 14 1
118 24 123 121 61 114
118 123 93 86 98 110
118 28 53 47 21 105
118 63 116 120 101 76
118 5 110 107 68 49
118 126 28 83 39 37
118 97 49 104 12 24
118 65 127 52 3 16
118 15 109 30 30 14
118 61 20 101 120 107
118 103 100 87 106 103
118 7 34 56 60 42
118 0 44 75 106 30
118 19 4 66 74 24
118 65 46 5 2 31
119 31 51 42 74 94
119 11 36 76 42 82
119 108 21 109 68 2
119 38 96 106 76 80
119 95 49 102 32 29
119 109 112 20 113 22
119 16 28 83 10 95
119 121 47 72 94 118
119 25 73 88 103 17
119 34 11 17 79 102
119 33 14 52 112 113
119 120 65 25 85 50
119 104 97 54 59 44
119 66 125 45 43 7
119 102 104 39 114 118
119 94 3 127 120 106
120 123 121 22 32 98
120 119 15 31 83 42
120 107 4 111 91 120
120 14 1 124 45 113
120 126 12 65 73 103
120 83 24 37 18 6
120 28 37 116 16 1
120 95 5 103 64 79
120 74 55 118 108 108
120 60 40 90 4 68
120 127 110 37 113 116
120 24 24 54 108 111
120 35 43 3 90 36
120 2 124 39 80 109
120 51 8 41 106 44
120 16 29 94 52 31
121 52 2 10 17 81
121 8 72 71 9 99
121 86 60 51 58 19
121 105 45 20 103 33
121 11 29 20 14 46
121 117 56 70 48 74
121 115 65 38 29 2
121 107 89 78 51 76
121 38 29 101 123 12
121 0 67 117 0 107
121 40 122 6 32 78
121 53 25 36 76 18
121 24 36 28 54 121
121 3 22 83 72 47
121 55 17 115 36 53
121 15 66 22 116 109
122 82 52 30 62 46
122 69 58 13 96 56
122 25 36 57 116 10
122 63 4 40 79 3
122 89 84 106 69 56
122 75 92 91 63 32
122 107 38 101 67 105
122 100 68 123 87 27
122 101 91 43 33 57
122 89 115 73 81 103
122 69 121 51 57 65
122 16 41 14 110 98
122 114 19 106 38 99
122 29 29 27 70 108
122 48 126 93 88 76
122 48 103 62 4 98
123 81 8 2 124 28
123 74 89 93 30 8
123 106 30 10 74 21
123 8 44 50 2 56
123 76 114 32 5 3
123 49 62 101 85 55
123 62 11 88 6 59
123 41 97 96 65 52
123 74 13 42 77 88
123 89 12 5 84 102
123 31 3 42 6 45
123 70 7 52 7 118
123 54 50 42 82 84
123 16 42 24 121 15
123 119 70 42 104 85
123 119 39 111 62 102
124 80 106 7 8 40
124 106 6 114 109 46
124 57 107 107 71 115
124 51 30 16 60 114
124 48 76 17 64 15
124 78 115 34 20 123
124 8 122 113 120 36
124 82 84 19 118 20
124 87 24 20 27 11
124 87 114 83 100 18
124 10 6 113 2 50
124 79 86 112 65 123
124 122 106 120 66 83
124 127 3 55 98 60
124 26 68 85 1 123
124 86 15 49 42 47
125 8 113 121 119 0
125 67 125 114 94 35
125 22 95 30 42 90
125 36 112 10 64 22
125 114 83 16 105 64
125 80 105 71 3 44
125 71 76 65 112 100
125 29 124 102 13 32
125 23 17 65 11 24
125 60 69 82 16 102
125 116 118 14 60 70
125 93 127 36 66 96
125 59 70 53 18 98
125 47 118 28 65 95
125 113 31 9 43 108
125 97 36 58 59 61
126 127 73 117 112 16
126 18 94 59 44 127
126 42 117 23 40 91
126 117 16 8 60 118
126 10 2 56 4 110
126 58 102 116 47 60
126 34 0 107 50 31
126 64 15 123 47 88
126 111 103 80 109 60
126 116 69 87 54 121
126 11 82 83 48 118
126 9 68 4 109 24
126 41 5 67 102 66
126 4 16 55 108 66
126 97 13 60 110 85
126 100 29 108 21 74
127 37 11 16 77 90
127 14 66 56 66 38
127 70 116 94 29 16
127 30 96 102 22 11
127 107 94 37 67 74
127 31 69 59 55 20
127 76 58 27 69 13
127 108 61 83 14 56
127 29 17 122 7 38
127 24 69 78 85 115
127 117 74 43 96 59
127 57 51 50 55 112
127 39 83 96 8 108
127 3 31 127 100 126
127 1 112 85 12 8
127 54 4 23 36 119
