0 1.2762720155208536 0 5200 -0.0072664544573970372 0.52518218224173219
0 1.2762720155208536 1 4400 -0.0071014098756525274 0.52871846759108898
0 1.2762720155208536 2 4944 -0.0069889247291632772 0.5239301385941636
0 1.2762720155208536 3 5776 -0.007003493325510847 0.52046380346366272
0 1.2762720155208536 4 5856 -0.00704399766298311 0.5265403891427991
0 1.2762720155208536 5 4576 -0.0070511020493795656 0.51631809951143925
0 1.2762720155208536 6 5552 -0.007339688740334323 0.52237281840082772
0 1.2762720155208536 7 5616 -0.0071686188972772298 0.52128919934484508
0 1.2762720155208536 8 5664 -0.0068709916735020943 0.51726041219585861
0 1.2762720155208536 9 5360 -0.0072138523386391686 0.52357579978318336
0 1.2762720155208536 10 5776 -0.0069128481974462461 0.51789947564261918
0 1.2762720155208536 11 5520 -0.0071180975114646826 0.5253647677974006
0 1.2762720155208536 12 5280 -0.0070991111571545047 0.5251253985943628
0 1.2762720155208536 13 4032 -0.0070479051200210948 0.52196508534077757
0 1.2762720155208536 14 3968 -0.006608528419105187 0.51694823686929692
0 1.2762720155208536 15 4240 -0.0070658384859003448 0.5228890482919436
0 1.2762720155208536 16 4736 -0.0069172578283469384 0.52352434789066271
0 1.2762720155208536 17 5248 -0.0069520668474651716 0.52327181657853428
0 1.2762720155208536 18 5296 -0.0068842669588600773 0.52437553830063655
0 1.2762720155208536 19 5296 -0.0067727495244618956 0.51738549380690191
0 1.2762720155208536 20 5008 -0.0070037725303278876 0.51981802179159464
0 1.2762720155208536 21 4624 -0.0073207242758413079 0.52278508285661485
0 1.2762720155208536 22 5312 -0.0069992175256131861 0.52430847117011414
0 1.2762720155208536 23 5088 -0.0072840451773401116 0.52238318966964115
0 1.2762720155208536 24 5408 -0.0071425272208309031 0.52494786376374014
0 1.2762720155208536 25 5120 -0.0069874724009234262 0.52483816879045775
0 1.2762720155208536 26 5200 -0.0068625317663498888 0.51880136998978177
0 1.2762720155208536 27 5232 -0.0070117199309882696 0.52121118388047893
0 1.2762720155208536 28 5456 -0.0069700280621579789 0.52008766819988783
0 1.2762720155208536 29 5360 -0.0068822462776168859 0.52068392464365931
0 1.2762720155208536 30 5344 -0.0070104085322795001 0.52724099366109356
0 1.2762720155208536 31 5056 -0.0070930913194996803 0.5241301817204721
0 1.2762720155208536 32 4880 -0.007119738230124505 0.52003387398343071
0 1.2762720155208536 33 5008 -0.0069483408358849055 0.52329426438084836
0 1.2762720155208536 34 4912 -0.0069347868144638966 0.52291381260191649
0 1.2762720155208536 35 4992 -0.0070785598058346923 0.52058189276573863
0 1.2762720155208536 36 3904 -0.0071832860827044662 0.52708186561907777
0 1.2762720155208536 37 5488 -0.0070896215872618589 0.51864454334584498
0 1.2762720155208536 38 5088 -0.0073778098694068346 0.52210431839798432
0 1.2762720155208536 39 5248 -0.0069945692713785385 0.52244358474762109
0 1.2762720155208536 40 4720 -0.0071588164037328034 0.52156530595877504
0 1.2762720155208536 41 4848 -0.0070073570988217378 0.52876994918538189
0 1.2762720155208536 42 5392 -0.0068635400173262346 0.52496428086663061
0 1.2762720155208536 43 5328 -0.007055651117831698 0.52560558302147509
0 1.2762720155208536 44 5008 -0.0067186268973164123 0.52346402379355328
0 1.2762720155208536 45 5520 -0.0066574159932035748 0.52407610371171476
0 1.2762720155208536 46 5712 -0.0070745155496869617 0.52071276429309132
0 1.2762720155208536 47 5536 -0.006537473089797817 0.52044063280899477
0 1.2762720155208536 48 5360 -0.0071683490268341287 0.52224473200628885
0 1.2762720155208536 49 5408 -0.0071144698610894523 0.5225579371309359
0 1.2762720155208536 50 5600 -0.0070789726004501854 0.52218239416936585
0 1.2762720155208536 51 5456 -0.0068111979659446001 0.52135722682577046
0 1.2762720155208536 52 5776 -0.0070729435779204623 0.52447291734029655
0 1.2762720155208536 53 5584 -0.0069942664733537822 0.52547523460969592
0 1.2762720155208536 54 5952 -0.0070903176538772913 0.52596679966113435
0 1.2762720155208536 55 5920 -0.0071912169154569397 0.52105692947217364
0 1.2762720155208536 56 5776 -0.0068820884114999623 0.52466671740699122
0 1.2762720155208536 57 5744 -0.0072336669219384593 0.52429459562281444
0 1.2762720155208536 58 5840 -0.0069844494595078669 0.52452166667887534
0 1.2762720155208536 59 5840 -0.0066236641497808228 0.52058550697933414
0 1.2762720155208536 60 5984 -0.0069819924118056783 0.5241528237769798
0 1.2762720155208536 61 5760 -0.006805287516043295 0.52561002111652133
0 1.2762720155208536 62 5648 -0.0073807507238059364 0.52336519418566385
0 1.2762720155208536 63 5536 -0.0069885588672017902 0.52344106062865814
