0 1.2762720155208536 0 5584 -0.0070976569513820737 0.52733815468804779
0 1.2762720155208536 1 5568 -0.0071588925161875832 0.52475269041081463
0 1.2762720155208536 2 5600 -0.0071217788924305492 0.52955987162645579
0 1.2762720155208536 3 5936 -0.006974874595590176 0.5239952285183106
0 1.2762720155208536 4 5776 -0.0067427544918291157 0.51678692375753066
0 1.2762720155208536 5 5760 -0.0070421807886699283 0.52178345949147664
0 1.2762720155208536 6 5504 -0.0074315648674062014 0.52281963014490929
0 1.2762720155208536 7 5440 -0.0069061465385914815 0.52683338036844329
0 1.2762720155208536 8 5216 -0.0066478021075595242 0.51722007405559245
0 1.2762720155208536 9 5328 -0.0068563746980139055 0.52467883381240754
0 1.2762720155208536 10 5536 -0.0070002147869830745 0.52550424385528294
0 1.2762720155208536 11 5488 -0.0070107853993171161 0.52390613685391951
0 1.2762720155208536 12 5344 -0.0069434404474960172 0.52437049248855017
0 1.2762720155208536 13 5456 -0.0069961935565869731 0.52000828953030043
0 1.2762720155208536 14 5312 -0.0070805509865118259 0.51894028985482044
0 1.2762720155208536 15 5136 -0.0067020986601054175 0.52063211312548463
0 1.2762720155208536 16 4848 -0.0069931057810434264 0.52119708115236574
0 1.2762720155208536 17 5072 -0.007205380791305593 0.52102443369048324
0 1.2762720155208536 18 5184 -0.0071024706082005633 0.5251983915509022
0 1.2762720155208536 19 4848 -0.0073175670365492815 0.52568309004833014
0 1.2762720155208536 20 5232 -0.0072323999968568579 0.52298977925876744
0 1.2762720155208536 21 5536 -0.0073692627511662834 0.52770085696847691
0 1.2762720155208536 22 5616 -0.0070626439788393051 0.52434214696950776
0 1.2762720155208536 23 5600 -0.0070196495154034554 0.52748503300413452
0 1.2762720155208536 24 5728 -0.0068235647020603429 0.51612115346567533
0 1.2762720155208536 25 5728 -0.0072002359698601186 0.51700558528373664
0 1.2762720155208536 26 5632 -0.0068912457129821749 0.52756238107026998
0 1.2762720155208536 27 5520 -0.0067907185176138514 0.51959439151715747
0 1.2762720155208536 28 5680 -0.0072876646017041866 0.52492172383365132
0 1.2762720155208536 29 5616 -0.0067318686620880157 0.52313341432562799
0 1.2762720155208536 30 5520 -0.007204525165457022 0.52849283871088071
0 1.2762720155208536 31 5648 -0.006936888059539373 0.52335095284643829
0 1.2762720155208536 32 5664 -0.0068236905628548559 0.52182183168679452
0 1.2762720155208536 33 5712 -0.006988562049671701 0.52821443754189967
0 1.2762720155208536 34 5520 -0.0071789145975287814 0.52741463431526825
0 1.2762720155208536 35 5632 -0.0071460418881855396 0.52119225884794274
0 1.2762720155208536 36 5632 -0.0070084927289755152 0.52220871459542462
0 1.2762720155208536 37 5600 -0.0070013277820222316 0.52588862350261167
0 1.2762720155208536 38 5680 -0.0070888894747873164 0.52547169328759191
0 1.2762720155208536 39 5600 -0.0071521460075121054 0.52531844516394699
0 1.2762720155208536 40 5664 -0.0071787192772697897 0.5221486558872811
0 1.2762720155208536 41 5744 -0.0071554063081934105 0.52334178874978809
0 1.2762720155208536 42 5568 -0.0071366391787455949 0.52194628131134402
0 1.2762720155208536 43 5680 -0.0068773316728292953 0.52773321588598776
0 1.2762720155208536 44 5632 -0.0070926701149707037 0.52390772083293635
0 1.2762720155208536 45 5616 -0.0069867853995995918 0.52606847782951394
0 1.2762720155208536 46 5664 -0.0069556193139709982 0.52551035325194606
0 1.2762720155208536 47 5632 -0.0069867021706467771 0.5167074924078181
0 1.2762720155208536 48 5648 -0.0069541472565822979 0.52092984531751718
0 1.2762720155208536 49 5664 -0.0069859063630307939 0.5185633285493555
0 1.2762720155208536 50 5600 -0.0071425456033439453 0.52498638575889089
0 1.2762720155208536 51 4112 -0.0069386685400386 0.52311575342855698
0 1.2762720155208536 52 5536 -0.0070642803828833726 0.52418849616232477
0 1.2762720155208536 53 5280 -0.0066912882357662365 0.52222448789545195
0 1.2762720155208536 54 5296 -0.0070855387685032087 0.52307509136250319
0 1.2762720155208536 55 5264 -0.0070312335284103194 0.52321287607139466
0 1.2762720155208536 56 5392 -0.0069073293522527055 0.52147046317118562
0 1.2762720155208536 57 5504 -0.0071189957372125006 0.52514820129451545
0 1.2762720155208536 58 5392 -0.0069813302619359903 0.5286090492053791
0 1.2762720155208536 59 5408 -0.007233416440254793 0.52622022958438286
0 1.2762720155208536 60 5408 -0.006845466785388366 0.52012071108969282
0 1.2762720155208536 61 5520 -0.0069822854190828201 0.52535697947874627
0 1.2762720155208536 62 5488 -0.0072469293824896294 0.52824954462321883
0 1.2762720155208536 63 5440 -0.0068076565231975604 0.52082370509823528
