0 0 0 392016 0 0.66581978648454032
0 0 1 407392 0 0.66579870747651848
0 0 2 417984 0 0.66770201301903975
0 0 3 410816 0 0.66658069741707748
0 0 4 368288 0 0.66906017280786378
0 0 5 401680 0 0.66652887590028143
0 0 6 415840 0 0.66531267815980644
0 0 7 408672 0 0.6670530646828231
0 0 8 299552 0 0.66693037813539124
0 0 9 410240 0 0.66524263272486106
0 0 10 414320 0 0.66647248064127085
0 0 11 368448 0 0.666326882940531
0 0 12 295888 0 0.66763311924716162
0 0 13 391088 0 0.66659966981204988
0 0 14 408704 0 0.66445502568163683
0 0 15 301600 0 0.66635957335144069
0 0 16 348304 0 0.66654511219550661
0 0 17 351888 0 0.66708037782048879
0 0 18 371328 0 0.66763199542449492
0 0 19 326752 0 0.66515456994161171
0 0 20 297888 0 0.66779575957231074
0 0 21 298064 0 0.66463523794010748
0 0 22 308928 0 0.66679228349589703
0 0 23 428800 0 0.66610153280827955
0 0 24 453664 0 0.66682452322436103
0 0 25 462512 0 0.66546669555131777
0 0 26 416336 0 0.66706827632510901
0 0 27 455616 0 0.66599517542161868
0 0 28 456432 0 0.66676142686110818
0 0 29 416320 0 0.66816852899767676
0 0 30 380560 0 0.66556067182157064
0 0 31 405120 0 0.66805116184743341
0 0 32 424448 0 0.66637898366046522
0 0 33 434448 0 0.66603663604635988
0 0 34 407232 0 0.66529143283545478
0 0 35 446176 0 0.66718185020374499
0 0 36 434496 0 0.66624009993262923
0 0 37 419696 0 0.66604597901296336
0 0 38 442000 0 0.66674413888105954
0 0 39 443232 0 0.66832112747925165
0 0 40 456592 0 0.66687205015896256
0 0 41 407680 0 0.6653777839818773
0 0 42 432544 0 0.66579887981853669
0 0 43 451728 0 0.66682126223299532
0 0 44 454800 0 0.66481414419317664
0 0 45 430976 0 0.66671237764182578
0 0 46 424800 0 0.66579850471180269
0 0 47 431728 0 0.66609276558988695
0 0 48 433600 0 0.66603606481552946
0 0 49 422160 0 0.66538977472993233
0 0 50 453120 0 0.6682282147194688
0 0 51 457648 0 0.66685853571651499
0 0 52 425424 0 0.66491540372862978
0 0 53 444128 0 0.66850849923925493
0 0 54 449712 0 0.66716769439877577
0 0 55 453552 0 0.66946619188212431
0 0 56 366640 0 0.66796527298171016
0 0 57 284528 0 0.66458864897189485
0 0 58 377360 0 0.6677909969738135
0 0 59 452928 0 0.66705113833594831
0 0 60 433056 0 0.66632024420501756
0 0 61 415744 0 0.66667325652463005
0 0 62 434384 0 0.66925109522371284
0 0 63 412432 0 0.66663289026046091
