0 0 2 57 33 20
0 29 41 50 62 17
0 13 13 1 54 30
0 23 17 37 0 14
0 45 9 6 3 36
0 42 55 1 38 1
0 55 50 15 25 60
0 56 47 31 24 17
0 49 26 29 15 58
0 15 28 38 18 26
0 50 34 8 24 13
0 10 5 30 8 5
0 17 48 24 0 10
0 19 0 57 18 36
0 53 29 38 0 44
0 22 51 52 46 37
0 44 56 55 33 48
0 45 37 50 40 44
0 54 43 33 28 26
0 44 6 63 40 30
0 3 33 23 43 12
0 28 0 50 38 36
0 34 43 42 40 43
0 31 7 63 47 58
0 54 52 27 44 57
0 41 7 45 5 4
0 1 58 40 48 47
0 16 58 43 41 18
0 49 51 38 30 2
0 49 19 59 43 10
0 15 55 13 26 6
0 61 10 14 27 39
1 25 23 58 19 52
1 24 48 32 37 54
1 31 40 33 60 29
1 10 29 12 56 56
1 4 25 5 40 28
1 36 60 20 60 20
1 41 34 17 34 15
1 36 59 17 39 57
1 31 44 8 10 43
1 42 19 19 63 0
1 38 45 5 61 25
1 61 1 6 29 52
1 39 56 42 8 45
1 26 8 14 60 24
1 51 30 37 34 57
1 23 34 31 28 17
1 33 11 24 42 38
1 18 26 21 27 23
1 19 37 49 43 10
1 50 52 26 17 43
1 45 10 45 42 39
1 35 57 62 47 27
1 60 19 42 41 22
1 53 17 61 5 4
1 20 32 12 51 51
1 49 21 8 23 43
1 34 0 20 18 28
1 47 56 7 9 55
1 11 14 49 5 43
1 48 5 29 0 32
1 0 21 60 43 22
1 29 50 22 44 10
2 31 60 56 9 28
2 63 44 9 4 24
2 28 21 5 42 38
2 22 52 58 31 11
2 33 51 53 8 1
2 21 41 28 38 5
2 30 58 55 58 25
2 33 57 15 42 28
2 48 31 5 5 38
2 32 2 9 30 15
2 18 35 47 61 22
2 30 12 41 29 5
2 18 56 17 1 53
2 11 0 16 26 37
2 59 5 63 8 57
2 26 48 22 12 46
2 14 44 61 56 2
2 45 11 13 53 31
2 24 59 46 37 49
2 42 43 53 2 49
2 4 4 55 54 44
2 42 12 39 52 51
2 10 4 44 19 36
2 20 32 59 39 34
2 42 0 51 26 49
2 17 13 20 40 22
2 42 17 36 51 41
2 53 30 16 7 16
2 32 16 41 23 58
2 22 48 0 63 16
2 1 28 44 54 8
2 57 50 59 27 63
3 13 37 54 10 9
3 46 40 40 24 22
3 4 62 13 41 43
3 63 33 63 31 38
3 46 37 9 5 33
3 52 60 8 25 3
3 28 28 21 42 51
3 25 12 37 5 15
3 62 37 52 27 59
3 56 26 18 14 53
3 33 3 62 61 29
3 51 18 10 13 49
3 61 16 5 38 60
3 15 26 23 61 17
3 3 36 32 6 11
3 54 35 58 40 31
3 57 19 5 61 44
3 47 60 10 44 23
3 56 59 55 42 27
3 17 4 22 7 29
3 58 42 37 37 43
3 7 59 5 44 48
3 55 9 29 58 2
3 27 0 22 61 53
3 41 5 22 17 1
3 15 44 41 30 48
3 44 13 51 54 7
3 9 43 30 40 15
3 17 32 28 43 43
3 57 32 52 18 54
3 4 6 34 34 0
3 7 27 18 15 55
4 44 10 56 29 36
4 37 13 19 59 63
4 45 37 13 29 42
4 38 53 39 36 46
4 9 4 61 63 51
4 39 54 39 3 19
4 56 17 51 46 56
4 29 26 58 28 25
4 32 54 14 57 49
4 12 52 55 47 62
4 41 22 50 5 58
4 21 46 51 4 21
4 36 22 21 41 59
4 48 9 45 14 6
4 27 32 54 36 54
4 9 29 16 16 30
4 32 33 6 15 5
4 17 53 56 44 16
4 18 55 38 24 26
4 27 2 3 15 47
4 39 31 56 56 41
4 44 61 57 6 53
4 46 63 20 37 20
4 9 60 31 35 61
4 8 29 13 9 41
4 13 33 22 1 26
4 62 23 35 39 63
4 4 34 38 1 45
4 35 32 28 37 63
4 48 23 9 60 9
4 12 31 45 1 9
4 15 63 36 63 18
5 3 50 6 29 40
5 53 40 1 50 24
5 61 55 10 57 40
5 34 47 54 59 34
5 43 40 12 55 45
5 10 27 12 3 5
5 31 52 2 40 11
5 46 28 23 17 11
5 7 40 41 24 4
5 48 24 48 34 54
5 10 52 24 26 35
5 2 59 3 12 28
5 27 59 18 24 34
5 30 46 29 27 58
5 21 29 27 1 62
5 0 26 31 53 5
5 6 34 49 50 30
5 19 63 55 9 7
5 25 41 61 49 38
5 33 1 1 45 18
5 28 16 48 11 39
5 27 19 41 10 32
5 39 13 41 34 62
5 21 63 61 4 32
5 50 61 27 31 19
5 29 63 44 51 40
5 62 44 17 3 58
5 12 12 40 26 50
5 54 23 26 3 33
5 11 35 56 6 55
5 39 56 39 31 12
5 51 21 41 26 25
6 16 34 4 40 30
6 56 54 36 62 20
6 59 38 37 56 17
6 9 52 30 43 39
6 16 11 18 10 48
6 55 21 29 1 57
6 7 46 55 58 58
6 61 25 55 30 4
6 27 14 44 31 43
6 26 20 26 45 56
6 1 15 11 45 25
6 35 43 41 44 13
6 55 11 50 20 53
6 7 46 58 8 8
6 28 59 12 25 37
6 5 40 22 50 35
6 2 24 45 37 15
6 5 37 10 27 29
6 6 53 5 51 33
6 44 59 59 51 26
6 35 63 1 13 17
6 1 45 25 58 18
6 27 38 44 5 57
6 43 21 14 52 18
6 33 24 61 61 61
6 22 39 47 9 28
6 8 44 56 19 63
6 37 19 57 56 20
6 42 18 35 35 61
6 20 11 2 27 51
6 13 44 10 50 56
6 30 39 59 20 45
7 12 32 54 25 36
7 5 63 40 29 31
7 24 6 15 29 40
7 7 28 51 6 26
7 31 17 57 36 60
7 61 26 54 31 0
7 2 33 38 22 57
7 7 60 1 24 58
7 38 36 41 56 4
7 57 42 36 24 1
7 0 44 29 60 2
7 10 10 8 61 8
7 47 31 43 26 3
7 6 59 6 28 37
7 54 40 62 17 55
7 55 61 50 59 61
7 46 44 28 55 0
7 43 23 29 32 49
7 8 41 32 61 35
7 2 34 33 37 59
7 31 14 61 41 46
7 19 42 25 47 25
7 3 38 26 24 7
7 44 38 20 15 63
7 22 48 9 6 0
7 15 20 58 0 8
7 28 50 30 3 60
7 14 54 56 52 54
7 9 31 26 34 49
7 32 8 33 9 57
7 28 1 46 57 9
7 40 62 42 59 31
8 4 0 48 61 35
8 10 13 17 33 14
8 2 0 29 49 33
8 50 11 59 1 19
8 27 54 46 20 2
8 56 31 43 34 11
8 46 44 20 15 28
8 9 0 44 45 35
8 20 12 33 43 30
8 20 51 0 58 26
8 35 44 38 24 40
8 52 29 22 40 51
8 60 55 60 54 45
8 0 7 47 58 25
8 21 48 48 60 62
8 0 32 19 1 24
8 18 1 7 21 0
8 59 57 56 20 54
8 37 41 40 35 11
8 9 25 17 60 16
8 43 11 40 32 38
8 62 14 40 37 60
8 31 20 26 20 32
8 22 9 22 39 0
8 61 50 1 30 20
8 8 57 16 28 33
8 12 13 49 2 62
8 62 34 38 6 15
8 13 14 18 8 38
8 18 21 25 54 34
8 42 30 23 15 29
8 26 63 19 55 1
9 4 11 22 14 31
9 13 6 50 11 46
9 52 50 53 13 11
9 53 33 52 54 16
9 33 5 31 43 6
9 5 38 8 0 11
9 25 43 14 13 49
9 58 36 4 42 25
9 49 8 27 12 50
9 36 50 28 50 62
9 10 50 57 52 38
9 32 51 35 10 26
9 50 57 62 29 35
9 28 14 34 36 39
9 21 44 35 51 53
9 40 58 27 40 27
9 53 26 9 42 15
9 14 12 23 54 43
9 6 1 62 63 4
9 6 46 59 59 35
9 34 4 27 58 63
9 47 44 14 42 35
9 1 57 37 17 31
9 26 1 53 19 7
9 0 61 28 52 12
9 29 21 11 54 60
9 5 41 33 16 14
9 53 32 12 61 30
9 62 46 29 51 43
9 20 21 9 1 21
9 2 32 44 3 4
9 15 3 42 29 25
10 15 30 58 47 7
10 19 63 53 23 60
10 51 46 57 11 52
10 26 1 42 14 62
10 18 42 38 25 46
10 38 33 54 23 25
10 26 59 11 59 1
10 56 35 3 37 1
10 23 59 32 34 26
10 14 39 60 20 30
10 16 6 60 63 55
10 15 41 63 15 40
10 22 8 52 42 21
10 36 25 35 9 48
10 39 26 42 39 2
10 5 24 22 12 9
10 22 18 14 14 32
10 59 0 26 0 39
10 37 56 8 43 20
10 25 11 25 14 23
10 6 33 7 43 39
10 8 40 22 13 0
10 36 62 56 19 12
10 62 38 7 11 42
10 50 25 39 41 2
10 5 49 44 16 10
10 9 55 14 25 28
10 58 61 57 53 28
10 23 28 21 57 14
10 40 59 38 7 35
10 17 32 47 6 54
10 42 22 55 32 14
11 42 63 26 50 12
11 29 1 59 22 50
11 58 18 54 28 33
11 29 37 57 48 31
11 16 27 18 49 38
11 24 3 32 36 48
11 19 47 2 53 34
11 53 56 57 40 18
11 9 13 53 35 55
11 31 61 48 15 57
11 36 24 48 48 11
11 45 51 4 55 9
11 60 41 24 11 49
11 41 44 46 58 55
11 40 52 15 16 7
11 16 2 40 6 54
11 52 16 27 31 62
11 31 20 60 61 29
11 16 53 12 62 60
11 31 42 36 11 0
11 38 53 46 16 10
11 2 61 9 58 26
11 54 54 42 7 61
11 33 21 21 17 25
11 7 55 27 41 2
11 63 60 9 63 1
11 60 3 19 49 51
11 3 53 38 13 3
11 31 11 2 31 21
11 51 21 28 13 11
11 38 19 38 60 56
11 32 43 4 51 24
12 57 45 63 34 3
12 58 32 20 0 42
12 23 13 58 54 34
12 8 30 18 49 39
12 32 1 5 44 3
12 35 62 21 22 36
12 6 39 26 10 19
12 60 17 37 32 36
12 43 0 56 11 27
12 15 24 54 22 17
12 27 34 28 16 12
12 36 55 62 40 44
12 17 34 59 16 42
12 36 35 6 23 43
12 23 35 50 47 54
12 40 4 22 14 52
12 52 30 2 4 59
12 51 34 49 49 12
12 8 63 39 16 11
12 51 9 16 21 40
12 7 40 55 61 11
12 21 60 53 55 45
12 13 5 62 24 46
12 56 10 51 55 18
12 50 31 26 60 56
12 5 17 51 45 34
12 19 31 39 41 59
12 8 46 22 11 10
12 32 33 7 29 63
12 6 18 17 1 18
12 40 45 37 20 23
12 54 7 37 30 24
13 3 62 62 56 22
13 0 37 38 35 44
13 11 50 4 59 42
13 46 8 6 13 49
13 5 5 15 13 34
13 55 2 33 59 57
13 4 14 43 44 44
13 55 9 2 27 46
13 22 17 31 23 50
13 38 12 50 4 40
13 45 23 52 34 47
13 25 29 50 24 9
13 10 23 24 19 50
13 31 57 32 40 22
13 51 8 57 45 25
13 17 30 45 0 34
13 30 31 14 4 18
13 3 38 34 46 18
13 47 27 1 58 28
13 32 8 27 5 16
13 48 15 34 23 47
13 22 51 61 58 46
13 60 4 31 21 31
13 49 62 21 57 13
13 3 26 39 2 12
13 14 40 58 52 15
13 35 26 45 25 59
13 47 4 11 48 56
13 43 31 18 57 0
13 52 20 17 50 16
13 25 35 0 32 50
13 46 36 59 22 15
14 58 10 2 50 12
14 41 38 11 56 22
14 63 1 24 20 21
14 7 15 15 8 2
14 53 50 17 53 44
14 49 2 11 24 56
14 30 59 25 38 59
14 6 8 32 56 25
14 37 35 30 20 18
14 36 35 11 29 21
14 38 59 0 6 13
14 4 25 48 35 55
14 10 57 55 41 50
14 63 36 23 33 33
14 42 20 44 5 45
14 44 20 57 28 6
14 55 60 5 38 56
14 48 45 33 24 20
14 56 39 7 63 22
14 10 59 34 38 19
14 41 24 25 41 21
14 40 51 51 52 53
14 16 35 42 36 41
14 9 50 35 33 33
14 48 7 37 41 8
14 51 33 1 58 38
14 19 10 21 43 42
14 5 14 58 16 0
14 46 40 3 49 28
14 52 61 31 62 13
14 46 48 52 57 22
14 63 4 11 14 59
15 56 38 8 37 12
15 44 29 46 59 17
15 14 16 58 55 11
15 54 20 46 22 3
15 24 56 43 33 29
15 20 22 13 45 12
15 62 44 44 37 24
15 12 6 2 56 52
15 16 48 3 12 48
15 12 60 25 55 47
15 11 18 35 61 26
15 8 6 54 3 61
15 42 54 59 29 63
15 1 14 0 32 26
15 2 47 27 38 60
15 19 0 8 34 61
15 24 31 45 4 11
15 48 51 26 47 53
15 41 36 30 42 63
15 21 48 63 27 8
15 2 61 28 55 45
15 43 2 61 7 21
15 10 26 39 4 58
15 15 0 25 51 10
15 44 21 6 53 48
15 51 15 30 48 52
15 10 8 55 37 46
15 13 37 7 7 32
15 43 37 35 17 25
15 18 50 27 2 37
15 5 43 10 19 21
15 63 31 11 2 1
16 43 29 26 45 19
16 11 26 44 57 32
16 13 59 46 41 36
16 59 0 31 48 22
16 59 15 11 55 26
16 55 25 60 23 4
16 30 14 8 7 1
16 16 17 33 60 61
16 63 16 61 26 53
16 37 43 6 42 56
16 47 30 3 58 34
16 10 57 30 10 63
16 32 30 7 5 29
16 37 30 18 36 7
16 30 33 14 51 8
16 21 33 60 25 27
16 3 47 19 40 16
16 59 36 51 21 21
16 31 46 7 48 26
16 57 27 5 61 32
16 41 4 27 18 1
16 37 61 4 60 23
16 32 62 25 56 51
16 1 62 53 19 27
16 29 8 23 49 19
16 4 37 63 19 27
16 58 35 19 38 29
16 47 12 59 40 52
16 46 60 63 46 19
16 45 41 53 29 42
16 59 63 50 17 33
16 13 20 51 42 56
17 9 20 29 60 20
17 4 6 47 23 25
17 57 63 58 43 62
17 30 51 5 54 47
17 19 62 46 61 1
17 6 36 45 44 61
17 26 16 18 21 4
17 12 5 28 63 50
17 23 45 12 4 31
17 34 48 43 22 46
17 16 57 27 56 24
17 42 40 8 22 24
17 5 56 45 12 40
17 36 52 29 42 54
17 18 9 58 0 26
17 29 9 23 18 13
17 18 34 35 14 29
17 0 45 32 48 47
17 26 29 53 23 29
17 31 11 14 16 39
17 27 13 63 29 30
17 62 5 13 10 37
17 18 7 36 47 50
17 50 40 44 48 1
17 41 16 8 45 12
17 44 46 37 56 31
17 44 35 11 35 6
17 61 15 4 34 7
17 42 38 55 30 50
17 0 45 0 49 8
17 24 35 5 51 3
17 1 50 47 12 62
18 36 18 50 12 13
18 58 27 30 16 32
18 19 28 23 22 45
18 28 34 26 30 23
18 18 0 43 7 14
18 41 27 34 9 35
18 43 23 36 7 51
18 28 22 3 34 34
18 29 49 29 10 1
18 35 20 22 54 62
18 14 24 55 1 12
18 0 13 45 30 46
18 35 28 15 62 25
18 42 10 13 50 43
18 56 25 41 25 27
18 24 22 24 36 2
18 1 21 57 44 32
18 39 39 27 61 45
18 0 26 61 18 51
18 12 17 14 6 28
18 18 37 57 1 57
18 33 55 11 32 45
18 8 47 43 28 11
18 44 37 9 60 21
18 48 63 36 24 25
18 5 10 61 62 28
18 29 11 50 21 61
18 22 51 43 33 19
18 9 24 40 22 40
18 51 49 26 19 18
18 38 58 47 22 9
18 4 38 19 11 0
19 44 21 54 44 21
19 23 2 57 26 39
19 19 41 20 30 15
19 31 58 0 39 15
19 10 12 1 25 17
19 42 31 37 57 46
19 36 0 36 16 51
19 33 8 27 22 17
19 21 29 40 14 17
19 5 54 45 27 20
19 7 32 43 36 44
19 19 17 15 38 10
19 34 45 57 23 3
19 63 3 56 9 45
19 2 20 52 11 59
19 31 47 60 63 48
19 38 38 42 45 45
19 14 61 21 17 8
19 13 61 49 62 38
19 37 42 13 27 29
19 50 28 52 33 24
19 19 12 45 51 51
19 19 47 33 20 17
19 27 13 12 27 47
19 17 35 55 10 12
19 34 10 52 39 62
19 12 57 60 55 0
19 11 62 54 57 21
19 3 34 10 32 22
19 29 26 33 52 0
19 38 46 16 51 5
19 34 9 51 15 24
20 41 61 8 56 63
20 57 7 4 39 6
20 15 19 56 7 6
20 37 39 48 28 4
20 57 43 59 26 44
20 36 31 36 39 53
20 1 31 4 21 28
20 43 46 8 38 43
20 13 58 49 24 46
20 59 28 25 6 13
20 34 53 44 52 5
20 58 19 40 38 25
20 49 59 21 18 22
20 45 32 9 20 21
20 36 25 49 33 51
20 26 37 12 32 34
20 24 57 21 63 33
20 45 29 54 63 50
20 41 3 4 16 52
20 3 30 36 60 39
20 42 55 41 38 57
20 24 39 26 2 15
20 48 19 61 4 38
20 18 12 4 4 41
20 17 35 54 13 9
20 48 8 10 53 42
20 48 31 49 36 15
20 7 36 46 5 41
20 14 19 0 14 25
20 63 38 7 38 42
20 25 43 15 23 40
20 27 48 16 5 59
21 43 60 47 30 39
21 15 53 14 62 61
21 8 43 41 52 16
21 55 30 10 43 28
21 15 60 57 62 52
21 39 29 51 17 37
21 40 3 19 41 2
21 49 17 46 17 8
21 61 6 13 45 57
21 30 22 19 18 37
21 47 45 18 6 17
21 42 20 48 11 3
21 22 46 19 4 59
21 13 61 29 54 36
21 24 11 4 26 40
21 16 1 0 9 8
21 25 7 5 11 2
21 58 31 62 36 11
21 58 37 24 48 27
21 18 52 52 53 17
21 48 49 5 17 35
21 63 42 59 45 44
21 52 53 47 19 61
21 25 61 19 12 11
21 3 30 53 56 58
21 29 15 5 35 6
21 42 47 57 55 9
21 53 54 27 41 59
21 12 5 15 26 7
21 45 24 46 14 55
21 17 11 40 50 26
21 20 19 42 28 23
22 59 55 25 59 47
22 25 33 29 2 49
22 28 35 16 12 4
22 6 8 31 53 38
22 43 25 52 1 46
22 52 34 56 1 24
22 11 57 3 4 29
22 19 43 39 57 57
22 6 47 60 58 37
22 12 60 12 6 42
22 57 58 10 16 6
22 12 12 55 59 36
22 17 22 46 16 33
22 29 46 3 10 32
22 4 62 55 43 42
22 62 42 23 36 0
22 55 40 8 26 9
22 25 46 60 50 44
22 29 5 58 35 42
22 56 25 43 44 3
22 57 41 61 59 33
22 25 57 53 40 0
22 63 44 9 19 41
22 58 27 28 2 42
22 48 38 57 9 56
22 60 24 58 51 25
22 2 14 19 11 52
22 51 8 43 46 16
22 41 12 22 28 19
22 50 57 37 48 28
22 39 53 6 56 31
22 50 5 56 16 13
23 25 52 63 18 28
23 28 41 42 28 39
23 32 31 35 4 4
23 20 17 55 24 31
23 29 23 26 10 44
23 62 20 3 55 40
23 55 5 42 15 52
23 20 31 18 62 10
23 57 33 25 9 49
23 30 53 24 46 37
23 38 63 43 0 27
23 18 51 12 30 38
23 25 48 14 35 35
23 32 28 0 45 48
23 54 38 3 8 10
23 27 35 15 51 41
23 22 29 22 57 39
23 0 55 30 22 14
23 1 56 35 41 20
23 28 28 63 46 49
23 38 36 2 42 28
23 54 53 60 28 39
23 57 46 49 8 43
23 26 32 8 38 0
23 59 18 20 63 60
23 40 61 30 61 17
23 11 43 28 24 36
23 60 12 18 10 30
23 18 59 30 10 5
23 63 17 10 12 47
23 39 58 51 36 22
23 45 19 40 26 47
24 62 17 15 54 7
24 6 2 17 9 32
24 22 43 30 39 54
24 16 5 31 19 58
24 16 31 21 3 61
24 23 26 36 58 22
24 52 55 41 43 58
24 15 12 49 3 4
24 26 2 0 56 0
24 25 18 43 9 43
24 20 59 10 30 27
24 47 16 29 16 29
24 14 1 37 2 12
24 31 17 22 39 34
24 3 12 32 31 4
24 60 20 45 12 12
24 35 62 35 52 61
24 37 9 20 60 35
24 62 3 15 33 41
24 45 63 2 13 20
24 4 50 32 36 33
24 5 2 34 48 51
24 41 11 42 36 33
24 18 30 37 21 59
24 47 4 27 9 31
24 29 42 13 25 47
24 50 54 35 53 53
24 13 2 54 16 12
24 45 38 40 20 54
24 7 51 2 2 42
24 50 61 35 37 24
24 30 62 23 59 53
25 61 33 41 2 63
25 50 29 32 17 62
25 29 3 43 14 31
25 2 41 60 59 37
25 54 27 17 59 30
25 34 18 18 42 7
25 7 3 44 12 63
25 49 54 22 10 53
25 51 15 40 50 14
25 23 43 32 60 7
25 19 36 9 25 52
25 35 16 63 18 26
25 13 20 52 35 57
25 11 21 23 57 3
25 48 15 7 43 27
25 60 23 1 18 61
25 63 49 30 28 63
25 6 16 41 15 48
25 57 36 62 61 36
25 19 63 35 33 33
25 4 30 5 31 54
25 52 51 52 25 10
25 53 31 49 44 62
25 62 35 27 15 3
25 27 60 21 48 47
25 53 12 21 9 22
25 52 55 17 19 38
25 2 7 33 55 16
25 53 2 16 15 50
25 58 12 49 23 53
25 7 17 18 58 21
25 60 9 34 6 24
26 43 3 24 23 41
26 54 18 15 58 30
26 52 2 6 29 38
26 51 9 41 44 16
26 5 52 2 19 56
26 24 32 22 4 27
26 63 49 60 16 57
26 43 4 35 23 33
26 17 23 59 18 16
26 24 18 16 57 34
26 0 13 4 27 23
26 57 19 51 14 49
26 59 23 14 53 60
26 45 46 25 45 6
26 23 19 9 38 31
26 37 38 42 52 54
26 0 60 47 34 21
26 15 26 43 25 48
26 47 28 0 5 43
26 58 0 1 52 8
26 51 58 39 20 30
26 55 1 59 63 52
26 3 54 6 41 30
26 18 24 63 58 17
26 24 38 49 8 14
26 42 14 17 35 60
26 35 5 1 1 5
26 24 5 9 51 23
26 60 40 7 30 21
26 11 24 14 30 33
26 10 4 50 31 62
26 19 36 34 12 14
27 27 41 23 54 9
27 60 9 34 41 18
27 20 3 59 5 54
27 41 19 16 16 27
27 35 3 53 8 60
27 16 54 54 0 56
27 18 58 62 32 35
27 39 15 16 18 63
27 0 51 48 38 6
27 9 5 39 58 44
27 2 48 6 19 52
27 62 24 7 41 36
27 38 23 35 60 36
27 24 30 3 53 20
27 38 33 17 21 32
27 9 20 16 55 24
27 11 0 43 2 0
27 9 55 9 45 40
27 58 55 27 53 20
27 61 17 41 11 34
27 35 8 0 14 58
27 22 0 49 22 19
27 55 31 2 54 62
27 60 13 31 10 35
27 37 42 23 0 46
27 23 40 47 56 56
27 27 32 23 17 30
27 32 26 42 38 56
27 56 44 8 7 18
27 61 20 2 31 5
27 2 14 4 23 11
27 3 6 17 26 63
28 23 8 62 11 12
28 44 46 59 25 2
28 32 14 37 43 52
28 46 50 47 47 4
28 60 6 62 2 22
28 40 47 48 53 49
28 56 48 9 1 27
28 62 27 17 50 29
28 27 15 32 14 57
28 7 63 9 27 6
28 41 2 59 41 52
28 26 33 40 22 18
28 45 16 46 51 41
28 1 20 45 16 50
28 38 51 16 45 17
28 40 12 2 11 32
28 34 18 26 9 51
28 6 8 6 7 29
28 2 3 57 34 41
28 60 18 11 13 5
28 29 27 47 9 39
28 36 50 46 52 7
28 12 11 45 6 62
28 41 8 55 62 12
28 16 19 61 32 35
28 20 48 48 18 0
28 33 19 0 10 55
28 50 10 7 24 14
28 34 56 7 62 19
28 61 43 25 49 60
28 5 2 29 31 59
28 23 10 45 11 52
29 61 9 50 44 2
29 36 42 34 44 47
29 11 22 11 39 13
29 3 13 15 33 55
29 41 61 52 21 28
29 45 62 15 8 17
29 5 57 46 45 2
29 22 13 62 17 48
29 56 55 17 39 5
29 28 19 0 28 24
29 30 53 27 36 31
29 49 58 11 13 8
29 0 17 37 8 26
29 14 36 4 7 36
29 49 42 29 25 4
29 60 40 5 45 39
29 19 38 37 62 23
29 28 9 54 12 31
29 62 61 21 10 4
29 42 1 60 51 7
29 2 59 59 5 25
29 13 52 23 46 63
29 25 37 38 45 40
29 38 1 30 39 41
29 25 24 56 28 56
29 13 45 58 18 24
29 38 26 6 21 53
29 21 53 50 28 28
29 63 23 40 29 30
29 55 16 35 34 7
29 34 49 55 1 11
29 12 39 7 20 9
30 6 7 1 23 5
30 51 60 21 26 34
30 8 35 13 52 30
30 40 55 15 50 63
30 52 30 47 28 62
30 19 33 22 51 21
30 24 23 35 11 13
30 53 27 1 54 7
30 18 52 47 49 37
30 38 63 12 28 5
30 53 34 36 22 41
30 46 37 56 46 2
30 27 60 0 37 59
30 42 49 11 50 8
30 35 44 59 33 57
30 27 60 15 57 20
30 62 35 63 21 48
30 29 18 2 16 34
30 8 52 29 58 61
30 45 10 43 55 1
30 26 62 43 0 47
30 31 37 18 19 39
30 47 22 4 6 5
30 47 51 8 43 14
30 57 2 41 3 10
30 44 24 2 0 9
30 17 52 12 40 43
30 43 28 36 62 51
30 18 26 28 45 37
30 15 60 11 14 58
30 21 45 41 21 16
30 7 23 2 61 0
31 34 41 50 10 61
31 15 50 40 33 29
31 23 27 6 29 2
31 40 3 8 18 53
31 1 12 31 29 4
31 40 26 19 43 44
31 60 6 0 53 50
31 53 0 56 52 35
31 50 14 24 35 23
31 48 43 17 6 32
31 39 46 29 59 10
31 31 3 9 19 57
31 11 16 54 38 38
31 47 13 23 49 27
31 41 33 60 32 7
31 20 9 11 49 55
31 49 24 27 41 63
31 59 35 33 13 17
31 39 30 17 57 56
31 54 19 26 36 55
31 4 44 21 8 38
31 4 10 21 32 32
31 13 6 34 48 24
31 39 47 49 5 47
31 57 34 31 56 50
31 16 17 56 0 18
31 39 2 41 7 33
31 52 5 38 62 59
31 54 49 39 63 27
31 44 4 27 52 13
31 49 10 8 57 57
31 20 63 34 6 13
32 26 54 27 29 5
32 30 13 46 62 5
32 60 57 14 22 23
32 53 45 15 31 9
32 9 9 61 14 41
32 0 29 6 2 54
32 53 50 47 5 59
32 2 22 56 40 61
32 5 3 51 4 29
32 7 4 26 40 6
32 39 12 6 43 20
32 21 53 17 63 7
32 62 53 26 59 15
32 44 20 36 61 12
32 61 3 59 24 39
32 9 35 47 47 27
32 12 56 51 63 7
32 9 57 49 53 33
32 25 1 27 33 58
32 1 62 2 13 16
32 41 39 9 29 34
32 24 17 31 39 5
32 49 27 56 7 2
32 22 13 7 18 44
32 48 47 7 33 2
32 61 39 4 3 31
32 13 24 42 39 0
32 13 7 24 31 23
32 56 45 22 47 55
32 6 18 24 47 37
32 6 8 4 39 37
32 14 16 33 42 0
33 62 33 17 12 24
33 24 54 10 13 56
33 7 41 42 28 6
33 20 16 40 57 12
33 23 13 21 17 51
33 49 8 62 59 46
33 11 7 9 33 13
33 52 30 30 41 34
33 28 48 4 4 31
33 20 41 13 12 52
33 3 36 29 56 2
33 0 34 48 25 59
33 43 42 33 9 24
33 14 49 63 51 61
33 52 10 55 2 38
33 61 25 12 36 54
33 61 58 34 42 17
33 4 26 58 6 9
33 60 47 37 17 2
33 22 56 23 57 14
33 9 27 15 48 37
33 57 36 4 51 34
33 43 11 30 19 45
33 40 60 11 56 37
33 59 58 62 11 41
33 12 61 1 3 59
33 13 40 44 17 36
33 52 56 3 30 45
33 28 40 15 40 15
33 8 1 2 63 51
33 7 18 12 21 62
33 10 36 50 61 27
34 14 1 54 44 44
34 56 42 14 37 60
34 53 6 62 60 46
34 46 55 40 30 14
34 50 39 63 53 19
34 29 3 59 43 48
34 10 49 23 10 53
34 20 46 27 3 53
34 61 7 43 25 20
34 40 39 61 52 46
34 6 17 6 47 16
34 16 19 61 60 25
34 3 39 42 43 34
34 21 19 62 42 15
34 15 34 16 59 34
34 18 31 50 44 46
34 1 21 0 11 53
34 23 58 8 62 38
34 22 1 26 40 49
34 45 48 26 2 4
34 33 52 39 28 57
34 39 47 19 56 7
34 56 50 10 15 6
34 25 17 22 13 12
34 32 1 33 47 20
34 30 56 24 51 59
34 17 15 1 1 22
34 40 10 17 5 40
34 48 31 49 5 61
34 51 23 40 39 14
34 62 17 43 2 15
34 39 57 6 13 22
35 41 11 46 59 37
35 25 45 8 18 31
35 22 59 16 27 21
35 38 4 20 37 53
35 10 57 16 13 59
35 35 6 38 15 57
35 63 42 49 46 14
35 1 43 40 29 15
35 3 24 28 22 12
35 7 28 44 33 37
35 36 31 48 29 26
35 43 13 58 37 4
35 51 55 30 3 5
35 19 22 48 2 39
35 31 48 0 19 5
35 52 49 35 47 14
35 21 8 43 20 55
35 34 39 26 34 45
35 25 30 28 36 40
35 23 47 31 39 63
35 1 31 34 11 5
35 25 7 11 37 59
35 21 18 24 24 2
35 10 25 1 26 13
35 40 15 60 55 55
35 35 21 43 49 61
35 40 61 13 27 28
35 51 55 28 46 26
35 58 42 42 8 21
35 49 28 20 49 11
35 0 6 19 54 36
35 33 44 35 60 55
36 40 47 44 23 45
36 52 32 22 0 47
36 28 6 33 36 50
36 36 51 28 25 40
36 1 32 31 27 10
36 59 4 48 34 25
36 43 2 58 57 39
36 14 45 52 57 44
36 53 25 4 50 58
36 12 29 54 16 18
36 62 37 28 16 32
36 34 28 13 20 16
36 60 2 42 46 44
36 30 45 18 17 45
36 6 11 13 22 60
36 16 62 63 45 29
36 52 60 50 47 35
36 60 54 13 31 10
36 35 4 44 9 9
36 15 13 11 35 31
36 13 56 55 45 10
36 8 50 20 52 19
36 5 50 46 48 8
36 53 21 59 54 62
36 48 12 44 15 33
36 15 51 21 49 7
36 2 4 1 9 14
36 1 15 57 2 31
36 4 50 35 19 7
36 3 56 0 25 3
36 16 57 11 3 58
36 7 63 62 22 39
37 56 24 10 36 10
37 4 59 15 12 6
37 51 6 21 18 26
37 19 19 41 17 60
37 1 34 44 21 41
37 12 45 45 63 51
37 15 40 62 50 56
37 33 46 15 25 1
37 21 63 7 30 57
37 39 33 61 35 58
37 51 45 47 5 57
37 21 15 17 12 15
37 24 30 45 2 24
37 30 15 10 28 10
37 11 56 52 32 23
37 38 5 31 22 31
37 27 58 52 20 42
37 4 15 42 21 36
37 50 53 3 25 2
37 61 22 62 15 11
37 25 19 62 5 52
37 9 0 20 54 6
37 23 42 25 23 46
37 6 59 16 35 20
37 11 42 46 40 48
37 36 2 20 36 38
37 20 48 58 26 63
37 35 44 20 24 56
37 58 30 36 21 37
37 33 14 62 4 62
37 0 34 41 39 5
37 4 40 19 31 28
38 16 55 43 49 13
38 0 15 37 35 62
38 12 5 24 36 46
38 17 39 29 29 60
38 27 57 8 60 35
38 14 22 18 34 47
38 46 11 48 12 28
38 19 1 15 42 34
38 16 36 18 51 31
38 54 4 62 50 36
38 47 51 31 47 27
38 5 9 39 41 24
38 29 53 7 1 21
38 59 41 7 63 44
38 11 62 39 49 53
38 7 32 46 0 25
38 54 37 34 49 16
38 3 15 28 34 36
38 24 55 6 47 45
38 48 54 35 31 31
38 26 58 1 13 22
38 49 46 38 11 59
38 18 18 36 30 32
38 37 50 10 28 35
38 54 30 34 10 55
38 33 9 34 21 0
38 33 4 37 42 29
38 40 9 32 30 44
38 11 54 28 43 27
38 57 36 20 9 41
38 28 29 49 3 45
38 24 62 6 25 10
39 27 11 2 33 50
39 37 61 31 8 53
39 23 50 53 33 6
39 56 11 39 11 35
39 10 50 16 42 48
39 62 55 18 7 24
39 55 2 59 9 58
39 33 38 18 22 12
39 45 1 46 60 19
39 9 17 4 55 26
39 9 37 24 9 51
39 54 2 51 38 8
39 53 15 27 33 22
39 57 39 52 41 53
39 30 5 19 18 42
39 2 27 2 18 41
39 47 50 47 37 16
39 0 14 3 11 4
39 34 54 35 51 3
39 38 8 13 31 55
39 28 21 3 7 41
39 44 28 11 23 30
39 55 62 53 62 42
39 14 58 36 24 6
39 54 47 12 46 53
39 56 63 34 32 22
39 15 2 39 6 29
39 20 41 36 24 49
39 41 56 53 12 49
39 5 62 11 0 54
39 38 33 20 58 19
39 23 56 12 58 37
40 17 35 49 29 34
40 56 1 20 55 19
40 24 25 15 48 8
40 52 31 62 8 9
40 2 12 34 35 14
40 10 3 10 7 21
40 25 29 14 10 31
40 1 6 11 39 41
40 40 29 51 44 50
40 19 5 12 50 47
40 51 36 53 27 11
40 55 24 21 7 9
40 42 26 14 3 54
40 49 38 42 17 31
40 49 38 35 39 27
40 50 36 0 20 11
40 1 2 6 29 24
40 48 62 13 7 7
40 49 63 58 26 55
40 1 1 33 53 24
40 35 37 59 49 13
40 31 22 61 47 61
40 17 17 3 19 49
40 36 25 20 30 38
40 13 62 51 7 18
40 63 63 51 55 21
40 8 3 14 25 26
40 17 42 48 3 55
40 46 60 18 37 28
40 12 10 48 15 61
40 60 52 39 30 62
40 8 42 34 1 23
41 12 56 3 35 59
41 36 34 20 3 57
41 15 17 41 7 42
41 7 12 29 47 8
41 36 32 23 46 28
41 16 59 44 15 60
41 2 32 21 56 3
41 37 0 11 41 23
41 55 23 7 38 24
41 8 53 42 32 52
41 46 43 31 21 53
41 56 14 14 33 15
41 16 26 14 17 38
41 40 30 42 36 26
41 33 24 46 43 50
41 0 13 19 37 51
41 54 20 23 52 14
41 38 15 9 40 46
41 26 60 14 20 3
41 46 47 63 30 9
41 18 22 54 13 63
41 31 41 4 61 15
41 22 51 57 13 32
41 31 25 32 55 5
41 16 10 41 38 61
41 17 25 41 26 49
41 41 3 62 3 1
41 61 29 47 31 51
41 34 49 25 7 37
41 53 1 6 7 19
41 33 31 36 16 58
41 33 47 54 30 55
42 58 0 1 20 30
42 55 31 39 21 3
42 52 30 51 61 42
42 53 13 49 8 60
42 17 3 15 50 59
42 55 21 33 59 16
42 49 44 29 55 1
42 35 62 17 0 32
42 22 12 61 3 2
42 21 20 41 6 42
42 14 11 32 3 19
42 47 41 32 26 35
42 24 16 39 8 43
42 48 13 61 2 16
42 1 62 30 41 60
42 14 39 49 8 7
42 59 8 48 54 5
42 54 60 32 63 49
42 61 28 56 4 44
42 62 52 22 54 15
42 2 10 45 33 57
42 3 49 2 55 49
42 43 3 3 22 30
42 47 28 58 55 58
42 56 51 7 16 62
42 9 60 52 30 30
42 57 42 63 15 52
42 59 21 21 45 19
42 46 36 3 45 27
42 61 47 35 5 17
42 57 6 13 47 13
42 58 26 53 46 34
43 21 11 34 28 58
43 8 43 61 43 20
43 59 40 11 58 34
43 49 62 0 33 50
43 37 49 25 30 26
43 45 30 0 55 10
43 63 50 2 57 1
43 6 22 52 2 5
43 36 49 58 23 32
43 57 46 54 46 48
43 25 49 59 33 8
43 34 57 32 46 29
43 50 60 54 25 10
43 57 9 37 50 23
43 12 46 47 24 62
43 32 36 24 55 20
43 6 27 36 0 40
43 8 48 51 39 13
43 55 30 23 48 51
43 15 51 45 50 53
43 44 54 62 62 41
43 1 0 47 37 63
43 15 18 26 1 18
43 34 8 26 28 48
43 52 35 36 63 55
43 58 28 5 62 62
43 42 11 10 1 30
43 34 14 8 23 21
43 63 6 33 47 43
43 22 2 43 20 43
43 21 59 3 13 3
43 60 41 0 32 21
44 48 0 1 52 15
44 7 35 54 6 59
44 29 39 53 25 62
44 30 18 7 16 20
44 19 24 5 43 18
44 30 12 14 60 17
44 34 38 57 46 19
44 37 8 60 27 50
44 14 0 49 20 63
44 14 4 51 30 34
44 61 53 23 44 30
44 11 54 53 53 35
44 9 7 20 38 59
44 53 3 26 59 48
44 3 21 58 37 42
44 63 10 61 26 0
44 58 48 39 10 10
44 59 57 39 8 0
44 60 11 31 3 39
44 53 34 32 55 5
44 32 33 5 22 54
44 33 23 53 16 53
44 2 7 30 33 35
44 46 23 50 17 35
44 49 58 52 21 33
44 26 58 8 50 32
44 3 38 37 5 32
44 39 19 23 42 47
44 59 62 29 41 37
44 49 30 22 6 8
44 20 58 10 44 27
44 36 21 26 27 54
45 23 14 15 3 33
45 43 18 42 32 33
45 40 55 34 16 55
45 42 58 10 22 38
45 59 53 59 49 22
45 57 40 48 3 55
45 39 14 37 7 44
45 47 35 7 40 55
45 54 61 21 48 20
45 49 2 16 41 14
45 47 53 19 60 33
45 51 5 52 38 20
45 14 24 52 59 2
45 50 27 55 12 34
45 41 63 45 24 44
45 27 61 35 32 36
45 14 41 5 46 46
45 24 46 0 38 7
45 46 56 49 18 36
45 20 38 25 3 18
45 1 22 43 7 5
45 20 60 56 49 3
45 1 22 6 25 51
45 52 10 46 5 54
45 58 62 38 42 37
45 31 25 39 50 62
45 17 52 44 12 33
45 48 21 10 39 42
45 43 23 54 13 35
45 11 25 5 61 61
45 50 33 2 43 39
45 11 45 2 1 42
46 31 7 63 24 56
46 20 14 33 50 5
46 32 12 51 4 43
46 38 4 38 31 23
46 26 34 8 32 2
46 58 5 16 6 17
46 19 35 10 12 60
46 2 26 63 56 13
46 50 22 60 56 31
46 62 49 61 32 9
46 62 23 27 29 16
46 59 6 43 2 28
46 55 57 56 30 33
46 56 23 47 2 4
46 8 61 49 58 51
46 51 55 33 46 9
46 28 47 48 34 47
46 51 41 18 11 51
46 33 25 35 22 56
46 21 19 19 2 11
46 37 7 37 47 54
46 18 39 15 53 23
46 23 3 47 59 21
46 13 4 57 58 28
46 28 42 17 37 52
46 8 7 18 12 45
46 38 0 53 47 10
46 35 9 6 21 48
46 12 59 32 3 3
46 5 46 55 11 14
46 2 35 13 12 29
46 40 27 53 26 8
47 45 42 29 52 59
47 35 14 19 1 4
47 24 58 34 52 20
47 58 61 11 8 10
47 8 58 63 45 6
47 46 22 37 12 54
47 15 54 24 59 32
47 5 3 6 15 18
47 45 25 3 21 9
47 32 23 44 44 46
47 58 43 2 13 36
47 20 20 62 53 30
47 23 63 20 14 6
47 11 43 11 35 0
47 61 42 39 53 6
47 27 6 58 41 10
47 50 20 50 15 42
47 10 31 17 20 10
47 7 53 46 18 37
47 46 1 53 13 53
47 15 34 30 31 48
47 8 13 62 27 55
47 4 25 9 61 1
47 13 31 60 36 28
47 31 1 20 16 40
47 8 2 2 6 29
47 13 4 44 31 21
47 23 23 12 22 36
47 4 18 45 14 60
47 0 57 26 3 61
47 13 35 12 20 6
47 14 56 46 40 8
48 39 7 38 1 46
48 41 53 22 46 47
48 36 60 16 61 44
48 3 9 28 8 14
48 33 8 41 25 47
48 53 24 18 4 49
48 23 9 4 18 2
48 20 46 9 20 47
48 62 54 36 9 6
48 30 6 21 44 41
48 12 53 28 39 3
48 35 17 32 22 17
48 26 15 0 11 23
48 4 52 25 60 47
48 8 43 6 48 53
48 56 27 53 48 45
48 48 41 43 1 15
48 8 63 30 29 23
48 20 48 27 7 19
48 39 39 39 32 34
48 34 38 1 17 62
48 52 54 60 56 19
48 37 25 3 29 14
48 26 44 30 28 38
48 56 5 58 36 40
48 17 26 38 60 6
48 54 57 53 42 55
48 32 24 50 18 27
48 37 1 4 0 18
48 50 22 30 50 9
48 32 8 33 35 45
48 32 7 3 23 57
49 9 7 47 49 58
49 21 50 13 20 29
49 35 57 37 13 9
49 13 47 61 51 43
49 29 20 23 51 59
49 55 14 38 12 6
49 31 9 53 36 19
49 22 59 39 30 11
49 3 16 25 15 36
49 30 63 3 49 17
49 6 11 13 58 12
49 47 56 58 35 26
49 57 1 16 18 47
49 17 47 9 32 3
49 23 56 36 17 3
49 17 27 32 28 15
49 27 42 5 52 52
49 21 30 54 31 12
49 39 32 18 22 55
49 52 40 25 32 57
49 14 39 37 52 25
49 59 42 57 20 8
49 10 24 49 12 3
49 11 29 5 59 50
49 28 40 20 56 53
49 58 27 16 10 4
49 43 62 10 60 9
49 16 11 18 4 19
49 57 46 4 19 11
49 53 21 18 34 54
49 31 16 28 15 23
49 62 11 44 46 61
50 30 53 23 52 22
50 7 9 58 19 43
50 52 27 5 15 10
50 56 62 0 49 18
50 18 44 22 44 39
50 5 0 29 14 5
50 31 42 8 18 40
50 40 53 9 10 16
50 63 32 57 59 50
50 60 16 16 51 40
50 26 49 14 49 33
50 15 23 45 38 36
50 34 13 17 27 50
50 11 37 31 35 51
50 27 17 63 46 52
50 30 27 19 35 36
50 17 37 25 63 24
50 28 51 38 14 29
50 22 30 49 21 3
50 32 41 52 9 44
50 49 29 3 37 39
50 1 36 21 63 35
50 55 38 23 28 57
50 4 27 50 5 24
50 53 18 55 19 14
50 24 47 25 60 46
50 54 49 48 54 3
50 6 10 57 62 33
50 44 12 27 58 16
50 7 25 25 9 53
50 3 54 63 62 50
50 3 30 34 33 20
51 49 45 17 8 30
51 4 26 57 63 60
51 22 42 51 57 30
51 43 24 19 25 14
51 30 28 38 50 30
51 58 33 24 51 58
51 10 17 15 9 2
51 7 43 51 34 58
51 61 14 2 45 56
51 42 49 46 56 24
51 60 59 24 31 33
51 51 46 56 14 46
51 22 20 0 0 42
51 31 22 53 13 22
51 16 40 10 33 37
51 40 40 13 34 58
51 12 36 26 40 25
51 54 12 20 49 13
51 34 45 18 4 55
51 54 55 0 49 32
51 59 60 54 51 22
51 5 33 24 0 20
51 63 47 45 54 12
51 0 28 6 24 14
51 60 13 8 47 14
51 50 10 33 43 45
51 11 25 28 47 1
51 32 61 3 33 11
51 44 11 19 26 17
51 5 50 1 0 13
51 60 15 24 44 8
51 36 54 50 58 23
52 27 14 41 52 63
52 54 20 20 48 46
52 27 59 42 0 42
52 46 5 20 62 22
52 39 55 45 36 16
52 8 42 10 13 42
52 46 38 8 55 28
52 8 18 51 53 30
52 42 53 16 52 45
52 25 52 11 49 58
52 21 28 26 14 36
52 10 54 43 15 54
52 18 14 39 19 38
52 23 10 13 5 24
52 61 56 30 6 14
52 24 17 48 33 8
52 33 48 32 61 61
52 39 41 13 21 32
52 13 18 60 28 59
52 51 26 9 57 11
52 45 32 40 48 50
52 27 16 25 1 44
52 37 58 39 47 54
52 0 15 32 31 7
52 11 4 6 55 14
52 34 21 45 59 49
52 50 27 63 57 45
52 12 21 28 2 41
52 48 6 2 59 12
52 3 9 55 6 60
52 0 19 34 54 37
52 43 23 1 10 47
53 10 13 11 27 56
53 47 10 31 20 35
53 20 42 3 42 8
53 10 37 23 8 13
53 42 34 31 0 63
53 56 4 36 32 38
53 46 32 48 45 22
53 8 56 60 38 32
53 37 29 9 34 63
53 6 38 52 50 51
53 32 29 4 21 52
53 17 51 12 23 13
53 10 11 24 54 19
53 7 55 22 39 41
53 36 21 12 39 32
53 34 0 21 5 51
53 42 33 27 52 46
53 55 18 16 19 30
53 28 44 19 62 45
53 52 34 40 26 56
53 19 6 28 0 37
53 10 7 6 3 47
53 2 1 59 4 31
53 29 43 44 19 19
53 29 52 25 1 61
53 41 59 16 50 9
53 26 52 54 5 50
53 45 22 63 47 4
53 36 36 61 30 15
53 55 29 16 52 43
53 63 15 33 55 48
53 44 8 13 39 47
54 58 20 29 58 26
54 2 23 34 11 49
54 21 22 40 2 22
54 45 16 31 36 57
54 29 49 48 25 41
54 26 8 61 18 45
54 60 41 8 8 6
54 26 49 33 8 60
54 57 42 56 8 7
54 20 60 12 57 20
54 46 52 33 6 17
54 53 58 9 58 19
54 33 45 40 31 32
54 37 43 42 60 40
54 59 22 53 37 18
54 60 49 22 32 3
54 25 43 48 43 28
54 5 49 44 32 41
54 12 23 45 36 17
54 28 54 55 2 43
54 54 13 15 39 29
54 37 56 51 19 7
54 16 45 5 9 46
54 52 48 37 56 14
54 15 45 7 63 63
54 45 10 51 43 13
54 2 34 43 11 32
54 28 3 60 31 25
54 62 24 13 52 29
54 55 60 47 27 7
54 16 51 36 16 20
54 4 7 8 34 51
55 47 40 42 3 27
55 47 45 57 23 43
55 41 16 53 9 23
55 38 49 47 42 7
55 26 2 45 13 58
55 38 28 10 36 37
55 44 1 59 5 47
55 4 32 50 56 56
55 49 59 18 38 53
55 63 27 56 29 20
55 3 28 36 63 54
55 29 53 52 23 18
55 55 16 48 27 10
55 57 27 16 44 44
55 34 37 12 45 1
55 3 43 49 57 59
55 16 52 25 55 0
55 37 15 51 5 37
55 27 49 52 44 58
55 63 22 56 29 52
55 33 25 12 48 27
55 5 3 7 14 2
55 57 3 35 53 39
55 13 40 23 26 12
55 21 8 63 47 1
55 29 63 31 48 9
55 22 9 5 18 36
55 30 43 62 53 39
55 19 10 25 42 33
55 53 19 38 7 63
55 41 44 42 41 52
55 39 41 34 47 48
56 60 52 55 32 47
56 47 7 24 32 52
56 1 25 41 17 13
56 61 33 56 6 4
56 46 22 46 63 19
56 35 45 57 14 52
56 37 58 14 20 19
56 17 50 40 11 41
56 40 6 47 62 41
56 63 32 60 27 15
56 12 14 50 18 17
56 55 44 51 42 1
56 47 28 23 62 60
56 30 39 28 20 10
56 51 48 24 34 18
56 47 48 10 2 2
56 39 16 33 2 56
56 17 44 21 54 51
56 11 4 12 45 22
56 21 20 56 34 25
56 47 52 61 46 15
56 36 19 9 34 40
56 51 16 1 2 26
56 18 45 41 24 7
56 44 49 60 26 50
56 62 39 50 30 0
56 49 7 21 4 16
56 22 39 4 52 60
56 62 10 52 35 11
56 57 51 19 27 6
56 25 7 40 1 21
56 44 48 55 50 44
57 38 6 56 1 21
57 28 28 3 14 23
57 4 29 34 4 16
57 28 42 2 45 52
57 48 0 52 41 48
57 63 57 40 54 57
57 27 55 39 48 4
57 6 61 17 28 62
57 22 4 45 10 38
57 58 47 48 29 8
57 46 5 38 15 6
57 58 39 10 8 49
57 22 7 30 56 0
57 10 41 59 17 12
57 2 15 19 21 24
57 23 21 13 32 55
57 32 12 37 31 49
57 24 6 60 58 23
57 6 47 45 43 15
57 33 30 28 9 26
57 45 52 24 46 34
57 20 31 38 35 30
57 3 19 38 51 8
57 23 18 23 31 47
57 44 16 30 21 18
57 11 43 62 14 34
57 9 32 32 62 50
57 26 58 0 42 3
57 14 9 25 37 43
57 29 47 45 21 17
57 18 58 56 23 4
57 17 10 46 45 62
58 45 39 58 14 18
58 6 58 48 24 55
58 41 61 57 54 35
58 30 19 17 55 21
58 45 37 30 13 39
58 59 54 35 48 48
58 43 7 22 11 49
58 34 29 28 53 54
58 11 46 17 9 45
58 28 53 35 27 43
58 44 8 7 44 1
58 35 22 32 35 35
58 59 27 50 29 9
58 34 49 56 25 29
58 5 6 49 40 27
58 23 39 40 20 1
58 32 5 30 47 30
58 42 48 33 62 8
58 59 28 46 63 58
58 26 4 42 35 40
58 56 3 31 59 3
58 61 56 52 32 11
58 30 29 19 38 9
58 41 33 2 26 38
58 34 26 34 4 62
58 40 21 58 63 44
58 38 25 20 46 41
58 53 48 27 2 12
58 44 6 46 61 50
58 22 19 36 27 22
58 51 57 61 3 57
58 0 33 12 6 39
59 58 34 14 41 7
59 27 5 41 40 31
59 54 47 22 44 49
59 0 36 47 59 17
59 55 8 17 4 1
59 21 37 31 12 48
59 21 25 18 26 6
59 30 63 30 25 10
59 50 2 60 51 40
59 6 52 38 44 63
59 49 16 60 0 54
59 26 16 44 17 27
59 6 15 19 26 37
59 21 55 37 10 54
59 37 48 33 16 11
59 5 9 44 37 56
59 37 28 50 53 29
59 42 32 61 35 43
59 61 62 60 8 52
59 48 51 50 46 38
59 26 52 48 40 24
59 25 34 20 46 40
59 23 7 32 14 31
59 51 61 43 10 49
59 11 49 23 10 10
59 9 24 44 22 15
59 38 45 39 17 6
59 40 36 29 21 5
59 33 37 38 60 48
59 20 41 28 17 21
59 18 20 58 45 45
59 48 47 4 0 16
60 59 48 4 13 37
60 37 5 44 12 38
60 14 27 54 42 6
60 35 34 41 37 2
60 57 63 7 60 8
60 45 29 12 6 56
60 29 44 1 7 0
60 43 36 31 14 59
60 63 21 39 37 27
60 37 6 63 51 33
60 1 40 30 0 11
60 44 21 1 39 42
60 38 7 44 59 41
60 39 57 36 40 27
60 14 22 20 36 16
60 39 4 40 60 29
60 9 56 36 50 23
60 26 38 29 33 60
60 35 29 63 10 13
60 44 12 38 18 13
60 12 26 15 44 34
60 52 14 7 48 4
60 4 32 0 57 31
60 18 61 21 14 3
60 14 18 13 31 22
60 0 55 26 4 14
60 2 28 32 8 13
60 10 9 25 15 58
60 24 17 9 22 56
60 63 10 14 27 18
60 5 46 33 37 9
60 17 56 53 15 21
61 47 36 33 11 4
61 50 2 26 24 23
61 40 15 5 23 3
61 29 10 49 62 13
61 58 27 54 54 1
61 14 53 14 34 18
61 61 29 60 48 50
61 11 62 43 12 48
61 43 59 10 62 40
61 43 13 0 54 23
61 34 16 37 34 18
61 1 2 11 38 45
61 36 44 28 38 60
61 28 24 60 15 5
61 17 9 5 21 27
61 55 56 9 19 16
61 21 37 55 4 36
61 63 35 13 47 23
61 52 22 25 19 25
61 50 20 19 15 8
61 48 44 31 32 25
61 25 27 4 57 0
61 24 34 61 41 36
61 24 37 5 46 4
61 46 35 32 31 20
61 35 45 3 46 2
61 14 41 3 44 26
61 45 16 6 28 42
61 44 7 1 7 12
61 28 49 32 58 56
61 30 14 16 1 16
61 19 33 12 23 50
62 13 23 47 49 1
62 51 5 32 43 44
62 25 45 1 30 43
62 41 24 24 46 1
62 15 33 62 48 38
62 19 26 55 10 63
62 8 39 29 23 45
62 33 52 12 42 40
62 46 40 24 6 61
62 39 1 13 7 42
62 48 54 46 26 28
62 12 20 29 57 48
62 46 38 20 28 28
62 2 48 4 53 9
62 43 3 3 7 25
62 35 18 12 61 41
62 9 4 14 1 13
62 42 22 47 37 52
62 7 0 1 22 35
62 16 46 51 50 46
62 14 51 5 40 51
62 50 39 59 8 23
62 50 18 10 53 30
62 4 18 58 54 40
62 13 12 54 23 43
62 54 58 15 63 23
62 32 44 54 57 42
62 40 5 7 48 58
62 63 49 34 19 8
62 20 61 50 39 49
62 47 16 7 35 40
62 32 35 24 35 26
63 7 54 10 49 61
63 47 36 63 53 19
63 31 36 1 20 48
63 9 32 38 17 48
63 54 23 35 49 60
63 35 14 53 5 42
63 26 57 24 62 26
63 36 51 48 48 16
63 6 47 55 35 19
63 33 39 27 21 60
63 43 40 40 62 4
63 59 11 47 4 15
63 9 15 63 0 32
63 12 15 18 17 44
63 37 39 19 34 15
63 56 51 29 56 29
63 8 38 30 61 46
63 49 13 28 23 33
63 39 45 36 57 39
63 30 25 34 53 32
63 16 23 36 26 35
63 0 28 16 39 39
63 56 14 57 33 1
63 61 43 21 4 20
63 33 50 42 63 3
63 15 25 25 38 17
63 59 51 31 27 49
63 32 15 24 27 25
63 19 58 8 46 13
63 54 54 49 24 1
63 62 0 14 53 61
63 1 53 52 61 54
