1600 3331
64 0
32 32
32 64
16 8
4 128
2 4
4 8
4 16
64 64
32 8
4 4
64 32
32 4
16 64
8 32
16 64
64 64
1 64
2 16
2 32
32 64
2 32
64 128
64 32
64 128
16 32
1 0
32 4
1 0
4 4
1 64
1 8
2 64
16 4
2 32
64 16
2 8
64 16
8 8
2 4
16 64
4 32
32 0
1 16
32 128
2 4
1 128
8 16
32 128
64 8
16 16
4 8
1 4
1 16
32 128
1 4
4 64
8 64
4 64
16 128
4 0
4 16
16 4
32 64
32 16
8 32
1 8
1 64
16 32
2 16
8 0
2 0
4 0
32 0
8 32
1 8
32 32
1 64
4 8
8 4
64 4
4 16
16 0
32 8
8 0
2 0
32 16
1 4
64 16
2 0
4 16
64 32
16 32
16 8
64 64
4 4
32 32
4 8
64 16
8 16
2 16
2 0
1 4
8 8
1 32
16 4
16 0
2 32
1 64
2 32
8 0
2 32
4 0
32 128
16 128
2 0
2 32
1 64
2 8
8 4
8 128
4 16
32 8
1 128
2 4
16 16
64 32
64 8
16 8
32 8
4 128
32 32
32 32
2 16
16 0
64 32
2 64
16 64
2 8
16 64
4 16
4 0
1 0
1 64
1 0
8 128
4 128
1 128
8 8
64 0
16 16
1 0
64 16
2 0
1 128
16 8
32 64
1 4
2 4
16 32
4 64
4 64
64 32
8 32
8 128
32 8
8 0
16 8
8 0
8 4
16 0
64 32
16 4
2 16
8 8
8 128
8 0
64 128
32 4
16 64
8 64
64 16
4 128
1 16
8 0
4 64
1 4
32 16
1 8
8 64
64 64
2 0
16 32
16 128
2 4
16 8
32 32
32 16
1 0
2 16
8 32
2 0
1 128
4 128
2 0
32 16
64 32
4 4
2 16
1 32
4 16
64 64
8 32
16 32
2 8
4 16
2 0
4 128
8 32
2 4
4 0
1 4
32 64
16 4
8 16
4 8
8 128
64 64
16 64
4 8
16 64
4 16
1 32
1 0
32 8
32 16
2 128
1 8
8 128
8 64
1 64
64 8
16 8
2 8
8 4
2 64
8 32
32 32
32 64
8 128
4 32
4 64
64 4
4 0
8 16
8 8
64 8
8 4
16 8
4 128
32 128
16 0
1 4
32 0
64 64
32 4
32 64
16 128
8 16
64 4
64 64
64 128
2 32
32 16
1 64
1 128
64 0
16 4
1 4
64 16
2 64
32 128
16 32
8 32
1 8
64 128
32 0
2 4
64 4
32 16
16 4
2 32
16 8
16 128
4 0
8 0
4 128
1 16
1 64
16 16
4 4
8 8
64 32
4 32
2 128
4 128
64 4
4 128
8 128
2 64
1 32
16 64
4 4
64 128
16 32
4 16
32 16
32 32
4 0
64 4
8 8
2 32
4 8
32 128
2 0
2 16
64 8
8 128
2 64
16 4
8 0
64 32
8 32
8 0
1 32
1 64
2 8
1 16
64 32
64 8
8 16
4 128
1 8
1 4
64 8
8 128
8 8
8 16
8 128
1 8
32 32
1 64
8 8
2 32
32 0
8 4
32 128
32 4
1 16
32 0
16 0
32 32
64 16
16 0
2 32
2 8
64 8
2 0
32 8
32 32
64 4
16 0
32 0
4 32
1 4
64 64
1 128
1 0
32 32
64 32
2 0
4 16
4 16
1 16
32 16
4 16
2 128
64 0
32 0
4 128
16 4
64 32
64 16
2 128
2 16
1 128
8 32
2 0
16 0
2 8
1 4
32 16
2 4
16 128
2 128
2 8
32 8
32 64
2 32
4 4
32 0
2 16
64 0
1 8
16 0
8 4
64 128
1 128
32 4
64 16
64 8
2 64
32 0
2 16
1 8
64 64
32 64
8 4
1 4
4 64
4 64
64 0
1 8
64 8
16 16
2 128
32 0
8 64
4 16
1 4
1 0
16 16
1 8
4 0
2 4
2 0
8 4
1 32
8 128
64 64
32 0
8 4
4 128
8 32
16 4
8 16
32 128
8 8
1 0
4 8
4 32
4 0
64 32
32 4
1 64
16 16
16 4
16 64
32 32
1 64
4 4
32 8
2 64
64 4
1 64
16 128
4 32
4 64
4 4
64 0
32 64
8 4
1 0
2 0
8 8
64 32
16 8
2 64
8 32
4 128
8 4
16 16
4 128
8 4
32 64
32 32
32 16
64 4
4 0
1 4
4 0
4 16
16 128
8 4
32 4
1 8
64 0
8 4
32 128
1 4
64 0
32 8
32 32
1 64
1 4
8 0
64 64
8 16
32 8
2 64
64 16
16 4
1 0
64 4
32 64
2 4
64 32
4 64
32 4
16 128
32 32
64 32
32 16
16 8
1 32
16 128
32 64
1 8
2 32
64 128
64 4
2 128
1 0
1 16
2 64
16 128
4 64
64 32
4 4
64 0
2 64
1 16
32 32
4 8
64 128
16 4
8 64
4 16
64 16
4 32
1 8
16 64
64 8
2 32
32 32
8 32
4 4
64 32
4 0
4 128
4 4
32 128
4 64
8 16
2 128
64 4
8 16
2 0
8 8
4 32
8 16
16 64
16 32
1 16
2 128
16 16
2 0
2 8
16 16
16 8
64 4
8 0
32 128
2 32
2 4
8 32
64 8
16 32
1 128
4 16
4 16
16 16
8 128
2 4
32 32
8 8
8 128
1 4
64 64
64 32
1 32
64 16
64 8
32 0
32 128
4 0
2 16
8 8
32 16
2 64
4 4
32 32
2 16
2 32
4 64
64 16
16 32
8 8
64 16
64 0
16 64
32 8
1 0
1 8
64 4
8 8
2 8
2 128
1 8
16 128
64 64
4 4
64 32
32 8
32 128
8 32
2 8
32 0
2 128
1 16
64 64
2 16
16 128
64 32
64 8
32 32
1 32
64 4
2 16
16 32
32 4
8 0
8 4
16 0
1 128
2 4
2 128
2 0
64 8
16 128
32 8
1 32
4 16
4 8
1 16
1 4
32 128
32 0
32 0
64 4
1 8
32 64
64 64
32 16
8 16
1 8
8 16
32 128
16 128
8 4
4 128
2 4
32 128
64 64
4 16
64 4
4 0
8 16
16 64
4 0
2 32
32 4
32 4
2 64
2 128
4 8
1 32
1 4
8 8
1 128
1 32
1 0
1 4
64 32
16 16
32 8
2 0
8 64
64 64
16 16
4 8
32 4
16 0
2 128
2 32
64 8
4 64
1 32
8 0
32 32
64 32
1 16
64 4
32 32
1 8
1 128
1 16
8 4
4 128
32 128
1 8
4 0
1 4
32 0
16 16
32 64
8 16
8 64
16 0
32 8
16 16
32 16
64 64
2 32
4 128
8 8
32 64
8 0
4 32
4 8
32 4
1 64
64 128
8 64
8 128
16 128
32 64
8 4
16 64
64 16
32 32
16 64
4 8
32 4
64 8
32 0
1 16
1 16
64 16
2 32
1 8
1 32
64 128
4 64
1 16
32 8
2 0
4 0
2 64
16 64
8 0
2 4
64 0
4 8
4 16
32 16
8 128
32 16
1 32
32 64
1 8
32 16
64 16
4 32
64 0
4 64
16 16
2 0
4 8
64 8
1 8
2 16
4 0
4 0
1 128
1 32
64 0
64 32
8 8
2 64
64 128
2 16
4 16
16 8
32 0
2 8
4 128
64 8
16 128
1 16
1 16
1 8
64 8
1 64
4 32
64 0
2 64
2 4
16 8
2 4
2 8
4 32
64 16
64 32
1 32
16 128
1 32
32 4
32 128
64 64
16 16
8 0
32 64
16 8
2 0
8 8
16 64
2 8
8 128
16 32
1 64
4 16
2 16
4 32
64 64
1 0
1 16
2 4
16 16
8 128
16 128
8 16
2 32
32 16
16 4
4 16
64 8
16 64
4 0
32 64
2 128
32 4
64 0
2 16
64 32
32 16
8 4
2 0
32 0
1 4
32 16
16 64
32 8
2 32
64 128
32 8
32 32
2 32
64 32
16 64
16 8
1 16
16 128
64 128
1 128
8 4
16 32
64 0
4 64
4 8
64 0
2 0
16 0
64 16
2 0
64 32
2 0
4 64
16 32
2 32
2 16
32 4
8 128
8 8
2 4
16 4
32 4
64 128
1 32
8 0
64 16
16 8
4 0
4 8
1 32
1 4
64 0
16 128
4 0
2 32
4 128
64 128
16 64
32 0
8 64
1 8
16 4
2 128
16 4
16 0
8 0
2 16
16 0
16 16
8 4
2 0
1 0
16 16
8 16
2 16
32 128
64 16
64 128
2 32
2 4
64 128
8 64
1 4
2 64
1 0
32 32
64 32
16 8
4 32
4 0
64 128
16 0
8 16
4 32
8 0
2 32
64 8
8 16
64 128
64 0
16 0
8 8
8 16
2 0
4 8
16 0
8 64
8 16
16 0
1 64
16 8
1 16
64 0
8 32
2 64
4 4
8 4
32 32
8 32
4 16
2 16
4 32
64 128
16 4
1 64
4 64
2 16
16 4
4 0
64 64
8 16
2 128
64 64
32 16
8 128
16 128
2 0
8 0
2 32
4 0
16 4
64 16
2 64
16 64
32 4
2 8
32 32
64 0
8 4
64 16
32 0
1 64
2 16
1 128
8 4
2 0
1 4
32 0
32 4
32 8
64 64
8 0
64 64
4 64
16 128
1 64
32 0
64 16
16 32
16 4
16 4
2 64
32 32
16 8
4 4
8 128
2 4
1 8
16 128
32 8
2 32
32 8
2 0
4 0
64 32
32 128
4 4
32 0
4 128
1 16
8 8
4 64
16 8
1 32
4 64
1 16
2 32
4 4
1 64
4 32
1 0
4 8
4 8
8 64
4 8
8 4
1 16
4 4
4 16
1 4
1 64
2 128
1 64
64 8
1 0
64 0
8 4
1 64
2 64
2 32
4 8
4 128
8 4
32 4
32 128
64 8
8 128
16 32
64 64
1 32
64 4
8 64
16 0
2 16
32 64
8 128
2 4
2 32
32 4
8 32
64 64
8 4
2 4
8 32
4 32
1 128
1 64
32 8
4 8
1 32
4 16
8 8
16 16
4 8
8 8
64 8
8 16
16 0
32 32
8 8
2 8
32 16
8 128
16 4
4 4
8 8
64 32
8 8
16 128
16 128
64 4
4 4
2 128
1 16
32 64
1 32
32 64
8 4
32 16
32 32
1 4
2 64
16 16
2 8
64 4
16 16
2 0
2 4
2 128
8 64
2 0
64 4
16 0
8 32
1 0
32 0
4 64
32 16
8 32
8 0
8 8
64 32
64 16
1 4
1 8
8 64
8 4
64 0
4 64
1 0
4 32
16 64
32 8
2 16
4 64
32 4
32 128
4 32
16 64
64 0
64 64
16 4
1 32
2 8
1 128
16 8
32 128
2 8
64 32
2 16
32 64
16 0
2 32
8 8
1 32
1 128
1 32
16 8
32 32
32 0
4 16
1 128
8 8
2 0
4 0
16 32
64 32
1 32
16 4
32 16
1 8
2 128
2 4
32 16
16 16
32 32
32 8
1 4
2 4
32 16
1 16
64 4
64 64
2 0
2 4
64 4
2 16
32 64
64 64
1 32
8 8
8 8
8 16
2 4
32 0
32 128
16 0
2 0
4 128
4 128
16 128
4 0
8 16
16 32
32 4
16 128
16 16
2 0
1 64
32 64
4 32
1 32
64 64
1 128
32 16
1 4
4 8
1 64
4 4
64 8
1 64
4 64
64 16
8 32
1 4
32 64
8 8
1 0
64 32
1 16
8 128
16 8
8 16
64 4
4 16
8 0
16 128
4 64
8 32
4 4
8 16
64 8
64 0
16 16
32 16
16 32
16 16
1 0
4 0
2 32
2 64
4 0
4 128
2 16
2 16
32 8
16 64
2 0
16 16
2 16
4 64
2 0
8 64
64 0
32 64
2 4
2 32
4 16
1 8
4 4
8 64
4 128
1 8
2 4
1 8
8 4
32 0
64 128
32 128
16 16
16 64
8 4
32 32
2 128
1 0
32 4
1 32
2 16
4 16
32 16
1 8
32 16
64 128
8 64
16 128
32 4
16 16
1 16
16 8
4 0
1 32
2 128
16 8
32 16
1 64
64 64
8 16
8 128
16 64
4 128
64 4
8 4
1 32
2 32
2 128
4 0
8 64
1 4
4 128
16 0
64 32
4 4
32 0
2 32
4 8
64 32
64 16
32 128
1 16
8 0
4 4
32 4
16 4
64 32
64 16
8 8
16 128
2 128
8 16
32 8
4 8
64 16
16 128
16 128
1 16
16 128
2 16
8 32
1 32
4 32
1 4
2 4
4 16
32 128
64 128
8 0
4 32
64 32
4 0
32 128
32 64
64 64
64 64
4 64
16 0
2 0
32 128
1 32
1 128
2 64
64 8
4 8
2 8
16 16
8 128
4 8
1 16
1 128
2 0
32 128
16 8
16 32
32 8
4 0
4 16
2 8
2 16
1 16
16 4
64 32
2 16
4 64
32 8
4 32
4 128
2 4
8 64
4 0
32 128
8 128
4 0
1 8
8 32
1 128
32 8
4 8
32 64
32 16
16 4
1 32
1 4
2 16
8 32
1 128
32 64
32 16
8 16
4 16
1 4
64 0
32 8
4 32
4 64
32 0
1 128
64 16
2 8
32 8
2 128
1 64
64 64
4 128
4 128
2 8
4 64
32 0
64 32
16 128
4 64
2 128
2 64
64 128
2 128
8 16
16 32
64 32
16 32
2 128
8 0
1 0
16 0
4 4
32 8
64 128
64 128
16 4
64 64
8 16
4 128
4 64
16 64
1 0
16 0
2 64
16 128
2 16
2 32
4 8
8 128
8 4
8 32
64 0
8 8
4 64
32 0
32 32
4 128
1 64
32 8
2 4
16 8
8 4
4 32
16 128
16 0
16 0
32 0
64 8
16 32
32 32
1 64
2 8
32 0
64 128
8 4
1 128
4 16
8 8
1 64
8 4
1 32
1 0
64 8
16 64
64 4
32 8
32 0
4 64
16 0
1 8
16 4
4 64
8 8
32 128
16 128
1 64
1 16
8 32
8 32
2 8
16 64
2 64
16 0
1 128
64 32
2 0
8 8
16 64
1 0
16 8
2 16
2 4
8 64
1 32
64 128
1149 1451 16
1149 1057 8
1057 1540 32
1057 1029 8
1029 413 8
1029 1261 8
1261 604 16
1261 52 16
52 1050 8
52 217 64
217 915 64
217 662 4
217 1559 4
662 293 8
662 824 8
824 1559 16
824 774 16
774 157 32
774 867 4
867 1462 16
867 980 64
980 1562 32
980 141 64
141 1336 8
141 129 4
129 173 16
129 616 64
129 776 4
616 309 64
616 829 16
829 776 32
829 464 8
464 703 4
464 573 4
573 393 4
573 1329 4
1329 876 32
1329 1124 4
1124 1112 8
1124 504 16
504 749 32
504 339 8
339 1320 64
339 937 4
937 1523 32
937 1193 32
1193 1519 32
1193 1221 64
1221 5 64
1221 524 16
1221 1341 4
524 1599 16
524 562 32
562 1341 64
562 1342 64
562 416 2
1342 1069 32
1342 1334 16
1334 416 64
1334 1056 32
1056 232 8
1056 1403 4
1403 818 64
1403 1243 64
1243 1024 8
1243 509 4
509 1018 16
509 1491 4
1491 82 64
1491 1150 4
1150 627 32
1150 729 32
729 1229 8
729 421 4
421 1005 4
421 1172 64
1172 124 16
1172 1098 4
1098 488 64
1098 2 8
2 974 64
2 772 32
772 59 8
1451 431 32
1451 1540 16
1540 414 64
1540 413 4
413 1212 8
413 604 4
604 1254 32
604 1050 8
1050 717 16
1050 915 16
915 686 4
915 293 32
293 800 32
293 1559 4
293 1583 8
1559 556 32
1559 157 16
157 1583 4
157 1462 16
1462 1271 64
1462 1562 64
1562 1373 4
1562 1336 16
1336 1378 4
1336 173 64
173 1137 64
173 309 8
309 621 8
309 776 8
776 511 4
776 703 16
703 559 4
703 393 64
393 863 64
393 876 16
876 1287 8
876 1112 32
1112 328 4
1112 749 64
749 1504 16
749 1320 32
1320 1045 64
1320 1523 32
1523 1529 64
1523 1519 16
1519 1006 64
1519 5 32
5 459 32
5 1599 64
1599 9 64
1599 1341 8
1341 693 8
1341 1069 64
1341 398 2
1069 1135 32
1069 416 64
416 398 16
416 232 32
232 1164 16
232 818 32
818 156 8
818 1024 4
1024 788 32
1024 1018 16
1018 1345 8
1018 82 4
82 762 4
82 627 32
627 795 64
627 1229 32
1229 917 64
1229 1005 4
1005 633 64
1005 124 16
124 295 8
124 488 16
488 558 64
488 974 16
974 476 8
974 59 16
59 1432 32
431 557 4
431 414 16
414 1196 8
414 1212 16
1212 661 32
1212 1254 4
1254 371 16
1254 717 32
717 997 16
717 686 64
686 260 4
686 800 32
800 699 64
800 556 64
556 953 64
556 1583 32
1583 767 64
1583 1271 4
1271 246 16
1271 1373 32
1373 1323 16
1373 1378 8
1378 653 64
1378 1137 32
1137 758 4
1137 621 4
621 844 4
621 511 16
511 1370 32
511 559 16
559 489 4
559 863 16
559 684 8
863 1125 16
863 1287 64
863 1549 8
1287 684 64
1287 328 64
328 1549 16
328 1504 8
1504 552 8
1504 1045 8
1045 638 32
1045 1529 8
1529 1356 8
1529 1006 64
1006 1404 4
1006 459 64
1006 377 2
459 1525 64
459 9 4
9 377 8
9 693 16
693 336 4
693 1135 64
1135 1153 4
1135 398 32
1135 574 8
398 1418 32
398 1164 32
1164 574 64
1164 156 64
156 1448 16
156 788 16
788 1026 16
788 1345 32
1345 845 32
1345 762 8
762 25 32
762 795 32
795 1520 64
795 917 32
917 1166 4
917 633 32
633 354 16
633 295 16
295 332 4
295 558 16
558 1401 32
558 476 4
476 1476 4
476 1432 32
1432 286 8
557 303 32
557 1196 64
1196 810 4
1196 661 16
661 80 4
661 371 32
371 678 32
371 997 4
997 728 8
997 260 8
260 1047 8
260 699 8
260 518 8
699 172 8
699 953 4
953 518 4
953 767 16
767 1309 8
767 246 4
246 1551 16
246 1323 32
1323 1522 32
1323 653 16
653 1494 64
653 758 4
758 148 8
758 844 16
758 1192 4
844 45 64
844 1370 32
1370 1192 16
1370 489 16
489 1581 4
489 1125 32
1125 850 8
1125 684 8
684 1268 4
684 1549 64
1549 1284 4
1549 552 16
1549 1422 4
552 216 64
552 638 64
638 1422 8
638 1356 8
1356 34 8
1356 1404 16
1404 177 4
1404 1525 64
1525 387 32
1525 377 4
377 406 4
377 336 8
336 1136 64
336 1153 64
336 1110 2
1153 672 8
1153 1418 4
1418 1110 16
1418 574 8
574 1237 64
574 1448 4
1448 880 4
1448 1026 16
1026 1001 32
1026 845 64
845 1013 4
845 25 4
25 782 16
25 1520 4
1520 1586 16
1520 1166 16
1166 781 8
1166 354 16
354 816 4
354 332 4
332 1260 8
332 1401 64
1401 766 32
1401 1476 4
1476 701 64
1476 286 16
286 622 4
303 967 16
303 810 4
810 721 32
810 80 4
80 1425 64
80 678 64
80 545 4
678 676 16
678 728 8
728 545 4
728 1047 64
1047 361 8
1047 172 32
172 1121 4
172 518 4
518 1090 8
518 1309 64
1309 846 4
1309 1551 16
1551 862 16
1551 1522 4
1522 1285 64
1522 1494 16
1522 445 8
1494 910 4
1494 148 64
148 445 16
148 45 32
45 94 64
45 1192 8
1192 83 32
1192 1581 64
1581 723 32
1581 850 4
850 691 16
850 1268 16
1268 603 8
1268 1284 4
1284 1375 4
1284 216 4
1284 296 4
216 1085 4
216 1422 4
1422 296 4
1422 34 16
34 394 8
34 177 32
177 168 16
177 387 64
177 359 2
387 163 16
387 406 8
406 359 16
406 1136 8
406 962 8
1136 886 32
1136 672 32
672 962 64
672 1110 32
672 833 8
1110 147 32
1110 1237 32
1237 833 4
1237 880 64
880 938 8
880 1001 64
1001 78 4
1001 1013 8
1013 575 16
1013 782 8
782 1252 32
782 1586 64
1586 898 16
1586 781 8
1586 988 4
781 877 8
781 816 16
816 988 4
816 1260 4
1260 1332 32
1260 766 16
1260 1359 2
766 793 8
766 701 8
701 1359 32
701 622 4
622 587 8
967 120 16
967 721 64
721 18 64
721 1425 16
1425 784 4
1425 676 4
676 1328 32
676 545 64
545 0 64
545 361 8
361 842 8
361 1121 8
361 1003 4
1121 760 32
1121 1090 4
1121 1037 2
1090 1003 32
1090 846 64
846 1037 32
846 862 32
862 1115 4
862 1285 64
1285 1203 64
1285 910 8
910 444 16
910 445 64
445 1326 16
445 94 32
445 6 2
94 1087 64
94 83 64
94 706 8
83 6 8
83 723 16
723 706 32
723 691 16
691 927 32
691 603 8
603 87 4
603 1375 16
603 580 2
1375 769 64
1375 1085 8
1085 580 64
1085 296 64
296 1436 16
296 394 4
394 244 64
394 168 4
168 923 4
168 163 64
163 418 32
163 359 16
359 190 32
359 886 8
359 71 4
886 753 4
886 962 32
962 71 32
962 147 32
147 755 4
147 833 32
147 739 4
833 442 32
833 938 4
938 739 8
938 78 16
78 1585 4
78 575 4
78 209 8
575 1265 32
575 1252 16
1252 209 64
1252 898 16
898 916 16
898 877 16
877 27 16
877 988 8
877 299 2
988 1091 16
988 1332 16
1332 299 8
1332 793 16
1332 1577 8
793 1081 8
793 1359 64
1359 1577 16
1359 587 16
587 928 16
120 202 16
120 18 8
18 568 16
18 784 4
784 224 8
784 1328 64
1328 109 16
1328 0 64
0 425 16
0 842 32
842 7 8
842 760 32
760 1264 32
760 1003 16
1003 99 4
1003 1037 64
1037 1574 32
1037 1115 8
1115 610 4
1115 1203 8
1115 563 8
1203 983 32
1203 444 8
1203 446 8
444 563 8
444 1326 4
1326 446 64
1326 1087 32
1087 243 16
1087 6 16
6 304 64
6 706 4
706 38 64
706 927 8
927 740 16
927 87 16
87 1092 16
87 769 4
769 1553 16
769 580 16
769 754 2
580 164 32
580 1436 4
1436 754 4
1436 244 64
244 1297 4
244 923 16
923 825 8
923 418 8
418 596 4
418 190 8
418 312 8
190 1052 32
190 753 16
753 312 8
753 71 32
71 1470 4
71 755 8
755 334 32
755 442 16
442 433 4
442 739 64
739 779 4
739 1585 64
1585 1066 4
1585 1265 4
1265 1235 8
1265 209 8
209 13 64
209 916 4
916 353 64
916 27 8
27 51 8
27 1091 8
27 1142 4
1091 742 32
1091 299 8
299 1142 4
299 1081 64
1081 294 32
1081 1577 4
1577 112 8
1577 928 16
928 765 16
202 1507 16
202 568 8
568 1445 32
568 224 64
568 1454 4
224 207 8
224 109 8
109 1454 16
109 425 4
109 1374 4
425 106 8
425 7 32
7 1374 16
7 1264 32
1264 1346 32
1264 99 8
99 802 4
99 1574 8
1574 564 4
1574 610 8
610 1488 64
610 983 64
983 951 8
983 563 8
563 344 16
563 446 16
446 184 32
446 243 8
243 389 64
243 304 8
304 615 8
304 38 8
38 61 64
38 740 8
740 1281 32
740 1092 64
1092 81 8
1092 1553 64
1092 110 8
1553 813 8
1553 164 64
1553 815 4
164 110 4
164 754 8
164 37 8
754 815 8
754 1297 32
1297 37 32
1297 825 32
825 1255 16
825 596 16
596 1351 32
596 1052 32
1052 150 64
1052 312 16
312 410 64
312 1470 8
1470 1162 32
1470 334 8
334 707 32
334 433 8
433 1259 32
433 779 4
779 1571 16
779 1066 8
779 166 8
1066 1339 16
1066 1235 64
1066 270 2
1235 166 4
1235 13 64
1235 667 2
13 270 4
13 353 16
353 667 4
353 51 4
51 171 16
51 742 8
742 1230 32
742 1142 32
1142 875 4
1142 294 4
294 996 64
294 112 32
112 135 4
112 765 8
765 744 64
1507 1362 4
1507 1445 4
1445 1157 4
1445 207 32
207 67 8
207 1454 8
1454 125 16
1454 106 4
106 666 32
106 1374 8
1374 4 8
1374 1346 32
1346 441 4
1346 802 4
802 1512 4
802 564 64
564 1407 64
564 1488 8
1488 1354 4
1488 951 32
951 1176 32
951 344 32
344 1408 4
344 184 16
184 906 4
184 389 16
389 1459 4
389 615 16
615 975 32
615 61 16
61 1427 32
61 1281 64
1281 746 64
1281 81 16
81 461 8
81 813 64
81 275 2
813 798 4
813 110 4
110 275 64
110 815 64
815 1078 8
815 37 16
37 1165 4
37 1255 64
37 1171 8
1255 1565 4
1255 1351 16
1351 1171 64
1351 150 16
150 128 8
150 410 32
410 1267 32
410 1162 16
1162 212 4
1162 707 16
707 536 4
707 1259 16
1259 814 64
1259 1571 32
1571 1138 8
1571 1339 64
1339 709 32
1339 166 32
1339 512 2
166 1546 32
166 270 16
270 512 8
270 667 4
667 907 16
667 171 16
171 854 4
171 1230 16
1230 799 16
1230 875 64
1230 1306 4
875 1584 4
875 996 16
996 1306 16
996 135 8
996 1197 2
135 525 8
135 744 4
744 1197 4
1362 315 8
1362 1157 64
1157 33 4
1157 67 32
67 1187 4
67 125 16
125 1429 32
125 666 64
666 66 32
666 4 64
666 1119 2
4 1205 4
4 441 16
441 1119 4
441 1512 8
441 889 4
1512 1537 32
1512 1407 16
1407 889 4
1407 1354 4
1354 936 8
1354 1176 64
1176 234 8
1176 1408 64
1408 768 32
1408 906 32
906 1340 8
906 1459 64
1459 1588 8
1459 975 4
975 530 16
975 1427 8
1427 748 64
1427 746 4
746 1499 32
746 461 32
461 1266 16
461 798 8
461 1201 8
798 1382 4
798 275 64
275 1201 4
275 1078 16
1078 230 8
1078 1165 8
1165 1461 16
1165 1565 64
1165 453 4
1565 1088 64
1565 1171 64
1171 453 8
1171 128 8
1171 628 8
128 263 4
128 1267 32
1267 628 4
1267 212 8
212 1464 16
212 536 32
536 879 8
536 814 4
814 670 16
814 1138 64
1138 637 8
1138 709 8
709 1032 32
709 1546 8
1546 1068 64
1546 512 32
512 522 32
512 907 4
907 46 16
907 854 32
854 305 16
854 799 64
799 839 8
799 1584 32
1584 1274 8
1584 1306 4
1306 787 64
1306 525 64
1306 745 2
525 1412 32
525 1197 64
1197 745 32
315 472 4
315 33 16
33 1511 8
33 1187 8
1187 1368 16
1187 1429 4
1429 55 64
1429 66 32
66 1128 32
66 1205 64
1205 1129 32
1205 1119 8
1119 1246 8
1119 1537 8
1537 547 4
1537 889 8
889 1349 32
889 936 64
889 469 2
936 1010 8
936 234 4
234 469 64
234 768 64
768 378 64
768 1340 16
1340 471 64
1340 1588 4
1340 853 2
1588 370 8
1588 530 16
530 853 64
530 748 4
530 365 4
748 679 16
748 1499 8
1499 365 4
1499 1266 64
1266 1195 8
1266 1382 64
1382 832 4
1382 1201 4
1201 1442 8
1201 230 16
230 752 32
230 1461 32
1461 1290 16
1461 1088 4
1088 508 16
1088 453 64
453 262 4
453 263 32
453 86 2
263 1572 64
263 628 16
628 86 16
628 1464 8
1464 1232 64
1464 879 32
879 253 8
879 670 64
670 1542 4
670 637 16
637 126 32
637 1032 16
1032 395 16
1032 1068 4
1032 497 2
1068 747 32
1068 522 16
522 497 64
522 46 64
46 1325 4
46 305 16
305 682 32
305 839 32
839 808 64
839 1274 16
1274 1337 64
1274 787 4
1274 1452 2
787 785 32
787 1412 4
1412 1452 16
1412 745 8
745 397 4
472 412 4
472 1511 16
472 240 2
1511 535 32
1511 1368 8
1368 240 16
1368 55 16
55 242 8
55 1128 32
1128 1241 4
1128 1129 4
1129 540 4
1129 1246 32
1246 581 64
1246 547 64
1246 1182 4
547 883 16
547 1349 64
1349 1182 32
1349 1010 32
1010 1304 16
1010 469 32
469 1256 16
469 378 64
378 1397 16
378 471 8
471 298 16
471 370 32
370 646 64
370 853 8
853 858 16
853 679 4
679 211 4
679 365 16
365 804 4
365 1195 4
1195 526 64
1195 832 32
832 1051 64
832 1442 16
1442 437 16
1442 752 16
752 463 16
752 1290 4
1290 367 64
1290 508 4
508 775 4
508 262 32
262 612 64
262 1572 32
1572 320 64
1572 86 16
86 1357 8
86 1232 64
1232 206 4
1232 253 64
253 1392 64
253 1542 4
1542 648 8
1542 126 64
126 1216 16
126 395 16
395 1567 64
395 747 64
747 1322 4
747 497 64
497 360 64
497 1325 32
1325 1313 4
1325 682 16
1325 1033 4
682 1101 32
682 808 8
808 1033 8
808 1337 4
1337 1538 8
1337 785 16
1337 608 8
785 1086 32
785 1452 4
1452 608 64
1452 397 4
397 725 16
412 1324 8
412 535 64
535 48 16
535 240 8
240 231 16
240 242 4
242 486 32
242 1241 4
1241 92 32
1241 540 64
540 1484 32
540 581 16
581 429 8
581 883 64
883 1564 4
883 1182 32
1182 663 16
1182 1304 64
1304 618 32
1304 1256 32
1256 1049 8
1256 1397 8
1397 422 64
1397 298 32
298 696 8
298 646 16
646 1406 64
646 858 16
858 515 8
858 211 4
211 213 32
211 804 32
804 1480 16
804 526 4
526 803 16
526 1051 16
526 26 8
1051 1174 8
1051 437 4
437 26 8
437 463 4
463 152 4
463 367 32
367 671 4
367 775 64
775 1025 4
775 612 32
612 1074 4
612 320 16
612 730 4
320 1286 8
320 1357 32
1357 730 4
1357 206 16
206 167 4
206 1392 64
1392 280 64
1392 648 4
648 857 8
648 1216 4
1216 102 8
1216 1567 32
1216 1576 4
1567 308 64
1567 1322 8
1322 1576 8
1322 360 32
1322 321 2
360 1580 64
360 1313 8
1313 321 4
1313 1101 16
1101 93 64
1101 1033 4
1033 998 16
1033 1538 16
1538 1044 32
1538 1086 16
1086 1587 16
1086 608 16
608 714 4
608 725 64
725 840 16
1324 68 64
1324 48 16
48 330 8
48 231 32
231 427 16
231 486 8
486 423 4
486 92 16
92 1381 64
92 1484 8
92 1156 4
1484 586 16
1484 429 32
429 1156 8
429 1564 16
429 668 8
1564 279 4
1564 663 32
663 668 64
663 618 64
663 1385 2
618 852 4
618 1049 16
1049 1385 8
1049 422 16
422 828 8
422 696 64
696 675 32
696 1406 32
1406 935 64
1406 515 4
515 1353 4
515 213 64
213 174 64
213 1480 4
1480 326 4
1480 803 16
803 323 16
803 1174 32
1174 194 64
1174 26 32
26 245 32
26 152 64
152 1209 64
152 671 16
671 660 64
671 1025 64
1025 1497 4
1025 1074 4
1074 301 16
1074 1286 8
1286 674 64
1286 730 16
730 589 16
730 167 4
167 183 32
167 280 16
280 73 64
280 857 4
857 1002 16
857 102 32
102 636 16
102 308 64
308 872 32
308 1576 32
1576 1061 4
1576 1580 64
1576 896 4
1580 1582 64
1580 321 4
321 896 4
321 93 4
321 1550 8
93 1130 32
93 998 4
998 1550 64
998 1044 8
1044 681 4
1044 1587 8
1044 8 2
1587 160 16
1587 714 64
714 8 8
714 840 4
840 595 4
68 890 4
68 330 32
330 482 16
330 427 64
427 333 16
427 423 16
423 770 8
423 1381 32
1381 496 32
1381 586 64
586 258 64
586 1156 8
1156 1280 32
1156 279 8
279 549 4
279 668 64
668 830 4
668 852 4
852 1155 16
852 1385 64
1385 10 4
1385 828 16
828 970 64
828 675 64
675 273 8
675 935 4
935 579 8
935 1353 64
1353 1258 16
1353 174 16
174 1114 16
174 326 4
326 426 8
326 323 4
323 358 4
323 194 16
194 325 16
194 245 32
245 475 16
245 1209 8
1209 1595 16
1209 660 4
1209 1021 8
660 500 4
660 1497 16
1497 1021 16
1497 301 32
301 1457 8
301 674 8
674 645 16
674 589 64
589 391 32
589 183 16
183 865 16
183 73 64
73 778 32
73 1002 16
1002 208 32
1002 636 32
636 268 4
636 872 64
636 1000 4
872 1416 32
872 1061 4
1061 1000 64
1061 1582 32
1582 159 8
1582 896 64
896 903 4
896 1130 32
1130 379 8
1130 1550 16
1550 1170 4
1550 681 32
681 30 4
681 160 32
160 1534 64
160 8 32
8 302 4
8 595 4
595 470 64
890 252 64
890 482 32
482 43 16
482 333 32
333 1575 4
333 770 64
333 1073 4
770 960 4
770 496 32
496 1073 32
496 258 8
258 560 32
258 1280 4
258 929 8
1280 151 16
1280 549 8
549 929 16
549 830 64
549 1076 2
830 1498 4
830 1155 8
1155 1076 64
1155 10 16
10 271 8
10 970 64
10 154 4
970 473 8
970 273 4
273 154 16
273 579 4
579 1380 32
579 1258 16
1258 874 64
1258 1114 64
1114 665 16
1114 426 16
426 1482 8
426 358 16
358 791 64
358 325 32
358 732 4
325 292 8
325 475 64
475 732 32
475 1595 64
1595 1169 8
1595 500 16
500 555 8
500 1021 32
500 1202 8
1021 631 16
1021 1457 32
1457 1202 32
1457 645 64
1457 1314 8
645 70 4
645 391 4
391 1314 4
391 865 64
865 783 16
865 778 32
778 1352 16
778 208 64
208 514 16
208 268 16
268 1126 8
268 1416 4
1416 287 32
1416 1000 8
1000 89 32
1000 159 4
159 363 16
159 903 32
903 897 32
903 379 32
379 1059 4
379 1170 32
1170 657 32
1170 30 4
30 624 8
30 1534 32
30 1561 8
1534 181 16
1534 302 32
302 1561 8
302 470 64
470 901 4
252 1593 8
252 43 8
43 572 32
43 1575 8
1575 1004 4
1575 960 16
960 169 8
960 1073 8
1073 1398 64
1073 560 4
560 136 4
560 151 64
560 712 4
151 510 16
151 929 4
929 712 64
929 1498 32
1498 142 4
1498 1076 8
1076 1282 64
1076 271 32
271 1463 64
271 473 32
473 934 16
473 154 32
154 1579 8
154 1380 16
1380 498 16
1380 874 4
874 1545 32
874 665 16
665 716 64
665 1482 8
1482 1222 4
1482 791 8
791 590 32
791 292 8
292 352 32
292 732 16
732 694 64
732 1169 64
1169 1190 8
1169 555 4
555 222 4
555 631 4
631 985 8
631 1202 4
1202 1395 32
1202 70 4
70 823 8
70 1314 4
1314 356 8
1314 783 16
783 1347 16
783 1352 8
1352 1116 4
1352 514 16
1352 290 2
514 1016 16
514 1126 32
1126 290 16
1126 287 8
1126 546 4
287 820 8
287 89 4
89 546 16
89 363 8
89 72 8
363 507 4
363 897 4
897 72 8
897 1059 8
1059 1501 32
1059 657 4
657 1543 8
657 624 32
624 925 32
624 181 64
181 1434 8
181 1561 64
1561 1598 4
1561 901 4
901 959 32
1593 954 16
1593 572 8
572 1173 32
572 1004 16
1004 577 64
1004 169 32
169 647 8
169 1398 8
1398 1167 4
1398 136 8
136 350 64
136 510 8
510 602 8
510 712 32
712 1211 16
712 142 8
142 797 32
142 1282 64
1282 237 4
1282 1463 32
1463 1106 32
1463 934 8
934 362 4
934 1579 32
1579 145 8
1579 498 32
498 261 64
498 1545 16
1545 644 16
1545 716 8
716 528 64
716 1222 8
1222 655 32
1222 590 64
1222 91 8
590 619 8
590 352 8
352 91 4
352 694 16
694 1144 32
694 1190 64
1190 1080 8
1190 222 32
222 1573 4
222 985 32
222 669 8
985 543 32
985 1395 4
1395 669 16
1395 823 16
1395 593 2
823 531 32
823 356 64
356 593 32
356 1347 4
1347 641 16
1347 1116 8
1116 1011 16
1116 1016 4
1116 1527 4
1016 1308 8
1016 290 4
290 1527 32
290 820 64
820 1219 32
820 546 64
546 993 4
546 507 16
507 1023 8
507 72 16
72 456 8
72 1501 64
1501 1140 8
1501 1543 16
1543 1438 4
1543 925 4
1543 882 2
925 695 16
925 1434 4
1434 882 16
1434 1598 16
1598 491 64
1598 959 4
959 650 64
954 1298 4
954 1173 8
1173 138 8
1173 577 16
577 1369 64
577 647 64
647 550 64
647 1167 4
1167 539 4
1167 350 8
350 1053 16
350 602 16
602 597 8
602 1211 4
1211 851 32
1211 797 32
797 1386 4
797 237 4
237 1302 8
237 1106 32
1106 189 32
1106 362 32
362 956 4
362 145 32
145 364 16
145 261 32
261 1387 64
261 644 32
644 269 4
644 528 4
528 517 64
528 655 64
655 132 4
655 619 8
619 14 32
619 91 8
91 964 4
91 1144 32
1144 715 64
1144 1080 16
1080 914 32
1080 1573 4
1573 1426 64
1573 543 8
1573 848 4
543 1316 8
543 669 4
669 848 16
669 531 4
531 594 4
531 593 64
593 1441 64
593 641 16
641 407 8
641 1011 64
1011 493 4
1011 1308 4
1308 40 4
1308 1527 64
1527 97 16
1527 1219 16
1219 467 8
1219 993 64
993 1578 4
993 1023 16
993 614 2
1023 288 64
1023 456 4
456 614 8
456 1140 16
456 1077 8
1140 64 32
1140 1438 16
1438 1077 64
1438 695 32
1438 1278 4
695 492 8
695 882 32
882 1278 4
882 491 32
882 340 2
491 1568 64
491 650 16
650 340 8
1298 331 32
1298 138 32
138 957 8
138 1369 8
1369 335 8
1369 550 8
550 178 8
550 539 4
539 617 16
539 1053 16
1053 1531 32
1053 597 16
597 1217 8
597 851 16
851 599 64
851 1386 64
1386 1399 32
1386 1302 32
1386 847 8
1302 553 4
1302 189 32
189 847 4
189 956 4
189 918 8
956 1200 4
956 364 32
364 918 4
364 1387 4
1387 1554 16
1387 269 16
269 327 16
269 517 8
517 969 4
517 132 16
132 248 64
132 14 16
14 1592 64
14 964 8
964 1250 4
964 715 32
715 683 32
715 914 64
914 289 64
914 1426 64
914 1331 4
1426 1272 4
1426 1316 16
1316 1331 8
1316 848 64
848 1466 32
848 594 8
594 1590 32
594 1441 8
1441 1384 64
1441 407 64
407 1390 4
407 493 8
493 1367 8
493 40 8
40 1161 32
40 97 4
97 763 16
97 467 4
467 192 32
467 1578 4
1578 1319 32
1578 288 4
288 591 4
288 614 8
614 955 16
614 64 16
64 1133 16
64 1077 8
1077 1234 8
1077 492 8
492 388 64
492 1278 4
492 188 2
1278 868 4
1278 1568 8
1278 642 4
1568 188 32
1568 340 16
340 642 4
331 576 32
331 957 8
957 1228 16
957 335 8
335 1009 64
335 178 8
178 1513 32
178 617 16
617 1147 4
617 1531 64
1531 1188 8
1531 1217 8
1531 503 4
1217 227 64
1217 599 16
599 503 64
599 1399 16
599 1008 2
1399 468 8
1399 553 64
553 1008 4
553 847 8
847 946 4
847 1200 32
1200 329 16
1200 918 4
918 146 32
918 1554 16
918 1437 4
1554 195 32
1554 327 64
1554 625 8
327 1437 8
327 969 8
327 440 2
969 625 32
969 248 4
248 440 64
248 1592 64
248 111 8
1592 976 4
1592 1250 64
1250 111 8
1250 683 32
683 369 16
683 289 16
289 878 32
289 1272 16
1272 972 8
1272 1331 32
1331 1421 4
1331 1466 32
1466 859 16
1466 1590 8
1590 588 4
1590 1384 64
1384 495 64
1384 1390 8
1390 17 4
1390 1367 32
1390 1524 2
1367 919 64
1367 1161 8
1161 1524 16
1161 763 8
763 1468 32
763 192 16
763 567 8
192 291 16
192 1319 32
1319 567 64
1319 591 16
1319 499 2
591 380 64
591 955 64
591 629 2
955 499 4
955 1133 8
1133 629 8
1133 1234 64
1234 1007 64
1234 388 8
1234 697 4
388 1055 4
388 868 64
868 697 4
868 188 8
188 310 4
188 642 64
642 687 64
576 29 16
576 1228 64
1228 1481 16
1228 1009 64
1009 1151 8
1009 1513 32
1513 77 4
1513 1147 64
1147 278 16
1147 1188 32
1188 582 32
1188 227 64
227 448 16
227 503 8
503 149 32
503 468 8
468 1111 16
468 1008 32
1008 733 16
1008 946 64
946 65 4
946 329 16
329 314 4
329 146 16
146 205 16
146 195 16
195 961 4
195 1437 32
1437 1310 4
1437 625 32
625 713 32
625 440 32
440 1253 32
440 976 4
976 761 64
976 111 8
111 1248 16
111 369 64
111 885 8
369 630 4
369 878 8
878 885 8
878 972 4
972 606 4
972 1421 16
1421 869 32
1421 859 4
859 635 64
859 588 4
588 107 32
588 495 16
495 990 32
495 17 8
495 809 4
17 609 4
17 919 4
919 809 64
919 1524 32
1524 478 8
1524 1468 64
1468 176 8
1468 291 32
291 376 32
291 567 16
567 255 64
567 380 32
380 991 64
380 499 4
499 987 32
499 629 8
629 940 8
629 1007 4
629 223 4
1007 1208 4
1007 1055 4
1007 1184 8
1055 223 64
1055 697 32
697 1184 4
697 310 64
310 1095 64
310 687 64
687 404 8
29 439 4
29 1481 16
1481 534 4
1481 1151 16
1151 1496 64
1151 77 4
77 1548 32
77 278 16
278 462 4
278 582 64
582 200 4
582 448 8
448 1469 4
448 149 64
149 1413 64
149 1111 8
1111 1226 32
1111 733 64
1111 1495 8
733 688 8
733 65 4
65 1495 8
65 314 4
314 1594 16
314 205 16
314 1273 2
205 69 64
205 961 4
961 1273 16
961 1310 8
961 123 8
1310 1430 32
1310 713 64
713 123 32
713 1253 64
1253 538 8
1253 761 8
761 1439 8
761 1248 64
1248 1402 32
1248 630 8
630 466 16
630 885 32
885 226 8
885 606 32
606 201 64
606 869 16
606 1479 2
869 977 4
869 635 32
635 1479 64
635 107 64
107 451 64
107 990 4
107 654 2
990 1096 64
990 609 8
609 654 16
609 809 4
809 1315 32
809 478 8
478 856 4
478 176 16
176 738 16
176 376 4
376 214 16
376 255 8
255 143 8
255 991 32
991 894 32
991 987 16
987 570 16
987 940 32
940 501 8
940 1208 32
1208 84 64
1208 223 32
223 1089 4
223 1184 16
223 659 2
1184 1015 4
1184 1095 64
1095 659 64
1095 404 64
404 351 32
439 399 16
439 534 8
534 20 8
534 1496 64
534 841 2
1496 1249 64
1496 1548 4
1548 841 16
1548 462 32
462 1083 64
462 200 64
200 247 8
200 1469 64
1469 893 16
1469 1413 64
1413 277 16
1413 1226 32
1226 1300 16
1226 688 16
688 899 16
688 1495 16
1495 722 64
1495 1594 16
1594 307 4
1594 69 16
69 626 64
69 1273 8
1273 337 8
1273 1430 64
1430 1177 16
1430 123 16
123 1071 16
123 538 16
123 300 2
538 881 4
538 1439 32
1439 300 32
1439 1402 32
1402 113 64
1402 466 16
466 1379 4
466 226 16
226 705 16
226 201 8
201 1420 8
201 977 16
201 235 2
977 220 32
977 1479 32
1479 235 32
1479 451 8
451 19 4
451 1096 64
1096 585 16
1096 654 64
1096 1305 8
654 764 4
654 1315 8
1315 1305 8
1315 856 4
856 1471 32
856 738 16
856 239 4
738 664 8
738 214 8
214 239 32
214 143 16
143 438 16
143 894 8
894 1062 64
894 570 8
570 926 16
570 501 8
501 750 32
501 84 64
84 700 16
84 1089 16
1089 420 16
1089 1015 32
1015 1072 8
1015 659 64
659 759 64
659 351 16
351 259 64
399 1333 64
399 20 8
20 1449 64
20 1249 4
1249 677 16
1249 841 64
841 122 8
841 1083 8
1083 1450 64
1083 247 4
1083 1377 8
247 3 4
247 893 32
893 1377 16
893 277 16
277 835 32
277 1300 64
1300 944 16
1300 899 4
899 1185 32
899 722 16
899 811 4
722 1307 64
722 307 16
722 60 2
307 811 4
307 626 16
307 719 8
626 60 8
626 337 64
337 719 8
337 1177 8
1177 1294 16
1177 1071 8
1071 981 16
1071 881 32
881 780 16
881 300 16
881 75 4
300 1318 8
300 113 8
113 75 4
113 1379 32
1379 710 16
1379 705 32
705 801 32
705 1420 64
1420 950 64
1420 220 16
220 583 64
220 235 32
235 1330 32
235 19 64
19 692 64
19 585 8
19 566 8
585 403 64
585 764 16
764 566 4
764 1305 64
1305 911 64
1305 1471 4
1305 36 2
1471 179 8
1471 664 16
664 36 16
664 239 4
664 1489 2
239 887 16
239 438 4
438 1489 8
438 1062 64
438 297 4
1062 44 16
1062 926 4
926 297 16
926 750 64
750 1213 16
750 700 64
700 390 64
700 420 32
420 196 32
420 1072 64
1072 1238 32
1072 759 64
1072 639 4
759 1475 4
759 259 64
259 639 16
1333 1292 8
1333 1449 8
1449 1453 16
1449 677 32
677 598 4
677 122 64
122 347 64
122 1450 16
122 1039 4
1450 1327 8
1450 3 8
3 1039 8
3 1377 8
1377 1458 32
1377 835 4
835 221 64
835 944 64
944 90 4
944 1185 8
1185 1041 4
1185 1307 16
1307 191 64
1307 811 16
1307 484 8
811 98 8
811 60 8
60 484 32
60 719 32
719 432 32
719 1294 4
1294 88 16
1294 981 16
981 726 8
981 780 8
780 1123 16
780 1318 16
1318 1030 8
1318 75 32
75 548 8
75 710 8
710 79 32
710 801 8
801 720 16
801 950 16
950 505 64
950 583 4
583 1444 64
583 1330 32
1330 999 32
1330 692 32
692 447 32
692 403 16
692 449 4
403 373 8
403 566 8
566 449 32
566 911 32
911 460 8
911 179 16
179 1240 32
179 36 4
36 281 32
36 887 32
887 1054 32
887 1489 64
1489 1160 16
1489 44 64
1489 1181 4
44 698 4
44 297 16
297 1181 32
297 1213 8
1213 1541 4
1213 390 32
390 1474 16
390 196 8
196 1533 32
196 1238 4
1238 1082 16
1238 1475 8
1475 620 8
1475 639 32
639 1224 8
1292 155 4
1292 1453 64
1453 1528 8
1453 598 4
1453 1371 4
598 947 8
598 347 64
598 1276 2
347 1371 16
347 1327 32
1327 1276 64
1327 1039 16
1327 134 2
1039 266 8
1039 1458 8
1458 134 4
1458 221 16
221 704 64
221 90 8
90 1343 8
90 1041 64
1041 419 32
1041 191 8
191 381 32
191 98 16
98 966 8
98 484 4
484 1487 32
484 432 16
432 1145 8
432 88 16
88 1275 4
88 726 8
726 116 8
726 1123 16
1123 1198 64
1123 1030 32
1030 502 8
1030 548 64
548 965 16
548 79 16
79 411 16
79 720 32
720 1510 8
720 505 8
505 1424 16
505 1444 32
505 968 4
1444 1141 16
1444 999 4
999 968 64
999 447 32
447 457 32
447 373 16
373 480 4
373 449 32
449 649 16
449 460 32
460 127 8
460 1240 16
1240 1443 32
1240 281 32
281 756 4
281 1054 4
1054 1312 16
1054 1160 32
1160 225 8
1160 698 8
698 1065 8
698 1181 8
698 826 4
1181 57 32
1181 1541 16
1541 826 64
1541 1474 32
1474 1139 32
1474 1533 32
1474 42 2
1533 1120 64
1533 1082 16
1082 42 4
1082 620 64
620 385 64
620 1224 8
1224 920 4
155 1423 4
155 1528 8
155 734 8
1528 1191 64
1528 947 16
1528 1415 8
947 734 4
947 1371 16
1371 1415 16
1371 1276 4
1276 53 32
1276 266 8
1276 931 4
266 21 8
266 134 64
134 931 64
134 704 8
704 1500 16
704 1343 8
1343 401 16
1343 419 64
419 724 4
419 381 64
381 1557 4
381 966 32
966 1218 4
966 1487 32
1487 1391 64
1487 1145 64
1145 1118 16
1145 1275 16
1275 942 4
1275 116 32
116 1036 8
116 1198 64
1198 24 16
1198 502 4
502 267 4
502 965 32
965 822 4
965 411 4
411 1296 32
411 1510 32
1510 454 32
1510 1424 8
1424 1417 32
1424 1141 32
1141 450 8
1141 968 8
968 108 4
968 457 4
968 1067 4
457 1063 16
457 480 8
480 1067 32
480 649 16
649 1263 32
649 127 32
649 909 4
127 751 8
127 1443 32
1443 909 16
1443 756 64
1443 338 2
756 623 4
756 1312 16
1312 338 32
1312 225 64
1312 366 2
225 1348 8
225 1065 64
1065 366 16
1065 57 64
1065 837 4
57 941 16
57 826 16
826 837 4
826 1139 32
1139 908 8
1139 1120 8
1120 203 64
1120 42 64
42 62 4
42 385 64
385 249 16
385 920 32
920 979 32
1423 477 4
1423 1191 64
1191 537 4
1191 734 4
1191 1079 2
734 1288 4
734 1415 16
1415 1079 32
1415 53 8
53 436 32
53 21 16
21 1465 16
21 931 64
931 1376 4
931 1500 8
1500 318 8
1500 401 8
401 306 16
401 724 4
724 1355 8
724 1557 16
1557 415 64
1557 1218 4
1557 1175 4
1218 139 8
1218 1391 16
1391 1175 16
1391 1118 4
1118 1017 32
1118 942 4
942 133 64
942 1036 32
1036 1158 32
1036 24 8
24 1365 32
24 267 64
267 1283 16
267 822 16
267 1100 4
822 1570 32
822 1296 32
1296 1100 4
1296 454 64
454 1295 16
454 1417 16
1417 777 16
1417 450 16
450 1364 16
450 108 64
108 932 16
108 1063 8
1063 1223 16
1063 1067 64
1067 1031 32
1067 1263 8
1067 1419 2
1263 283 32
1263 751 32
751 1419 4
751 909 16
909 251 32
909 623 8
623 368 16
623 338 8
338 219 16
338 1348 16
338 1456 8
1348 843 64
1348 366 64
366 1456 8
366 941 4
941 1097 64
941 837 8
837 182 32
837 908 32
908 185 4
908 203 32
203 56 4
203 62 16
62 613 16
62 249 8
249 1146 16
249 979 16
979 1539 8
477 1335 32
477 537 8
537 578 4
537 1288 32
1288 831 4
1288 1079 64
1079 1477 32
1079 436 4
436 1105 8
436 1465 4
1465 1103 16
1465 1376 8
1376 104 4
1376 318 64
318 523 16
318 306 64
306 978 4
306 1355 64
1355 342 16
1355 415 64
415 1257 4
415 139 32
139 607 4
139 1175 16
1175 131 64
1175 1017 16
1017 1 16
1017 133 32
133 542 8
133 1158 32
133 285 8
1158 345 32
1158 1365 64
1365 285 4
1365 1283 8
1283 939 8
1283 1570 16
1570 319 64
1570 1100 8
1100 11 4
1100 1295 4
1295 1505 8
1295 777 4
777 1303 32
777 1364 16
1364 455 4
1364 932 32
932 900 8
932 1223 64
1223 479 4
1223 1031 16
1031 891 4
1031 283 16
283 984 8
283 1419 64
1419 771 4
1419 251 4
251 1022 4
251 368 4
368 1113 16
368 219 8
219 386 64
219 843 32
843 529 32
843 1456 4
843 1048 2
1456 1199 16
1456 1097 4
1456 12 8
1097 1048 8
1097 182 32
182 12 16
182 185 64
182 711 8
185 417 4
185 56 8
56 711 4
56 613 32
613 487 16
613 1146 8
1146 989 8
1146 1539 16
1539 198 8
1335 408 64
1335 578 4
578 1020 64
578 831 32
831 1159 4
831 1477 64
831 790 2
1477 1035 16
1477 1105 8
1105 790 4
1105 1103 64
1105 186 8
1103 605 64
1103 104 16
104 186 4
104 523 16
104 1131 4
523 513 4
523 978 32
978 1131 16
978 342 64
978 895 4
342 265 64
342 1257 4
342 254 4
1257 895 64
1257 607 32
1257 1589 8
607 254 8
607 131 16
131 1589 8
131 1 32
1 1472 32
1 542 8
542 933 32
542 345 16
345 1245 64
345 285 4
285 1516 4
285 939 8
939 1360 16
939 319 16
319 963 4
319 11 32
11 741 64
11 1505 32
1505 561 64
1505 1303 8
1303 96 32
1303 455 64
455 1058 32
455 900 64
900 986 4
900 479 8
479 1102 32
479 891 64
479 1075 4
891 343 64
891 984 8
984 1075 4
984 771 8
771 871 16
771 1022 4
1022 992 32
1022 1113 4
1113 58 8
1113 386 16
386 1163 4
386 529 32
529 731 4
529 1199 16
1199 1431 8
1199 1048 4
1048 1532 64
1048 12 16
1048 357 8
12 912 32
12 417 64
417 357 8
417 711 32
711 1536 16
711 487 64
487 346 32
487 989 4
487 257 4
989 727 4
989 198 4
198 257 16
408 49 64
408 1020 4
1020 400 16
1020 1159 4
1159 1247 4
1159 1035 8
1035 490 32
1035 790 8
790 1383 32
790 605 32
605 1483 64
605 186 4
186 1291 64
186 513 64
513 153 64
513 1131 64
1131 23 16
1131 265 32
265 1189 4
265 895 64
895 31 64
895 254 64
254 1514 8
254 1589 32
1589 1566 4
1589 1472 16
1472 1556 32
1472 933 64
933 1473 4
933 1245 8
1245 796 4
1245 1516 8
1516 1455 32
1516 1360 16
1360 860 16
1360 963 8
963 565 8
963 741 64
741 1034 64
741 561 16
561 1293 16
561 96 64
96 817 8
96 1058 8
1058 161 8
1058 986 8
986 392 64
986 1102 32
1102 643 64
1102 343 32
343 1094 16
343 1075 64
1075 424 4
1075 871 64
1075 1317 2
871 47 16
871 992 4
992 1317 32
992 58 64
58 913 16
58 1163 32
1163 1338 64
1163 731 16
731 827 16
731 1431 32
1431 1569 4
1431 1532 64
1532 632 4
1532 912 4
912 794 64
912 357 8
357 544 32
357 1536 16
1536 276 64
1536 346 8
346 28 64
346 727 8
727 551 64
727 257 64
257 1301 64
49 1409 64
49 400 8
400 282 16
400 1247 4
1247 481 64
1247 490 4
490 1389 64
490 1383 64
1383 892 16
1383 1483 32
1483 807 8
1483 1291 64
1291 690 4
1291 153 8
153 994 64
153 23 64
23 1509 64
23 1189 16
1189 943 32
1189 31 8
31 256 16
31 1514 4
1514 1154 4
1514 1566 32
1566 1372 4
1566 1556 16
1556 1358 32
1556 1473 8
1473 197 8
1473 796 64
796 1530 4
796 1455 16
1455 1506 4
1455 860 8
860 737 64
860 565 8
565 165 8
565 1034 64
1034 74 16
1034 1293 8
1293 1414 8
1293 817 16
817 233 8
817 161 64
161 140 32
161 392 16
161 348 4
392 1596 64
392 643 64
643 348 8
643 1094 32
1094 1521 16
1094 424 4
424 1279 8
424 47 16
47 718 32
47 1317 4
47 1244 4
1317 1388 8
1317 913 8
1317 1490 4
913 1244 4
913 1338 8
1338 1490 16
1338 827 4
827 1242 32
827 1569 16
1569 274 32
1569 632 64
632 1411 64
632 794 16
794 743 32
794 544 32
544 1070 4
544 276 32
544 1547 2
276 685 8
276 28 64
28 1547 16
28 551 16
551 1127 64
551 1301 32
1301 673 32
1409 180 32
1409 282 16
282 115 8
282 481 32
481 1460 64
481 1389 32
481 1060 8
1389 474 64
1389 892 64
892 1060 32
892 807 32
807 836 16
807 690 64
690 611 64
690 994 64
690 1447 2
994 1152 64
994 1509 32
1509 1447 16
1509 943 8
943 812 4
943 256 8
256 405 16
256 1154 16
1154 1269 64
1154 1372 8
1154 930 8
1372 805 64
1372 1358 64
1358 930 32
1358 197 32
197 786 8
197 1530 32
1530 1544 32
1530 1506 16
1506 533 4
1506 737 64
737 702 8
737 165 8
165 904 32
165 74 32
74 1485 4
74 1414 4
1414 1019 16
1414 233 4
233 527 64
233 140 32
140 1233 16
140 1596 8
1596 1236 4
1596 348 16
348 434 64
348 1521 32
1521 855 64
1521 1279 8
1279 63 64
1279 718 16
718 1394 64
718 1388 16
1388 1214 64
1388 1244 32
1244 1361 16
1244 1490 4
1490 652 16
1490 1242 16
1242 1433 16
1242 274 32
274 600 16
274 1411 64
1411 1558 4
1411 743 16
743 870 64
743 1070 4
1070 1321 16
1070 685 8
685 15 4
685 1547 8
685 1207 4
1547 521 32
1547 1127 8
1127 1207 8
1127 673 4
673 948 64
180 1597 8
180 115 4
115 1517 4
115 1460 8
1460 316 32
1460 474 4
474 680 4
474 1060 16
1060 1440 4
1060 836 64
836 1251 8
836 611 4
611 873 4
611 1152 16
1152 973 32
1152 1447 16
1447 228 32
1447 812 64
812 1299 32
812 405 8
405 1215 16
405 1269 8
1269 41 8
1269 805 8
805 114 16
805 930 64
930 1344 16
930 786 4
786 1311 8
786 1544 32
1544 1518 4
1544 533 16
533 1270 8
533 702 64
702 443 64
702 904 64
904 452 32
904 1485 4
1485 651 16
1485 1019 4
1019 864 32
1019 527 4
527 849 32
527 1233 64
1233 1492 32
1233 1236 8
1236 272 4
1236 434 8
434 396 4
434 855 4
855 1478 32
855 63 64
63 866 16
63 1394 8
1394 430 16
1394 1214 32
1214 1363 32
1214 1361 64
1361 144 32
1361 652 4
652 121 4
652 1433 4
1433 1428 32
1433 600 4
1433 39 4
600 708 16
600 1558 8
600 689 8
1558 39 4
1558 870 4
870 689 32
870 1321 4
870 958 4
1321 516 16
1321 15 8
15 958 8
15 521 64
521 215 4
521 1207 8
1207 1040 64
1207 948 32
948 1400 8
1597 324 64
1597 1517 8
1517 175 8
1517 316 8
316 736 4
316 680 4
680 372 16
680 1440 32
1440 1493 8
1440 1251 32
1251 821 8
1251 873 16
873 1405 4
873 973 8
973 1435 4
973 228 16
973 735 8
228 1104 32
228 1299 8
1299 735 32
1299 1215 16
1215 162 16
1215 41 4
41 250 8
41 114 64
114 806 4
114 1344 64
1344 1143 8
1344 1311 8
1311 322 64
1311 1518 4
1518 532 64
1518 1270 4
1270 1109 8
1270 443 4
1270 1350 8
443 1535 8
443 452 4
452 1350 16
452 651 64
651 50 16
651 864 4
651 1220 2
864 101 16
864 849 32
849 1220 64
849 1492 32
1492 1148 32
1492 272 16
272 313 64
272 396 4
396 1194 32
396 1478 64
1478 924 32
1478 866 8
866 1410 16
866 430 32
866 1042 8
430 506 8
430 1363 4
1363 1042 64
1363 144 32
1363 1179 4
144 1027 8
144 121 16
144 945 8
121 1179 4
121 1428 16
121 1239 8
1428 945 64
1428 708 16
708 1239 4
708 39 16
39 483 8
39 689 8
689 1117 4
689 516 64
516 1028 16
516 958 32
958 35 32
958 215 4
215 971 16
215 1040 16
1040 1560 16
1040 1400 8
1400 884 4
324 105 32
324 175 8
175 341 4
175 736 64
736 1014 4
736 372 32
372 922 32
372 1493 4
1493 1555 16
1493 821 4
821 204 16
821 1405 8
1405 119 64
1405 1435 64
1435 995 32
1435 1104 4
1104 16 8
1104 735 64
1104 1262 4
735 1046 8
735 162 8
735 241 4
162 1262 64
162 250 64
162 888 4
250 241 32
250 806 16
806 888 32
806 1143 8
1143 374 16
1143 322 8
322 1563 8
322 532 64
532 199 4
532 1109 64
1109 902 4
1109 1535 32
1535 571 4
1535 1350 64
1350 1486 4
1350 50 8
50 861 4
50 101 64
101 1134 64
101 1220 32
1220 218 4
1220 1148 4
1148 1446 32
1148 313 4
313 757 8
313 1194 8
1194 137 8
1194 924 32
924 210 8
924 1410 64
1410 921 32
1410 506 32
506 193 4
506 1042 32
506 130 8
1042 554 16
1042 1027 8
1027 130 4
1027 1179 16
1179 1064 64
1179 945 16
1179 640 4
945 1515 8
945 1239 16
1239 640 8
1239 483 4
483 375 4
483 1117 64
1117 355 8
1117 1028 64
1028 1393 8
1028 35 16
35 117 4
35 971 16
971 1277 4
971 1560 32
1560 428 16
1560 884 8
884 458 16
105 1180 64
105 341 64
341 838 32
341 1014 32
1014 952 32
1014 922 32
922 1093 32
922 1555 32
1555 1503 8
1555 204 4
204 1099 4
204 119 32
204 634 8
119 409 4
119 995 8
995 634 16
995 16 8
16 656 4
16 1046 16
1046 658 16
1046 1262 32
1046 1183 8
1262 236 8
1262 241 8
241 1183 16
241 888 4
888 1108 16
888 374 16
374 402 16
374 1563 64
1563 1508 32
1563 199 8
199 1552 32
199 902 32
902 1043 32
902 571 64
571 519 4
571 1486 32
1486 1178 64
1486 861 8
861 238 16
861 1134 16
1134 584 4
1134 218 4
218 54 32
218 1446 8
218 187 8
1446 1225 32
1446 757 16
757 187 64
757 137 32
757 789 2
137 284 32
137 210 32
210 789 32
210 921 32
921 1168 4
921 193 32
193 1204 32
193 554 8
554 229 64
554 130 8
130 520 16
130 1064 8
1064 792 4
1064 1515 16
1515 1038 4
1515 640 32
640 32 64
640 375 64
375 76 64
375 355 8
375 264 4
355 100 16
355 1393 8
1393 264 4
1393 117 64
117 384 32
117 1277 32
1277 982 32
1277 428 32
428 317 16
428 458 64
458 22 32
1180 1227 32
1180 838 32
838 170 64
838 952 8
952 1012 16
952 1093 32
1093 1210 8
1093 1503 16
1503 95 16
1503 1099 64
1099 1289 8
1099 409 64
409 118 64
409 634 64
634 834 16
634 656 8
656 1467 4
656 658 32
656 1186 4
658 85 4
658 236 4
236 1186 64
236 1183 4
1183 1396 8
1183 1108 32
1108 905 4
1108 402 8
402 485 32
402 1508 64
1508 1231 4
1508 1552 64
1552 349 16
1552 1043 8
1043 773 16
1043 519 4
519 1526 16
519 1178 16
1178 592 64
1178 238 8
1178 1122 8
238 1366 64
238 584 64
584 1122 4
584 54 32
54 1084 8
54 1225 16
1225 158 64
1225 187 8
187 819 64
187 284 32
284 382 8
284 789 32
789 435 64
789 1168 32
789 949 2
1168 1591 64
1168 1204 32
1204 949 32
1204 229 16
229 494 8
229 520 32
520 1206 8
520 792 4
792 311 8
792 1038 16
1038 383 16
1038 32 16
32 1107 8
32 76 32
76 103 32
76 100 32
100 1502 64
100 264 32
100 569 2
264 1132 16
264 384 8
384 569 4
384 982 8
384 601 8
982 541 16
982 317 32
317 601 64
317 22 32
22 465 32
1227 170 16
170 1012 4
1012 1210 8
1210 95 16
95 1289 64
1289 118 16
118 834 64
834 1467 8
1467 85 16
85 1186 32
1186 1396 32
1396 905 8
905 485 32
485 1231 32
1231 349 16
349 773 32
773 1526 16
1526 592 4
592 1366 8
1366 1122 16
1122 1084 4
1084 158 8
158 819 16
819 382 8
382 435 64
435 1591 32
1591 949 8
949 494 4
494 1206 4
1206 311 64
311 383 8
383 1107 64
1107 103 16
103 1502 32
1502 1132 8
1132 569 16
569 541 8
541 601 64
601 465 8
1149 1451 431 1057 1540 414 1029 557 303 1196 810 967 120 721 413 18 1261 604 52 217 1212 1050 1254 661 371 915 80 1425 678 202 1507 717 686 997 260 728 1047 662 293 824 1559 800 699 172 556 953 774 157 568 1445 1362 784 1157 224 207 1583 767 676 1328 67 545 0 867 1462 980 1562 141 1271 1373 109 1454 361 842 425 315 33 1121 760 518 1309 1187 7 1264 472 1511 412 535 106 1374 1346 1368 125 666 4 240 1090 1003 846 1037 1429 55 66 1128 441 99 1574 1205 1119 246 1323 1551 1336 1378 653 1522 862 1285 1494 129 173 1137 616 309 1324 68 48 231 758 148 1115 1203 330 427 910 445 444 802 564 1512 1407 1537 610 983 1488 621 844 829 45 776 511 1370 563 951 344 94 1326 1087 446 243 184 389 242 486 1354 1176 1192 83 1408 906 1459 1129 1241 540 890 252 464 1246 547 581 883 703 482 559 489 1581 333 423 770 92 1381 496 1484 586 429 258 889 1349 6 304 936 1010 234 469 768 378 573 393 1329 876 43 863 1125 1287 1593 572 954 1173 684 1124 1112 328 1549 1182 1304 1256 504 749 1504 1156 1280 850 1564 663 618 279 668 1049 1268 1284 1575 960 339 1320 723 1045 706 691 927 552 638 216 615 975 1004 169 1073 1398 560 151 1298 138 577 1369 647 550 1340 1422 471 1588 370 937 1523 1529 1193 1519 1006 1221 5 459 530 853 524 1599 9 852 1385 38 61 1427 748 549 830 1167 1397 298 422 646 136 696 350 510 602 929 712 1498 858 1356 1404 1525 1406 679 603 87 377 1375 769 740 1092 1553 828 1085 296 675 580 164 1281 746 81 461 813 935 1155 10 970 331 1211 142 1076 1282 797 271 1463 473 273 515 1353 154 576 1499 365 957 1228 335 1009 34 1266 394 1436 798 1382 244 177 387 29 1481 579 1380 211 213 804 174 1480 562 1342 1341 1069 1334 416 1056 168 163 923 539 1053 178 617 1531 1513 1147 597 418 326 110 275 754 1188 815 851 1078 1217 1386 227 599 503 237 1302 1106 189 1399 553 1195 526 832 1051 934 1579 362 1201 1151 77 278 582 439 399 232 1333 534 1496 1548 1442 20 1297 825 1449 1249 841 437 1403 818 1243 145 498 956 364 1258 1114 874 1545 261 1387 644 426 37 1255 1292 1453 269 693 1135 462 200 406 448 149 1469 336 1153 1136 1413 677 122 1083 1450 598 347 398 1418 847 1200 359 190 886 672 962 753 71 1110 147 1164 156 230 574 1237 752 596 1052 1351 150 1165 312 1565 1171 1461 410 247 833 893 1088 453 128 1267 468 1008 946 329 1448 463 1290 367 508 775 262 612 263 1572 320 1111 1226 733 3 1470 1162 628 880 803 323 1024 788 938 1026 665 1001 78 755 334 707 716 528 517 442 739 1327 1585 1174 26 194 245 1039 152 1209 509 1018 1345 845 1377 1458 1482 1222 655 358 791 590 325 475 1595 65 292 352 671 1025 660 732 1169 277 918 146 1300 1554 327 195 1437 500 1074 1497 301 1021 555 694 1190 835 944 221 155 1528 1423 1191 947 1371 1276 631 969 625 222 985 619 91 688 1495 314 1594 132 248 440 14 1592 899 1185 964 1250 1144 715 683 722 1307 307 811 1080 914 289 1573 543 1426 205 69 626 961 1273 337 1310 1430 713 123 1253 1457 1286 674 645 1202 1395 669 86 90 1041 191 1357 976 761 111 1248 369 878 1177 730 589 212 536 98 1316 848 1464 1232 60 1272 1331 1466 484 719 432 1294 88 879 253 206 1392 1071 981 538 881 1439 300 391 167 183 280 865 73 1402 113 70 630 466 972 885 226 606 201 1314 783 778 1352 433 1259 814 670 779 1571 1138 823 356 531 1491 82 1347 1116 593 641 1011 594 1590 1441 1384 407 762 25 1150 729 1421 869 627 795 1520 859 588 495 635 1229 107 917 977 1479 451 990 1096 1390 17 609 654 1013 782 1586 575 1265 421 1172 1005 633 124 295 1252 209 1066 1235 13 1339 709 1166 354 637 1032 898 1542 648 126 916 353 857 1002 208 266 134 704 1343 734 1415 419 381 53 21 931 1500 966 401 780 1318 75 166 270 1546 512 1216 1068 395 747 1567 102 308 636 872 268 781 816 877 27 1416 522 497 667 907 46 1325 514 1126 287 1016 1322 360 1576 1580 1061 1582 1000 726 1123 1487 1145 1275 116 1198 1379 1030 548 502 965 705 710 79 1420 801 720 950 89 505 220 583 1444 1098 488 558 2 974 772 235 19 1330 692 332 1401 1260 766 585 403 1313 321 896 290 820 546 1308 1527 1219 993 59 476 1432 159 51 988 1332 363 171 903 897 1091 299 742 1142 1230 875 854 799 1584 1476 701 286 493 793 1081 1359 1367 919 809 1315 305 682 1101 839 808 622 93 1130 587 379 1577 928 411 1510 1424 1141 999 968 294 447 996 112 457 40 1161 477 537 1288 1079 436 764 507 1305 97 566 911 1465 1376 318 306 724 1557 1355 415 1218 139 1391 373 449 460 1059 72 1501 467 135 1274 1337 765 744 1335 408 49 1409 180 1033 998 1550 1538 1044 1524 1023 1578 288 763 1468 192 1170 478 176 291 376 578 831 1477 1020 1319 400 567 255 657 1543 456 856 738 1471 614 591 955 664 380 991 1306 787 525 1197 1412 745 785 1086 1118 1175 1017 942 133 1036 24 267 822 1158 1365 1296 454 1417 1452 608 397 725 1587 714 840 450 108 214 239 681 160 30 143 1534 8 302 595 470 624 925 181 1561 894 438 1062 1283 1570 1100 1295 480 777 1063 1067 1364 932 1223 1031 179 1240 649 127 36 1443 281 756 887 1489 44 1140 64 1438 1077 695 1133 1234 499 629 1007 1434 882 1598 491 901 959 1054 1160 650 492 1278 1568 388 868 1263 751 340 283 1419 1159 1035 909 251 987 570 1105 1103 104 523 282 115 1247 790 605 481 1460 490 1389 474 1383 1483 892 186 1291 978 342 513 1131 265 940 926 501 1208 84 750 1257 607 895 254 131 297 1213 700 390 1 698 1181 1060 807 836 153 23 1189 31 690 994 1509 611 1152 943 1589 1312 225 1065 57 1055 223 1472 1597 324 542 933 345 1245 1517 316 188 642 697 310 687 1184 1095 404 1541 1474 826 1139 680 1440 1251 873 973 1089 1015 659 1514 1566 1556 420 1072 1447 759 812 351 259 285 196 1238 228 939 319 175 736 372 256 405 105 1180 341 1227 838 170 1014 922 1493 1555 952 1475 639 1093 1299 1215 1012 821 204 1405 119 1435 1104 735 995 16 1210 1154 1269 623 338 1473 796 1516 1360 1348 366 1455 11 963 741 1372 805 1358 930 41 114 1344 1505 1303 561 96 455 900 1058 860 565 1034 197 786 1530 1544 1506 737 165 74 368 219 843 941 1456 1097 479 1533 837 908 1503 1099 95 1120 203 1082 1289 42 620 409 385 182 185 118 634 834 1224 920 891 984 162 250 1046 1262 771 656 1022 658 1113 386 529 1199 241 806 888 1143 1293 533 702 904 1311 1518 1270 322 443 532 1109 817 161 1485 452 651 1467 986 1102 343 1075 871 392 643 1094 1535 1350 236 1183 85 1108 1186 1396 905 1414 233 140 1596 1019 374 1563 527 1233 199 402 1508 1552 485 1231 864 1236 849 1492 50 101 1220 992 58 424 47 1317 902 571 349 1043 773 348 434 1486 519 861 1134 1526 1148 1178 592 913 62 56 613 1163 1338 1521 1279 855 63 272 313 718 731 238 1366 584 1122 1394 1431 1048 1532 218 54 1084 1446 12 417 1225 158 1388 1244 1214 1361 1490 827 1569 1242 274 632 1411 652 249 396 1478 866 430 1194 924 979 711 487 1410 506 757 187 819 1363 144 1042 137 284 912 794 210 921 789 382 435 357 1168 1591 544 193 1204 949 1536 276 346 28 554 1433 121 1027 600 1428 708 229 130 1179 945 1064 520 1239 494 1146 1539 989 1558 198 39 743 870 1070 1321 727 257 685 551 1547 1127 1301 15 521 689 516 483 1117 1028 958 35 792 1206 311 1515 640 1038 32 383 1107 375 76 673 215 103 1207 1040 948 1400 971 1560 355 100 1502 1393 117 264 384 1132 569 884 1277 428 458 982 317 541 601 22 465
