refinement (0.8753220269842623, 0.37753403948193054) (0.9399158168989488, 0.4237242611943087)
0 RR 8 RS [0.9399, 0.4237, 0.0262] (160, 479) RR 14 4.935 WRONG
refinement (0.9977644277179095, 0.9971047428681141) (0.969754441916566, 0.9955465629092295)
1 RS 8 RR [0.9698, 0.9955, 0.0316] (160, 467) RR 12 4.706 WRONG
refinement (0.9974187406560002, 0.00039687663572214306) (0.9656024164517031, 0.000696218429825021)
2 SS 8 RS [0.9656, 0.0007, 0.0004] (126, 372) SS 14 1.179 WRONG
refinement (0.9971475856149885, 0.997126700312615) (0.9971210385419625, 0.9908694519532477)
3 RR 6 RR [0.9971, 0.9909, 0.0046] (134, 395) RR 14 2.183 OK
refinement (0.9466419414602628, 0.997153441244675) (0.9567393693529117, 0.9967554678340929)
4 RS 6 RR [0.9567, 0.9968, 0.0316] (160, 466) SR 14 5.003 WRONG
refinement (0.0070579408822517955, 0.0718315140252485) (0.0069185868337475085, 0.05855469909499373)
5 SS 6 SS [0.0069, 0.0586, 0.0046] (160, 477) SS 14 5.476 OK
refinement (0.9983283675295288, 0.9979727136868803) (0.9980818611717337, 0.9981230555048953)
6 RR 4 RR [0.9981, 0.9981, 0.0046] (160, 473) RR 14 6.18 OK
refinement (0.998524051199371, 0.0021343723166700945) (0.9970693985919195, 0.004359606721101635)
7 RS 4 RS [0.9971, 0.0044, 0.0051] (160, 469) RS 14 9.209 OK
refinement (0.27792238658786, 0.002021014498212534) (0.3172178740738085, 0.002284839148116954)
8 SS 4 SS [0.3172, 0.0023, 0.0262] (160, 472) SS 14 6.995 OK
refinement (0.9977052878588278, 0.9979897885310325) (0.9891509701483248, 0.9879700057102638)
9 RR 8 RR [0.9892, 0.988, 0.0051] (152, 447) RR 14 3.221 OK
refinement (0.9971884274707583, 0.0309290645770644) (0.9992049769479211, 0.03661740827470464)
10 RS 8 RS [0.9992, 0.0366, 0.0262] (160, 466) RS 14 2.913 OK
refinement (0.002525290779141848, 0.002302288523349493) (0.00213597874148235, 0.003026630071901571)
11 SS 8 SS [0.0021, 0.003, 0.0051] (160, 470) SS 14 2.552 OK
refinement (0.9966634489791836, 0.9974242021920875) (0.9956818656048753, 0.9982105322083397)
12 RR 6 RR [0.9957, 0.9982, 0.0262] (160, 453) RR 14 3.431 OK
refinement (0.9837435752017485, 0.5875640217229158) (0.9978768415749493, 0.9486577823772232)
13 RS 6 RR [0.9979, 0.9487, 0.6242] (160, 476) RR 12 4.567 WRONG
refinement (0.026534571914853786, 0.004016684678416226) (0.025654745170392863, 0.006473644566368995)
14 SS 6 SS [0.0257, 0.0065, 0.0004] (160, 470) SS 14 1.989 OK
refinement (0.994159490777463, 0.9980172674548204) (0.9917897176929299, 0.9978042765028586)
15 RR 4 RR [0.9918, 0.9978, 0.0316] (160, 472) RR 14 3.539 OK
refinement (0.9863796896198682, 0.02961962126410717) (0.986687469390298, 0.2381958120097292)
16 RS 4 RS [0.9867, 0.2382, 0.6242] (160, 475) RR 12 2.783 OK
refinement (0.24456992430073854, 0.0018772213023551603) (0.2216034330534426, 0.0038137532444554307)
17 SS 4 SS [0.2216, 0.0038, 0.0727] (160, 471) SS 14 9.759 OK
refinement (0.9972367157252309, 0.9975269766513297) (0.9907205868376403, 0.9939783682286985)
18 RR 8 RR [0.9907, 0.994, 0.0046] (146, 430) RR 14 8.266 OK
refinement (0.9993010225362572, 0.6863891662862643) (0.9887850674722497, 0.692246285209623)
19 RS 8 RR [0.9888, 0.6922, 0.0051] (160, 455) RS 14 1.742 WRONG
refinement (0.03149017005727906, 0.04352811510255488) (0.04546352211797426, 0.06266197421572922)
20 SS 8 SS [0.0455, 0.0627, 0.0051] (160, 475) SS 14 4.173 OK
refinement (0.036466407392590765, 0.9987857923303649) (0.035901440338714286, 0.9977600894573474)
21 RR 6 RS [0.0359, 0.9978, 0.6242] (160, 475) RR 12 5.262 WRONG
refinement (0.9973913396988587, 0.002151751032844967) (0.9977018467228578, 0.002348862797628765)
22 RS 6 RS [0.9977, 0.0023, 0.0051] (142, 420) RS 14 1.796 OK
