000021221100100221221100
000121221100100221221100
000201221100100221221100
000211221100100221221100
000220221100100221221100
000221021100100221221100
000221121100100221221100
000221201100100221221100
000221211100100221221100
000221220100100221221100
000221221000100221221100
000221221100000221221100
000221221100100021221100
000221221100100121221100
000221221100100201221100
000221221100100211221100
000221221100100220221100
000221221100100221021100
000221221100100221121100
000221221100100221201100
000221221100100221211100
000221221100100221220100
000221221100100221221000
000221221100100221221100
000221221100100221221101
000221221100100221221102
000221221100100221221110
000221221100100221221120
000221221100100221221200
000221221100100221222100
000221221100100222221100
000221221100101221221100
000221221100102221221100
000221221100110221221100
000221221100120221221100
000221221100200221221100
000221221101100221221100
000221221102100221221100
000221221110100221221100
000221221120100221221100
000221221200100221221100
000221222100100221221100
000222221100100221221100
001100100221221100100221
001221221100100221221100
002221221100100221221100
010221221100100221221100
011100100221221100100221
020100100221221100100221
020221221100100221221100
021000100221221100100221
021100000221221100100221
021100100021221100100221
021100100121221100100221
021100100201221100100221
021100100211221100100221
021100100220221100100221
021100100221021100100221
021100100221121100100221
021100100221201100100221
021100100221211100100221
021100100221220100100221
021100100221221000100221
021100100221221100000221
021100100221221100100021
021100100221221100100121
021100100221221100100201
021100100221221100100211
021100100221221100100220
021100100221221100100221
021100100221221100100222
021100100221221100101221
021100100221221100102221
021100100221221100110221
021100100221221100120221
021100100221221100200221
021100100221221101100221
021100100221221102100221
021100100221221110100221
021100100221221120100221
021100100221221200100221
021100100221222100100221
021100100222221100100221
021100101221221100100221
021100102221221100100221
021100110221221100100221
021100120221221100100221
021100200221221100100221
021101100221221100100221
021102100221221100100221
021110100221221100100221
021120100221221100100221
021200100221221100100221
022100100221221100100221
100001221100100221221100
100011221100100221221100
100020221100100221221100
100021021100100221221100
100021121100100221221100
100021201100100221221100
100021211100100221221100
100021220100100221221100
100021221000100221221100
100021221100000221221100
100021221100100021221100
100021221100100121221100
100021221100100201221100
100021221100100211221100
100021221100100220221100
100021221100100221021100
100021221100100221121100
100021221100100221201100
100021221100100221211100
100021221100100221220100
100021221100100221221000
100021221100100221221100
100021221100100221221101
100021221100100221221102
100021221100100221221110
100021221100100221221120
100021221100100221221200
100021221100100221222100
100021221100100222221100
100021221100101221221100
100021221100102221221100
100021221100110221221100
100021221100120221221100
100021221100200221221100
100021221101100221221100
100021221102100221221100
100021221110100221221100
100021221120100221221100
100021221200100221221100
100021222100100221221100
100022221100100221221100
100101221100100221221100
100111221100100221221100
100120221100100221221100
100121021100100221221100
100121121100100221221100
100121201100100221221100
100121211100100221221100
100121220100100221221100
100121221000100221221100
100121221100000221221100
100121221100100021221100
100121221100100121221100
100121221100100201221100
100121221100100211221100
100121221100100220221100
100121221100100221021100
100121221100100221121100
100121221100100221201100
100121221100100221211100
100121221100100221220100
100121221100100221221000
100121221100100221221100
100121221100100221221101
100121221100100221221102
100121221100100221221110
100121221100100221221120
100121221100100221221200
100121221100100221222100
100121221100100222221100
100121221100101221221100
100121221100102221221100
100121221100110221221100
100121221100120221221100
100121221100200221221100
100121221101100221221100
100121221102100221221100
100121221110100221221100
100121221120100221221100
100121221200100221221100
100121222100100221221100
100122221100100221221100
100200221100100221221100
100201021100100221221100
100201121100100221221100
100201201100100221221100
100201211100100221221100
100201220100100221221100
100201221000100221221100
100201221100000221221100
100201221100100021221100
100201221100100121221100
100201221100100201221100
100201221100100211221100
100201221100100220221100
100201221100100221021100
100201221100100221121100
100201221100100221201100
100201221100100221211100
100201221100100221220100
100201221100100221221000
100201221100100221221100
100201221100100221221101
100201221100100221221102
100201221100100221221110
100201221100100221221120
100201221100100221221200
100201221100100221222100
100201221100100222221100
100201221100101221221100
100201221100102221221100
100201221100110221221100
100201221100120221221100
100201221100200221221100
100201221101100221221100
100201221102100221221100
100201221110100221221100
100201221120100221221100
100201221200100221221100
100201222100100221221100
100202221100100221221100
100210221100100221221100
100211021100100221221100
100211121100100221221100
100211201100100221221100
100211211100100221221100
100211220100100221221100
100211221000100221221100
100211221100000221221100
100211221100100021221100
100211221100100121221100
100211221100100201221100
100211221100100211221100
100211221100100220221100
100211221100100221021100
100211221100100221121100
100211221100100221201100
100211221100100221211100
100211221100100221220100
100211221100100221221000
100211221100100221221100
100211221100100221221101
100211221100100221221102
100211221100100221221110
100211221100100221221120
100211221100100221221200
100211221100100221222100
100211221100100222221100
100211221100101221221100
100211221100102221221100
100211221100110221221100
100211221100120221221100
100211221100200221221100
100211221101100221221100
100211221102100221221100
100211221110100221221100
100211221120100221221100
100211221200100221221100
100211222100100221221100
100212221100100221221100
100220021100100221221100
100220121100100221221100
100220201100100221221100
100220211100100221221100
100220220100100221221100
100220221000100221221100
100220221100000221221100
100220221100100021221100
100220221100100121221100
100220221100100201221100
100220221100100211221100
100220221100100220221100
100220221100100221021100
100220221100100221121100
100220221100100221201100
100220221100100221211100
100220221100100221220100
100220221100100221221000
100220221100100221221100
100220221100100221221101
100220221100100221221102
100220221100100221221110
100220221100100221221120
100220221100100221221200
100220221100100221222100
100220221100100222221100
100220221100101221221100
100220221100102221221100
100220221100110221221100
100220221100120221221100
100220221100200221221100
100220221101100221221100
100220221102100221221100
100220221110100221221100
100220221120100221221100
100220221200100221221100
100220222100100221221100
100221001100100221221100
100221011100100221221100
100221020100100221221100
100221021000100221221100
100221021100000221221100
100221021100100021221100
100221021100100121221100
100221021100100201221100
100221021100100211221100
100221021100100220221100
100221021100100221021100
100221021100100221121100
100221021100100221201100
100221021100100221211100
100221021100100221220100
100221021100100221221000
100221021100100221221100
100221021100100221221101
100221021100100221221102
100221021100100221221110
100221021100100221221120
100221021100100221221200
100221021100100221222100
100221021100100222221100
100221021100101221221100
100221021100102221221100
100221021100110221221100
100221021100120221221100
100221021100200221221100
100221021101100221221100
100221021102100221221100
100221021110100221221100
100221021120100221221100
100221021200100221221100
100221022100100221221100
100221101100100221221100
100221111100100221221100
100221120100100221221100
100221121000100221221100
100221121100000221221100
100221121100100021221100
100221121100100121221100
100221121100100201221100
100221121100100211221100
100221121100100220221100
100221121100100221021100
100221121100100221121100
100221121100100221201100
100221121100100221211100
100221121100100221220100
100221121100100221221000
100221121100100221221100
100221121100100221221101
100221121100100221221102
100221121100100221221110
100221121100100221221120
100221121100100221221200
100221121100100221222100
100221121100100222221100
100221121100101221221100
100221121100102221221100
100221121100110221221100
100221121100120221221100
100221121100200221221100
100221121101100221221100
100221121102100221221100
100221121110100221221100
100221121120100221221100
100221121200100221221100
100221122100100221221100
100221200100100221221100
100221201000100221221100
100221201100000221221100
100221201100100021221100
100221201100100121221100
100221201100100201221100
100221201100100211221100
100221201100100220221100
100221201100100221021100
100221201100100221121100
100221201100100221201100
100221201100100221211100
100221201100100221220100
100221201100100221221000
100221201100100221221100
100221201100100221221101
100221201100100221221102
100221201100100221221110
100221201100100221221120
100221201100100221221200
100221201100100221222100
100221201100100222221100
100221201100101221221100
100221201100102221221100
100221201100110221221100
100221201100120221221100
100221201100200221221100
100221201101100221221100
100221201102100221221100
100221201110100221221100
100221201120100221221100
100221201200100221221100
100221202100100221221100
100221210100100221221100
100221211000100221221100
100221211100000221221100
100221211100100021221100
100221211100100121221100
100221211100100201221100
100221211100100211221100
100221211100100220221100
100221211100100221021100
100221211100100221121100
100221211100100221201100
100221211100100221211100
100221211100100221220100
100221211100100221221000
100221211100100221221100
100221211100100221221101
100221211100100221221102
100221211100100221221110
100221211100100221221120
100221211100100221221200
100221211100100221222100
100221211100100222221100
100221211100101221221100
100221211100102221221100
100221211100110221221100
100221211100120221221100
100221211100200221221100
100221211101100221221100
100221211102100221221100
100221211110100221221100
100221211120100221221100
100221211200100221221100
100221212100100221221100
100221220000100221221100
100221220100000221221100
100221220100100021221100
100221220100100121221100
100221220100100201221100
100221220100100211221100
100221220100100220221100
100221220100100221021100
100221220100100221121100
100221220100100221201100
100221220100100221211100
100221220100100221220100
100221220100100221221000
100221220100100221221100
100221220100100221221101
100221220100100221221102
100221220100100221221110
100221220100100221221120
100221220100100221221200
100221220100100221222100
100221220100100222221100
100221220100101221221100
100221220100102221221100
100221220100110221221100
100221220100120221221100
100221220100200221221100
100221220101100221221100
100221220102100221221100
100221220110100221221100
100221220120100221221100
100221220200100221221100
100221221000000221221100
100221221000100021221100
100221221000100121221100
100221221000100201221100
100221221000100211221100
100221221000100220221100
100221221000100221021100
100221221000100221121100
100221221000100221201100
100221221000100221211100
100221221000100221220100
100221221000100221221000
100221221000100221221100
100221221000100221221101
100221221000100221221102
100221221000100221221110
100221221000100221221120
100221221000100221221200
100221221000100221222100
100221221000100222221100
100221221000101221221100
100221221000102221221100
100221221000110221221100
100221221000120221221100
100221221000200221221100
100221221001100221221100
100221221002100221221100
100221221010100221221100
100221221020100221221100
100221221100000021221100
100221221100000121221100
100221221100000201221100
100221221100000211221100
100221221100000220221100
100221221100000221021100
100221221100000221121100
100221221100000221201100
100221221100000221211100
100221221100000221220100
100221221100000221221000
100221221100000221221100
100221221100000221221101
100221221100000221221102
100221221100000221221110
100221221100000221221120
100221221100000221221200
100221221100000221222100
100221221100000222221100
100221221100001221221100
100221221100002221221100
100221221100010221221100
100221221100020221221100
100221221100100001221100
100221221100100011221100
100221221100100020221100
100221221100100021021100
100221221100100021121100
100221221100100021201100
100221221100100021211100
100221221100100021220100
100221221100100021221000
100221221100100021221100
100221221100100021221101
100221221100100021221102
100221221100100021221110
100221221100100021221120
100221221100100021221200
100221221100100021222100
100221221100100022221100
100221221100100101221100
100221221100100111221100
100221221100100120221100
100221221100100121021100
100221221100100121121100
100221221100100121201100
100221221100100121211100
100221221100100121220100
100221221100100121221000
100221221100100121221100
100221221100100121221101
100221221100100121221102
100221221100100121221110
100221221100100121221120
100221221100100121221200
100221221100100121222100
100221221100100122221100
100221221100100200221100
100221221100100201021100
100221221100100201121100
100221221100100201201100
100221221100100201211100
100221221100100201220100
100221221100100201221000
100221221100100201221100
100221221100100201221101
100221221100100201221102
100221221100100201221110
100221221100100201221120
100221221100100201221200
100221221100100201222100
100221221100100202221100
100221221100100210221100
100221221100100211021100
100221221100100211121100
100221221100100211201100
100221221100100211211100
100221221100100211220100
100221221100100211221000
100221221100100211221100
100221221100100211221101
100221221100100211221102
100221221100100211221110
100221221100100211221120
100221221100100211221200
100221221100100211222100
100221221100100212221100
100221221100100220021100
100221221100100220121100
100221221100100220201100
100221221100100220211100
100221221100100220220100
100221221100100220221000
100221221100100220221100
100221221100100220221101
100221221100100220221102
100221221100100220221110
100221221100100220221120
100221221100100220221200
100221221100100220222100
100221221100100221001100
100221221100100221011100
100221221100100221020100
100221221100100221021000
100221221100100221021100
100221221100100221021101
100221221100100221021102
100221221100100221021110
100221221100100221021120
100221221100100221021200
100221221100100221022100
100221221100100221101100
100221221100100221111100
100221221100100221120100
100221221100100221121000
100221221100100221121100
100221221100100221121101
100221221100100221121102
100221221100100221121110
100221221100100221121120
100221221100100221121200
100221221100100221122100
100221221100100221200100
100221221100100221201000
100221221100100221201100
100221221100100221201101
100221221100100221201102
100221221100100221201110
100221221100100221201120
100221221100100221201200
100221221100100221202100
100221221100100221210100
100221221100100221211000
100221221100100221211100
100221221100100221211101
100221221100100221211102
100221221100100221211110
100221221100100221211120
100221221100100221211200
100221221100100221212100
100221221100100221220000
100221221100100221220100
100221221100100221220101
100221221100100221220102
100221221100100221220110
100221221100100221220120
100221221100100221220200
100221221100100221221000
100221221100100221221001
100221221100100221221002
100221221100100221221010
100221221100100221221020
100221221100100221221100
100221221100100221221101
100221221100100221221102
100221221100100221221110
100221221100100221221111
100221221100100221221112
100221221100100221221120
100221221100100221221121
100221221100100221221122
100221221100100221221200
100221221100100221221201
100221221100100221221202
100221221100100221221210
100221221100100221221220
100221221100100221222000
100221221100100221222100
100221221100100221222101
100221221100100221222102
100221221100100221222110
100221221100100221222120
100221221100100221222200
100221221100100222021100
100221221100100222121100
100221221100100222201100
100221221100100222211100
100221221100100222220100
100221221100100222221000
100221221100100222221100
100221221100100222221101
100221221100100222221102
100221221100100222221110
100221221100100222221120
100221221100100222221200
100221221100100222222100
100221221100101021221100
100221221100101121221100
100221221100101201221100
100221221100101211221100
100221221100101220221100
100221221100101221021100
100221221100101221121100
100221221100101221201100
100221221100101221211100
100221221100101221220100
100221221100101221221000
100221221100101221221100
100221221100101221221101
100221221100101221221102
100221221100101221221110
100221221100101221221120
100221221100101221221200
100221221100101221222100
100221221100101222221100
100221221100102021221100
100221221100102121221100
100221221100102201221100
100221221100102211221100
100221221100102220221100
100221221100102221021100
100221221100102221121100
100221221100102221201100
100221221100102221211100
100221221100102221220100
100221221100102221221000
100221221100102221221100
100221221100102221221101
100221221100102221221102
100221221100102221221110
100221221100102221221120
100221221100102221221200
100221221100102221222100
100221221100102222221100
100221221100110021221100
100221221100110121221100
100221221100110201221100
100221221100110211221100
100221221100110220221100
100221221100110221021100
100221221100110221121100
100221221100110221201100
100221221100110221211100
100221221100110221220100
100221221100110221221000
100221221100110221221100
100221221100110221221101
100221221100110221221102
100221221100110221221110
100221221100110221221120
100221221100110221221200
100221221100110221222100
100221221100110222221100
100221221100111221221100
100221221100112221221100
100221221100120021221100
100221221100120121221100
100221221100120201221100
100221221100120211221100
100221221100120220221100
100221221100120221021100
100221221100120221121100
100221221100120221201100
100221221100120221211100
100221221100120221220100
100221221100120221221000
100221221100120221221100
100221221100120221221101
100221221100120221221102
100221221100120221221110
100221221100120221221120
100221221100120221221200
100221221100120221222100
100221221100120222221100
100221221100121221221100
100221221100122221221100
100221221100200021221100
100221221100200121221100
100221221100200201221100
100221221100200211221100
100221221100200220221100
100221221100200221021100
100221221100200221121100
100221221100200221201100
100221221100200221211100
100221221100200221220100
100221221100200221221000
100221221100200221221100
100221221100200221221101
100221221100200221221102
100221221100200221221110
100221221100200221221120
100221221100200221221200
100221221100200221222100
100221221100200222221100
100221221100201221221100
100221221100202221221100
100221221100210221221100
100221221100220221221100
100221221101000221221100
100221221101100021221100
100221221101100121221100
100221221101100201221100
100221221101100211221100
100221221101100220221100
100221221101100221021100
100221221101100221121100
100221221101100221201100
100221221101100221211100
100221221101100221220100
100221221101100221221000
100221221101100221221100
100221221101100221221101
100221221101100221221102
100221221101100221221110
100221221101100221221120
100221221101100221221200
100221221101100221222100
100221221101100222221100
100221221101101221221100
100221221101102221221100
100221221101110221221100
100221221101120221221100
100221221101200221221100
100221221102000221221100
100221221102100021221100
100221221102100121221100
100221221102100201221100
100221221102100211221100
100221221102100220221100
100221221102100221021100
100221221102100221121100
100221221102100221201100
100221221102100221211100
100221221102100221220100
100221221102100221221000
100221221102100221221100
100221221102100221221101
100221221102100221221102
100221221102100221221110
100221221102100221221120
100221221102100221221200
100221221102100221222100
100221221102100222221100
100221221102101221221100
100221221102102221221100
100221221102110221221100
100221221102120221221100
100221221102200221221100
100221221110000221221100
100221221110100021221100
100221221110100121221100
100221221110100201221100
100221221110100211221100
100221221110100220221100
100221221110100221021100
100221221110100221121100
100221221110100221201100
100221221110100221211100
100221221110100221220100
100221221110100221221000
100221221110100221221100
100221221110100221221101
100221221110100221221102
100221221110100221221110
100221221110100221221120
100221221110100221221200
100221221110100221222100
100221221110100222221100
100221221110101221221100
100221221110102221221100
100221221110110221221100
100221221110120221221100
100221221110200221221100
100221221111100221221100
100221221112100221221100
100221221120000221221100
100221221120100021221100
100221221120100121221100
100221221120100201221100
100221221120100211221100
100221221120100220221100
100221221120100221021100
100221221120100221121100
100221221120100221201100
100221221120100221211100
100221221120100221220100
100221221120100221221000
100221221120100221221100
100221221120100221221101
100221221120100221221102
100221221120100221221110
100221221120100221221120
100221221120100221221200
100221221120100221222100
100221221120100222221100
100221221120101221221100
100221221120102221221100
100221221120110221221100
100221221120120221221100
100221221120200221221100
100221221121100221221100
100221221122100221221100
100221221200000221221100
100221221200100021221100
100221221200100121221100
100221221200100201221100
100221221200100211221100
100221221200100220221100
100221221200100221021100
100221221200100221121100
100221221200100221201100
100221221200100221211100
100221221200100221220100
100221221200100221221000
100221221200100221221100
100221221200100221221101
100221221200100221221102
100221221200100221221110
100221221200100221221120
100221221200100221221200
100221221200100221222100
100221221200100222221100
100221221200101221221100
100221221200102221221100
100221221200110221221100
100221221200120221221100
100221221200200221221100
100221221201100221221100
100221221202100221221100
100221221210100221221100
100221221220100221221100
100221222000100221221100
100221222100000221221100
100221222100100021221100
100221222100100121221100
100221222100100201221100
100221222100100211221100
100221222100100220221100
100221222100100221021100
100221222100100221121100
100221222100100221201100
100221222100100221211100
100221222100100221220100
100221222100100221221000
100221222100100221221100
100221222100100221221101
100221222100100221221102
100221222100100221221110
100221222100100221221120
100221222100100221221200
100221222100100221222100
100221222100100222221100
100221222100101221221100
100221222100102221221100
100221222100110221221100
100221222100120221221100
100221222100200221221100
100221222101100221221100
100221222102100221221100
100221222110100221221100
100221222120100221221100
100221222200100221221100
100222021100100221221100
100222121100100221221100
100222201100100221221100
100222211100100221221100
100222220100100221221100
100222221000100221221100
100222221100000221221100
100222221100100021221100
100222221100100121221100
100222221100100201221100
100222221100100211221100
100222221100100220221100
100222221100100221021100
100222221100100221121100
100222221100100221201100
100222221100100221211100
100222221100100221220100
100222221100100221221000
100222221100100221221100
100222221100100221221101
100222221100100221221102
100222221100100221221110
100222221100100221221120
100222221100100221221200
100222221100100221222100
100222221100100222221100
100222221100101221221100
100222221100102221221100
100222221100110221221100
100222221100120221221100
100222221100200221221100
100222221101100221221100
100222221102100221221100
100222221110100221221100
100222221120100221221100
100222221200100221221100
100222222100100221221100
101021221100100221221100
101100100221221100100221
101121221100100221221100
101201221100100221221100
101211221100100221221100
101220221100100221221100
101221021100100221221100
101221121100100221221100
101221201100100221221100
101221211100100221221100
101221220100100221221100
101221221000100221221100
101221221100000221221100
101221221100100021221100
101221221100100121221100
101221221100100201221100
101221221100100211221100
101221221100100220221100
101221221100100221021100
101221221100100221121100
101221221100100221201100
101221221100100221211100
101221221100100221220100
101221221100100221221000
101221221100100221221100
101221221100100221221101
101221221100100221221102
101221221100100221221110
101221221100100221221120
101221221100100221221200
101221221100100221222100
101221221100100222221100
101221221100101221221100
101221221100102221221100
101221221100110221221100
101221221100120221221100
101221221100200221221100
101221221101100221221100
101221221102100221221100
101221221110100221221100
101221221120100221221100
101221221200100221221100
101221222100100221221100
101222221100100221221100
102021221100100221221100
102121221100100221221100
102201221100100221221100
102211221100100221221100
102220221100100221221100
102221021100100221221100
102221121100100221221100
102221201100100221221100
102221211100100221221100
102221220100100221221100
102221221000100221221100
102221221100000221221100
102221221100100021221100
102221221100100121221100
102221221100100201221100
102221221100100211221100
102221221100100220221100
102221221100100221021100
102221221100100221121100
102221221100100221201100
102221221100100221211100
102221221100100221220100
102221221100100221221000
102221221100100221221100
102221221100100221221101
102221221100100221221102
102221221100100221221110
102221221100100221221120
102221221100100221221200
102221221100100221222100
102221221100100222221100
102221221100101221221100
102221221100102221221100
102221221100110221221100
102221221100120221221100
102221221100200221221100
102221221101100221221100
102221221102100221221100
102221221110100221221100
102221221120100221221100
102221221200100221221100
102221222100100221221100
102222221100100221221100
110021221100100221221100
110121221100100221221100
110201221100100221221100
110211221100100221221100
110220221100100221221100
110221021100100221221100
110221121100100221221100
110221201100100221221100
110221211100100221221100
110221220100100221221100
110221221000100221221100
110221221100000221221100
110221221100100021221100
110221221100100121221100
110221221100100201221100
110221221100100211221100
110221221100100220221100
110221221100100221021100
110221221100100221121100
110221221100100221201100
110221221100100221211100
110221221100100221220100
110221221100100221221000
110221221100100221221100
110221221100100221221101
110221221100100221221102
110221221100100221221110
110221221100100221221120
110221221100100221221200
110221221100100221222100
110221221100100222221100
110221221100101221221100
110221221100102221221100
110221221100110221221100
110221221100120221221100
110221221100200221221100
110221221101100221221100
110221221102100221221100
110221221110100221221100
110221221120100221221100
110221221200100221221100
110221222100100221221100
110222221100100221221100
111100100221221100100221
111221221100100221221100
112221221100100221221100
120021221100100221221100
120100100221221100100221
120121221100100221221100
120201221100100221221100
120211221100100221221100
120220221100100221221100
120221021100100221221100
120221121100100221221100
120221201100100221221100
120221211100100221221100
120221220100100221221100
120221221000100221221100
120221221100000221221100
120221221100100021221100
120221221100100121221100
120221221100100201221100
120221221100100211221100
120221221100100220221100
120221221100100221021100
120221221100100221121100
120221221100100221201100
120221221100100221211100
120221221100100221220100
120221221100100221221000
120221221100100221221100
120221221100100221221101
120221221100100221221102
120221221100100221221110
120221221100100221221120
120221221100100221221200
120221221100100221222100
120221221100100222221100
120221221100101221221100
120221221100102221221100
120221221100110221221100
120221221100120221221100
120221221100200221221100
120221221101100221221100
120221221102100221221100
120221221110100221221100
120221221120100221221100
120221221200100221221100
120221222100100221221100
120222221100100221221100
121000100221221100100221
121100000221221100100221
121100100021221100100221
121100100121221100100221
121100100201221100100221
121100100211221100100221
121100100220221100100221
121100100221021100100221
121100100221121100100221
121100100221201100100221
121100100221211100100221
121100100221220100100221
121100100221221000100221
121100100221221100000221
121100100221221100100021
121100100221221100100121
121100100221221100100201
121100100221221100100211
121100100221221100100220
121100100221221100100221
121100100221221100100222
121100100221221100101221
121100100221221100102221
121100100221221100110221
121100100221221100120221
121100100221221100200221
121100100221221101100221
121100100221221102100221
121100100221221110100221
121100100221221120100221
121100100221221200100221
121100100221222100100221
121100100222221100100221
121100101221221100100221
121100102221221100100221
121100110221221100100221
121100120221221100100221
121100200221221100100221
121101100221221100100221
121102100221221100100221
121110100221221100100221
121120100221221100100221
121200100221221100100221
121221221100100221221100
122100100221221100100221
122221221100100221221100
200021221100100221221100
200100100221221100100221
200121221100100221221100
200201221100100221221100
200211221100100221221100
200220221100100221221100
200221021100100221221100
200221121100100221221100
200221201100100221221100
200221211100100221221100
200221220100100221221100
200221221000100221221100
200221221100000221221100
200221221100100021221100
200221221100100121221100
200221221100100201221100
200221221100100211221100
200221221100100220221100
200221221100100221021100
200221221100100221121100
200221221100100221201100
200221221100100221211100
200221221100100221220100
200221221100100221221000
200221221100100221221100
200221221100100221221101
200221221100100221221102
200221221100100221221110
200221221100100221221120
200221221100100221221200
200221221100100221222100
200221221100100222221100
200221221100101221221100
200221221100102221221100
200221221100110221221100
200221221100120221221100
200221221100200221221100
200221221101100221221100
200221221102100221221100
200221221110100221221100
200221221120100221221100
200221221200100221221100
200221222100100221221100
200222221100100221221100
201000100221221100100221
201100000221221100100221
201100100021221100100221
201100100121221100100221
201100100201221100100221
201100100211221100100221
201100100220221100100221
201100100221021100100221
201100100221121100100221
201100100221201100100221
201100100221211100100221
201100100221220100100221
201100100221221000100221
201100100221221100000221
201100100221221100100021
201100100221221100100121
201100100221221100100201
201100100221221100100211
201100100221221100100220
201100100221221100100221
201100100221221100100222
201100100221221100101221
201100100221221100102221
201100100221221100110221
201100100221221100120221
201100100221221100200221
201100100221221101100221
201100100221221102100221
201100100221221110100221
201100100221221120100221
201100100221221200100221
201100100221222100100221
201100100222221100100221
201100101221221100100221
201100102221221100100221
201100110221221100100221
201100120221221100100221
201100200221221100100221
201101100221221100100221
201102100221221100100221
201110100221221100100221
201120100221221100100221
201200100221221100100221
201221221100100221221100
202100100221221100100221
202221221100100221221100
210100100221221100100221
210221221100100221221100
211000100221221100100221
211100000221221100100221
211100100021221100100221
211100100121221100100221
211100100201221100100221
211100100211221100100221
211100100220221100100221
211100100221021100100221
211100100221121100100221
211100100221201100100221
211100100221211100100221
211100100221220100100221
211100100221221000100221
211100100221221100000221
211100100221221100100021
211100100221221100100121
211100100221221100100201
211100100221221100100211
211100100221221100100220
211100100221221100100221
211100100221221100100222
211100100221221100101221
211100100221221100102221
211100100221221100110221
211100100221221100120221
211100100221221100200221
211100100221221101100221
211100100221221102100221
211100100221221110100221
211100100221221120100221
211100100221221200100221
211100100221222100100221
211100100222221100100221
211100101221221100100221
211100102221221100100221
211100110221221100100221
211100120221221100100221
211100200221221100100221
211101100221221100100221
211102100221221100100221
211110100221221100100221
211120100221221100100221
211200100221221100100221
212100100221221100100221
220000100221221100100221
220100000221221100100221
220100100021221100100221
220100100121221100100221
220100100201221100100221
220100100211221100100221
220100100220221100100221
220100100221021100100221
220100100221121100100221
220100100221201100100221
220100100221211100100221
220100100221220100100221
220100100221221000100221
220100100221221100000221
220100100221221100100021
220100100221221100100121
220100100221221100100201
220100100221221100100211
220100100221221100100220
220100100221221100100221
220100100221221100100222
220100100221221100101221
220100100221221100102221
220100100221221100110221
220100100221221100120221
220100100221221100200221
220100100221221101100221
220100100221221102100221
220100100221221110100221
220100100221221120100221
220100100221221200100221
220100100221222100100221
220100100222221100100221
220100101221221100100221
220100102221221100100221
220100110221221100100221
220100120221221100100221
220100200221221100100221
220101100221221100100221
220102100221221100100221
220110100221221100100221
220120100221221100100221
220200100221221100100221
220221221100100221221100
221000000221221100100221
221000100021221100100221
221000100121221100100221
221000100201221100100221
221000100211221100100221
221000100220221100100221
221000100221021100100221
221000100221121100100221
221000100221201100100221
221000100221211100100221
221000100221220100100221
221000100221221000100221
221000100221221100000221
221000100221221100100021
221000100221221100100121
221000100221221100100201
221000100221221100100211
221000100221221100100220
221000100221221100100221
221000100221221100100222
221000100221221100101221
221000100221221100102221
221000100221221100110221
221000100221221100120221
221000100221221100200221
221000100221221101100221
221000100221221102100221
221000100221221110100221
221000100221221120100221
221000100221221200100221
221000100221222100100221
221000100222221100100221
221000101221221100100221
221000102221221100100221
221000110221221100100221
221000120221221100100221
221000200221221100100221
221001100221221100100221
221002100221221100100221
221010100221221100100221
221020100221221100100221
221100000021221100100221
221100000121221100100221
221100000201221100100221
221100000211221100100221
221100000220221100100221
221100000221021100100221
221100000221121100100221
221100000221201100100221
221100000221211100100221
221100000221220100100221
221100000221221000100221
221100000221221100000221
221100000221221100100021
221100000221221100100121
221100000221221100100201
221100000221221100100211
221100000221221100100220
221100000221221100100221
221100000221221100100222
221100000221221100101221
221100000221221100102221
221100000221221100110221
221100000221221100120221
221100000221221100200221
221100000221221101100221
221100000221221102100221
221100000221221110100221
221100000221221120100221
221100000221221200100221
221100000221222100100221
221100000222221100100221
221100001221221100100221
221100002221221100100221
221100010221221100100221
221100020221221100100221
221100100001221100100221
221100100011221100100221
221100100020221100100221
221100100021021100100221
221100100021121100100221
221100100021201100100221
221100100021211100100221
221100100021220100100221
221100100021221000100221
221100100021221100000221
221100100021221100100021
221100100021221100100121
221100100021221100100201
221100100021221100100211
221100100021221100100220
221100100021221100100221
221100100021221100100222
221100100021221100101221
221100100021221100102221
221100100021221100110221
221100100021221100120221
221100100021221100200221
221100100021221101100221
221100100021221102100221
221100100021221110100221
221100100021221120100221
221100100021221200100221
221100100021222100100221
221100100022221100100221
221100100101221100100221
221100100111221100100221
221100100120221100100221
221100100121021100100221
221100100121121100100221
221100100121201100100221
221100100121211100100221
221100100121220100100221
221100100121221000100221
221100100121221100000221
221100100121221100100021
221100100121221100100121
221100100121221100100201
221100100121221100100211
221100100121221100100220
221100100121221100100221
221100100121221100100222
221100100121221100101221
221100100121221100102221
221100100121221100110221
221100100121221100120221
221100100121221100200221
221100100121221101100221
221100100121221102100221
221100100121221110100221
221100100121221120100221
221100100121221200100221
221100100121222100100221
221100100122221100100221
221100100200221100100221
221100100201021100100221
221100100201121100100221
221100100201201100100221
221100100201211100100221
221100100201220100100221
221100100201221000100221
221100100201221100000221
221100100201221100100021
221100100201221100100121
221100100201221100100201
221100100201221100100211
221100100201221100100220
221100100201221100100221
221100100201221100100222
221100100201221100101221
221100100201221100102221
221100100201221100110221
221100100201221100120221
221100100201221100200221
221100100201221101100221
221100100201221102100221
221100100201221110100221
221100100201221120100221
221100100201221200100221
221100100201222100100221
221100100202221100100221
221100100210221100100221
221100100211021100100221
221100100211121100100221
221100100211201100100221
221100100211211100100221
221100100211220100100221
221100100211221000100221
221100100211221100000221
221100100211221100100021
221100100211221100100121
221100100211221100100201
221100100211221100100211
221100100211221100100220
221100100211221100100221
221100100211221100100222
221100100211221100101221
221100100211221100102221
221100100211221100110221
221100100211221100120221
221100100211221100200221
221100100211221101100221
221100100211221102100221
221100100211221110100221
221100100211221120100221
221100100211221200100221
221100100211222100100221
221100100212221100100221
221100100220021100100221
221100100220121100100221
221100100220201100100221
221100100220211100100221
221100100220220100100221
221100100220221000100221
221100100220221100000221
221100100220221100100021
221100100220221100100121
221100100220221100100201
221100100220221100100211
221100100220221100100220
221100100220221100100221
221100100220221100100222
221100100220221100101221
221100100220221100102221
221100100220221100110221
221100100220221100120221
221100100220221100200221
221100100220221101100221
221100100220221102100221
221100100220221110100221
221100100220221120100221
221100100220221200100221
221100100220222100100221
221100100221001100100221
221100100221011100100221
221100100221020100100221
221100100221021000100221
221100100221021100000221
221100100221021100100021
221100100221021100100121
221100100221021100100201
221100100221021100100211
221100100221021100100220
221100100221021100100221
221100100221021100100222
221100100221021100101221
221100100221021100102221
221100100221021100110221
221100100221021100120221
221100100221021100200221
221100100221021101100221
221100100221021102100221
221100100221021110100221
221100100221021120100221
221100100221021200100221
221100100221022100100221
221100100221101100100221
221100100221111100100221
221100100221120100100221
221100100221121000100221
221100100221121100000221
221100100221121100100021
221100100221121100100121
221100100221121100100201
221100100221121100100211
221100100221121100100220
221100100221121100100221
221100100221121100100222
221100100221121100101221
221100100221121100102221
221100100221121100110221
221100100221121100120221
221100100221121100200221
221100100221121101100221
221100100221121102100221
221100100221121110100221
221100100221121120100221
221100100221121200100221
221100100221122100100221
221100100221200100100221
221100100221201000100221
221100100221201100000221
221100100221201100100021
221100100221201100100121
221100100221201100100201
221100100221201100100211
221100100221201100100220
221100100221201100100221
221100100221201100100222
221100100221201100101221
221100100221201100102221
221100100221201100110221
221100100221201100120221
221100100221201100200221
221100100221201101100221
221100100221201102100221
221100100221201110100221
221100100221201120100221
221100100221201200100221
221100100221202100100221
221100100221210100100221
221100100221211000100221
221100100221211100000221
221100100221211100100021
221100100221211100100121
221100100221211100100201
221100100221211100100211
221100100221211100100220
221100100221211100100221
221100100221211100100222
221100100221211100101221
221100100221211100102221
221100100221211100110221
221100100221211100120221
221100100221211100200221
221100100221211101100221
221100100221211102100221
221100100221211110100221
221100100221211120100221
221100100221211200100221
221100100221212100100221
221100100221220000100221
221100100221220100000221
221100100221220100100021
221100100221220100100121
221100100221220100100201
221100100221220100100211
221100100221220100100220
221100100221220100100221
221100100221220100100222
221100100221220100101221
221100100221220100102221
221100100221220100110221
221100100221220100120221
221100100221220100200221
221100100221220101100221
221100100221220102100221
221100100221220110100221
221100100221220120100221
221100100221220200100221
221100100221221000000221
221100100221221000100021
221100100221221000100121
221100100221221000100201
221100100221221000100211
221100100221221000100220
221100100221221000100221
221100100221221000100222
221100100221221000101221
221100100221221000102221
221100100221221000110221
221100100221221000120221
221100100221221000200221
221100100221221001100221
221100100221221002100221
221100100221221010100221
221100100221221020100221
221100100221221100000021
221100100221221100000121
221100100221221100000201
221100100221221100000211
221100100221221100000220
221100100221221100000221
221100100221221100000222
221100100221221100001221
221100100221221100002221
221100100221221100010221
221100100221221100020221
221100100221221100100001
221100100221221100100011
221100100221221100100020
221100100221221100100021
221100100221221100100022
221100100221221100100101
221100100221221100100111
221100100221221100100120
221100100221221100100121
221100100221221100100122
221100100221221100100200
221100100221221100100201
221100100221221100100202
221100100221221100100210
221100100221221100100211
221100100221221100100212
221100100221221100100220
221100100221221100100221
221100100221221100100222
221100100221221100101021
221100100221221100101121
221100100221221100101201
221100100221221100101211
221100100221221100101220
221100100221221100101221
221100100221221100101222
221100100221221100102021
221100100221221100102121
221100100221221100102201
221100100221221100102211
221100100221221100102220
221100100221221100102221
221100100221221100102222
221100100221221100110021
221100100221221100110121
221100100221221100110201
221100100221221100110211
221100100221221100110220
221100100221221100110221
221100100221221100110222
221100100221221100111221
221100100221221100112221
221100100221221100120021
221100100221221100120121
221100100221221100120201
221100100221221100120211
221100100221221100120220
221100100221221100120221
221100100221221100120222
221100100221221100121221
221100100221221100122221
221100100221221100200021
221100100221221100200121
221100100221221100200201
221100100221221100200211
221100100221221100200220
221100100221221100200221
221100100221221100200222
221100100221221100201221
221100100221221100202221
221100100221221100210221
221100100221221100220221
221100100221221101000221
221100100221221101100021
221100100221221101100121
221100100221221101100201
221100100221221101100211
221100100221221101100220
221100100221221101100221
221100100221221101100222
221100100221221101101221
221100100221221101102221
221100100221221101110221
221100100221221101120221
221100100221221101200221
221100100221221102000221
221100100221221102100021
221100100221221102100121
221100100221221102100201
221100100221221102100211
221100100221221102100220
221100100221221102100221
221100100221221102100222
221100100221221102101221
221100100221221102102221
221100100221221102110221
221100100221221102120221
221100100221221102200221
221100100221221110000221
221100100221221110100021
221100100221221110100121
221100100221221110100201
221100100221221110100211
221100100221221110100220
221100100221221110100221
221100100221221110100222
221100100221221110101221
221100100221221110102221
221100100221221110110221
221100100221221110120221
221100100221221110200221
221100100221221111100221
221100100221221112100221
221100100221221120000221
221100100221221120100021
221100100221221120100121
221100100221221120100201
221100100221221120100211
221100100221221120100220
221100100221221120100221
221100100221221120100222
221100100221221120101221
221100100221221120102221
221100100221221120110221
221100100221221120120221
221100100221221120200221
221100100221221121100221
221100100221221122100221
221100100221221200000221
221100100221221200100021
221100100221221200100121
221100100221221200100201
221100100221221200100211
221100100221221200100220
221100100221221200100221
221100100221221200100222
221100100221221200101221
221100100221221200102221
221100100221221200110221
221100100221221200120221
221100100221221200200221
221100100221221201100221
221100100221221202100221
221100100221221210100221
221100100221221220100221
221100100221222000100221
221100100221222100000221
221100100221222100100021
221100100221222100100121
221100100221222100100201
221100100221222100100211
221100100221222100100220
221100100221222100100221
221100100221222100100222
221100100221222100101221
221100100221222100102221
221100100221222100110221
221100100221222100120221
221100100221222100200221
221100100221222101100221
221100100221222102100221
221100100221222110100221
221100100221222120100221
221100100221222200100221
221100100222021100100221
221100100222121100100221
221100100222201100100221
221100100222211100100221
221100100222220100100221
221100100222221000100221
221100100222221100000221
221100100222221100100021
221100100222221100100121
221100100222221100100201
221100100222221100100211
221100100222221100100220
221100100222221100100221
221100100222221100100222
221100100222221100101221
221100100222221100102221
221100100222221100110221
221100100222221100120221
221100100222221100200221
221100100222221101100221
221100100222221102100221
221100100222221110100221
221100100222221120100221
221100100222221200100221
221100100222222100100221
221100101021221100100221
221100101121221100100221
221100101201221100100221
221100101211221100100221
221100101220221100100221
221100101221021100100221
221100101221121100100221
221100101221201100100221
221100101221211100100221
221100101221220100100221
221100101221221000100221
221100101221221100000221
221100101221221100100021
221100101221221100100121
221100101221221100100201
221100101221221100100211
221100101221221100100220
221100101221221100100221
221100101221221100100222
221100101221221100101221
221100101221221100102221
221100101221221100110221
221100101221221100120221
221100101221221100200221
221100101221221101100221
221100101221221102100221
221100101221221110100221
221100101221221120100221
221100101221221200100221
221100101221222100100221
221100101222221100100221
221100102021221100100221
221100102121221100100221
221100102201221100100221
221100102211221100100221
221100102220221100100221
221100102221021100100221
221100102221121100100221
221100102221201100100221
221100102221211100100221
221100102221220100100221
221100102221221000100221
221100102221221100000221
221100102221221100100021
221100102221221100100121
221100102221221100100201
221100102221221100100211
221100102221221100100220
221100102221221100100221
221100102221221100100222
221100102221221100101221
221100102221221100102221
221100102221221100110221
221100102221221100120221
221100102221221100200221
221100102221221101100221
221100102221221102100221
221100102221221110100221
221100102221221120100221
221100102221221200100221
221100102221222100100221
221100102222221100100221
221100110021221100100221
221100110121221100100221
221100110201221100100221
221100110211221100100221
221100110220221100100221
221100110221021100100221
221100110221121100100221
221100110221201100100221
221100110221211100100221
221100110221220100100221
221100110221221000100221
221100110221221100000221
221100110221221100100021
221100110221221100100121
221100110221221100100201
221100110221221100100211
221100110221221100100220
221100110221221100100221
221100110221221100100222
221100110221221100101221
221100110221221100102221
221100110221221100110221
221100110221221100120221
221100110221221100200221
221100110221221101100221
221100110221221102100221
221100110221221110100221
221100110221221120100221
221100110221221200100221
221100110221222100100221
221100110222221100100221
221100111221221100100221
221100112221221100100221
221100120021221100100221
221100120121221100100221
221100120201221100100221
221100120211221100100221
221100120220221100100221
221100120221021100100221
221100120221121100100221
221100120221201100100221
221100120221211100100221
221100120221220100100221
221100120221221000100221
221100120221221100000221
221100120221221100100021
221100120221221100100121
221100120221221100100201
221100120221221100100211
221100120221221100100220
221100120221221100100221
221100120221221100100222
221100120221221100101221
221100120221221100102221
221100120221221100110221
221100120221221100120221
221100120221221100200221
221100120221221101100221
221100120221221102100221
221100120221221110100221
221100120221221120100221
221100120221221200100221
221100120221222100100221
221100120222221100100221
221100121221221100100221
221100122221221100100221
221100200021221100100221
221100200121221100100221
221100200201221100100221
221100200211221100100221
221100200220221100100221
221100200221021100100221
221100200221121100100221
221100200221201100100221
221100200221211100100221
221100200221220100100221
221100200221221000100221
221100200221221100000221
221100200221221100100021
221100200221221100100121
221100200221221100100201
221100200221221100100211
221100200221221100100220
221100200221221100100221
221100200221221100100222
221100200221221100101221
221100200221221100102221
221100200221221100110221
221100200221221100120221
221100200221221100200221
221100200221221101100221
221100200221221102100221
221100200221221110100221
221100200221221120100221
221100200221221200100221
221100200221222100100221
221100200222221100100221
221100201221221100100221
221100202221221100100221
221100210221221100100221
221100220221221100100221
221101000221221100100221
221101100021221100100221
221101100121221100100221
221101100201221100100221
221101100211221100100221
221101100220221100100221
221101100221021100100221
221101100221121100100221
221101100221201100100221
221101100221211100100221
221101100221220100100221
221101100221221000100221
221101100221221100000221
221101100221221100100021
221101100221221100100121
221101100221221100100201
221101100221221100100211
221101100221221100100220
221101100221221100100221
221101100221221100100222
221101100221221100101221
221101100221221100102221
221101100221221100110221
221101100221221100120221
221101100221221100200221
221101100221221101100221
221101100221221102100221
221101100221221110100221
221101100221221120100221
221101100221221200100221
221101100221222100100221
221101100222221100100221
221101101221221100100221
221101102221221100100221
221101110221221100100221
221101120221221100100221
221101200221221100100221
221102000221221100100221
221102100021221100100221
221102100121221100100221
221102100201221100100221
221102100211221100100221
221102100220221100100221
221102100221021100100221
221102100221121100100221
221102100221201100100221
221102100221211100100221
221102100221220100100221
221102100221221000100221
221102100221221100000221
221102100221221100100021
221102100221221100100121
221102100221221100100201
221102100221221100100211
221102100221221100100220
221102100221221100100221
221102100221221100100222
221102100221221100101221
221102100221221100102221
221102100221221100110221
221102100221221100120221
221102100221221100200221
221102100221221101100221
221102100221221102100221
221102100221221110100221
221102100221221120100221
221102100221221200100221
221102100221222100100221
221102100222221100100221
221102101221221100100221
221102102221221100100221
221102110221221100100221
221102120221221100100221
221102200221221100100221
221110000221221100100221
221110100021221100100221
221110100121221100100221
221110100201221100100221
221110100211221100100221
221110100220221100100221
221110100221021100100221
221110100221121100100221
221110100221201100100221
221110100221211100100221
221110100221220100100221
221110100221221000100221
221110100221221100000221
221110100221221100100021
221110100221221100100121
221110100221221100100201
221110100221221100100211
221110100221221100100220
221110100221221100100221
221110100221221100100222
221110100221221100101221
221110100221221100102221
221110100221221100110221
221110100221221100120221
221110100221221100200221
221110100221221101100221
221110100221221102100221
221110100221221110100221
221110100221221120100221
221110100221221200100221
221110100221222100100221
221110100222221100100221
221110101221221100100221
221110102221221100100221
221110110221221100100221
221110120221221100100221
221110200221221100100221
221111100221221100100221
221112100221221100100221
221120000221221100100221
221120100021221100100221
221120100121221100100221
221120100201221100100221
221120100211221100100221
221120100220221100100221
221120100221021100100221
221120100221121100100221
221120100221201100100221
221120100221211100100221
221120100221220100100221
221120100221221000100221
221120100221221100000221
221120100221221100100021
221120100221221100100121
221120100221221100100201
221120100221221100100211
221120100221221100100220
221120100221221100100221
221120100221221100100222
221120100221221100101221
221120100221221100102221
221120100221221100110221
221120100221221100120221
221120100221221100200221
221120100221221101100221
221120100221221102100221
221120100221221110100221
221120100221221120100221
221120100221221200100221
221120100221222100100221
221120100222221100100221
221120101221221100100221
221120102221221100100221
221120110221221100100221
221120120221221100100221
221120200221221100100221
221121100221221100100221
221122100221221100100221
221200000221221100100221
221200100021221100100221
221200100121221100100221
221200100201221100100221
221200100211221100100221
221200100220221100100221
221200100221021100100221
221200100221121100100221
221200100221201100100221
221200100221211100100221
221200100221220100100221
221200100221221000100221
221200100221221100000221
221200100221221100100021
221200100221221100100121
221200100221221100100201
221200100221221100100211
221200100221221100100220
221200100221221100100221
221200100221221100100222
221200100221221100101221
221200100221221100102221
221200100221221100110221
221200100221221100120221
221200100221221100200221
221200100221221101100221
221200100221221102100221
221200100221221110100221
221200100221221120100221
221200100221221200100221
221200100221222100100221
221200100222221100100221
221200101221221100100221
221200102221221100100221
221200110221221100100221
221200120221221100100221
221200200221221100100221
221201100221221100100221
221202100221221100100221
221210100221221100100221
221220100221221100100221
222000100221221100100221
222100000221221100100221
222100100021221100100221
222100100121221100100221
222100100201221100100221
222100100211221100100221
222100100220221100100221
222100100221021100100221
222100100221121100100221
222100100221201100100221
222100100221211100100221
222100100221220100100221
222100100221221000100221
222100100221221100000221
222100100221221100100021
222100100221221100100121
222100100221221100100201
222100100221221100100211
222100100221221100100220
222100100221221100100221
222100100221221100100222
222100100221221100101221
222100100221221100102221
222100100221221100110221
222100100221221100120221
222100100221221100200221
222100100221221101100221
222100100221221102100221
222100100221221110100221
222100100221221120100221
222100100221221200100221
222100100221222100100221
222100100222221100100221
222100101221221100100221
222100102221221100100221
222100110221221100100221
222100120221221100100221
222100200221221100100221
222101100221221100100221
222102100221221100100221
222110100221221100100221
222120100221221100100221
222200100221221100100221
