0 41 36 10 32 40
0 9 7 33 20 11
0 40 7 36 38 34
0 41 12 12 40 60
0 12 14 56 23 6
0 14 51 46 45 24
0 31 61 18 63 4
0 48 40 56 37 1
0 31 9 13 14 31
0 44 49 2 22 44
0 2 61 63 3 58
0 52 2 25 32 13
0 35 13 41 37 45
0 39 21 26 60 55
0 8 57 13 31 53
0 50 13 14 11 34
0 1 0 49 32 24
0 1 41 17 48 8
0 29 40 42 20 10
0 56 33 57 2 5
0 58 50 61 23 57
0 4 23 34 47 59
0 51 26 43 42 60
0 14 2 57 28 59
0 42 63 15 9 48
0 44 39 46 48 59
0 8 24 61 62 51
0 55 2 29 41 57
0 33 47 52 43 45
0 47 11 7 34 48
0 26 16 39 4 33
0 14 57 43 16 2
1 52 10 37 46 48
1 33 23 18 1 14
1 57 16 51 49 5
1 25 51 20 50 56
1 19 31 44 32 52
1 5 8 54 23 14
1 22 26 63 8 42
1 21 0 60 57 15
1 23 30 61 15 0
1 57 40 31 61 54
1 1 44 62 55 3
1 57 15 53 58 60
1 63 43 32 28 63
1 43 23 58 54 21
1 8 1 7 50 45
1 43 61 47 26 9
1 18 22 37 52 36
1 4 36 48 33 36
1 3 1 58 20 8
1 62 26 38 37 3
1 0 58 49 31 0
1 19 49 12 23 33
1 32 27 44 53 63
1 24 41 26 26 25
1 40 29 28 31 12
1 2 61 3 56 24
1 41 16 0 59 51
1 0 10 18 2 35
1 53 53 41 28 5
1 60 7 5 38 38
1 29 33 46 12 26
1 47 49 27 49 43
2 0 38 22 18 37
2 23 14 45 12 33
2 59 45 23 4 51
2 52 28 56 22 53
2 62 2 4 29 7
2 12 32 1 51 48
2 43 6 10 32 58
2 2 27 12 35 29
2 56 5 61 59 53
2 31 6 18 57 45
2 32 62 12 15 34
2 13 28 50 45 20
2 39 50 1 33 3
2 62 11 60 10 40
2 8 48 6 43 12
2 3 54 18 61 63
2 55 1 27 63 2
2 13 15 52 33 13
2 47 25 8 43 5
2 50 41 54 58 5
2 26 7 55 22 31
2 53 56 14 37 36
2 56 12 6 6 20
2 35 19 44 8 14
2 45 53 54 41 25
2 13 6 24 14 23
2 9 54 32 44 50
2 35 15 16 13 6
2 1 46 57 62 7
2 54 35 28 34 38
2 49 61 50 47 10
2 53 10 44 23 5
3 55 60 54 3 20
3 46 21 6 2 53
3 63 38 23 17 4
3 43 12 16 59 17
3 25 4 32 30 13
3 29 33 7 5 16
3 15 28 9 16 49
3 7 55 1 7 8
3 61 5 57 46 5
3 33 19 54 24 63
3 28 53 26 54 0
3 47 37 42 22 38
3 51 39 24 17 63
3 37 40 12 57 53
3 56 20 48 39 0
3 18 24 4 57 51
3 58 28 1 46 61
3 30 53 43 1 25
3 12 43 38 39 3
3 34 55 54 44 4
3 47 20 1 11 1
3 58 4 39 1 22
3 61 9 27 58 24
3 59 30 31 61 12
3 17 32 33 57 59
3 32 29 27 47 17
3 59 1 20 30 2
3 38 59 1 13 46
3 61 1 28 53 43
3 30 56 15 44 15
3 9 18 52 53 34
3 12 2 4 26 59
4 53 17 58 18 34
4 55 18 18 10 20
4 61 53 8 59 53
4 45 27 42 37 9
4 0 51 35 45 51
4 20 5 62 37 37
4 22 25 4 60 54
4 14 27 24 43 40
4 11 42 1 7 3
4 60 63 0 53 28
4 8 60 61 25 17
4 46 21 10 36 15
4 48 30 57 4 48
4 59 30 21 21 17
4 54 2 27 48 61
4 62 49 62 25 52
4 25 61 12 27 14
4 21 33 18 0 59
4 53 33 33 7 50
4 54 54 13 63 35
4 10 57 16 6 59
4 4 3 41 15 27
4 51 4 15 5 55
4 37 63 29 3 15
4 58 45 52 35 47
4 17 53 46 18 55
4 47 7 59 22 52
4 35 47 14 34 4
4 6 36 59 45 42
4 61 17 21 52 21
4 26 10 22 21 18
4 58 35 9 27 0
5 2 8 18 5 54
5 47 17 6 2 19
5 16 57 6 41 55
5 23 47 33 50 48
5 14 55 46 60 44
5 22 30 43 21 18
5 56 52 8 22 21
5 18 22 0 47 41
5 57 48 45 50 31
5 20 61 15 41 22
5 4 13 51 44 9
5 63 35 26 4 30
5 52 32 6 55 0
5 51 34 58 24 49
5 57 15 10 38 43
5 48 5 38 62 21
5 35 28 23 16 3
5 28 9 17 61 6
5 25 58 37 10 49
5 5 52 46 23 46
5 28 58 16 1 32
5 56 58 35 24 25
5 23 11 10 1 53
5 40 18 39 38 30
5 46 29 4 61 40
5 37 19 28 9 63
5 42 54 25 38 58
5 23 42 1 18 13
5 53 35 61 7 11
5 25 22 54 8 12
5 19 49 49 30 22
5 35 58 33 6 52
6 23 4 14 13 7
6 24 60 42 39 43
6 24 25 33 20 44
6 50 32 36 4 9
6 22 29 6 50 57
6 6 54 48 46 32
6 20 0 31 57 22
6 0 43 11 63 34
6 37 60 62 26 43
6 23 23 60 53 19
6 30 48 57 18 38
6 7 6 61 15 49
6 1 12 53 56 9
6 5 0 25 14 11
6 43 41 15 42 11
6 29 14 47 23 26
6 29 49 47 15 7
6 59 58 48 37 27
6 61 60 28 7 15
6 45 31 17 0 27
6 49 19 44 24 44
6 18 27 42 55 45
6 29 15 32 33 24
6 31 49 15 54 36
6 16 59 63 59 5
6 22 25 56 51 42
6 28 25 37 61 34
6 53 46 43 42 7
6 39 46 21 58 41
6 62 19 48 60 32
6 59 35 43 16 15
6 21 59 55 52 21
7 6 44 13 58 4
7 29 32 21 27 53
7 35 11 19 61 62
7 53 6 24 35 6
7 5 62 9 47 43
7 38 24 26 26 1
7 16 31 10 8 62
7 37 55 39 29 37
7 17 4 49 7 52
7 53 59 61 1 2
7 2 57 38 62 46
7 0 20 0 34 55
7 62 9 3 47 53
7 19 38 52 50 33
7 15 29 11 11 8
7 34 18 55 12 6
7 13 58 10 63 47
7 22 3 42 38 36
7 33 17 53 29 41
7 1 47 56 23 46
7 7 48 37 29 11
7 34 23 5 36 30
7 19 53 43 20 10
7 7 12 16 4 42
7 37 53 53 54 42
7 37 43 23 19 47
7 21 28 42 59 48
7 25 0 18 49 58
7 42 30 16 56 28
7 12 52 60 3 45
7 17 62 14 6 29
7 48 49 50 26 25
8 36 23 7 43 62
8 58 22 38 18 51
8 22 10 31 25 14
8 19 1 31 38 12
8 36 52 50 2 63
8 60 20 59 23 42
8 12 28 30 4 41
8 1 33 8 17 46
8 44 34 30 29 52
8 62 10 19 33 33
8 24 33 53 45 33
8 36 12 14 30 25
8 21 39 3 59 24
8 33 20 5 35 50
8 54 29 38 48 46
8 15 28 30 14 37
8 7 32 21 35 26
8 46 48 60 60 27
8 63 20 0 26 29
8 55 3 8 12 0
8 12 46 16 44 56
8 33 3 26 41 39
8 63 9 40 18 10
8 47 50 47 31 45
8 33 25 10 39 53
8 40 12 50 39 59
8 23 46 4 33 56
8 52 31 23 45 46
8 11 10 36 35 21
8 26 51 26 35 5
8 38 2 44 19 1
8 4 24 54 25 10
9 5 56 19 63 37
9 62 23 14 53 32
9 20 32 36 29 8
9 38 3 61 16 55
9 15 37 14 48 31
9 45 46 29 6 35
9 59 49 25 46 19
9 23 61 30 49 33
9 61 26 63 0 51
9 50 26 22 46 23
9 28 19 49 1 36
9 34 37 44 7 29
9 28 52 29 21 19
9 26 35 19 0 63
9 53 12 41 55 59
9 10 19 39 28 13
9 45 38 33 63 21
9 59 24 7 63 52
9 39 44 41 38 59
9 58 59 26 46 59
9 24 26 13 56 2
9 25 21 24 63 32
9 35 18 9 57 16
9 57 39 58 20 26
9 27 34 2 39 28
9 22 53 54 52 37
9 2 54 12 4 11
9 38 63 45 23 28
9 36 35 37 42 43
9 49 19 22 10 54
9 51 15 6 25 34
9 26 63 29 46 4
10 36 35 1 24 45
10 32 51 34 32 13
10 27 60 62 29 59
10 31 5 17 23 58
10 21 42 35 48 42
10 14 24 7 22 36
10 0 19 2 34 1
10 48 11 34 62 23
10 22 22 21 15 60
10 52 52 47 56 0
10 9 59 52 11 54
10 4 5 39 48 8
10 24 24 39 0 35
10 22 10 45 15 48
10 27 38 36 50 57
10 60 55 28 58 29
10 59 58 35 32 29
10 58 46 12 33 8
10 63 19 19 55 13
10 6 6 20 14 2
10 29 54 6 44 53
10 17 42 48 40 5
10 23 18 0 29 10
10 34 60 30 33 9
10 58 24 29 33 57
10 45 8 2 59 52
10 24 23 2 46 16
10 52 28 2 33 56
10 43 36 57 14 40
10 26 2 18 41 7
10 6 38 52 54 57
10 29 44 63 42 28
11 14 23 1 60 27
11 2 45 25 21 18
11 51 20 22 40 18
11 1 19 51 61 34
11 52 63 35 39 63
11 60 36 48 51 1
11 30 45 28 11 2
11 16 7 22 29 49
11 18 34 39 59 34
11 22 59 3 2 38
11 40 59 62 26 30
11 0 4 8 25 54
11 53 16 11 40 4
11 19 7 48 53 58
11 60 33 28 53 18
11 49 22 58 41 8
11 40 18 20 42 9
11 27 26 19 58 13
11 3 10 7 49 33
11 15 54 8 55 13
11 57 50 47 27 18
11 7 14 8 19 56
11 8 29 25 59 51
11 44 60 34 61 28
11 61 55 26 6 15
11 44 22 56 35 49
11 29 41 48 31 0
11 28 55 25 21 2
11 48 30 36 30 61
11 59 28 47 61 4
11 15 36 54 18 21
11 20 32 27 25 13
12 45 11 58 18 63
12 6 45 55 61 45
12 18 28 2 51 49
12 42 36 31 51 57
12 22 55 51 8 11
12 11 2 7 14 22
12 41 60 57 22 39
12 54 17 47 16 6
12 33 26 10 25 63
12 4 62 59 56 43
12 34 12 15 39 44
12 51 28 3 7 16
12 50 33 58 28 44
12 39 53 54 29 8
12 59 9 57 35 49
12 5 41 11 18 48
12 13 15 45 8 10
12 54 51 33 54 44
12 30 5 36 47 48
12 54 47 23 22 21
12 51 56 31 23 55
12 10 17 33 47 25
12 30 18 62 60 7
12 61 25 63 62 38
12 60 62 39 41 23
12 31 41 32 56 23
12 60 59 63 52 42
12 36 13 27 29 10
12 17 9 26 60 4
12 42 55 7 13 61
12 1 2 23 45 44
12 61 51 0 62 31
13 34 61 38 3 2
13 50 3 4 11 54
13 20 59 23 58 5
13 46 16 59 21 7
13 49 34 56 27 7
13 46 31 24 20 47
13 32 51 32 8 23
13 50 22 0 1 21
13 33 42 2 15 25
13 26 17 21 40 6
13 34 40 39 18 7
13 30 25 43 9 47
13 13 38 54 41 47
13 8 26 14 19 55
13 38 32 43 31 51
13 28 48 31 29 22
13 61 15 34 50 34
13 37 35 11 4 49
13 57 37 17 7 50
13 34 51 30 59 52
13 45 19 24 58 62
13 48 46 56 42 46
13 40 38 24 46 30
13 55 18 55 5 24
13 5 39 49 6 2
13 8 10 58 37 2
13 60 9 0 18 28
13 0 45 20 60 1
13 3 15 35 48 48
13 50 62 35 14 4
13 31 3 29 21 55
13 57 30 61 22 58
14 59 36 34 44 26
14 3 31 34 42 6
14 58 27 25 31 36
14 13 62 47 40 49
14 62 9 13 63 41
14 61 49 25 52 15
14 62 58 20 2 48
14 9 10 18 52 31
14 16 63 38 14 44
14 41 60 54 18 57
14 61 44 33 19 26
14 14 22 45 14 10
14 42 25 17 12 19
14 5 26 62 16 51
14 47 43 58 21 25
14 36 60 30 61 33
14 4 21 5 48 26
14 12 3 23 27 31
14 62 30 3 27 2
14 0 40 48 10 28
14 6 29 48 15 47
14 61 14 6 58 58
14 9 45 15 16 2
14 25 35 24 55 27
14 49 54 32 25 1
14 36 6 54 59 31
14 4 13 56 30 49
14 31 12 22 62 42
14 21 62 62 0 61
14 51 48 18 37 4
14 18 9 0 55 22
14 56 50 20 44 23
15 45 34 7 24 62
15 4 34 19 34 40
15 8 37 52 20 18
15 43 27 59 63 5
15 48 27 32 28 11
15 33 23 28 14 23
15 16 14 52 33 18
15 56 32 2 18 42
15 20 5 15 37 45
15 51 44 31 48 39
15 39 8 21 43 8
15 46 49 0 36 2
15 60 59 43 19 33
15 25 34 7 13 0
15 58 24 58 23 4
15 16 32 13 57 32
15 47 52 4 21 47
15 50 11 0 6 26
15 19 17 52 49 50
15 12 32 14 59 14
15 28 4 37 40 41
15 10 29 36 6 0
15 53 36 26 47 4
15 26 12 7 23 26
15 9 6 59 53 41
15 22 15 41 56 29
15 40 31 32 10 24
15 26 37 12 38 35
15 12 20 34 4 51
15 46 51 5 62 1
15 56 29 36 58 6
15 4 8 62 59 51
16 4 45 63 30 39
16 0 46 43 19 50
16 32 25 50 58 35
16 50 41 7 44 62
16 24 34 40 7 25
16 14 25 32 39 5
16 22 2 56 46 54
16 2 15 18 38 19
16 55 46 41 28 41
16 60 61 63 53 24
16 28 60 14 30 32
16 21 19 2 23 24
16 26 24 37 29 57
16 32 19 52 33 38
16 0 4 11 54 46
16 37 5 52 28 50
16 59 3 8 48 38
16 59 38 45 8 25
16 36 47 25 40 54
16 0 46 45 43 0
16 10 62 63 40 4
16 56 24 54 12 41
16 17 12 31 37 54
16 36 13 49 53 16
16 54 13 56 1 1
16 58 44 23 27 54
16 53 42 45 16 9
16 54 59 51 11 56
16 41 15 46 53 37
16 61 12 46 55 59
16 63 61 39 56 53
16 57 61 20 45 12
17 21 30 62 44 42
17 11 27 25 61 20
17 35 56 39 18 9
17 41 16 46 26 60
17 30 11 47 31 40
17 23 40 33 26 31
17 54 24 46 30 38
17 27 43 9 55 9
17 26 9 9 25 53
17 51 31 1 42 30
17 36 58 6 20 27
17 35 8 34 21 60
17 17 13 4 1 4
17 23 17 9 50 22
17 28 19 6 22 57
17 1 19 47 13 16
17 17 22 19 49 3
17 52 35 35 38 50
17 15 31 63 50 0
17 2 55 36 29 61
17 7 43 41 29 56
17 20 32 37 56 49
17 1 0 33 3 61
17 14 58 6 19 33
17 48 7 51 2 6
17 62 49 24 17 37
17 63 4 39 35 16
17 52 39 41 47 29
17 6 10 60 60 37
17 33 54 58 26 32
17 14 53 5 15 29
17 24 60 54 17 37
18 53 9 0 32 36
18 37 34 16 23 51
18 0 22 44 39 56
18 56 48 42 2 19
18 5 24 3 10 5
18 45 63 62 58 22
18 11 4 7 36 11
18 63 56 25 30 10
18 55 62 55 4 32
18 18 31 57 3 43
18 44 25 10 57 52
18 5 52 53 49 9
18 14 60 11 24 24
18 1 21 63 28 20
18 39 10 40 17 58
18 63 38 63 15 29
18 62 34 63 15 8
18 32 1 49 16 45
18 42 6 34 13 19
18 23 16 40 58 21
18 42 10 45 41 20
18 18 45 24 33 12
18 39 24 1 39 38
18 2 22 54 34 5
18 21 33 50 32 1
18 1 49 24 59 63
18 59 11 12 53 50
18 58 6 0 20 23
18 50 32 20 28 27
18 49 45 50 5 58
18 54 18 63 41 34
18 41 32 24 18 14
19 5 18 49 31 18
19 62 51 55 26 19
19 63 8 24 50 1
19 8 28 52 16 62
19 57 36 13 51 51
19 57 47 4 17 29
19 3 56 3 35 16
19 51 33 47 44 30
19 20 58 49 40 58
19 57 9 29 21 15
19 57 57 32 28 50
19 33 49 45 56 27
19 20 1 3 13 63
19 61 11 3 11 0
19 27 5 35 5 29
19 53 49 22 19 18
19 51 20 49 43 20
19 56 16 17 23 30
19 42 8 15 29 40
19 17 6 42 42 53
19 3 38 31 27 62
19 54 43 24 8 20
19 11 0 44 14 39
19 36 2 31 62 55
19 48 20 8 9 61
19 33 59 14 29 42
19 25 31 40 5 15
19 45 63 20 54 24
19 45 37 36 14 54
19 35 44 47 62 36
19 44 61 4 31 21
19 36 12 21 11 39
20 8 25 31 63 44
20 13 21 17 5 26
20 10 27 39 11 50
20 33 35 50 49 32
20 59 16 19 12 48
20 46 29 35 42 10
20 15 34 28 6 23
20 6 17 53 20 46
20 4 63 42 13 27
20 43 44 5 1 27
20 33 58 17 15 61
20 7 42 11 51 14
20 3 13 16 15 62
20 38 8 26 4 56
20 1 45 29 30 57
20 36 26 18 15 49
20 58 47 28 57 15
20 19 0 10 45 4
20 27 55 11 51 23
20 59 39 14 26 44
20 8 13 11 58 24
20 27 54 15 37 48
20 63 13 27 17 20
20 38 21 44 48 43
20 9 43 45 1 40
20 3 52 49 3 43
20 17 23 34 15 8
20 40 20 36 31 17
20 14 34 22 11 35
20 29 57 26 19 51
20 25 40 6 50 30
20 14 57 38 32 42
21 10 56 51 28 25
21 5 51 48 24 19
21 46 46 63 48 26
21 5 32 22 35 14
21 2 21 25 45 55
21 25 48 35 27 43
21 47 29 54 25 28
21 2 56 49 48 59
21 17 53 16 52 11
21 11 54 15 2 20
21 2 2 9 6 41
21 47 57 47 3 51
21 0 18 50 37 5
21 4 26 57 37 55
21 32 45 41 14 6
21 58 38 53 24 44
21 9 11 28 24 16
21 32 62 42 29 29
21 46 37 63 9 58
21 11 43 21 13 28
21 9 13 53 61 27
21 39 9 19 14 13
21 15 44 51 54 26
21 20 14 37 38 57
21 16 62 62 6 56
21 15 16 0 48 37
21 62 41 39 3 31
21 40 17 27 50 47
21 63 32 25 16 46
21 16 13 20 34 57
21 49 3 54 63 34
21 54 44 1 25 7
22 20 47 63 0 7
22 16 63 56 25 28
22 14 52 6 14 3
22 3 0 14 36 48
22 27 35 13 14 35
22 22 59 35 34 22
22 32 16 61 45 1
22 54 26 2 5 2
22 7 50 41 18 2
22 16 51 39 19 11
22 13 49 14 49 32
22 33 41 5 29 48
22 56 39 1 9 52
22 39 50 30 54 7
22 24 47 60 3 55
22 29 49 37 1 19
22 10 45 32 43 39
22 51 1 0 38 26
22 1 62 30 51 56
22 60 35 17 55 49
22 37 17 52 12 50
22 19 50 5 23 2
22 18 57 52 17 34
22 41 15 36 4 37
22 16 31 34 8 11
22 35 41 30 32 33
22 11 24 44 6 30
22 45 0 16 0 16
22 58 9 59 27 34
22 2 52 18 59 17
22 48 37 13 12 23
22 21 26 45 42 27
23 51 15 21 8 9
23 12 31 56 15 57
23 15 39 54 47 19
23 23 12 34 4 61
23 56 59 56 17 33
23 29 35 8 47 49
23 22 7 4 17 46
23 23 9 33 10 40
23 2 14 21 63 24
23 57 7 17 36 41
23 19 56 9 18 11
23 35 42 45 50 43
23 48 34 11 34 52
23 58 12 24 61 18
23 42 40 56 13 1
23 37 22 62 1 55
23 30 13 31 1 52
23 10 30 61 0 55
23 18 33 9 45 16
23 29 26 8 22 0
23 54 46 25 30 14
23 19 5 47 9 27
23 41 0 12 19 24
23 41 56 2 13 7
23 10 7 50 5 52
23 43 41 58 24 26
23 51 8 30 24 20
23 23 13 59 55 30
23 10 33 59 62 14
23 6 26 38 49 58
23 13 8 30 17 63
23 20 33 43 17 12
24 35 56 27 30 36
24 50 50 27 14 6
24 54 59 1 39 38
24 46 11 4 49 1
24 45 48 55 28 54
24 54 33 53 0 38
24 53 41 44 12 44
24 43 42 17 46 27
24 42 2 47 62 44
24 14 42 52 16 29
24 19 50 58 31 17
24 26 1 47 5 52
24 42 14 39 34 34
24 58 48 53 61 28
24 31 9 45 54 56
24 58 11 5 17 22
24 4 48 34 13 32
24 37 36 3 9 36
24 52 6 37 5 2
24 5 55 19 12 50
24 22 1 2 55 7
24 18 24 22 55 30
24 27 21 54 63 8
24 11 47 56 9 26
24 49 59 40 17 32
24 34 5 7 28 53
24 40 58 59 45 1
24 29 12 33 27 60
24 25 10 51 45 23
24 52 23 43 52 31
24 48 34 52 24 17
24 58 7 53 16 16
25 4 29 61 37 59
25 15 1 53 26 62
25 30 51 12 52 22
25 21 3 40 56 34
25 59 57 39 40 12
25 9 55 28 13 1
25 16 6 38 7 52
25 9 37 13 9 13
25 36 54 0 0 21
25 23 42 32 0 1
25 44 6 50 39 62
25 19 60 38 51 33
25 7 14 44 40 33
25 33 23 38 50 21
25 23 52 8 45 63
25 34 45 41 38 16
25 54 56 32 63 37
25 44 41 9 39 34
25 9 37 8 17 30
25 18 39 14 11 20
25 47 1 25 15 59
25 30 14 31 27 16
25 10 52 9 36 38
25 57 43 43 8 36
25 38 12 13 11 13
25 6 51 3 1 58
25 47 0 20 7 44
25 59 42 37 20 39
25 21 17 24 31 15
25 22 12 57 1 4
25 22 40 56 54 61
25 61 50 1 54 60
26 6 28 25 39 44
26 56 31 50 26 53
26 47 39 50 40 21
26 8 31 11 36 11
26 10 29 43 35 22
26 26 24 53 24 5
26 37 37 36 14 32
26 13 8 57 25 29
26 50 44 6 25 44
26 46 10 18 14 10
26 53 52 38 27 60
26 49 34 22 40 18
26 7 1 47 19 14
26 10 41 63 61 44
26 17 32 12 54 36
26 43 2 56 28 60
26 62 1 29 18 1
26 4 50 25 55 62
26 24 29 49 20 28
26 40 9 26 50 32
26 18 42 34 54 13
26 7 27 40 13 41
26 41 19 36 56 57
26 48 35 29 21 26
26 3 18 25 42 13
26 61 27 48 10 17
26 46 31 21 24 44
26 15 1 47 29 50
26 59 62 20 45 63
26 45 30 14 60 49
26 50 49 14 16 19
26 48 42 39 41 57
27 60 23 12 58 41
27 47 41 20 32 14
27 52 4 27 0 30
27 19 54 4 14 54
27 31 21 32 33 56
27 42 57 3 53 57
27 53 50 15 52 5
27 51 35 27 9 17
27 15 34 20 34 14
27 7 50 1 22 21
27 24 4 10 8 11
27 53 19 40 34 47
27 40 32 60 20 13
27 50 55 20 6 15
27 50 2 45 19 3
27 0 38 59 35 59
27 14 32 39 48 36
27 60 53 35 7 60
27 12 20 7 21 31
27 37 40 38 53 39
27 38 45 48 10 48
27 17 57 29 41 23
27 57 18 62 63 0
27 26 58 2 31 41
27 20 11 60 2 43
27 34 48 9 12 30
27 19 40 22 28 42
27 17 50 46 46 42
27 7 16 27 43 41
27 61 50 50 11 3
27 55 40 3 45 48
27 57 54 0 13 57
28 17 50 54 34 32
28 17 23 19 35 24
28 51 48 16 60 58
28 11 2 19 57 17
28 51 41 55 19 14
28 7 39 30 52 14
28 57 32 0 6 36
28 25 47 8 29 34
28 39 47 22 1 50
28 0 41 46 2 12
28 49 57 12 5 3
28 36 52 23 2 21
28 56 14 55 63 6
28 31 25 29 41 49
28 15 48 20 57 0
28 25 0 31 33 16
28 9 14 48 37 35
28 0 55 18 23 57
28 26 62 31 14 54
28 53 45 57 17 18
28 55 57 60 15 51
28 60 24 10 20 6
28 14 8 23 10 43
28 30 44 6 8 39
28 24 0 44 42 22
28 63 18 8 20 22
28 0 17 41 3 5
28 29 13 3 23 30
28 50 45 31 51 58
28 18 0 0 42 46
28 8 16 19 45 35
28 62 9 41 58 41
29 29 61 38 61 48
29 33 35 11 19 3
29 48 50 12 56 50
29 2 7 40 5 17
29 32 18 46 16 11
29 27 4 13 40 62
29 40 15 57 36 0
29 6 49 60 5 35
29 21 1 27 39 11
29 28 31 0 61 39
29 29 43 42 52 42
29 36 27 60 22 30
29 29 15 50 38 13
29 25 24 59 6 1
29 38 55 9 27 21
29 35 5 10 15 25
29 7 22 12 56 8
29 18 32 32 14 60
29 15 43 59 40 47
29 23 40 48 40 54
29 6 8 5 30 32
29 55 54 20 45 44
29 4 47 11 43 33
29 7 36 29 36 29
29 41 35 17 19 21
29 1 38 62 43 23
29 24 44 41 9 18
29 13 18 35 37 36
29 44 52 7 18 30
29 4 14 1 20 62
29 44 34 17 35 51
29 17 2 14 5 45
30 36 4 18 7 38
30 5 47 34 26 2
30 28 62 16 19 9
30 52 50 31 31 25
30 50 45 45 20 44
30 48 63 4 59 9
30 30 56 17 7 45
30 6 57 46 14 29
30 28 5 0 39 38
30 52 22 22 29 0
30 23 9 41 63 2
30 23 13 38 47 12
30 32 17 32 30 24
30 18 35 13 60 45
30 36 28 2 63 51
30 60 11 17 53 24
30 42 21 55 25 32
30 33 50 27 47 12
30 0 44 55 50 41
30 56 29 33 55 34
30 15 49 41 61 49
30 63 17 0 10 0
30 6 48 15 0 51
30 49 60 61 60 41
30 42 59 51 4 21
30 50 0 60 0 45
30 37 55 62 20 0
30 62 58 43 5 41
30 25 46 62 59 60
30 3 7 9 55 44
30 57 2 1 44 46
30 22 54 37 33 33
31 45 8 58 17 58
31 30 55 42 32 20
31 43 31 53 12 12
31 61 58 29 46 29
31 12 34 52 38 10
31 1 46 32 12 57
31 43 21 27 60 46
31 38 36 41 50 32
31 40 47 45 16 16
31 38 17 24 29 41
31 42 12 5 23 40
31 12 53 17 22 14
31 48 44 29 25 17
31 8 50 22 48 31
31 7 20 8 18 16
31 32 27 7 48 4
31 63 21 27 31 36
31 15 22 13 20 53
31 20 23 17 2 34
31 16 59 42 59 22
31 30 3 35 22 35
31 9 44 7 44 21
31 11 42 57 43 15
31 16 42 0 54 10
31 3 17 18 1 30
31 25 26 50 24 21
31 50 51 24 54 24
31 23 21 61 43 58
31 38 40 61 26 33
31 6 17 57 15 27
31 51 11 10 12 15
31 46 52 42 28 60
32 10 5 33 29 5
32 46 55 13 23 24
32 34 43 19 12 20
32 40 7 57 43 42
32 63 63 10 51 22
32 61 34 11 7 0
32 16 16 22 20 25
32 43 23 52 52 51
32 52 12 12 63 12
32 12 30 61 42 38
32 43 7 15 10 7
32 8 20 38 35 20
32 12 55 28 21 9
32 26 7 13 44 56
32 55 40 38 0 43
32 24 57 54 46 56
32 10 34 21 33 56
32 6 7 43 1 22
32 51 42 11 40 4
32 56 17 17 13 17
32 27 20 1 45 47
32 1 16 46 37 18
32 63 36 20 16 29
32 36 40 45 7 20
32 19 60 9 43 16
32 13 63 1 30 37
32 44 29 50 20 43
32 26 38 55 55 63
32 13 47 57 8 53
32 27 23 53 31 62
32 42 6 33 59 22
32 9 51 49 8 31
33 3 5 15 52 9
33 27 26 30 47 33
33 31 60 58 56 14
33 3 60 4 62 39
33 56 13 43 32 47
33 60 51 35 27 35
33 52 39 5 33 58
33 7 36 36 3 41
33 7 56 19 60 36
33 1 41 50 55 40
33 12 44 48 7 40
33 62 56 10 48 3
33 45 43 32 59 18
33 39 40 15 13 29
33 32 39 53 32 53
33 28 38 16 37 58
33 21 54 14 17 45
33 18 45 41 23 6
33 24 52 36 0 55
33 1 50 34 43 39
33 0 57 49 27 48
33 48 11 59 50 47
33 45 36 9 33 1
33 48 25 49 5 0
33 38 16 4 43 22
33 22 59 44 12 40
33 44 60 41 46 62
33 15 16 50 49 52
33 30 28 36 53 12
33 41 17 42 47 63
33 13 62 47 35 54
33 17 12 25 45 6
34 9 51 16 6 24
34 13 1 11 50 28
34 21 0 52 17 21
34 42 38 45 42 46
34 11 27 37 52 36
34 44 10 38 28 61
34 20 2 32 49 55
34 38 2 19 32 61
34 61 45 42 43 31
34 50 1 13 46 14
34 52 35 25 36 33
34 7 8 27 44 4
34 10 30 47 60 28
34 40 10 38 47 13
34 7 53 29 22 13
34 20 38 15 41 37
34 13 0 57 34 8
34 28 29 62 4 29
34 9 41 16 54 34
34 58 4 29 46 23
34 28 27 54 49 49
34 4 45 51 39 57
34 4 47 60 19 58
34 50 31 10 16 41
34 41 61 42 62 52
34 3 39 36 59 58
34 46 40 40 27 39
34 10 58 60 9 35
34 49 22 3 26 7
34 52 3 58 53 39
34 0 45 0 44 55
34 46 5 17 59 37
35 28 2 23 12 55
35 61 46 38 9 6
35 30 10 33 12 59
35 27 17 24 2 15
35 44 7 12 51 42
35 59 5 55 31 25
35 21 37 37 47 61
35 58 13 4 2 50
35 3 7 44 11 28
35 40 40 35 54 6
35 12 20 3 50 46
35 21 57 49 40 20
35 61 9 37 34 42
35 4 34 37 22 14
35 22 43 36 16 35
35 45 9 25 32 11
35 21 1 21 16 8
35 6 58 48 29 27
35 20 19 32 44 52
35 25 11 42 12 53
35 14 52 41 56 14
35 39 35 21 25 37
35 40 40 28 59 20
35 30 2 5 34 24
35 42 9 17 1 27
35 11 53 32 21 24
35 34 28 45 33 56
35 0 10 46 38 45
35 16 11 56 22 44
35 42 63 4 37 60
35 11 62 33 63 30
35 58 14 16 5 58
36 9 16 38 57 47
36 35 1 11 2 40
36 21 61 13 9 10
36 63 10 36 50 14
36 39 42 44 56 13
36 58 11 49 48 14
36 39 3 34 7 11
36 62 50 40 16 33
36 19 47 52 61 55
36 19 19 57 19 18
36 29 12 52 17 60
36 51 43 18 4 33
36 2 57 49 44 40
36 3 56 62 42 31
36 41 61 2 1 9
36 38 51 15 41 43
36 21 22 57 34 57
36 11 41 46 25 50
36 14 18 25 59 14
36 5 35 61 39 35
36 5 1 53 8 7
36 10 39 21 33 56
36 1 33 14 53 52
36 46 63 6 6 46
36 24 25 26 45 58
36 39 55 0 3 14
36 45 21 30 13 59
36 53 33 44 52 21
36 28 52 53 57 40
36 54 22 50 38 34
36 62 39 14 54 27
36 18 10 37 50 18
37 8 3 28 51 7
37 37 59 49 49 32
37 14 62 48 62 27
37 36 7 8 54 39
37 34 8 20 5 37
37 31 41 54 36 55
37 46 58 60 62 56
37 0 50 30 14 35
37 52 15 38 24 2
37 1 30 46 56 47
37 45 55 51 17 8
37 57 4 21 3 43
37 52 53 35 6 45
37 59 10 5 42 6
37 61 29 10 3 38
37 46 62 40 7 10
37 29 50 46 58 61
37 17 30 25 55 10
37 28 21 32 59 29
37 49 29 26 25 13
37 23 56 40 18 53
37 24 13 36 55 28
37 5 5 43 21 36
37 10 62 55 24 23
37 41 21 2 61 56
37 2 32 5 39 54
37 47 3 59 49 49
37 3 46 51 49 23
37 34 4 25 28 49
37 5 8 34 50 26
37 3 63 16 42 27
37 16 1 27 62 27
38 14 37 5 28 43
38 49 30 56 53 60
38 32 40 32 0 6
38 20 41 47 39 45
38 62 33 9 20 38
38 15 53 4 27 8
38 57 37 55 20 10
38 17 22 45 18 62
38 60 47 21 55 52
38 37 57 23 38 60
38 30 6 23 32 43
38 56 63 56 10 25
38 28 23 61 35 48
38 49 60 28 1 34
38 62 47 2 5 10
38 58 8 46 59 54
38 31 37 1 47 18
38 30 53 57 63 14
38 28 1 61 1 60
38 19 5 63 55 39
38 55 36 42 56 49
38 11 59 61 16 49
38 57 2 3 9 19
38 10 51 38 39 31
38 49 19 24 61 28
38 24 16 17 13 36
38 41 47 27 47 34
38 49 52 62 10 54
38 41 10 58 19 5
38 47 5 33 47 62
38 16 10 32 6 61
38 29 52 31 5 11
39 19 16 58 22 20
39 49 21 46 49 4
39 28 44 61 3 36
39 40 20 56 12 41
39 4 37 14 43 61
39 38 39 41 28 45
39 12 63 3 36 30
39 44 63 41 15 56
39 56 59 28 41 51
39 20 40 33 51 12
39 32 4 1 43 51
39 16 23 8 13 47
39 9 8 51 11 17
39 39 21 10 57 26
39 39 52 28 9 33
39 61 14 0 52 56
39 50 54 14 9 25
39 13 40 59 62 10
39 50 14 30 19 0
39 15 31 63 5 21
39 37 1 32 1 50
39 55 17 56 24 52
39 44 12 27 10 6
39 53 57 55 10 23
39 46 63 31 2 45
39 29 48 42 13 4
39 16 55 18 50 21
39 38 40 6 37 38
39 23 53 48 29 11
39 16 15 20 37 17
39 31 14 36 52 14
39 41 9 5 43 13
40 10 63 27 56 54
40 30 38 40 11 43
40 30 27 1 35 53
40 30 34 4 33 9
40 55 35 57 18 25
40 35 53 13 11 41
40 37 34 33 27 16
40 16 14 35 22 24
40 21 5 62 18 29
40 32 44 29 12 31
40 43 37 42 61 25
40 17 6 48 40 49
40 63 24 9 51 8
40 20 33 29 45 7
40 29 3 7 23 8
40 50 37 27 51 12
40 61 38 34 27 42
40 11 56 13 39 12
40 57 37 33 60 52
40 55 11 56 32 11
40 18 11 39 4 56
40 15 15 52 15 61
40 38 60 20 9 48
40 41 46 24 6 13
40 32 20 49 45 33
40 57 47 0 37 45
40 7 23 33 21 15
40 8 61 45 24 18
40 46 18 19 9 31
40 25 51 47 30 21
40 48 46 26 19 7
40 43 13 46 54 53
41 24 14 23 40 21
41 26 13 28 23 21
41 41 34 60 10 36
41 5 12 63 33 3
41 18 21 22 19 34
41 16 15 3 7 55
41 52 60 51 2 19
41 9 31 1 3 42
41 28 20 59 7 9
41 46 16 6 52 37
41 36 21 39 11 39
41 44 58 3 55 19
41 21 34 43 15 26
41 55 30 47 41 63
41 31 17 3 53 39
41 22 22 22 8 53
41 39 27 10 49 50
41 34 21 55 4 1
41 49 14 4 6 50
41 19 58 29 0 56
41 48 49 20 49 23
41 60 62 21 47 15
41 43 28 62 10 57
41 35 47 17 33 50
41 28 56 11 25 44
41 18 31 48 56 2
41 25 29 59 11 53
41 19 20 22 48 34
41 17 4 36 26 12
41 41 43 52 5 45
41 37 30 30 18 3
41 4 11 30 34 21
42 17 6 56 1 2
42 43 40 34 50 13
42 27 42 46 54 60
42 37 27 5 6 62
42 34 59 57 25 1
42 11 44 51 34 30
42 19 9 40 56 48
42 29 39 22 35 33
42 45 10 47 57 19
42 34 43 31 12 57
42 53 16 22 39 51
42 8 35 5 32 50
42 5 12 5 36 15
42 17 31 49 3 22
42 2 50 12 25 6
42 1 33 42 26 12
42 53 48 28 31 3
42 8 13 18 32 1
42 12 24 2 16 3
42 17 7 48 40 39
42 5 46 39 58 23
42 6 63 20 10 7
42 2 55 28 57 24
42 24 38 35 10 19
42 48 5 62 1 61
42 5 12 49 6 15
42 3 27 28 35 49
42 22 5 19 52 22
42 10 28 17 52 26
42 57 30 26 34 18
42 1 43 25 53 13
42 4 56 59 12 60
43 8 44 43 45 42
43 0 49 63 50 19
43 17 19 3 8 2
43 32 9 14 16 39
43 2 36 29 11 61
43 44 20 58 21 6
43 13 37 24 56 32
43 34 17 35 36 34
43 11 41 59 52 27
43 47 49 50 5 44
43 12 55 47 36 16
43 57 25 37 9 53
43 6 25 40 40 38
43 9 17 4 11 8
43 12 16 21 24 57
43 26 47 37 2 47
43 50 60 10 10 12
43 33 39 44 35 58
43 55 4 18 62 0
43 21 15 15 54 8
43 13 42 9 22 45
43 17 37 5 28 30
43 56 13 19 30 54
43 32 0 42 8 24
43 60 54 23 2 47
43 8 57 14 8 0
43 26 35 4 63 60
43 57 46 23 17 23
43 41 15 6 8 56
43 36 8 12 59 15
43 25 25 27 17 52
43 9 24 62 8 46
44 35 18 60 63 40
44 0 54 2 36 27
44 45 25 37 2 6
44 12 36 35 48 13
44 32 36 28 22 31
44 60 47 63 35 62
44 11 60 19 45 16
44 32 42 15 23 58
44 6 27 27 44 4
44 59 15 13 45 55
44 26 5 41 34 24
44 24 0 49 47 18
44 11 50 8 53 1
44 46 7 36 41 45
44 43 10 9 36 36
44 25 53 38 24 27
44 25 5 19 58 28
44 60 63 57 32 61
44 13 40 10 46 16
44 2 3 46 34 43
44 40 49 11 58 37
44 44 55 29 38 4
44 53 27 34 12 46
44 57 0 16 40 60
44 31 42 23 28 15
44 24 46 5 33 40
44 33 19 46 34 11
44 13 36 7 63 10
44 16 61 51 60 27
44 53 0 49 59 25
44 53 44 18 40 24
44 31 39 29 35 29
45 38 3 58 60 30
45 2 61 18 7 11
45 2 20 46 37 50
45 59 17 60 29 40
45 51 6 44 15 30
45 44 18 21 5 19
45 48 14 11 24 63
45 17 55 60 27 0
45 27 31 51 58 37
45 21 7 40 55 9
45 42 3 3 53 38
45 11 50 11 55 58
45 30 37 51 11 59
45 60 15 58 43 44
45 27 26 41 18 6
45 18 28 7 20 35
45 34 15 33 8 28
45 40 28 2 7 29
45 6 41 53 57 25
45 30 42 13 25 37
45 58 29 47 54 35
45 21 24 59 25 63
45 45 38 40 10 52
45 58 54 4 34 22
45 37 36 35 60 54
45 37 53 63 31 39
45 19 61 2 21 37
45 1 35 9 22 1
45 36 14 31 15 13
45 13 43 50 40 42
45 47 62 31 39 38
45 45 57 24 29 17
46 37 55 46 5 61
46 27 53 51 40 43
46 28 39 15 43 26
46 37 13 33 16 7
46 51 62 2 13 47
46 5 22 36 8 63
46 6 3 38 36 17
46 15 43 58 22 18
46 10 16 16 29 11
46 28 15 50 36 52
46 3 48 7 41 18
46 39 39 17 2 37
46 60 27 7 14 54
46 63 48 12 1 43
46 47 37 3 51 34
46 49 4 22 38 11
46 18 26 10 58 20
46 20 18 8 6 63
46 36 30 12 46 3
46 43 46 10 21 6
46 55 10 14 60 17
46 14 48 44 47 61
46 9 39 9 13 35
46 9 8 57 49 0
46 14 39 60 62 28
46 21 28 22 51 47
46 52 7 26 33 3
46 38 40 39 44 15
46 40 15 5 43 27
46 22 4 55 39 38
46 48 3 0 41 58
46 59 63 53 26 10
47 35 53 5 51 54
47 35 55 45 38 17
47 54 6 28 62 51
47 34 3 28 30 17
47 11 11 61 39 12
47 22 4 12 17 49
47 19 19 53 0 43
47 30 28 10 57 62
47 31 43 1 4 28
47 28 3 29 58 7
47 10 63 31 40 35
47 47 32 18 2 52
47 54 14 18 41 40
47 17 23 20 18 18
47 36 52 24 32 37
47 41 31 30 52 15
47 6 33 51 63 35
47 51 28 27 60 19
47 18 26 35 34 31
47 16 58 44 28 54
47 63 28 7 2 12
47 21 9 0 26 18
47 4 61 40 27 16
47 2 48 52 24 2
47 42 29 15 36 48
47 18 50 50 0 54
47 55 22 8 33 48
47 34 40 38 10 40
47 31 43 11 4 9
47 47 21 26 34 43
47 54 26 22 30 46
47 19 8 23 13 61
48 31 11 59 62 9
48 37 12 26 39 62
48 8 26 45 33 63
48 13 41 39 32 51
48 38 8 50 17 33
48 38 27 9 9 16
48 39 10 60 22 63
48 1 32 57 27 20
48 40 43 37 43 3
48 47 20 55 22 19
48 13 16 19 37 1
48 36 38 12 36 56
48 48 51 32 47 53
48 45 6 31 2 12
48 59 6 23 50 52
48 56 38 43 54 46
48 61 41 13 1 33
48 35 16 11 28 7
48 40 46 61 0 8
48 43 43 33 4 5
48 49 46 55 53 40
48 50 51 15 49 63
48 21 20 16 19 13
48 3 19 41 7 23
48 58 18 48 51 59
48 12 36 44 40 37
48 51 32 41 18 28
48 49 25 49 3 3
48 2 58 16 29 14
48 55 11 6 4 43
48 5 13 45 10 3
48 46 19 30 16 31
49 59 56 34 39 63
49 47 30 26 57 19
49 46 51 61 57 54
49 13 18 35 6 28
49 50 18 26 52 31
49 18 17 43 52 55
49 40 45 6 4 31
49 46 44 30 50 9
49 40 22 62 4 1
49 55 31 17 46 26
49 12 0 6 4 39
49 37 33 27 26 0
49 62 4 8 59 25
49 2 30 7 57 53
49 45 61 34 52 59
49 2 8 36 44 14
49 57 14 6 6 10
49 35 20 16 17 57
49 25 48 29 2 40
49 43 6 48 2 5
49 44 19 8 38 38
49 26 12 20 24 17
49 6 61 9 57 33
49 33 43 58 20 12
49 29 60 0 9 14
49 0 63 11 61 8
49 31 37 42 57 5
49 62 6 25 14 32
49 63 19 23 59 48
49 2 22 47 41 54
49 17 37 18 50 27
49 19 4 8 9 12
50 13 30 30 62 60
50 26 30 36 15 44
50 41 28 43 60 17
50 35 45 28 11 23
50 54 47 50 15 54
50 41 61 23 27 41
50 34 46 35 12 5
50 8 23 29 19 5
50 40 7 1 42 35
50 60 23 36 30 59
50 3 9 44 46 28
50 5 24 35 5 60
50 43 24 57 38 55
50 52 56 19 28 53
50 35 23 49 55 51
50 43 4 11 2 31
50 35 20 25 0 59
50 11 40 54 34 9
50 56 26 44 50 45
50 61 22 26 13 31
50 38 51 3 24 10
50 62 49 41 31 3
50 3 25 55 41 46
50 1 3 48 37 48
50 11 18 24 62 19
50 55 18 39 21 38
50 55 27 39 32 39
50 41 27 8 57 19
50 0 28 15 30 14
50 8 4 8 45 47
50 59 53 8 60 26
50 42 52 17 62 44
51 27 10 11 17 61
51 36 23 24 21 47
51 44 44 6 25 62
51 8 15 41 24 4
51 49 21 42 38 7
51 19 54 37 53 15
51 34 54 1 6 20
51 51 32 40 42 26
51 56 30 31 27 1
51 31 8 54 15 47
51 15 44 55 57 40
51 8 3 63 53 51
51 5 54 30 7 28
51 44 29 34 54 12
51 1 39 21 9 62
51 55 5 36 8 38
51 58 34 53 48 55
51 35 9 19 21 25
51 30 46 41 53 36
51 39 61 36 3 40
51 35 30 43 0 40
51 1 2 1 44 19
51 47 6 29 19 58
51 10 48 58 6 30
51 15 60 11 49 54
51 49 54 33 33 12
51 34 60 45 13 52
51 31 15 37 32 32
51 39 24 28 58 41
51 63 41 40 28 52
51 30 25 21 0 39
51 6 5 20 31 5
52 4 28 55 53 31
52 27 18 31 26 26
52 35 29 60 12 59
52 18 60 53 41 56
52 54 32 40 29 4
52 28 26 9 15 22
52 10 44 12 36 37
52 1 47 3 23 48
52 3 15 14 21 45
52 57 34 23 35 63
52 38 54 3 9 62
52 9 42 34 49 17
52 15 1 53 60 20
52 25 36 52 49 32
52 26 45 47 47 31
52 14 30 52 56 35
52 48 24 44 24 15
52 61 41 4 46 2
52 37 1 46 38 25
52 29 62 52 58 51
52 58 1 44 35 40
52 46 24 19 28 48
52 18 6 2 48 33
52 31 48 34 5 2
52 47 44 22 62 45
52 14 36 39 23 20
52 55 39 39 60 36
52 39 21 63 44 30
52 33 29 48 8 42
52 33 45 55 36 41
52 46 49 21 27 32
52 63 6 51 41 17
53 41 49 43 57 39
53 62 53 1 62 63
53 49 23 8 9 38
53 11 48 33 8 59
53 33 53 50 11 46
53 34 51 19 44 8
53 31 11 25 51 4
53 44 49 63 42 11
53 63 62 6 61 47
53 27 27 9 4 9
53 19 13 40 16 39
53 52 33 22 22 10
53 56 28 62 36 37
53 20 36 18 3 41
53 14 11 10 61 42
53 2 34 49 30 32
53 56 59 13 46 47
53 16 56 51 49 8
53 62 17 45 27 21
53 51 22 61 19 55
53 7 0 60 3 0
53 47 51 51 51 25
53 19 26 23 32 50
53 5 54 37 3 28
53 60 6 47 13 62
53 52 4 44 49 55
53 9 27 38 47 8
53 35 45 55 30 42
53 30 24 53 44 22
53 62 14 43 61 32
53 12 39 16 36 18
53 26 0 40 26 19
54 16 14 25 13 18
54 47 26 22 17 16
54 25 37 48 31 27
54 55 39 33 19 36
54 42 33 24 49 23
54 42 54 10 24 17
54 56 43 31 21 38
54 3 48 45 24 36
54 47 22 38 55 5
54 33 13 60 46 41
54 20 6 47 20 52
54 33 33 60 25 47
54 24 2 11 45 13
54 62 33 3 62 60
54 7 20 42 54 39
54 29 42 31 47 29
54 33 41 14 58 49
54 59 38 53 22 35
54 8 48 29 3 62
54 32 9 43 19 20
54 13 33 26 25 7
54 18 27 60 12 22
54 61 44 21 3 9
54 1 31 28 26 17
54 54 54 30 4 15
54 54 32 35 42 25
54 29 48 10 16 59
54 49 62 28 7 59
54 39 45 49 20 28
54 52 16 30 38 38
54 6 17 57 25 12
54 48 20 58 1 59
55 23 30 63 49 49
55 43 0 13 46 25
55 30 26 55 24 42
55 42 11 1 1 23
55 3 49 21 8 7
55 9 35 48 20 50
55 44 53 49 7 61
55 60 41 24 53 47
55 59 39 14 13 3
55 22 57 56 21 47
55 27 5 26 3 6
55 39 59 40 30 23
55 21 35 17 1 60
55 15 33 39 37 27
55 27 52 58 44 43
55 12 56 22 0 2
55 53 44 34 60 19
55 41 58 2 28 18
55 20 25 17 37 2
55 32 0 46 11 3
55 15 42 62 51 61
55 17 11 44 31 59
55 25 12 2 61 46
55 45 46 13 10 11
55 54 52 51 51 29
55 54 46 60 3 12
55 5 57 31 9 20
55 21 3 14 36 34
55 59 40 37 42 26
55 38 33 16 56 43
55 4 24 10 61 8
55 0 46 15 31 26
56 60 32 50 63 49
56 51 23 8 26 34
56 23 25 32 22 22
56 44 53 2 30 58
56 0 42 12 31 39
56 14 42 25 9 33
56 8 22 56 47 15
56 0 25 7 34 57
56 20 26 60 20 32
56 45 13 29 12 61
56 41 1 17 48 61
56 22 58 53 31 35
56 11 14 2 9 24
56 32 16 55 2 17
56 33 5 24 24 47
56 52 53 31 19 42
56 14 58 56 46 54
56 14 36 26 58 37
56 27 43 14 46 15
56 32 40 34 52 33
56 60 25 8 30 20
56 46 59 35 63 37
56 52 7 59 55 9
56 9 58 20 26 22
56 48 57 21 16 9
56 50 2 3 58 23
56 50 18 13 25 18
56 39 3 11 44 45
56 39 30 13 48 29
56 31 62 51 37 47
56 55 63 27 34 13
56 58 11 43 16 38
57 28 11 61 21 53
57 28 21 17 44 16
57 49 52 21 35 51
57 40 15 60 0 46
57 54 3 20 52 63
57 5 19 46 27 18
57 38 50 54 3 24
57 29 50 3 60 36
57 18 56 24 40 9
57 11 4 62 42 20
57 26 24 30 44 39
57 20 59 44 47 23
57 56 52 39 22 19
57 58 51 37 36 56
57 3 51 58 25 62
57 27 14 29 6 62
57 39 37 15 14 12
57 60 29 22 39 35
57 41 8 4 10 26
57 49 26 52 56 62
57 27 39 39 58 26
57 13 10 19 28 26
57 44 25 32 41 15
57 55 54 42 41 63
57 51 61 50 7 11
57 54 56 34 35 4
57 56 35 53 53 35
57 14 6 5 35 36
57 38 54 6 17 39
57 35 58 35 42 49
57 7 0 9 5 10
57 53 42 38 59 53
58 9 32 16 36 42
58 6 4 33 26 35
58 9 44 56 63 37
58 7 57 53 51 5
58 8 21 44 47 10
58 56 8 51 14 46
58 23 7 57 62 59
58 38 15 62 6 50
58 3 13 43 43 27
58 20 2 56 38 45
58 34 31 4 42 28
58 47 10 26 33 10
58 16 55 18 54 57
58 10 8 32 51 29
58 21 2 53 36 56
58 26 49 42 56 3
58 57 6 58 31 30
58 31 63 6 11 9
58 3 7 29 33 16
58 39 25 19 60 44
58 37 31 51 14 44
58 24 35 40 10 56
58 1 59 40 12 0
58 63 8 4 37 20
58 11 19 21 54 46
58 36 36 37 6 32
58 11 37 7 52 60
58 45 63 52 11 3
58 24 50 52 2 9
58 51 23 8 30 60
58 12 30 24 4 25
58 40 29 30 38 16
59 43 45 28 10 22
59 49 57 15 30 8
59 20 22 15 53 6
59 30 0 5 27 29
59 24 37 19 8 61
59 24 38 61 13 2
59 25 33 17 46 32
59 25 52 2 32 3
59 48 12 59 15 56
59 33 8 16 2 1
59 2 23 58 14 52
59 10 63 1 28 44
59 46 5 51 40 62
59 62 21 42 3 49
59 0 47 48 17 12
59 62 20 16 45 48
59 32 61 12 56 10
59 31 38 6 18 25
59 26 56 36 51 62
59 49 29 30 51 8
59 20 2 4 23 10
59 37 4 30 49 32
59 32 45 6 7 6
59 34 48 23 11 22
59 63 28 37 32 39
59 55 38 45 32 1
59 35 31 46 32 3
59 26 24 45 32 41
59 59 3 27 56 44
59 4 38 34 10 11
59 27 29 25 33 7
59 23 21 23 14 40
60 51 16 16 46 1
60 36 31 26 37 51
60 7 14 18 57 56
60 42 25 5 42 40
60 2 38 54 23 28
60 29 7 54 22 20
60 18 43 42 42 7
60 53 47 11 35 4
60 63 37 57 63 11
60 32 14 59 9 42
60 24 1 9 40 50
60 45 61 37 8 19
60 9 56 50 0 27
60 23 62 23 39 16
60 10 6 27 27 57
60 31 33 21 51 26
60 16 22 59 45 48
60 12 63 32 56 30
60 13 21 43 26 57
60 31 21 26 27 40
60 63 17 55 51 25
60 45 43 26 5 53
60 43 13 0 43 55
60 6 17 42 34 57
60 55 30 40 62 55
60 39 18 50 57 19
60 27 60 45 55 19
60 5 45 10 57 57
60 16 38 15 48 16
60 20 0 40 38 23
60 34 35 62 28 3
60 26 14 60 26 7
61 12 26 56 31 36
61 15 47 28 21 5
61 63 47 10 43 7
61 48 49 61 31 5
61 3 41 20 44 17
61 19 51 55 11 31
61 7 36 48 31 45
61 43 9 61 54 63
61 56 59 3 29 5
61 42 7 4 49 31
61 42 0 15 41 58
61 4 1 7 7 4
61 25 62 53 23 24
61 38 34 61 39 23
61 34 61 54 4 11
61 43 60 60 0 61
61 24 38 20 10 45
61 12 48 59 47 58
61 44 16 21 55 23
61 27 36 63 17 8
61 42 4 43 15 34
61 52 9 56 25 2
61 43 42 59 48 37
61 30 43 55 57 46
61 7 31 9 38 60
61 39 33 9 61 50
61 52 2 33 58 31
61 10 55 5 41 32
61 32 58 22 30 25
61 24 61 55 21 50
61 54 57 58 12 38
61 44 20 7 7 30
62 15 45 20 61 38
62 6 27 26 21 41
62 26 27 5 11 3
62 11 1 59 23 16
62 8 0 30 20 51
62 13 12 13 48 3
62 36 36 41 16 15
62 22 23 16 30 55
62 29 13 47 43 43
62 33 48 61 48 48
62 13 58 44 41 6
62 4 46 37 11 33
62 63 58 4 4 17
62 40 26 13 44 29
62 44 60 9 43 41
62 23 25 35 42 10
62 24 16 49 56 30
62 53 3 5 3 9
62 47 52 58 10 13
62 34 29 51 18 14
62 12 42 18 4 61
62 25 18 12 42 22
62 42 53 62 58 42
62 50 36 40 52 35
62 20 59 51 37 60
62 61 51 5 0 29
62 44 62 23 62 8
62 15 62 63 55 35
62 36 42 12 36 0
62 31 28 2 41 22
62 8 59 2 8 4
62 6 32 6 48 43
63 22 28 34 63 24
63 27 56 51 35 20
63 28 2 11 5 59
63 42 16 16 60 60
63 37 55 46 21 2
63 22 18 19 3 15
63 23 57 48 30 47
63 40 22 52 12 21
63 14 57 13 50 28
63 22 56 41 48 4
63 5 20 15 0 28
63 4 19 59 60 46
63 55 37 30 0 50
63 60 61 12 19 13
63 33 19 23 46 17
63 10 8 12 13 26
63 23 44 40 36 50
63 50 3 63 46 49
63 54 25 23 34 6
63 15 56 16 43 46
63 7 34 7 57 42
63 53 7 2 52 6
63 27 39 35 54 35
63 32 49 38 20 10
63 49 27 22 38 17
63 38 29 54 31 30
63 52 20 23 45 16
63 60 52 32 51 18
63 43 34 27 18 31
63 7 46 19 9 55
63 16 23 7 26 46
63 48 5 59 44 40
