15 14
10 6
2 2 2 2 2 10 8 7 9 8 8 1 1 1 1 
6 6 6 6 6 6 6 6 6 6 1 1 1 1 
1 2	2 1	0 0	0 0	0 0	0 0	0 0	0 0	0 0	0 0	
3 2	4 1	0 0	0 0	0 0	0 0	0 0	0 0	0 0	0 0	
5 2	6 1	0 0	0 0	0 0	0 0	0 0	0 0	0 0	0 0	
7 2	8 1	0 0	0 0	0 0	0 0	0 0	0 0	0 0	0 0	
9 2	10 1	0 0	0 0	0 0	0 0	0 0	0 0	0 0	0 0	
1 2	2 1	3 2	4 1	5 2	6 1	7 2	8 1	9 2	10 1	
1 1	2 2	3 1	4 1	5 1	6 3	7 3	9 2	0 0	0 0	
1 1	2 3	3 3	4 1	5 2	8 1	10 3	0 0	0 0	0 0	
2 3	3 1	4 3	5 2	6 3	7 2	8 2	9 1	10 1	0 0	
1 2	4 3	5 1	6 1	7 2	8 1	9 1	10 3	0 0	0 0	
1 2	2 2	3 3	6 1	7 3	8 2	9 2	10 1	0 0	0 0	
11 2	0 0	0 0	0 0	0 0	0 0	0 0	0 0	0 0	0 0	
12 2	0 0	0 0	0 0	0 0	0 0	0 0	0 0	0 0	0 0	
13 2	0 0	0 0	0 0	0 0	0 0	0 0	0 0	0 0	0 0	
14 2	0 0	0 0	0 0	0 0	0 0	0 0	0 0	0 0	0 0	
1 2	6 2	7 1	8 1	10 2	11 2	
1 1	6 1	7 2	8 3	9 3	11 2	
2 2	6 2	7 1	8 3	9 1	11 3	
2 1	6 1	7 1	8 1	9 3	10 3	
3 2	6 2	7 1	8 2	9 2	10 1	
3 1	6 1	7 3	9 3	10 1	11 1	
4 2	6 2	7 3	9 2	10 2	11 3	
4 1	6 1	8 1	9 2	10 1	11 2	
5 2	6 2	7 2	9 1	10 1	11 2	
5 1	6 1	8 3	9 1	10 3	11 1	
12 2	0 0	0 0	0 0	0 0	0 0	
13 2	0 0	0 0	0 0	0 0	0 0	
14 2	0 0	0 0	0 0	0 0	0 0	
15 2	0 0	0 0	0 0	0 0	0 0	
