144 132
8 8
8 8 8 8 8 8 8 8 8 8 8 8 8 8 7 7 7 7 7 6 7 7 7 7 7 8 8 8 8 8 8 8 8 8 7 7 7 7 7 7 8 8 8 8 8 8 8 8 8 8 8 8 8 7 7 7 7 6 6 7 7 7 7 7 7 7 5 5 5 6 6 6 7 7 7 7 7 7 7 6 6 7 7 7 7 8 8 8 8 8 8 8 8 8 8 8 8 8 7 7 7 7 7 7 8 8 8 8 8 8 8 8 8 7 7 7 7 7 6 7 7 7 7 7 8 8 8 8 8 8 8 8 8 8 8 8 8 8 6 6 6 5 5 5 
8 8 8 8 8 8 8 8 8 8 8 8 8 8 8 8 8 8 8 8 8 8 8 8 8 8 8 8 8 8 8 8 8 8 8 8 8 8 8 8 8 8 8 8 8 8 8 8 8 8 8 8 8 8 8 8 8 8 8 8 8 8 8 8 8 8 8 8 8 8 8 8 8 8 8 8 8 8 8 8 8 8 8 8 8 8 8 8 8 8 8 8 8 8 8 8 8 8 8 8 8 8 8 8 8 8 8 8 8 8 8 8 8 8 8 8 8 8 8 8 8 8 8 8 8 8 8 8 8 8 8 8 
1 1	4 1	33 1	48 1	67 2	76 2	80 2	119 2	
2 1	5 1	34 1	49 1	68 2	77 2	81 2	120 2	
3 1	6 1	35 1	50 1	69 2	78 2	82 2	121 2	
4 1	7 1	36 1	51 1	70 2	79 2	83 2	122 2	
5 1	8 1	37 1	52 1	71 2	80 2	84 2	123 2	
6 1	9 1	38 1	53 1	72 2	81 2	85 2	124 2	
7 1	10 1	39 1	54 1	73 2	82 2	86 2	125 2	
8 1	11 1	40 1	55 1	74 2	83 2	87 2	126 2	
9 1	12 1	41 1	56 1	75 2	84 2	88 2	127 2	
10 1	13 1	42 1	57 1	76 2	85 2	89 2	128 2	
11 1	14 1	43 1	58 1	77 2	86 2	90 2	129 2	
12 1	15 1	44 1	59 1	78 2	87 2	91 2	130 2	
13 1	16 1	45 1	60 1	79 2	88 2	92 2	131 2	
14 1	17 1	46 1	61 1	80 2	89 2	93 2	132 2	
15 1	18 1	47 1	62 1	81 2	90 2	94 2	0 0	
16 1	19 1	48 1	63 1	82 2	91 2	95 2	0 0	
17 1	20 1	49 1	64 1	83 2	92 2	96 2	0 0	
18 1	21 1	50 1	65 1	84 2	93 2	97 2	0 0	
19 1	22 1	51 1	66 1	85 2	94 2	98 2	0 0	
20 1	23 1	52 1	86 2	95 2	99 2	0 0	0 0	
21 1	24 1	53 1	67 2	87 2	96 2	100 2	0 0	
22 1	25 1	54 1	68 2	88 2	97 2	101 2	0 0	
23 1	26 1	55 1	69 2	89 2	98 2	102 2	0 0	
24 1	27 1	56 1	70 2	90 2	99 2	103 2	0 0	
25 1	28 1	57 1	71 2	91 2	100 2	104 2	0 0	
1 1	26 1	29 1	58 1	72 2	92 2	101 2	105 2	
2 1	27 1	30 1	59 1	73 2	93 2	102 2	106 2	
3 1	28 1	31 1	60 1	74 2	94 2	103 2	107 2	
4 1	29 1	32 1	61 1	75 2	95 2	104 2	108 2	
5 1	30 1	33 1	62 1	76 2	96 2	105 2	109 2	
6 1	31 1	34 1	63 1	77 2	97 2	106 2	110 2	
7 1	32 1	35 1	64 1	78 2	98 2	107 2	111 2	
8 1	33 1	36 1	65 1	79 2	99 2	108 2	112 2	
9 1	34 1	37 1	66 1	80 2	100 2	109 2	113 2	
10 1	35 1	38 1	81 2	101 2	110 2	114 2	0 0	
11 1	36 1	39 1	82 2	102 2	111 2	115 2	0 0	
12 1	37 1	40 1	83 2	103 2	112 2	116 2	0 0	
13 1	38 1	41 1	84 2	104 2	113 2	117 2	0 0	
14 1	39 1	42 1	85 2	105 2	114 2	118 2	0 0	
15 1	40 1	43 1	86 2	106 2	115 2	119 2	0 0	
1 1	16 1	41 1	44 1	87 2	107 2	116 2	120 2	
2 1	17 1	42 1	45 1	88 2	108 2	117 2	121 2	
3 1	18 1	43 1	46 1	89 2	109 2	118 2	122 2	
4 1	19 1	44 1	47 1	90 2	110 2	119 2	123 2	
5 1	20 1	45 1	48 1	91 2	111 2	120 2	124 2	
6 1	21 1	46 1	49 1	92 2	112 2	121 2	125 2	
7 1	22 1	47 1	50 1	93 2	113 2	122 2	126 2	
8 1	23 1	48 1	51 1	94 2	114 2	123 2	127 2	
9 1	24 1	49 1	52 1	95 2	115 2	124 2	128 2	
10 1	25 1	50 1	53 1	96 2	116 2	125 2	129 2	
11 1	26 1	51 1	54 1	97 2	117 2	126 2	130 2	
12 1	27 1	52 1	55 1	98 2	118 2	127 2	131 2	
13 1	28 1	53 1	56 1	99 2	119 2	128 2	132 2	
14 1	29 1	54 1	57 1	100 2	120 2	129 2	0 0	
15 1	30 1	55 1	58 1	101 2	121 2	130 2	0 0	
16 1	31 1	56 1	59 1	102 2	122 2	131 2	0 0	
17 1	32 1	57 1	60 1	103 2	123 2	132 2	0 0	
18 1	33 1	58 1	61 1	104 2	124 2	0 0	0 0	
19 1	34 1	59 1	62 1	105 2	125 2	0 0	0 0	
20 1	35 1	60 1	63 1	67 2	106 2	126 2	0 0	
21 1	36 1	61 1	64 1	68 2	107 2	127 2	0 0	
22 1	37 1	62 1	65 1	69 2	108 2	128 2	0 0	
23 1	38 1	63 1	66 1	70 2	109 2	129 2	0 0	
24 1	39 1	64 1	67 2	71 2	110 2	130 2	0 0	
25 1	40 1	65 1	68 2	72 2	111 2	131 2	0 0	
26 1	41 1	66 1	69 2	73 2	112 2	132 2	0 0	
27 1	42 1	70 2	74 2	113 2	0 0	0 0	0 0	
28 1	43 1	71 2	75 2	114 2	0 0	0 0	0 0	
29 1	44 1	72 2	76 2	115 2	0 0	0 0	0 0	
1 1	30 1	45 1	73 2	77 2	116 2	0 0	0 0	
2 1	31 1	46 1	74 2	78 2	117 2	0 0	0 0	
3 1	32 1	47 1	75 2	79 2	118 2	0 0	0 0	
1 1	21 1	60 1	64 1	67 2	92 2	107 2	0 0	
2 1	22 1	61 1	65 1	68 2	93 2	108 2	0 0	
3 1	23 1	62 1	66 1	69 2	94 2	109 2	0 0	
4 1	24 1	63 1	67 2	70 2	95 2	110 2	0 0	
5 1	25 1	64 1	68 2	71 2	96 2	111 2	0 0	
6 1	26 1	65 1	69 2	72 2	97 2	112 2	0 0	
7 1	27 1	66 1	70 2	73 2	98 2	113 2	0 0	
8 1	28 1	71 2	74 2	99 2	114 2	0 0	0 0	
9 1	29 1	72 2	75 2	100 2	115 2	0 0	0 0	
1 1	10 1	30 1	73 2	76 2	101 2	116 2	0 0	
2 1	11 1	31 1	74 2	77 2	102 2	117 2	0 0	
3 1	12 1	32 1	75 2	78 2	103 2	118 2	0 0	
4 1	13 1	33 1	76 2	79 2	104 2	119 2	0 0	
1 1	5 1	14 1	34 1	77 2	80 2	105 2	120 2	
2 1	6 1	15 1	35 1	78 2	81 2	106 2	121 2	
3 1	7 1	16 1	36 1	79 2	82 2	107 2	122 2	
4 1	8 1	17 1	37 1	80 2	83 2	108 2	123 2	
5 1	9 1	18 1	38 1	81 2	84 2	109 2	124 2	
6 1	10 1	19 1	39 1	82 2	85 2	110 2	125 2	
7 1	11 1	20 1	40 1	83 2	86 2	111 2	126 2	
8 1	12 1	21 1	41 1	84 2	87 2	112 2	127 2	
9 1	13 1	22 1	42 1	85 2	88 2	113 2	128 2	
10 1	14 1	23 1	43 1	86 2	89 2	114 2	129 2	
11 1	15 1	24 1	44 1	87 2	90 2	115 2	130 2	
12 1	16 1	25 1	45 1	88 2	91 2	116 2	131 2	
13 1	17 1	26 1	46 1	89 2	92 2	117 2	132 2	
14 1	18 1	27 1	47 1	90 2	93 2	118 2	0 0	
15 1	19 1	28 1	48 1	91 2	94 2	119 2	0 0	
16 1	20 1	29 1	49 1	92 2	95 2	120 2	0 0	
17 1	21 1	30 1	50 1	93 2	96 2	121 2	0 0	
18 1	22 1	31 1	51 1	94 2	97 2	122 2	0 0	
19 1	23 1	32 1	52 1	95 2	98 2	123 2	0 0	
20 1	24 1	33 1	53 1	67 2	96 2	99 2	124 2	
21 1	25 1	34 1	54 1	68 2	97 2	100 2	125 2	
22 1	26 1	35 1	55 1	69 2	98 2	101 2	126 2	
23 1	27 1	36 1	56 1	70 2	99 2	102 2	127 2	
24 1	28 1	37 1	57 1	71 2	100 2	103 2	128 2	
25 1	29 1	38 1	58 1	72 2	101 2	104 2	129 2	
26 1	30 1	39 1	59 1	73 2	102 2	105 2	130 2	
27 1	31 1	40 1	60 1	74 2	103 2	106 2	131 2	
28 1	32 1	41 1	61 1	75 2	104 2	107 2	132 2	
29 1	33 1	42 1	62 1	76 2	105 2	108 2	0 0	
30 1	34 1	43 1	63 1	77 2	106 2	109 2	0 0	
31 1	35 1	44 1	64 1	78 2	107 2	110 2	0 0	
32 1	36 1	45 1	65 1	79 2	108 2	111 2	0 0	
33 1	37 1	46 1	66 1	80 2	109 2	112 2	0 0	
34 1	38 1	47 1	81 2	110 2	113 2	0 0	0 0	
35 1	39 1	48 1	67 2	82 2	111 2	114 2	0 0	
36 1	40 1	49 1	68 2	83 2	112 2	115 2	0 0	
37 1	41 1	50 1	69 2	84 2	113 2	116 2	0 0	
38 1	42 1	51 1	70 2	85 2	114 2	117 2	0 0	
39 1	43 1	52 1	71 2	86 2	115 2	118 2	0 0	
1 1	40 1	44 1	53 1	72 2	87 2	116 2	119 2	
2 1	41 1	45 1	54 1	73 2	88 2	117 2	120 2	
3 1	42 1	46 1	55 1	74 2	89 2	118 2	121 2	
4 1	43 1	47 1	56 1	75 2	90 2	119 2	122 2	
5 1	44 1	48 1	57 1	76 2	91 2	120 2	123 2	
6 1	45 1	49 1	58 1	77 2	92 2	121 2	124 2	
7 1	46 1	50 1	59 1	78 2	93 2	122 2	125 2	
8 1	47 1	51 1	60 1	79 2	94 2	123 2	126 2	
9 1	48 1	52 1	61 1	80 2	95 2	124 2	127 2	
10 1	49 1	53 1	62 1	81 2	96 2	125 2	128 2	
11 1	50 1	54 1	63 1	82 2	97 2	126 2	129 2	
12 1	51 1	55 1	64 1	83 2	98 2	127 2	130 2	
13 1	52 1	56 1	65 1	84 2	99 2	128 2	131 2	
14 1	53 1	57 1	66 1	85 2	100 2	129 2	132 2	
15 1	54 1	58 1	86 2	101 2	130 2	0 0	0 0	
16 1	55 1	59 1	87 2	102 2	131 2	0 0	0 0	
17 1	56 1	60 1	88 2	103 2	132 2	0 0	0 0	
18 1	57 1	61 1	89 2	104 2	0 0	0 0	0 0	
19 1	58 1	62 1	90 2	105 2	0 0	0 0	0 0	
20 1	59 1	63 1	91 2	106 2	0 0	0 0	0 0	
1 1	26 1	41 1	70 1	73 1	82 1	86 1	125 1	
2 1	27 1	42 1	71 1	74 1	83 1	87 1	126 1	
3 1	28 1	43 1	72 1	75 1	84 1	88 1	127 1	
1 1	4 1	29 1	44 1	76 1	85 1	89 1	128 1	
2 1	5 1	30 1	45 1	77 1	86 1	90 1	129 1	
3 1	6 1	31 1	46 1	78 1	87 1	91 1	130 1	
4 1	7 1	32 1	47 1	79 1	88 1	92 1	131 1	
5 1	8 1	33 1	48 1	80 1	89 1	93 1	132 1	
6 1	9 1	34 1	49 1	81 1	90 1	94 1	133 1	
7 1	10 1	35 1	50 1	82 1	91 1	95 1	134 1	
8 1	11 1	36 1	51 1	83 1	92 1	96 1	135 1	
9 1	12 1	37 1	52 1	84 1	93 1	97 1	136 1	
10 1	13 1	38 1	53 1	85 1	94 1	98 1	137 1	
11 1	14 1	39 1	54 1	86 1	95 1	99 1	138 1	
12 1	15 1	40 1	55 1	87 1	96 1	100 1	139 1	
13 1	16 1	41 1	56 1	88 1	97 1	101 1	140 1	
14 1	17 1	42 1	57 1	89 1	98 1	102 1	141 1	
15 1	18 1	43 1	58 1	90 1	99 1	103 1	142 1	
16 1	19 1	44 1	59 1	91 1	100 1	104 1	143 1	
17 1	20 1	45 1	60 1	92 1	101 1	105 1	144 1	
18 1	21 1	46 1	61 1	73 1	93 1	102 1	106 1	
19 1	22 1	47 1	62 1	74 1	94 1	103 1	107 1	
20 1	23 1	48 1	63 1	75 1	95 1	104 1	108 1	
21 1	24 1	49 1	64 1	76 1	96 1	105 1	109 1	
22 1	25 1	50 1	65 1	77 1	97 1	106 1	110 1	
23 1	26 1	51 1	66 1	78 1	98 1	107 1	111 1	
24 1	27 1	52 1	67 1	79 1	99 1	108 1	112 1	
25 1	28 1	53 1	68 1	80 1	100 1	109 1	113 1	
26 1	29 1	54 1	69 1	81 1	101 1	110 1	114 1	
27 1	30 1	55 1	70 1	82 1	102 1	111 1	115 1	
28 1	31 1	56 1	71 1	83 1	103 1	112 1	116 1	
29 1	32 1	57 1	72 1	84 1	104 1	113 1	117 1	
1 1	30 1	33 1	58 1	85 1	105 1	114 1	118 1	
2 1	31 1	34 1	59 1	86 1	106 1	115 1	119 1	
3 1	32 1	35 1	60 1	87 1	107 1	116 1	120 1	
4 1	33 1	36 1	61 1	88 1	108 1	117 1	121 1	
5 1	34 1	37 1	62 1	89 1	109 1	118 1	122 1	
6 1	35 1	38 1	63 1	90 1	110 1	119 1	123 1	
7 1	36 1	39 1	64 1	91 1	111 1	120 1	124 1	
8 1	37 1	40 1	65 1	92 1	112 1	121 1	125 1	
9 1	38 1	41 1	66 1	93 1	113 1	122 1	126 1	
10 1	39 1	42 1	67 1	94 1	114 1	123 1	127 1	
11 1	40 1	43 1	68 1	95 1	115 1	124 1	128 1	
12 1	41 1	44 1	69 1	96 1	116 1	125 1	129 1	
13 1	42 1	45 1	70 1	97 1	117 1	126 1	130 1	
14 1	43 1	46 1	71 1	98 1	118 1	127 1	131 1	
15 1	44 1	47 1	72 1	99 1	119 1	128 1	132 1	
1 1	16 1	45 1	48 1	100 1	120 1	129 1	133 1	
2 1	17 1	46 1	49 1	101 1	121 1	130 1	134 1	
3 1	18 1	47 1	50 1	102 1	122 1	131 1	135 1	
4 1	19 1	48 1	51 1	103 1	123 1	132 1	136 1	
5 1	20 1	49 1	52 1	104 1	124 1	133 1	137 1	
6 1	21 1	50 1	53 1	105 1	125 1	134 1	138 1	
7 1	22 1	51 1	54 1	106 1	126 1	135 1	139 1	
8 1	23 1	52 1	55 1	107 1	127 1	136 1	140 1	
9 1	24 1	53 1	56 1	108 1	128 1	137 1	141 1	
10 1	25 1	54 1	57 1	109 1	129 1	138 1	142 1	
11 1	26 1	55 1	58 1	110 1	130 1	139 1	143 1	
12 1	27 1	56 1	59 1	111 1	131 1	140 1	144 1	
13 1	28 1	57 1	60 1	73 1	112 1	132 1	141 1	
14 1	29 1	58 1	61 1	74 1	113 1	133 1	142 1	
15 1	30 1	59 1	62 1	75 1	114 1	134 1	143 1	
16 1	31 1	60 1	63 1	76 1	115 1	135 1	144 1	
17 1	32 1	61 1	64 1	73 1	77 1	116 1	136 1	
18 1	33 1	62 1	65 1	74 1	78 1	117 1	137 1	
19 1	34 1	63 1	66 1	75 1	79 1	118 1	138 1	
1 2	21 2	60 2	64 2	73 2	76 2	105 2	120 2	
2 2	22 2	61 2	65 2	74 2	77 2	106 2	121 2	
3 2	23 2	62 2	66 2	75 2	78 2	107 2	122 2	
4 2	24 2	63 2	67 2	76 2	79 2	108 2	123 2	
5 2	25 2	64 2	68 2	77 2	80 2	109 2	124 2	
6 2	26 2	65 2	69 2	78 2	81 2	110 2	125 2	
7 2	27 2	66 2	70 2	79 2	82 2	111 2	126 2	
8 2	28 2	67 2	71 2	80 2	83 2	112 2	127 2	
9 2	29 2	68 2	72 2	81 2	84 2	113 2	128 2	
1 2	10 2	30 2	69 2	82 2	85 2	114 2	129 2	
2 2	11 2	31 2	70 2	83 2	86 2	115 2	130 2	
3 2	12 2	32 2	71 2	84 2	87 2	116 2	131 2	
4 2	13 2	33 2	72 2	85 2	88 2	117 2	132 2	
1 2	5 2	14 2	34 2	86 2	89 2	118 2	133 2	
2 2	6 2	15 2	35 2	87 2	90 2	119 2	134 2	
3 2	7 2	16 2	36 2	88 2	91 2	120 2	135 2	
4 2	8 2	17 2	37 2	89 2	92 2	121 2	136 2	
5 2	9 2	18 2	38 2	90 2	93 2	122 2	137 2	
6 2	10 2	19 2	39 2	91 2	94 2	123 2	138 2	
7 2	11 2	20 2	40 2	92 2	95 2	124 2	139 2	
8 2	12 2	21 2	41 2	93 2	96 2	125 2	140 2	
9 2	13 2	22 2	42 2	94 2	97 2	126 2	141 2	
10 2	14 2	23 2	43 2	95 2	98 2	127 2	142 2	
11 2	15 2	24 2	44 2	96 2	99 2	128 2	143 2	
12 2	16 2	25 2	45 2	97 2	100 2	129 2	144 2	
13 2	17 2	26 2	46 2	73 2	98 2	101 2	130 2	
14 2	18 2	27 2	47 2	74 2	99 2	102 2	131 2	
15 2	19 2	28 2	48 2	75 2	100 2	103 2	132 2	
16 2	20 2	29 2	49 2	76 2	101 2	104 2	133 2	
17 2	21 2	30 2	50 2	77 2	102 2	105 2	134 2	
18 2	22 2	31 2	51 2	78 2	103 2	106 2	135 2	
19 2	23 2	32 2	52 2	79 2	104 2	107 2	136 2	
20 2	24 2	33 2	53 2	80 2	105 2	108 2	137 2	
21 2	25 2	34 2	54 2	81 2	106 2	109 2	138 2	
22 2	26 2	35 2	55 2	82 2	107 2	110 2	139 2	
23 2	27 2	36 2	56 2	83 2	108 2	111 2	140 2	
24 2	28 2	37 2	57 2	84 2	109 2	112 2	141 2	
25 2	29 2	38 2	58 2	85 2	110 2	113 2	142 2	
26 2	30 2	39 2	59 2	86 2	111 2	114 2	143 2	
27 2	31 2	40 2	60 2	87 2	112 2	115 2	144 2	
28 2	32 2	41 2	61 2	73 2	88 2	113 2	116 2	
29 2	33 2	42 2	62 2	74 2	89 2	114 2	117 2	
30 2	34 2	43 2	63 2	75 2	90 2	115 2	118 2	
31 2	35 2	44 2	64 2	76 2	91 2	116 2	119 2	
32 2	36 2	45 2	65 2	77 2	92 2	117 2	120 2	
33 2	37 2	46 2	66 2	78 2	93 2	118 2	121 2	
34 2	38 2	47 2	67 2	79 2	94 2	119 2	122 2	
35 2	39 2	48 2	68 2	80 2	95 2	120 2	123 2	
36 2	40 2	49 2	69 2	81 2	96 2	121 2	124 2	
37 2	41 2	50 2	70 2	82 2	97 2	122 2	125 2	
38 2	42 2	51 2	71 2	83 2	98 2	123 2	126 2	
39 2	43 2	52 2	72 2	84 2	99 2	124 2	127 2	
1 2	40 2	44 2	53 2	85 2	100 2	125 2	128 2	
2 2	41 2	45 2	54 2	86 2	101 2	126 2	129 2	
3 2	42 2	46 2	55 2	87 2	102 2	127 2	130 2	
4 2	43 2	47 2	56 2	88 2	103 2	128 2	131 2	
5 2	44 2	48 2	57 2	89 2	104 2	129 2	132 2	
6 2	45 2	49 2	58 2	90 2	105 2	130 2	133 2	
7 2	46 2	50 2	59 2	91 2	106 2	131 2	134 2	
8 2	47 2	51 2	60 2	92 2	107 2	132 2	135 2	
9 2	48 2	52 2	61 2	93 2	108 2	133 2	136 2	
10 2	49 2	53 2	62 2	94 2	109 2	134 2	137 2	
11 2	50 2	54 2	63 2	95 2	110 2	135 2	138 2	
12 2	51 2	55 2	64 2	96 2	111 2	136 2	139 2	
13 2	52 2	56 2	65 2	97 2	112 2	137 2	140 2	
14 2	53 2	57 2	66 2	98 2	113 2	138 2	141 2	
