144 132
10 7
8 10 10 10 10 10 10 10 10 10 10 10 10 10 10 10 10 10 10 10 10 10 10 10 10 10 10 10 10 10 10 10 10 10 10 10 10 10 10 10 10 10 10 10 10 10 10 10 8 8 8 8 6 6 8 8 8 8 10 10 10 10 10 10 8 8 6 4 4 4 6 6 4 4 4 4 4 4 4 4 4 4 4 4 4 4 4 4 4 4 4 4 4 4 4 4 4 4 4 4 4 4 4 4 4 4 4 4 4 4 4 4 4 4 4 4 4 4 4 4 4 4 4 4 4 4 4 4 4 2 2 2 2 2 2 4 4 4 2 2 2 2 2 2 
7 7 7 7 7 7 7 7 7 7 7 7 7 7 7 7 7 7 7 7 7 7 7 7 7 7 7 7 7 7 7 7 7 7 7 7 7 7 7 7 7 7 7 7 7 7 7 7 7 7 7 7 7 7 7 7 7 7 7 7 7 7 7 7 7 7 7 7 7 7 7 7 7 7 7 7 7 7 7 7 7 7 7 7 7 7 7 7 7 7 7 7 7 7 7 7 7 7 7 7 7 7 7 7 7 7 7 7 7 7 7 7 7 7 7 7 7 7 7 7 7 7 7 7 7 7 7 7 7 7 7 7 
1 1	3 1	15 1	19 1	67 2	69 2	81 2	85 2	0 0	0 0	
1 1	2 1	4 1	16 1	20 1	67 2	68 2	70 2	82 2	86 2	
2 1	3 1	5 1	17 1	21 1	68 2	69 2	71 2	83 2	87 2	
3 1	4 1	6 1	18 1	22 1	69 2	70 2	72 2	84 2	88 2	
4 1	5 1	7 1	19 1	23 1	70 2	71 2	73 2	85 2	89 2	
5 1	6 1	8 1	20 1	24 1	71 2	72 2	74 2	86 2	90 2	
6 1	7 1	9 1	21 1	25 1	72 2	73 2	75 2	87 2	91 2	
7 1	8 1	10 1	22 1	26 1	73 2	74 2	76 2	88 2	92 2	
8 1	9 1	11 1	23 1	27 1	74 2	75 2	77 2	89 2	93 2	
9 1	10 1	12 1	24 1	28 1	75 2	76 2	78 2	90 2	94 2	
10 1	11 1	13 1	25 1	29 1	76 2	77 2	79 2	91 2	95 2	
11 1	12 1	14 1	26 1	30 1	77 2	78 2	80 2	92 2	96 2	
12 1	13 1	15 1	27 1	31 1	78 2	79 2	81 2	93 2	97 2	
13 1	14 1	16 1	28 1	32 1	79 2	80 2	82 2	94 2	98 2	
14 1	15 1	17 1	29 1	33 1	80 2	81 2	83 2	95 2	99 2	
15 1	16 1	18 1	30 1	34 1	81 2	82 2	84 2	96 2	100 2	
16 1	17 1	19 1	31 1	35 1	82 2	83 2	85 2	97 2	101 2	
17 1	18 1	20 1	32 1	36 1	83 2	84 2	86 2	98 2	102 2	
18 1	19 1	21 1	33 1	37 1	84 2	85 2	87 2	99 2	103 2	
19 1	20 1	22 1	34 1	38 1	85 2	86 2	88 2	100 2	104 2	
20 1	21 1	23 1	35 1	39 1	86 2	87 2	89 2	101 2	105 2	
21 1	22 1	24 1	36 1	40 1	87 2	88 2	90 2	102 2	106 2	
22 1	23 1	25 1	37 1	41 1	88 2	89 2	91 2	103 2	107 2	
23 1	24 1	26 1	38 1	42 1	89 2	90 2	92 2	104 2	108 2	
24 1	25 1	27 1	39 1	43 1	90 2	91 2	93 2	105 2	109 2	
25 1	26 1	28 1	40 1	44 1	91 2	92 2	94 2	106 2	110 2	
26 1	27 1	29 1	41 1	45 1	92 2	93 2	95 2	107 2	111 2	
27 1	28 1	30 1	42 1	46 1	93 2	94 2	96 2	108 2	112 2	
28 1	29 1	31 1	43 1	47 1	94 2	95 2	97 2	109 2	113 2	
29 1	30 1	32 1	44 1	48 1	95 2	96 2	98 2	110 2	114 2	
30 1	31 1	33 1	45 1	49 1	96 2	97 2	99 2	111 2	115 2	
31 1	32 1	34 1	46 1	50 1	97 2	98 2	100 2	112 2	116 2	
32 1	33 1	35 1	47 1	51 1	98 2	99 2	101 2	113 2	117 2	
33 1	34 1	36 1	48 1	52 1	99 2	100 2	102 2	114 2	118 2	
34 1	35 1	37 1	49 1	53 1	100 2	101 2	103 2	115 2	119 2	
35 1	36 1	38 1	50 1	54 1	101 2	102 2	104 2	116 2	120 2	
36 1	37 1	39 1	51 1	55 1	102 2	103 2	105 2	117 2	121 2	
37 1	38 1	40 1	52 1	56 1	103 2	104 2	106 2	118 2	122 2	
38 1	39 1	41 1	53 1	57 1	104 2	105 2	107 2	119 2	123 2	
39 1	40 1	42 1	54 1	58 1	105 2	106 2	108 2	120 2	124 2	
40 1	41 1	43 1	55 1	59 1	106 2	107 2	109 2	121 2	125 2	
41 1	42 1	44 1	56 1	60 1	107 2	108 2	110 2	122 2	126 2	
42 1	43 1	45 1	57 1	61 1	108 2	109 2	111 2	123 2	127 2	
43 1	44 1	46 1	58 1	62 1	109 2	110 2	112 2	124 2	128 2	
44 1	45 1	47 1	59 1	63 1	110 2	111 2	113 2	125 2	129 2	
45 1	46 1	48 1	60 1	64 1	111 2	112 2	114 2	126 2	130 2	
46 1	47 1	49 1	61 1	65 1	112 2	113 2	115 2	127 2	131 2	
47 1	48 1	50 1	62 1	66 1	113 2	114 2	116 2	128 2	132 2	
48 1	49 1	51 1	63 1	114 2	115 2	117 2	129 2	0 0	0 0	
49 1	50 1	52 1	64 1	115 2	116 2	118 2	130 2	0 0	0 0	
50 1	51 1	53 1	65 1	116 2	117 2	119 2	131 2	0 0	0 0	
51 1	52 1	54 1	66 1	117 2	118 2	120 2	132 2	0 0	0 0	
52 1	53 1	55 1	118 2	119 2	121 2	0 0	0 0	0 0	0 0	
53 1	54 1	56 1	119 2	120 2	122 2	0 0	0 0	0 0	0 0	
1 1	54 1	55 1	57 1	67 2	120 2	121 2	123 2	0 0	0 0	
2 1	55 1	56 1	58 1	68 2	121 2	122 2	124 2	0 0	0 0	
3 1	56 1	57 1	59 1	69 2	122 2	123 2	125 2	0 0	0 0	
4 1	57 1	58 1	60 1	70 2	123 2	124 2	126 2	0 0	0 0	
1 1	5 1	58 1	59 1	61 1	67 2	71 2	124 2	125 2	127 2	
2 1	6 1	59 1	60 1	62 1	68 2	72 2	125 2	126 2	128 2	
3 1	7 1	60 1	61 1	63 1	69 2	73 2	126 2	127 2	129 2	
4 1	8 1	61 1	62 1	64 1	70 2	74 2	127 2	128 2	130 2	
5 1	9 1	62 1	63 1	65 1	71 2	75 2	128 2	129 2	131 2	
6 1	10 1	63 1	64 1	66 1	72 2	76 2	129 2	130 2	132 2	
7 1	11 1	64 1	65 1	73 2	77 2	130 2	131 2	0 0	0 0	
8 1	12 1	65 1	66 1	74 2	78 2	131 2	132 2	0 0	0 0	
9 1	13 1	66 1	75 2	79 2	132 2	0 0	0 0	0 0	0 0	
10 1	14 1	76 2	80 2	0 0	0 0	0 0	0 0	0 0	0 0	
11 1	15 1	77 2	81 2	0 0	0 0	0 0	0 0	0 0	0 0	
12 1	16 1	78 2	82 2	0 0	0 0	0 0	0 0	0 0	0 0	
1 1	13 1	17 1	67 2	79 2	83 2	0 0	0 0	0 0	0 0	
2 1	14 1	18 1	68 2	80 2	84 2	0 0	0 0	0 0	0 0	
1 1	10 1	67 2	76 2	0 0	0 0	0 0	0 0	0 0	0 0	
2 1	11 1	68 2	77 2	0 0	0 0	0 0	0 0	0 0	0 0	
3 1	12 1	69 2	78 2	0 0	0 0	0 0	0 0	0 0	0 0	
4 1	13 1	70 2	79 2	0 0	0 0	0 0	0 0	0 0	0 0	
5 1	14 1	71 2	80 2	0 0	0 0	0 0	0 0	0 0	0 0	
6 1	15 1	72 2	81 2	0 0	0 0	0 0	0 0	0 0	0 0	
7 1	16 1	73 2	82 2	0 0	0 0	0 0	0 0	0 0	0 0	
8 1	17 1	74 2	83 2	0 0	0 0	0 0	0 0	0 0	0 0	
9 1	18 1	75 2	84 2	0 0	0 0	0 0	0 0	0 0	0 0	
10 1	19 1	76 2	85 2	0 0	0 0	0 0	0 0	0 0	0 0	
11 1	20 1	77 2	86 2	0 0	0 0	0 0	0 0	0 0	0 0	
12 1	21 1	78 2	87 2	0 0	0 0	0 0	0 0	0 0	0 0	
13 1	22 1	79 2	88 2	0 0	0 0	0 0	0 0	0 0	0 0	
14 1	23 1	80 2	89 2	0 0	0 0	0 0	0 0	0 0	0 0	
15 1	24 1	81 2	90 2	0 0	0 0	0 0	0 0	0 0	0 0	
16 1	25 1	82 2	91 2	0 0	0 0	0 0	0 0	0 0	0 0	
17 1	26 1	83 2	92 2	0 0	0 0	0 0	0 0	0 0	0 0	
18 1	27 1	84 2	93 2	0 0	0 0	0 0	0 0	0 0	0 0	
19 1	28 1	85 2	94 2	0 0	0 0	0 0	0 0	0 0	0 0	
20 1	29 1	86 2	95 2	0 0	0 0	0 0	0 0	0 0	0 0	
21 1	30 1	87 2	96 2	0 0	0 0	0 0	0 0	0 0	0 0	
22 1	31 1	88 2	97 2	0 0	0 0	0 0	0 0	0 0	0 0	
23 1	32 1	89 2	98 2	0 0	0 0	0 0	0 0	0 0	0 0	
24 1	33 1	90 2	99 2	0 0	0 0	0 0	0 0	0 0	0 0	
25 1	34 1	91 2	100 2	0 0	0 0	0 0	0 0	0 0	0 0	
26 1	35 1	92 2	101 2	0 0	0 0	0 0	0 0	0 0	0 0	
27 1	36 1	93 2	102 2	0 0	0 0	0 0	0 0	0 0	0 0	
28 1	37 1	94 2	103 2	0 0	0 0	0 0	0 0	0 0	0 0	
29 1	38 1	95 2	104 2	0 0	0 0	0 0	0 0	0 0	0 0	
30 1	39 1	96 2	105 2	0 0	0 0	0 0	0 0	0 0	0 0	
31 1	40 1	97 2	106 2	0 0	0 0	0 0	0 0	0 0	0 0	
32 1	41 1	98 2	107 2	0 0	0 0	0 0	0 0	0 0	0 0	
33 1	42 1	99 2	108 2	0 0	0 0	0 0	0 0	0 0	0 0	
34 1	43 1	100 2	109 2	0 0	0 0	0 0	0 0	0 0	0 0	
35 1	44 1	101 2	110 2	0 0	0 0	0 0	0 0	0 0	0 0	
36 1	45 1	102 2	111 2	0 0	0 0	0 0	0 0	0 0	0 0	
37 1	46 1	103 2	112 2	0 0	0 0	0 0	0 0	0 0	0 0	
38 1	47 1	104 2	113 2	0 0	0 0	0 0	0 0	0 0	0 0	
39 1	48 1	105 2	114 2	0 0	0 0	0 0	0 0	0 0	0 0	
40 1	49 1	106 2	115 2	0 0	0 0	0 0	0 0	0 0	0 0	
41 1	50 1	107 2	116 2	0 0	0 0	0 0	0 0	0 0	0 0	
42 1	51 1	108 2	117 2	0 0	0 0	0 0	0 0	0 0	0 0	
43 1	52 1	109 2	118 2	0 0	0 0	0 0	0 0	0 0	0 0	
44 1	53 1	110 2	119 2	0 0	0 0	0 0	0 0	0 0	0 0	
45 1	54 1	111 2	120 2	0 0	0 0	0 0	0 0	0 0	0 0	
46 1	55 1	112 2	121 2	0 0	0 0	0 0	0 0	0 0	0 0	
47 1	56 1	113 2	122 2	0 0	0 0	0 0	0 0	0 0	0 0	
48 1	57 1	114 2	123 2	0 0	0 0	0 0	0 0	0 0	0 0	
49 1	58 1	115 2	124 2	0 0	0 0	0 0	0 0	0 0	0 0	
50 1	59 1	116 2	125 2	0 0	0 0	0 0	0 0	0 0	0 0	
51 1	60 1	117 2	126 2	0 0	0 0	0 0	0 0	0 0	0 0	
52 1	61 1	118 2	127 2	0 0	0 0	0 0	0 0	0 0	0 0	
53 1	62 1	119 2	128 2	0 0	0 0	0 0	0 0	0 0	0 0	
54 1	63 1	120 2	129 2	0 0	0 0	0 0	0 0	0 0	0 0	
55 1	64 1	121 2	130 2	0 0	0 0	0 0	0 0	0 0	0 0	
56 1	65 1	122 2	131 2	0 0	0 0	0 0	0 0	0 0	0 0	
57 1	66 1	123 2	132 2	0 0	0 0	0 0	0 0	0 0	0 0	
58 1	124 2	0 0	0 0	0 0	0 0	0 0	0 0	0 0	0 0	
59 1	125 2	0 0	0 0	0 0	0 0	0 0	0 0	0 0	0 0	
60 1	126 2	0 0	0 0	0 0	0 0	0 0	0 0	0 0	0 0	
61 1	127 2	0 0	0 0	0 0	0 0	0 0	0 0	0 0	0 0	
62 1	128 2	0 0	0 0	0 0	0 0	0 0	0 0	0 0	0 0	
63 1	129 2	0 0	0 0	0 0	0 0	0 0	0 0	0 0	0 0	
1 1	64 1	67 2	130 2	0 0	0 0	0 0	0 0	0 0	0 0	
2 1	65 1	68 2	131 2	0 0	0 0	0 0	0 0	0 0	0 0	
3 1	66 1	69 2	132 2	0 0	0 0	0 0	0 0	0 0	0 0	
4 1	70 2	0 0	0 0	0 0	0 0	0 0	0 0	0 0	0 0	
5 1	71 2	0 0	0 0	0 0	0 0	0 0	0 0	0 0	0 0	
6 1	72 2	0 0	0 0	0 0	0 0	0 0	0 0	0 0	0 0	
7 1	73 2	0 0	0 0	0 0	0 0	0 0	0 0	0 0	0 0	
8 1	74 2	0 0	0 0	0 0	0 0	0 0	0 0	0 0	0 0	
9 1	75 2	0 0	0 0	0 0	0 0	0 0	0 0	0 0	0 0	
1 1	2 1	55 1	59 1	71 1	73 1	136 1	
2 1	3 1	56 1	60 1	72 1	74 1	137 1	
1 1	3 1	4 1	57 1	61 1	75 1	138 1	
2 1	4 1	5 1	58 1	62 1	76 1	139 1	
3 1	5 1	6 1	59 1	63 1	77 1	140 1	
4 1	6 1	7 1	60 1	64 1	78 1	141 1	
5 1	7 1	8 1	61 1	65 1	79 1	142 1	
6 1	8 1	9 1	62 1	66 1	80 1	143 1	
7 1	9 1	10 1	63 1	67 1	81 1	144 1	
8 1	10 1	11 1	64 1	68 1	73 1	82 1	
9 1	11 1	12 1	65 1	69 1	74 1	83 1	
10 1	12 1	13 1	66 1	70 1	75 1	84 1	
11 1	13 1	14 1	67 1	71 1	76 1	85 1	
12 1	14 1	15 1	68 1	72 1	77 1	86 1	
1 1	13 1	15 1	16 1	69 1	78 1	87 1	
2 1	14 1	16 1	17 1	70 1	79 1	88 1	
3 1	15 1	17 1	18 1	71 1	80 1	89 1	
4 1	16 1	18 1	19 1	72 1	81 1	90 1	
1 1	5 1	17 1	19 1	20 1	82 1	91 1	
2 1	6 1	18 1	20 1	21 1	83 1	92 1	
3 1	7 1	19 1	21 1	22 1	84 1	93 1	
4 1	8 1	20 1	22 1	23 1	85 1	94 1	
5 1	9 1	21 1	23 1	24 1	86 1	95 1	
6 1	10 1	22 1	24 1	25 1	87 1	96 1	
7 1	11 1	23 1	25 1	26 1	88 1	97 1	
8 1	12 1	24 1	26 1	27 1	89 1	98 1	
9 1	13 1	25 1	27 1	28 1	90 1	99 1	
10 1	14 1	26 1	28 1	29 1	91 1	100 1	
11 1	15 1	27 1	29 1	30 1	92 1	101 1	
12 1	16 1	28 1	30 1	31 1	93 1	102 1	
13 1	17 1	29 1	31 1	32 1	94 1	103 1	
14 1	18 1	30 1	32 1	33 1	95 1	104 1	
15 1	19 1	31 1	33 1	34 1	96 1	105 1	
16 1	20 1	32 1	34 1	35 1	97 1	106 1	
17 1	21 1	33 1	35 1	36 1	98 1	107 1	
18 1	22 1	34 1	36 1	37 1	99 1	108 1	
19 1	23 1	35 1	37 1	38 1	100 1	109 1	
20 1	24 1	36 1	38 1	39 1	101 1	110 1	
21 1	25 1	37 1	39 1	40 1	102 1	111 1	
22 1	26 1	38 1	40 1	41 1	103 1	112 1	
23 1	27 1	39 1	41 1	42 1	104 1	113 1	
24 1	28 1	40 1	42 1	43 1	105 1	114 1	
25 1	29 1	41 1	43 1	44 1	106 1	115 1	
26 1	30 1	42 1	44 1	45 1	107 1	116 1	
27 1	31 1	43 1	45 1	46 1	108 1	117 1	
28 1	32 1	44 1	46 1	47 1	109 1	118 1	
29 1	33 1	45 1	47 1	48 1	110 1	119 1	
30 1	34 1	46 1	48 1	49 1	111 1	120 1	
31 1	35 1	47 1	49 1	50 1	112 1	121 1	
32 1	36 1	48 1	50 1	51 1	113 1	122 1	
33 1	37 1	49 1	51 1	52 1	114 1	123 1	
34 1	38 1	50 1	52 1	53 1	115 1	124 1	
35 1	39 1	51 1	53 1	54 1	116 1	125 1	
36 1	40 1	52 1	54 1	55 1	117 1	126 1	
37 1	41 1	53 1	55 1	56 1	118 1	127 1	
38 1	42 1	54 1	56 1	57 1	119 1	128 1	
39 1	43 1	55 1	57 1	58 1	120 1	129 1	
40 1	44 1	56 1	58 1	59 1	121 1	130 1	
41 1	45 1	57 1	59 1	60 1	122 1	131 1	
42 1	46 1	58 1	60 1	61 1	123 1	132 1	
43 1	47 1	59 1	61 1	62 1	124 1	133 1	
44 1	48 1	60 1	62 1	63 1	125 1	134 1	
45 1	49 1	61 1	63 1	64 1	126 1	135 1	
46 1	50 1	62 1	64 1	65 1	127 1	136 1	
47 1	51 1	63 1	65 1	66 1	128 1	137 1	
48 1	52 1	64 1	66 1	67 1	129 1	138 1	
1 2	2 2	55 2	59 2	71 2	73 2	136 2	
2 2	3 2	56 2	60 2	72 2	74 2	137 2	
1 2	3 2	4 2	57 2	61 2	75 2	138 2	
2 2	4 2	5 2	58 2	62 2	76 2	139 2	
3 2	5 2	6 2	59 2	63 2	77 2	140 2	
4 2	6 2	7 2	60 2	64 2	78 2	141 2	
5 2	7 2	8 2	61 2	65 2	79 2	142 2	
6 2	8 2	9 2	62 2	66 2	80 2	143 2	
7 2	9 2	10 2	63 2	67 2	81 2	144 2	
8 2	10 2	11 2	64 2	68 2	73 2	82 2	
9 2	11 2	12 2	65 2	69 2	74 2	83 2	
10 2	12 2	13 2	66 2	70 2	75 2	84 2	
11 2	13 2	14 2	67 2	71 2	76 2	85 2	
12 2	14 2	15 2	68 2	72 2	77 2	86 2	
1 2	13 2	15 2	16 2	69 2	78 2	87 2	
2 2	14 2	16 2	17 2	70 2	79 2	88 2	
3 2	15 2	17 2	18 2	71 2	80 2	89 2	
4 2	16 2	18 2	19 2	72 2	81 2	90 2	
1 2	5 2	17 2	19 2	20 2	82 2	91 2	
2 2	6 2	18 2	20 2	21 2	83 2	92 2	
3 2	7 2	19 2	21 2	22 2	84 2	93 2	
4 2	8 2	20 2	22 2	23 2	85 2	94 2	
5 2	9 2	21 2	23 2	24 2	86 2	95 2	
6 2	10 2	22 2	24 2	25 2	87 2	96 2	
7 2	11 2	23 2	25 2	26 2	88 2	97 2	
8 2	12 2	24 2	26 2	27 2	89 2	98 2	
9 2	13 2	25 2	27 2	28 2	90 2	99 2	
10 2	14 2	26 2	28 2	29 2	91 2	100 2	
11 2	15 2	27 2	29 2	30 2	92 2	101 2	
12 2	16 2	28 2	30 2	31 2	93 2	102 2	
13 2	17 2	29 2	31 2	32 2	94 2	103 2	
14 2	18 2	30 2	32 2	33 2	95 2	104 2	
15 2	19 2	31 2	33 2	34 2	96 2	105 2	
16 2	20 2	32 2	34 2	35 2	97 2	106 2	
17 2	21 2	33 2	35 2	36 2	98 2	107 2	
18 2	22 2	34 2	36 2	37 2	99 2	108 2	
19 2	23 2	35 2	37 2	38 2	100 2	109 2	
20 2	24 2	36 2	38 2	39 2	101 2	110 2	
21 2	25 2	37 2	39 2	40 2	102 2	111 2	
22 2	26 2	38 2	40 2	41 2	103 2	112 2	
23 2	27 2	39 2	41 2	42 2	104 2	113 2	
24 2	28 2	40 2	42 2	43 2	105 2	114 2	
25 2	29 2	41 2	43 2	44 2	106 2	115 2	
26 2	30 2	42 2	44 2	45 2	107 2	116 2	
27 2	31 2	43 2	45 2	46 2	108 2	117 2	
28 2	32 2	44 2	46 2	47 2	109 2	118 2	
29 2	33 2	45 2	47 2	48 2	110 2	119 2	
30 2	34 2	46 2	48 2	49 2	111 2	120 2	
31 2	35 2	47 2	49 2	50 2	112 2	121 2	
32 2	36 2	48 2	50 2	51 2	113 2	122 2	
33 2	37 2	49 2	51 2	52 2	114 2	123 2	
34 2	38 2	50 2	52 2	53 2	115 2	124 2	
35 2	39 2	51 2	53 2	54 2	116 2	125 2	
36 2	40 2	52 2	54 2	55 2	117 2	126 2	
37 2	41 2	53 2	55 2	56 2	118 2	127 2	
38 2	42 2	54 2	56 2	57 2	119 2	128 2	
39 2	43 2	55 2	57 2	58 2	120 2	129 2	
40 2	44 2	56 2	58 2	59 2	121 2	130 2	
41 2	45 2	57 2	59 2	60 2	122 2	131 2	
42 2	46 2	58 2	60 2	61 2	123 2	132 2	
43 2	47 2	59 2	61 2	62 2	124 2	133 2	
44 2	48 2	60 2	62 2	63 2	125 2	134 2	
45 2	49 2	61 2	63 2	64 2	126 2	135 2	
46 2	50 2	62 2	64 2	65 2	127 2	136 2	
47 2	51 2	63 2	65 2	66 2	128 2	137 2	
48 2	52 2	64 2	66 2	67 2	129 2	138 2	
