392 360
12 12
12 11 11 11 11 11 11 11 11 11 11 11 11 11 11 11 11 12 12 12 12 12 12 12 11 11 11 11 11 11 11 11 11 11 11 11 11 11 11 11 12 12 12 12 12 12 12 12 12 12 12 12 12 12 12 12 12 12 12 12 11 11 11 11 11 11 10 10 9 9 9 9 9 9 9 9 10 10 10 10 10 10 11 11 11 10 10 10 10 10 10 10 10 10 10 10 10 10 9 9 10 11 10 10 10 10 10 10 10 10 9 9 9 9 10 10 10 10 11 11 11 11 11 11 11 11 12 12 12 12 12 12 12 12 12 12 12 12 12 12 12 12 12 12 12 12 12 12 12 12 12 12 12 12 12 12 12 12 12 12 12 12 12 12 12 12 12 12 12 12 12 12 12 12 12 12 12 12 12 12 10 10 10 10 10 10 10 10 10 10 10 10 10 10 10 10 12 12 12 12 12 12 12 12 12 12 12 12 12 12 12 12 12 12 12 12 12 12 12 12 12 12 12 12 12 12 12 12 12 12 12 12 12 12 12 12 12 12 12 12 12 12 12 12 12 12 12 12 12 12 11 11 11 11 11 11 11 11 10 10 10 10 9 9 9 9 10 10 10 10 10 10 10 10 11 10 9 9 10 10 10 10 10 10 10 10 10 10 10 10 10 11 11 11 10 10 10 10 10 10 9 9 9 9 9 9 9 9 10 10 11 11 11 11 11 11 12 12 12 12 12 12 12 12 12 12 12 12 12 12 12 12 12 12 12 12 11 11 11 11 11 11 11 11 11 11 11 11 11 11 11 11 12 12 12 12 12 12 12 11 11 11 11 11 11 11 11 11 11 11 11 11 11 11 11 12 10 10 10 10 10 10 10 10 10 10 10 10 10 10 10 10 
12 12 12 12 12 12 12 12 12 12 12 12 12 12 12 12 12 12 12 12 12 12 12 12 12 12 12 12 12 12 12 12 12 12 12 12 12 12 12 12 12 12 12 12 12 12 12 12 12 12 12 12 12 12 12 12 12 12 12 12 12 12 12 12 12 12 12 12 12 12 12 12 12 12 12 12 12 12 12 12 12 12 12 12 12 12 12 12 12 12 12 12 12 12 12 12 12 12 12 12 12 12 12 12 12 12 12 12 12 12 12 12 12 12 12 12 12 12 12 12 12 12 12 12 12 12 12 12 12 12 12 12 12 12 12 12 12 12 12 12 12 12 12 12 12 12 12 12 12 12 12 12 12 12 12 12 12 12 12 12 12 12 12 12 12 12 12 12 12 12 12 12 12 12 12 12 12 12 12 12 12 12 12 12 12 12 12 12 12 12 12 12 12 12 12 12 12 12 12 12 12 12 12 12 12 12 12 12 12 12 12 12 12 12 12 12 12 12 12 12 12 12 12 12 12 12 12 12 12 12 12 12 12 12 12 12 12 12 12 12 12 12 12 12 12 12 12 12 12 12 12 12 12 12 12 12 12 12 12 12 12 12 12 12 12 12 12 12 12 12 12 12 12 12 12 12 12 12 12 12 12 12 12 12 12 12 12 12 12 12 12 12 12 12 12 12 12 12 12 12 12 12 12 12 12 12 12 12 12 12 12 12 12 12 12 12 12 12 12 12 12 12 12 12 12 12 12 12 12 12 12 12 12 12 12 12 12 12 12 12 12 12 12 12 12 12 12 12 12 12 12 12 12 12 12 12 12 12 12 12 
1 1	83 1	97 1	113 1	115 1	157 1	181 2	251 2	259 2	276 2	301 2	360 2	
2 1	84 1	98 1	114 1	116 1	158 1	182 2	252 2	260 2	277 2	302 2	0 0	
3 1	85 1	99 1	115 1	117 1	159 1	183 2	253 2	261 2	278 2	303 2	0 0	
4 1	86 1	100 1	116 1	118 1	160 1	184 2	254 2	262 2	279 2	304 2	0 0	
5 1	87 1	101 1	117 1	119 1	161 1	185 2	255 2	263 2	280 2	305 2	0 0	
6 1	88 1	102 1	118 1	120 1	162 1	186 2	256 2	264 2	281 2	306 2	0 0	
7 1	89 1	103 1	119 1	121 1	163 1	187 2	257 2	265 2	282 2	307 2	0 0	
8 1	90 1	104 1	120 1	122 1	164 1	188 2	258 2	266 2	283 2	308 2	0 0	
9 1	91 1	105 1	121 1	123 1	165 1	189 2	259 2	267 2	284 2	309 2	0 0	
10 1	92 1	106 1	122 1	124 1	166 1	190 2	260 2	268 2	285 2	310 2	0 0	
11 1	93 1	107 1	123 1	125 1	167 1	191 2	261 2	269 2	286 2	311 2	0 0	
12 1	94 1	108 1	124 1	126 1	168 1	192 2	262 2	270 2	287 2	312 2	0 0	
13 1	95 1	109 1	125 1	127 1	169 1	193 2	263 2	271 2	288 2	313 2	0 0	
14 1	96 1	110 1	126 1	128 1	170 1	194 2	264 2	272 2	289 2	314 2	0 0	
15 1	97 1	111 1	127 1	129 1	171 1	195 2	265 2	273 2	290 2	315 2	0 0	
16 1	98 1	112 1	128 1	130 1	172 1	196 2	266 2	274 2	291 2	316 2	0 0	
17 1	99 1	113 1	129 1	131 1	173 1	197 2	267 2	275 2	292 2	317 2	0 0	
18 1	100 1	114 1	130 1	132 1	174 1	181 2	198 2	268 2	276 2	293 2	318 2	
19 1	101 1	115 1	131 1	133 1	175 1	182 2	199 2	269 2	277 2	294 2	319 2	
20 1	102 1	116 1	132 1	134 1	176 1	183 2	200 2	270 2	278 2	295 2	320 2	
21 1	103 1	117 1	133 1	135 1	177 1	184 2	201 2	271 2	279 2	296 2	321 2	
22 1	104 1	118 1	134 1	136 1	178 1	185 2	202 2	272 2	280 2	297 2	322 2	
23 1	105 1	119 1	135 1	137 1	179 1	186 2	203 2	273 2	281 2	298 2	323 2	
24 1	106 1	120 1	136 1	138 1	180 1	187 2	204 2	274 2	282 2	299 2	324 2	
25 1	107 1	121 1	137 1	139 1	188 2	205 2	275 2	283 2	300 2	325 2	0 0	
26 1	108 1	122 1	138 1	140 1	189 2	206 2	276 2	284 2	301 2	326 2	0 0	
27 1	109 1	123 1	139 1	141 1	190 2	207 2	277 2	285 2	302 2	327 2	0 0	
28 1	110 1	124 1	140 1	142 1	191 2	208 2	278 2	286 2	303 2	328 2	0 0	
29 1	111 1	125 1	141 1	143 1	192 2	209 2	279 2	287 2	304 2	329 2	0 0	
30 1	112 1	126 1	142 1	144 1	193 2	210 2	280 2	288 2	305 2	330 2	0 0	
31 1	113 1	127 1	143 1	145 1	194 2	211 2	281 2	289 2	306 2	331 2	0 0	
32 1	114 1	128 1	144 1	146 1	195 2	212 2	282 2	290 2	307 2	332 2	0 0	
33 1	115 1	129 1	145 1	147 1	196 2	213 2	283 2	291 2	308 2	333 2	0 0	
34 1	116 1	130 1	146 1	148 1	197 2	214 2	284 2	292 2	309 2	334 2	0 0	
35 1	117 1	131 1	147 1	149 1	198 2	215 2	285 2	293 2	310 2	335 2	0 0	
36 1	118 1	132 1	148 1	150 1	199 2	216 2	286 2	294 2	311 2	336 2	0 0	
37 1	119 1	133 1	149 1	151 1	200 2	217 2	287 2	295 2	312 2	337 2	0 0	
38 1	120 1	134 1	150 1	152 1	201 2	218 2	288 2	296 2	313 2	338 2	0 0	
39 1	121 1	135 1	151 1	153 1	202 2	219 2	289 2	297 2	314 2	339 2	0 0	
40 1	122 1	136 1	152 1	154 1	203 2	220 2	290 2	298 2	315 2	340 2	0 0	
1 1	41 1	123 1	137 1	153 1	155 1	204 2	221 2	291 2	299 2	316 2	341 2	
2 1	42 1	124 1	138 1	154 1	156 1	205 2	222 2	292 2	300 2	317 2	342 2	
3 1	43 1	125 1	139 1	155 1	157 1	206 2	223 2	293 2	301 2	318 2	343 2	
4 1	44 1	126 1	140 1	156 1	158 1	207 2	224 2	294 2	302 2	319 2	344 2	
5 1	45 1	127 1	141 1	157 1	159 1	208 2	225 2	295 2	303 2	320 2	345 2	
6 1	46 1	128 1	142 1	158 1	160 1	209 2	226 2	296 2	304 2	321 2	346 2	
7 1	47 1	129 1	143 1	159 1	161 1	210 2	227 2	297 2	305 2	322 2	347 2	
8 1	48 1	130 1	144 1	160 1	162 1	211 2	228 2	298 2	306 2	323 2	348 2	
9 1	49 1	131 1	145 1	161 1	163 1	212 2	229 2	299 2	307 2	324 2	349 2	
10 1	50 1	132 1	146 1	162 1	164 1	213 2	230 2	300 2	308 2	325 2	350 2	
11 1	51 1	133 1	147 1	163 1	165 1	214 2	231 2	301 2	309 2	326 2	351 2	
12 1	52 1	134 1	148 1	164 1	166 1	215 2	232 2	302 2	310 2	327 2	352 2	
13 1	53 1	135 1	149 1	165 1	167 1	216 2	233 2	303 2	311 2	328 2	353 2	
14 1	54 1	136 1	150 1	166 1	168 1	217 2	234 2	304 2	312 2	329 2	354 2	
15 1	55 1	137 1	151 1	167 1	169 1	218 2	235 2	305 2	313 2	330 2	355 2	
16 1	56 1	138 1	152 1	168 1	170 1	219 2	236 2	306 2	314 2	331 2	356 2	
17 1	57 1	139 1	153 1	169 1	171 1	220 2	237 2	307 2	315 2	332 2	357 2	
18 1	58 1	140 1	154 1	170 1	172 1	221 2	238 2	308 2	316 2	333 2	358 2	
19 1	59 1	141 1	155 1	171 1	173 1	222 2	239 2	309 2	317 2	334 2	359 2	
20 1	60 1	142 1	156 1	172 1	174 1	223 2	240 2	310 2	318 2	335 2	360 2	
21 1	61 1	143 1	157 1	173 1	175 1	224 2	241 2	311 2	319 2	336 2	0 0	
22 1	62 1	144 1	158 1	174 1	176 1	225 2	242 2	312 2	320 2	337 2	0 0	
23 1	63 1	145 1	159 1	175 1	177 1	226 2	243 2	313 2	321 2	338 2	0 0	
24 1	64 1	146 1	160 1	176 1	178 1	227 2	244 2	314 2	322 2	339 2	0 0	
25 1	65 1	147 1	161 1	177 1	179 1	228 2	245 2	315 2	323 2	340 2	0 0	
26 1	66 1	148 1	162 1	178 1	180 1	229 2	246 2	316 2	324 2	341 2	0 0	
27 1	67 1	149 1	163 1	179 1	230 2	247 2	317 2	325 2	342 2	0 0	0 0	
28 1	68 1	150 1	164 1	180 1	231 2	248 2	318 2	326 2	343 2	0 0	0 0	
29 1	69 1	151 1	165 1	232 2	249 2	319 2	327 2	344 2	0 0	0 0	0 0	
30 1	70 1	152 1	166 1	233 2	250 2	320 2	328 2	345 2	0 0	0 0	0 0	
31 1	71 1	153 1	167 1	234 2	251 2	321 2	329 2	346 2	0 0	0 0	0 0	
32 1	72 1	154 1	168 1	235 2	252 2	322 2	330 2	347 2	0 0	0 0	0 0	
33 1	73 1	155 1	169 1	236 2	253 2	323 2	331 2	348 2	0 0	0 0	0 0	
34 1	74 1	156 1	170 1	237 2	254 2	324 2	332 2	349 2	0 0	0 0	0 0	
35 1	75 1	157 1	171 1	238 2	255 2	325 2	333 2	350 2	0 0	0 0	0 0	
36 1	76 1	158 1	172 1	239 2	256 2	326 2	334 2	351 2	0 0	0 0	0 0	
37 1	77 1	159 1	173 1	181 2	240 2	257 2	327 2	335 2	352 2	0 0	0 0	
38 1	78 1	160 1	174 1	182 2	241 2	258 2	328 2	336 2	353 2	0 0	0 0	
39 1	79 1	161 1	175 1	183 2	242 2	259 2	329 2	337 2	354 2	0 0	0 0	
40 1	80 1	162 1	176 1	184 2	243 2	260 2	330 2	338 2	355 2	0 0	0 0	
41 1	81 1	163 1	177 1	185 2	244 2	261 2	331 2	339 2	356 2	0 0	0 0	
42 1	82 1	164 1	178 1	186 2	245 2	262 2	332 2	340 2	357 2	0 0	0 0	
1 1	43 1	83 1	165 1	179 1	187 2	246 2	263 2	333 2	341 2	358 2	0 0	
2 1	44 1	84 1	166 1	180 1	188 2	247 2	264 2	334 2	342 2	359 2	0 0	
1 1	3 1	45 1	85 1	167 1	189 2	248 2	265 2	335 2	343 2	360 2	0 0	
2 1	4 1	46 1	86 1	168 1	190 2	249 2	266 2	336 2	344 2	0 0	0 0	
3 1	5 1	47 1	87 1	169 1	191 2	250 2	267 2	337 2	345 2	0 0	0 0	
4 1	6 1	48 1	88 1	170 1	192 2	251 2	268 2	338 2	346 2	0 0	0 0	
5 1	7 1	49 1	89 1	171 1	193 2	252 2	269 2	339 2	347 2	0 0	0 0	
6 1	8 1	50 1	90 1	172 1	194 2	253 2	270 2	340 2	348 2	0 0	0 0	
7 1	9 1	51 1	91 1	173 1	195 2	254 2	271 2	341 2	349 2	0 0	0 0	
8 1	10 1	52 1	92 1	174 1	196 2	255 2	272 2	342 2	350 2	0 0	0 0	
9 1	11 1	53 1	93 1	175 1	197 2	256 2	273 2	343 2	351 2	0 0	0 0	
10 1	12 1	54 1	94 1	176 1	198 2	257 2	274 2	344 2	352 2	0 0	0 0	
11 1	13 1	55 1	95 1	177 1	199 2	258 2	275 2	345 2	353 2	0 0	0 0	
12 1	14 1	56 1	96 1	178 1	200 2	259 2	276 2	346 2	354 2	0 0	0 0	
13 1	15 1	57 1	97 1	179 1	201 2	260 2	277 2	347 2	355 2	0 0	0 0	
14 1	16 1	58 1	98 1	180 1	202 2	261 2	278 2	348 2	356 2	0 0	0 0	
15 1	17 1	59 1	99 1	203 2	262 2	279 2	349 2	357 2	0 0	0 0	0 0	
16 1	18 1	60 1	100 1	204 2	263 2	280 2	350 2	358 2	0 0	0 0	0 0	
1 1	17 1	19 1	61 1	101 1	205 2	264 2	281 2	351 2	359 2	0 0	0 0	
2 1	18 1	20 1	62 1	102 1	181 2	206 2	265 2	282 2	352 2	360 2	0 0	
3 1	19 1	21 1	63 1	103 1	182 2	207 2	266 2	283 2	353 2	0 0	0 0	
4 1	20 1	22 1	64 1	104 1	183 2	208 2	267 2	284 2	354 2	0 0	0 0	
5 1	21 1	23 1	65 1	105 1	184 2	209 2	268 2	285 2	355 2	0 0	0 0	
6 1	22 1	24 1	66 1	106 1	185 2	210 2	269 2	286 2	356 2	0 0	0 0	
7 1	23 1	25 1	67 1	107 1	186 2	211 2	270 2	287 2	357 2	0 0	0 0	
8 1	24 1	26 1	68 1	108 1	187 2	212 2	271 2	288 2	358 2	0 0	0 0	
9 1	25 1	27 1	69 1	109 1	188 2	213 2	272 2	289 2	359 2	0 0	0 0	
10 1	26 1	28 1	70 1	110 1	189 2	214 2	273 2	290 2	360 2	0 0	0 0	
11 1	27 1	29 1	71 1	111 1	190 2	215 2	274 2	291 2	0 0	0 0	0 0	
12 1	28 1	30 1	72 1	112 1	191 2	216 2	275 2	292 2	0 0	0 0	0 0	
13 1	29 1	31 1	73 1	113 1	192 2	217 2	276 2	293 2	0 0	0 0	0 0	
14 1	30 1	32 1	74 1	114 1	193 2	218 2	277 2	294 2	0 0	0 0	0 0	
1 1	15 1	31 1	33 1	75 1	115 1	194 2	219 2	278 2	295 2	0 0	0 0	
2 1	16 1	32 1	34 1	76 1	116 1	195 2	220 2	279 2	296 2	0 0	0 0	
3 1	17 1	33 1	35 1	77 1	117 1	196 2	221 2	280 2	297 2	0 0	0 0	
4 1	18 1	34 1	36 1	78 1	118 1	197 2	222 2	281 2	298 2	0 0	0 0	
5 1	19 1	35 1	37 1	79 1	119 1	181 2	198 2	223 2	282 2	299 2	0 0	
6 1	20 1	36 1	38 1	80 1	120 1	182 2	199 2	224 2	283 2	300 2	0 0	
7 1	21 1	37 1	39 1	81 1	121 1	183 2	200 2	225 2	284 2	301 2	0 0	
8 1	22 1	38 1	40 1	82 1	122 1	184 2	201 2	226 2	285 2	302 2	0 0	
9 1	23 1	39 1	41 1	83 1	123 1	185 2	202 2	227 2	286 2	303 2	0 0	
10 1	24 1	40 1	42 1	84 1	124 1	186 2	203 2	228 2	287 2	304 2	0 0	
11 1	25 1	41 1	43 1	85 1	125 1	187 2	204 2	229 2	288 2	305 2	0 0	
12 1	26 1	42 1	44 1	86 1	126 1	188 2	205 2	230 2	289 2	306 2	0 0	
13 1	27 1	43 1	45 1	87 1	127 1	181 2	189 2	206 2	231 2	290 2	307 2	
14 1	28 1	44 1	46 1	88 1	128 1	182 2	190 2	207 2	232 2	291 2	308 2	
15 1	29 1	45 1	47 1	89 1	129 1	183 2	191 2	208 2	233 2	292 2	309 2	
16 1	30 1	46 1	48 1	90 1	130 1	184 2	192 2	209 2	234 2	293 2	310 2	
17 1	31 1	47 1	49 1	91 1	131 1	185 2	193 2	210 2	235 2	294 2	311 2	
18 1	32 1	48 1	50 1	92 1	132 1	186 2	194 2	211 2	236 2	295 2	312 2	
19 1	33 1	49 1	51 1	93 1	133 1	187 2	195 2	212 2	237 2	296 2	313 2	
20 1	34 1	50 1	52 1	94 1	134 1	188 2	196 2	213 2	238 2	297 2	314 2	
21 1	35 1	51 1	53 1	95 1	135 1	189 2	197 2	214 2	239 2	298 2	315 2	
22 1	36 1	52 1	54 1	96 1	136 1	190 2	198 2	215 2	240 2	299 2	316 2	
23 1	37 1	53 1	55 1	97 1	137 1	191 2	199 2	216 2	241 2	300 2	317 2	
24 1	38 1	54 1	56 1	98 1	138 1	192 2	200 2	217 2	242 2	301 2	318 2	
25 1	39 1	55 1	57 1	99 1	139 1	193 2	201 2	218 2	243 2	302 2	319 2	
26 1	40 1	56 1	58 1	100 1	140 1	194 2	202 2	219 2	244 2	303 2	320 2	
27 1	41 1	57 1	59 1	101 1	141 1	195 2	203 2	220 2	245 2	304 2	321 2	
28 1	42 1	58 1	60 1	102 1	142 1	196 2	204 2	221 2	246 2	305 2	322 2	
29 1	43 1	59 1	61 1	103 1	143 1	197 2	205 2	222 2	247 2	306 2	323 2	
30 1	44 1	60 1	62 1	104 1	144 1	198 2	206 2	223 2	248 2	307 2	324 2	
31 1	45 1	61 1	63 1	105 1	145 1	199 2	207 2	224 2	249 2	308 2	325 2	
32 1	46 1	62 1	64 1	106 1	146 1	200 2	208 2	225 2	250 2	309 2	326 2	
33 1	47 1	63 1	65 1	107 1	147 1	201 2	209 2	226 2	251 2	310 2	327 2	
34 1	48 1	64 1	66 1	108 1	148 1	202 2	210 2	227 2	252 2	311 2	328 2	
35 1	49 1	65 1	67 1	109 1	149 1	203 2	211 2	228 2	253 2	312 2	329 2	
36 1	50 1	66 1	68 1	110 1	150 1	204 2	212 2	229 2	254 2	313 2	330 2	
37 1	51 1	67 1	69 1	111 1	151 1	205 2	213 2	230 2	255 2	314 2	331 2	
38 1	52 1	68 1	70 1	112 1	152 1	206 2	214 2	231 2	256 2	315 2	332 2	
39 1	53 1	69 1	71 1	113 1	153 1	207 2	215 2	232 2	257 2	316 2	333 2	
40 1	54 1	70 1	72 1	114 1	154 1	208 2	216 2	233 2	258 2	317 2	334 2	
41 1	55 1	71 1	73 1	115 1	155 1	209 2	217 2	234 2	259 2	318 2	335 2	
42 1	56 1	72 1	74 1	116 1	156 1	210 2	218 2	235 2	260 2	319 2	336 2	
43 1	57 1	73 1	75 1	117 1	157 1	211 2	219 2	236 2	261 2	320 2	337 2	
44 1	58 1	74 1	76 1	118 1	158 1	212 2	220 2	237 2	262 2	321 2	338 2	
45 1	59 1	75 1	77 1	119 1	159 1	213 2	221 2	238 2	263 2	322 2	339 2	
46 1	60 1	76 1	78 1	120 1	160 1	214 2	222 2	239 2	264 2	323 2	340 2	
47 1	61 1	77 1	79 1	121 1	161 1	215 2	223 2	240 2	265 2	324 2	341 2	
48 1	62 1	78 1	80 1	122 1	162 1	216 2	224 2	241 2	266 2	325 2	342 2	
49 1	63 1	79 1	81 1	123 1	163 1	217 2	225 2	242 2	267 2	326 2	343 2	
50 1	64 1	80 1	82 1	124 1	164 1	218 2	226 2	243 2	268 2	327 2	344 2	
51 1	65 1	81 1	83 1	125 1	165 1	219 2	227 2	244 2	269 2	328 2	345 2	
52 1	66 1	82 1	84 1	126 1	166 1	220 2	228 2	245 2	270 2	329 2	346 2	
53 1	67 1	83 1	85 1	127 1	167 1	221 2	229 2	246 2	271 2	330 2	347 2	
54 1	68 1	84 1	86 1	128 1	168 1	222 2	230 2	247 2	272 2	331 2	348 2	
55 1	69 1	85 1	87 1	129 1	169 1	223 2	231 2	248 2	273 2	332 2	349 2	
56 1	70 1	86 1	88 1	130 1	170 1	224 2	232 2	249 2	274 2	333 2	350 2	
57 1	71 1	87 1	89 1	131 1	171 1	225 2	233 2	250 2	275 2	334 2	351 2	
58 1	72 1	88 1	90 1	132 1	172 1	226 2	234 2	251 2	276 2	335 2	352 2	
59 1	73 1	89 1	91 1	133 1	173 1	227 2	235 2	252 2	277 2	336 2	353 2	
60 1	74 1	90 1	92 1	134 1	174 1	228 2	236 2	253 2	278 2	337 2	354 2	
61 1	75 1	91 1	93 1	135 1	175 1	229 2	237 2	254 2	279 2	338 2	355 2	
62 1	76 1	92 1	94 1	136 1	176 1	230 2	238 2	255 2	280 2	339 2	356 2	
63 1	77 1	93 1	95 1	137 1	177 1	231 2	239 2	256 2	281 2	340 2	357 2	
64 1	78 1	94 1	96 1	138 1	178 1	232 2	240 2	257 2	282 2	341 2	358 2	
65 1	79 1	95 1	97 1	139 1	179 1	233 2	241 2	258 2	283 2	342 2	359 2	
66 1	80 1	96 1	98 1	140 1	180 1	234 2	242 2	259 2	284 2	343 2	360 2	
67 1	81 1	97 1	99 1	141 1	235 2	243 2	260 2	285 2	344 2	0 0	0 0	
68 1	82 1	98 1	100 1	142 1	236 2	244 2	261 2	286 2	345 2	0 0	0 0	
69 1	83 1	99 1	101 1	143 1	237 2	245 2	262 2	287 2	346 2	0 0	0 0	
70 1	84 1	100 1	102 1	144 1	238 2	246 2	263 2	288 2	347 2	0 0	0 0	
71 1	85 1	101 1	103 1	145 1	239 2	247 2	264 2	289 2	348 2	0 0	0 0	
72 1	86 1	102 1	104 1	146 1	240 2	248 2	265 2	290 2	349 2	0 0	0 0	
73 1	87 1	103 1	105 1	147 1	241 2	249 2	266 2	291 2	350 2	0 0	0 0	
74 1	88 1	104 1	106 1	148 1	242 2	250 2	267 2	292 2	351 2	0 0	0 0	
75 1	89 1	105 1	107 1	149 1	243 2	251 2	268 2	293 2	352 2	0 0	0 0	
76 1	90 1	106 1	108 1	150 1	244 2	252 2	269 2	294 2	353 2	0 0	0 0	
77 1	91 1	107 1	109 1	151 1	245 2	253 2	270 2	295 2	354 2	0 0	0 0	
78 1	92 1	108 1	110 1	152 1	246 2	254 2	271 2	296 2	355 2	0 0	0 0	
79 1	93 1	109 1	111 1	153 1	247 2	255 2	272 2	297 2	356 2	0 0	0 0	
80 1	94 1	110 1	112 1	154 1	248 2	256 2	273 2	298 2	357 2	0 0	0 0	
81 1	95 1	111 1	113 1	155 1	249 2	257 2	274 2	299 2	358 2	0 0	0 0	
82 1	96 1	112 1	114 1	156 1	250 2	258 2	275 2	300 2	359 2	0 0	0 0	
1 1	18 1	77 1	102 1	119 1	127 1	181 2	221 2	263 2	265 2	281 2	295 2	
2 1	19 1	78 1	103 1	120 1	128 1	182 2	222 2	264 2	266 2	282 2	296 2	
3 1	20 1	79 1	104 1	121 1	129 1	183 2	223 2	265 2	267 2	283 2	297 2	
4 1	21 1	80 1	105 1	122 1	130 1	184 2	224 2	266 2	268 2	284 2	298 2	
5 1	22 1	81 1	106 1	123 1	131 1	185 2	225 2	267 2	269 2	285 2	299 2	
6 1	23 1	82 1	107 1	124 1	132 1	186 2	226 2	268 2	270 2	286 2	300 2	
7 1	24 1	83 1	108 1	125 1	133 1	187 2	227 2	269 2	271 2	287 2	301 2	
8 1	25 1	84 1	109 1	126 1	134 1	188 2	228 2	270 2	272 2	288 2	302 2	
9 1	26 1	85 1	110 1	127 1	135 1	189 2	229 2	271 2	273 2	289 2	303 2	
10 1	27 1	86 1	111 1	128 1	136 1	190 2	230 2	272 2	274 2	290 2	304 2	
11 1	28 1	87 1	112 1	129 1	137 1	191 2	231 2	273 2	275 2	291 2	305 2	
12 1	29 1	88 1	113 1	130 1	138 1	192 2	232 2	274 2	276 2	292 2	306 2	
13 1	30 1	89 1	114 1	131 1	139 1	193 2	233 2	275 2	277 2	293 2	307 2	
14 1	31 1	90 1	115 1	132 1	140 1	194 2	234 2	276 2	278 2	294 2	308 2	
15 1	32 1	91 1	116 1	133 1	141 1	195 2	235 2	277 2	279 2	295 2	309 2	
16 1	33 1	92 1	117 1	134 1	142 1	196 2	236 2	278 2	280 2	296 2	310 2	
17 1	34 1	93 1	118 1	135 1	143 1	197 2	237 2	279 2	281 2	297 2	311 2	
18 1	35 1	94 1	119 1	136 1	144 1	198 2	238 2	280 2	282 2	298 2	312 2	
19 1	36 1	95 1	120 1	137 1	145 1	199 2	239 2	281 2	283 2	299 2	313 2	
20 1	37 1	96 1	121 1	138 1	146 1	200 2	240 2	282 2	284 2	300 2	314 2	
21 1	38 1	97 1	122 1	139 1	147 1	201 2	241 2	283 2	285 2	301 2	315 2	
22 1	39 1	98 1	123 1	140 1	148 1	202 2	242 2	284 2	286 2	302 2	316 2	
23 1	40 1	99 1	124 1	141 1	149 1	203 2	243 2	285 2	287 2	303 2	317 2	
24 1	41 1	100 1	125 1	142 1	150 1	204 2	244 2	286 2	288 2	304 2	318 2	
25 1	42 1	101 1	126 1	143 1	151 1	205 2	245 2	287 2	289 2	305 2	319 2	
26 1	43 1	102 1	127 1	144 1	152 1	206 2	246 2	288 2	290 2	306 2	320 2	
27 1	44 1	103 1	128 1	145 1	153 1	207 2	247 2	289 2	291 2	307 2	321 2	
28 1	45 1	104 1	129 1	146 1	154 1	208 2	248 2	290 2	292 2	308 2	322 2	
29 1	46 1	105 1	130 1	147 1	155 1	209 2	249 2	291 2	293 2	309 2	323 2	
30 1	47 1	106 1	131 1	148 1	156 1	210 2	250 2	292 2	294 2	310 2	324 2	
31 1	48 1	107 1	132 1	149 1	157 1	211 2	251 2	293 2	295 2	311 2	325 2	
32 1	49 1	108 1	133 1	150 1	158 1	212 2	252 2	294 2	296 2	312 2	326 2	
33 1	50 1	109 1	134 1	151 1	159 1	213 2	253 2	295 2	297 2	313 2	327 2	
34 1	51 1	110 1	135 1	152 1	160 1	214 2	254 2	296 2	298 2	314 2	328 2	
35 1	52 1	111 1	136 1	153 1	161 1	215 2	255 2	297 2	299 2	315 2	329 2	
36 1	53 1	112 1	137 1	154 1	162 1	216 2	256 2	298 2	300 2	316 2	330 2	
37 1	54 1	113 1	138 1	155 1	163 1	217 2	257 2	299 2	301 2	317 2	331 2	
38 1	55 1	114 1	139 1	156 1	164 1	218 2	258 2	300 2	302 2	318 2	332 2	
39 1	56 1	115 1	140 1	157 1	165 1	219 2	259 2	301 2	303 2	319 2	333 2	
40 1	57 1	116 1	141 1	158 1	166 1	220 2	260 2	302 2	304 2	320 2	334 2	
41 1	58 1	117 1	142 1	159 1	167 1	221 2	261 2	303 2	305 2	321 2	335 2	
42 1	59 1	118 1	143 1	160 1	168 1	222 2	262 2	304 2	306 2	322 2	336 2	
43 1	60 1	119 1	144 1	161 1	169 1	223 2	263 2	305 2	307 2	323 2	337 2	
44 1	61 1	120 1	145 1	162 1	170 1	224 2	264 2	306 2	308 2	324 2	338 2	
45 1	62 1	121 1	146 1	163 1	171 1	225 2	265 2	307 2	309 2	325 2	339 2	
46 1	63 1	122 1	147 1	164 1	172 1	226 2	266 2	308 2	310 2	326 2	340 2	
47 1	64 1	123 1	148 1	165 1	173 1	227 2	267 2	309 2	311 2	327 2	341 2	
48 1	65 1	124 1	149 1	166 1	174 1	228 2	268 2	310 2	312 2	328 2	342 2	
49 1	66 1	125 1	150 1	167 1	175 1	229 2	269 2	311 2	313 2	329 2	343 2	
50 1	67 1	126 1	151 1	168 1	176 1	230 2	270 2	312 2	314 2	330 2	344 2	
51 1	68 1	127 1	152 1	169 1	177 1	231 2	271 2	313 2	315 2	331 2	345 2	
52 1	69 1	128 1	153 1	170 1	178 1	232 2	272 2	314 2	316 2	332 2	346 2	
53 1	70 1	129 1	154 1	171 1	179 1	233 2	273 2	315 2	317 2	333 2	347 2	
54 1	71 1	130 1	155 1	172 1	180 1	234 2	274 2	316 2	318 2	334 2	348 2	
55 1	72 1	131 1	156 1	173 1	235 2	275 2	317 2	319 2	335 2	349 2	0 0	
56 1	73 1	132 1	157 1	174 1	236 2	276 2	318 2	320 2	336 2	350 2	0 0	
57 1	74 1	133 1	158 1	175 1	237 2	277 2	319 2	321 2	337 2	351 2	0 0	
58 1	75 1	134 1	159 1	176 1	238 2	278 2	320 2	322 2	338 2	352 2	0 0	
59 1	76 1	135 1	160 1	177 1	239 2	279 2	321 2	323 2	339 2	353 2	0 0	
60 1	77 1	136 1	161 1	178 1	240 2	280 2	322 2	324 2	340 2	354 2	0 0	
61 1	78 1	137 1	162 1	179 1	241 2	281 2	323 2	325 2	341 2	355 2	0 0	
62 1	79 1	138 1	163 1	180 1	242 2	282 2	324 2	326 2	342 2	356 2	0 0	
63 1	80 1	139 1	164 1	243 2	283 2	325 2	327 2	343 2	357 2	0 0	0 0	
64 1	81 1	140 1	165 1	244 2	284 2	326 2	328 2	344 2	358 2	0 0	0 0	
65 1	82 1	141 1	166 1	245 2	285 2	327 2	329 2	345 2	359 2	0 0	0 0	
66 1	83 1	142 1	167 1	246 2	286 2	328 2	330 2	346 2	360 2	0 0	0 0	
67 1	84 1	143 1	168 1	247 2	287 2	329 2	331 2	347 2	0 0	0 0	0 0	
68 1	85 1	144 1	169 1	248 2	288 2	330 2	332 2	348 2	0 0	0 0	0 0	
69 1	86 1	145 1	170 1	249 2	289 2	331 2	333 2	349 2	0 0	0 0	0 0	
70 1	87 1	146 1	171 1	250 2	290 2	332 2	334 2	350 2	0 0	0 0	0 0	
1 1	71 1	88 1	147 1	172 1	251 2	291 2	333 2	335 2	351 2	0 0	0 0	
2 1	72 1	89 1	148 1	173 1	252 2	292 2	334 2	336 2	352 2	0 0	0 0	
3 1	73 1	90 1	149 1	174 1	253 2	293 2	335 2	337 2	353 2	0 0	0 0	
4 1	74 1	91 1	150 1	175 1	254 2	294 2	336 2	338 2	354 2	0 0	0 0	
5 1	75 1	92 1	151 1	176 1	255 2	295 2	337 2	339 2	355 2	0 0	0 0	
6 1	76 1	93 1	152 1	177 1	256 2	296 2	338 2	340 2	356 2	0 0	0 0	
7 1	77 1	94 1	153 1	178 1	257 2	297 2	339 2	341 2	357 2	0 0	0 0	
8 1	78 1	95 1	154 1	179 1	258 2	298 2	340 2	342 2	358 2	0 0	0 0	
1 1	9 1	79 1	96 1	155 1	180 1	259 2	299 2	341 2	343 2	359 2	0 0	
2 1	10 1	80 1	97 1	156 1	260 2	300 2	342 2	344 2	360 2	0 0	0 0	
3 1	11 1	81 1	98 1	157 1	261 2	301 2	343 2	345 2	0 0	0 0	0 0	
4 1	12 1	82 1	99 1	158 1	262 2	302 2	344 2	346 2	0 0	0 0	0 0	
5 1	13 1	83 1	100 1	159 1	181 2	263 2	303 2	345 2	347 2	0 0	0 0	
6 1	14 1	84 1	101 1	160 1	182 2	264 2	304 2	346 2	348 2	0 0	0 0	
7 1	15 1	85 1	102 1	161 1	183 2	265 2	305 2	347 2	349 2	0 0	0 0	
8 1	16 1	86 1	103 1	162 1	184 2	266 2	306 2	348 2	350 2	0 0	0 0	
9 1	17 1	87 1	104 1	163 1	185 2	267 2	307 2	349 2	351 2	0 0	0 0	
10 1	18 1	88 1	105 1	164 1	186 2	268 2	308 2	350 2	352 2	0 0	0 0	
11 1	19 1	89 1	106 1	165 1	187 2	269 2	309 2	351 2	353 2	0 0	0 0	
12 1	20 1	90 1	107 1	166 1	188 2	270 2	310 2	352 2	354 2	0 0	0 0	
13 1	21 1	91 1	108 1	167 1	189 2	271 2	311 2	353 2	355 2	0 0	0 0	
14 1	22 1	92 1	109 1	168 1	190 2	272 2	312 2	354 2	356 2	0 0	0 0	
15 1	23 1	93 1	110 1	169 1	191 2	273 2	313 2	355 2	357 2	0 0	0 0	
16 1	24 1	94 1	111 1	170 1	192 2	274 2	314 2	356 2	358 2	0 0	0 0	
17 1	25 1	95 1	112 1	171 1	193 2	275 2	315 2	357 2	359 2	0 0	0 0	
1 1	18 1	26 1	96 1	113 1	172 1	194 2	276 2	316 2	358 2	360 2	0 0	
2 1	19 1	27 1	97 1	114 1	173 1	181 2	195 2	277 2	317 2	359 2	0 0	
3 1	20 1	28 1	98 1	115 1	174 1	182 2	196 2	278 2	318 2	360 2	0 0	
4 1	21 1	29 1	99 1	116 1	175 1	183 2	197 2	279 2	319 2	0 0	0 0	
5 1	22 1	30 1	100 1	117 1	176 1	184 2	198 2	280 2	320 2	0 0	0 0	
6 1	23 1	31 1	101 1	118 1	177 1	185 2	199 2	281 2	321 2	0 0	0 0	
7 1	24 1	32 1	102 1	119 1	178 1	186 2	200 2	282 2	322 2	0 0	0 0	
8 1	25 1	33 1	103 1	120 1	179 1	187 2	201 2	283 2	323 2	0 0	0 0	
9 1	26 1	34 1	104 1	121 1	180 1	188 2	202 2	284 2	324 2	0 0	0 0	
10 1	27 1	35 1	105 1	122 1	189 2	203 2	285 2	325 2	0 0	0 0	0 0	
11 1	28 1	36 1	106 1	123 1	190 2	204 2	286 2	326 2	0 0	0 0	0 0	
12 1	29 1	37 1	107 1	124 1	191 2	205 2	287 2	327 2	0 0	0 0	0 0	
13 1	30 1	38 1	108 1	125 1	192 2	206 2	288 2	328 2	0 0	0 0	0 0	
14 1	31 1	39 1	109 1	126 1	193 2	207 2	289 2	329 2	0 0	0 0	0 0	
15 1	32 1	40 1	110 1	127 1	194 2	208 2	290 2	330 2	0 0	0 0	0 0	
16 1	33 1	41 1	111 1	128 1	195 2	209 2	291 2	331 2	0 0	0 0	0 0	
17 1	34 1	42 1	112 1	129 1	196 2	210 2	292 2	332 2	0 0	0 0	0 0	
18 1	35 1	43 1	113 1	130 1	181 2	197 2	211 2	293 2	333 2	0 0	0 0	
19 1	36 1	44 1	114 1	131 1	182 2	198 2	212 2	294 2	334 2	0 0	0 0	
20 1	37 1	45 1	115 1	132 1	181 2	183 2	199 2	213 2	295 2	335 2	0 0	
21 1	38 1	46 1	116 1	133 1	182 2	184 2	200 2	214 2	296 2	336 2	0 0	
22 1	39 1	47 1	117 1	134 1	183 2	185 2	201 2	215 2	297 2	337 2	0 0	
23 1	40 1	48 1	118 1	135 1	184 2	186 2	202 2	216 2	298 2	338 2	0 0	
24 1	41 1	49 1	119 1	136 1	185 2	187 2	203 2	217 2	299 2	339 2	0 0	
25 1	42 1	50 1	120 1	137 1	186 2	188 2	204 2	218 2	300 2	340 2	0 0	
1 1	26 1	43 1	51 1	121 1	138 1	187 2	189 2	205 2	219 2	301 2	341 2	
2 1	27 1	44 1	52 1	122 1	139 1	188 2	190 2	206 2	220 2	302 2	342 2	
3 1	28 1	45 1	53 1	123 1	140 1	189 2	191 2	207 2	221 2	303 2	343 2	
4 1	29 1	46 1	54 1	124 1	141 1	190 2	192 2	208 2	222 2	304 2	344 2	
5 1	30 1	47 1	55 1	125 1	142 1	191 2	193 2	209 2	223 2	305 2	345 2	
6 1	31 1	48 1	56 1	126 1	143 1	192 2	194 2	210 2	224 2	306 2	346 2	
7 1	32 1	49 1	57 1	127 1	144 1	193 2	195 2	211 2	225 2	307 2	347 2	
8 1	33 1	50 1	58 1	128 1	145 1	194 2	196 2	212 2	226 2	308 2	348 2	
9 1	34 1	51 1	59 1	129 1	146 1	195 2	197 2	213 2	227 2	309 2	349 2	
10 1	35 1	52 1	60 1	130 1	147 1	196 2	198 2	214 2	228 2	310 2	350 2	
11 1	36 1	53 1	61 1	131 1	148 1	197 2	199 2	215 2	229 2	311 2	351 2	
12 1	37 1	54 1	62 1	132 1	149 1	198 2	200 2	216 2	230 2	312 2	352 2	
13 1	38 1	55 1	63 1	133 1	150 1	199 2	201 2	217 2	231 2	313 2	353 2	
14 1	39 1	56 1	64 1	134 1	151 1	200 2	202 2	218 2	232 2	314 2	354 2	
15 1	40 1	57 1	65 1	135 1	152 1	201 2	203 2	219 2	233 2	315 2	355 2	
16 1	41 1	58 1	66 1	136 1	153 1	202 2	204 2	220 2	234 2	316 2	356 2	
17 1	42 1	59 1	67 1	137 1	154 1	203 2	205 2	221 2	235 2	317 2	357 2	
18 1	43 1	60 1	68 1	138 1	155 1	204 2	206 2	222 2	236 2	318 2	358 2	
19 1	44 1	61 1	69 1	139 1	156 1	205 2	207 2	223 2	237 2	319 2	359 2	
20 1	45 1	62 1	70 1	140 1	157 1	206 2	208 2	224 2	238 2	320 2	360 2	
21 1	46 1	63 1	71 1	141 1	158 1	207 2	209 2	225 2	239 2	321 2	0 0	
22 1	47 1	64 1	72 1	142 1	159 1	208 2	210 2	226 2	240 2	322 2	0 0	
23 1	48 1	65 1	73 1	143 1	160 1	209 2	211 2	227 2	241 2	323 2	0 0	
24 1	49 1	66 1	74 1	144 1	161 1	210 2	212 2	228 2	242 2	324 2	0 0	
25 1	50 1	67 1	75 1	145 1	162 1	211 2	213 2	229 2	243 2	325 2	0 0	
26 1	51 1	68 1	76 1	146 1	163 1	212 2	214 2	230 2	244 2	326 2	0 0	
27 1	52 1	69 1	77 1	147 1	164 1	213 2	215 2	231 2	245 2	327 2	0 0	
28 1	53 1	70 1	78 1	148 1	165 1	214 2	216 2	232 2	246 2	328 2	0 0	
29 1	54 1	71 1	79 1	149 1	166 1	215 2	217 2	233 2	247 2	329 2	0 0	
30 1	55 1	72 1	80 1	150 1	167 1	216 2	218 2	234 2	248 2	330 2	0 0	
31 1	56 1	73 1	81 1	151 1	168 1	217 2	219 2	235 2	249 2	331 2	0 0	
32 1	57 1	74 1	82 1	152 1	169 1	218 2	220 2	236 2	250 2	332 2	0 0	
33 1	58 1	75 1	83 1	153 1	170 1	219 2	221 2	237 2	251 2	333 2	0 0	
34 1	59 1	76 1	84 1	154 1	171 1	220 2	222 2	238 2	252 2	334 2	0 0	
35 1	60 1	77 1	85 1	155 1	172 1	221 2	223 2	239 2	253 2	335 2	0 0	
36 1	61 1	78 1	86 1	156 1	173 1	222 2	224 2	240 2	254 2	336 2	0 0	
37 1	62 1	79 1	87 1	157 1	174 1	181 2	223 2	225 2	241 2	255 2	337 2	
38 1	63 1	80 1	88 1	158 1	175 1	182 2	224 2	226 2	242 2	256 2	338 2	
39 1	64 1	81 1	89 1	159 1	176 1	183 2	225 2	227 2	243 2	257 2	339 2	
40 1	65 1	82 1	90 1	160 1	177 1	184 2	226 2	228 2	244 2	258 2	340 2	
41 1	66 1	83 1	91 1	161 1	178 1	185 2	227 2	229 2	245 2	259 2	341 2	
42 1	67 1	84 1	92 1	162 1	179 1	186 2	228 2	230 2	246 2	260 2	342 2	
43 1	68 1	85 1	93 1	163 1	180 1	187 2	229 2	231 2	247 2	261 2	343 2	
44 1	69 1	86 1	94 1	164 1	188 2	230 2	232 2	248 2	262 2	344 2	0 0	
45 1	70 1	87 1	95 1	165 1	189 2	231 2	233 2	249 2	263 2	345 2	0 0	
46 1	71 1	88 1	96 1	166 1	190 2	232 2	234 2	250 2	264 2	346 2	0 0	
47 1	72 1	89 1	97 1	167 1	191 2	233 2	235 2	251 2	265 2	347 2	0 0	
48 1	73 1	90 1	98 1	168 1	192 2	234 2	236 2	252 2	266 2	348 2	0 0	
49 1	74 1	91 1	99 1	169 1	193 2	235 2	237 2	253 2	267 2	349 2	0 0	
50 1	75 1	92 1	100 1	170 1	194 2	236 2	238 2	254 2	268 2	350 2	0 0	
51 1	76 1	93 1	101 1	171 1	195 2	237 2	239 2	255 2	269 2	351 2	0 0	
52 1	77 1	94 1	102 1	172 1	196 2	238 2	240 2	256 2	270 2	352 2	0 0	
53 1	78 1	95 1	103 1	173 1	197 2	239 2	241 2	257 2	271 2	353 2	0 0	
54 1	79 1	96 1	104 1	174 1	198 2	240 2	242 2	258 2	272 2	354 2	0 0	
55 1	80 1	97 1	105 1	175 1	199 2	241 2	243 2	259 2	273 2	355 2	0 0	
56 1	81 1	98 1	106 1	176 1	200 2	242 2	244 2	260 2	274 2	356 2	0 0	
57 1	82 1	99 1	107 1	177 1	201 2	243 2	245 2	261 2	275 2	357 2	0 0	
58 1	83 1	100 1	108 1	178 1	202 2	244 2	246 2	262 2	276 2	358 2	0 0	
59 1	84 1	101 1	109 1	179 1	203 2	245 2	247 2	263 2	277 2	359 2	0 0	
1 1	60 1	85 1	102 1	110 1	180 1	204 2	246 2	248 2	264 2	278 2	360 2	
2 1	61 1	86 1	103 1	111 1	205 2	247 2	249 2	265 2	279 2	0 0	0 0	
3 1	62 1	87 1	104 1	112 1	206 2	248 2	250 2	266 2	280 2	0 0	0 0	
4 1	63 1	88 1	105 1	113 1	207 2	249 2	251 2	267 2	281 2	0 0	0 0	
5 1	64 1	89 1	106 1	114 1	208 2	250 2	252 2	268 2	282 2	0 0	0 0	
6 1	65 1	90 1	107 1	115 1	209 2	251 2	253 2	269 2	283 2	0 0	0 0	
7 1	66 1	91 1	108 1	116 1	210 2	252 2	254 2	270 2	284 2	0 0	0 0	
8 1	67 1	92 1	109 1	117 1	211 2	253 2	255 2	271 2	285 2	0 0	0 0	
9 1	68 1	93 1	110 1	118 1	212 2	254 2	256 2	272 2	286 2	0 0	0 0	
10 1	69 1	94 1	111 1	119 1	213 2	255 2	257 2	273 2	287 2	0 0	0 0	
11 1	70 1	95 1	112 1	120 1	214 2	256 2	258 2	274 2	288 2	0 0	0 0	
12 1	71 1	96 1	113 1	121 1	215 2	257 2	259 2	275 2	289 2	0 0	0 0	
13 1	72 1	97 1	114 1	122 1	216 2	258 2	260 2	276 2	290 2	0 0	0 0	
14 1	73 1	98 1	115 1	123 1	217 2	259 2	261 2	277 2	291 2	0 0	0 0	
15 1	74 1	99 1	116 1	124 1	218 2	260 2	262 2	278 2	292 2	0 0	0 0	
16 1	75 1	100 1	117 1	125 1	219 2	261 2	263 2	279 2	293 2	0 0	0 0	
17 1	76 1	101 1	118 1	126 1	220 2	262 2	264 2	280 2	294 2	0 0	0 0	
1 1	41 1	83 1	85 1	101 1	115 1	197 1	267 1	275 1	292 1	317 1	376 1	
2 1	42 1	84 1	86 1	102 1	116 1	198 1	268 1	276 1	293 1	318 1	377 1	
3 1	43 1	85 1	87 1	103 1	117 1	199 1	269 1	277 1	294 1	319 1	378 1	
4 1	44 1	86 1	88 1	104 1	118 1	200 1	270 1	278 1	295 1	320 1	379 1	
5 1	45 1	87 1	89 1	105 1	119 1	201 1	271 1	279 1	296 1	321 1	380 1	
6 1	46 1	88 1	90 1	106 1	120 1	202 1	272 1	280 1	297 1	322 1	381 1	
7 1	47 1	89 1	91 1	107 1	121 1	203 1	273 1	281 1	298 1	323 1	382 1	
8 1	48 1	90 1	92 1	108 1	122 1	204 1	274 1	282 1	299 1	324 1	383 1	
9 1	49 1	91 1	93 1	109 1	123 1	205 1	275 1	283 1	300 1	325 1	384 1	
10 1	50 1	92 1	94 1	110 1	124 1	206 1	276 1	284 1	301 1	326 1	385 1	
11 1	51 1	93 1	95 1	111 1	125 1	207 1	277 1	285 1	302 1	327 1	386 1	
12 1	52 1	94 1	96 1	112 1	126 1	208 1	278 1	286 1	303 1	328 1	387 1	
13 1	53 1	95 1	97 1	113 1	127 1	209 1	279 1	287 1	304 1	329 1	388 1	
14 1	54 1	96 1	98 1	114 1	128 1	210 1	280 1	288 1	305 1	330 1	389 1	
15 1	55 1	97 1	99 1	115 1	129 1	211 1	281 1	289 1	306 1	331 1	390 1	
16 1	56 1	98 1	100 1	116 1	130 1	212 1	282 1	290 1	307 1	332 1	391 1	
17 1	57 1	99 1	101 1	117 1	131 1	213 1	283 1	291 1	308 1	333 1	392 1	
18 1	58 1	100 1	102 1	118 1	132 1	197 1	214 1	284 1	292 1	309 1	334 1	
19 1	59 1	101 1	103 1	119 1	133 1	198 1	215 1	285 1	293 1	310 1	335 1	
20 1	60 1	102 1	104 1	120 1	134 1	199 1	216 1	286 1	294 1	311 1	336 1	
21 1	61 1	103 1	105 1	121 1	135 1	200 1	217 1	287 1	295 1	312 1	337 1	
22 1	62 1	104 1	106 1	122 1	136 1	201 1	218 1	288 1	296 1	313 1	338 1	
23 1	63 1	105 1	107 1	123 1	137 1	202 1	219 1	289 1	297 1	314 1	339 1	
24 1	64 1	106 1	108 1	124 1	138 1	203 1	220 1	290 1	298 1	315 1	340 1	
25 1	65 1	107 1	109 1	125 1	139 1	204 1	221 1	291 1	299 1	316 1	341 1	
26 1	66 1	108 1	110 1	126 1	140 1	205 1	222 1	292 1	300 1	317 1	342 1	
27 1	67 1	109 1	111 1	127 1	141 1	206 1	223 1	293 1	301 1	318 1	343 1	
28 1	68 1	110 1	112 1	128 1	142 1	207 1	224 1	294 1	302 1	319 1	344 1	
29 1	69 1	111 1	113 1	129 1	143 1	208 1	225 1	295 1	303 1	320 1	345 1	
30 1	70 1	112 1	114 1	130 1	144 1	209 1	226 1	296 1	304 1	321 1	346 1	
31 1	71 1	113 1	115 1	131 1	145 1	210 1	227 1	297 1	305 1	322 1	347 1	
32 1	72 1	114 1	116 1	132 1	146 1	211 1	228 1	298 1	306 1	323 1	348 1	
33 1	73 1	115 1	117 1	133 1	147 1	212 1	229 1	299 1	307 1	324 1	349 1	
34 1	74 1	116 1	118 1	134 1	148 1	213 1	230 1	300 1	308 1	325 1	350 1	
35 1	75 1	117 1	119 1	135 1	149 1	214 1	231 1	301 1	309 1	326 1	351 1	
36 1	76 1	118 1	120 1	136 1	150 1	215 1	232 1	302 1	310 1	327 1	352 1	
37 1	77 1	119 1	121 1	137 1	151 1	216 1	233 1	303 1	311 1	328 1	353 1	
38 1	78 1	120 1	122 1	138 1	152 1	217 1	234 1	304 1	312 1	329 1	354 1	
39 1	79 1	121 1	123 1	139 1	153 1	218 1	235 1	305 1	313 1	330 1	355 1	
40 1	80 1	122 1	124 1	140 1	154 1	219 1	236 1	306 1	314 1	331 1	356 1	
41 1	81 1	123 1	125 1	141 1	155 1	220 1	237 1	307 1	315 1	332 1	357 1	
42 1	82 1	124 1	126 1	142 1	156 1	221 1	238 1	308 1	316 1	333 1	358 1	
43 1	83 1	125 1	127 1	143 1	157 1	222 1	239 1	309 1	317 1	334 1	359 1	
44 1	84 1	126 1	128 1	144 1	158 1	223 1	240 1	310 1	318 1	335 1	360 1	
45 1	85 1	127 1	129 1	145 1	159 1	224 1	241 1	311 1	319 1	336 1	361 1	
46 1	86 1	128 1	130 1	146 1	160 1	225 1	242 1	312 1	320 1	337 1	362 1	
47 1	87 1	129 1	131 1	147 1	161 1	226 1	243 1	313 1	321 1	338 1	363 1	
48 1	88 1	130 1	132 1	148 1	162 1	227 1	244 1	314 1	322 1	339 1	364 1	
49 1	89 1	131 1	133 1	149 1	163 1	228 1	245 1	315 1	323 1	340 1	365 1	
50 1	90 1	132 1	134 1	150 1	164 1	229 1	246 1	316 1	324 1	341 1	366 1	
51 1	91 1	133 1	135 1	151 1	165 1	230 1	247 1	317 1	325 1	342 1	367 1	
52 1	92 1	134 1	136 1	152 1	166 1	231 1	248 1	318 1	326 1	343 1	368 1	
53 1	93 1	135 1	137 1	153 1	167 1	232 1	249 1	319 1	327 1	344 1	369 1	
54 1	94 1	136 1	138 1	154 1	168 1	233 1	250 1	320 1	328 1	345 1	370 1	
55 1	95 1	137 1	139 1	155 1	169 1	234 1	251 1	321 1	329 1	346 1	371 1	
56 1	96 1	138 1	140 1	156 1	170 1	235 1	252 1	322 1	330 1	347 1	372 1	
57 1	97 1	139 1	141 1	157 1	171 1	236 1	253 1	323 1	331 1	348 1	373 1	
58 1	98 1	140 1	142 1	158 1	172 1	237 1	254 1	324 1	332 1	349 1	374 1	
59 1	99 1	141 1	143 1	159 1	173 1	238 1	255 1	325 1	333 1	350 1	375 1	
60 1	100 1	142 1	144 1	160 1	174 1	239 1	256 1	326 1	334 1	351 1	376 1	
61 1	101 1	143 1	145 1	161 1	175 1	240 1	257 1	327 1	335 1	352 1	377 1	
62 1	102 1	144 1	146 1	162 1	176 1	241 1	258 1	328 1	336 1	353 1	378 1	
63 1	103 1	145 1	147 1	163 1	177 1	242 1	259 1	329 1	337 1	354 1	379 1	
64 1	104 1	146 1	148 1	164 1	178 1	243 1	260 1	330 1	338 1	355 1	380 1	
65 1	105 1	147 1	149 1	165 1	179 1	244 1	261 1	331 1	339 1	356 1	381 1	
66 1	106 1	148 1	150 1	166 1	180 1	245 1	262 1	332 1	340 1	357 1	382 1	
67 1	107 1	149 1	151 1	167 1	181 1	246 1	263 1	333 1	341 1	358 1	383 1	
68 1	108 1	150 1	152 1	168 1	182 1	247 1	264 1	334 1	342 1	359 1	384 1	
69 1	109 1	151 1	153 1	169 1	183 1	248 1	265 1	335 1	343 1	360 1	385 1	
70 1	110 1	152 1	154 1	170 1	184 1	249 1	266 1	336 1	344 1	361 1	386 1	
71 1	111 1	153 1	155 1	171 1	185 1	250 1	267 1	337 1	345 1	362 1	387 1	
72 1	112 1	154 1	156 1	172 1	186 1	251 1	268 1	338 1	346 1	363 1	388 1	
73 1	113 1	155 1	157 1	173 1	187 1	252 1	269 1	339 1	347 1	364 1	389 1	
74 1	114 1	156 1	158 1	174 1	188 1	253 1	270 1	340 1	348 1	365 1	390 1	
75 1	115 1	157 1	159 1	175 1	189 1	254 1	271 1	341 1	349 1	366 1	391 1	
76 1	116 1	158 1	160 1	176 1	190 1	255 1	272 1	342 1	350 1	367 1	392 1	
77 1	117 1	159 1	161 1	177 1	191 1	197 1	256 1	273 1	343 1	351 1	368 1	
78 1	118 1	160 1	162 1	178 1	192 1	198 1	257 1	274 1	344 1	352 1	369 1	
79 1	119 1	161 1	163 1	179 1	193 1	199 1	258 1	275 1	345 1	353 1	370 1	
80 1	120 1	162 1	164 1	180 1	194 1	200 1	259 1	276 1	346 1	354 1	371 1	
81 1	121 1	163 1	165 1	181 1	195 1	201 1	260 1	277 1	347 1	355 1	372 1	
82 1	122 1	164 1	166 1	182 1	196 1	202 1	261 1	278 1	348 1	356 1	373 1	
1 1	83 1	123 1	165 1	167 1	183 1	203 1	262 1	279 1	349 1	357 1	374 1	
2 1	84 1	124 1	166 1	168 1	184 1	204 1	263 1	280 1	350 1	358 1	375 1	
3 1	85 1	125 1	167 1	169 1	185 1	205 1	264 1	281 1	351 1	359 1	376 1	
4 1	86 1	126 1	168 1	170 1	186 1	206 1	265 1	282 1	352 1	360 1	377 1	
5 1	87 1	127 1	169 1	171 1	187 1	207 1	266 1	283 1	353 1	361 1	378 1	
6 1	88 1	128 1	170 1	172 1	188 1	208 1	267 1	284 1	354 1	362 1	379 1	
7 1	89 1	129 1	171 1	173 1	189 1	209 1	268 1	285 1	355 1	363 1	380 1	
8 1	90 1	130 1	172 1	174 1	190 1	210 1	269 1	286 1	356 1	364 1	381 1	
9 1	91 1	131 1	173 1	175 1	191 1	211 1	270 1	287 1	357 1	365 1	382 1	
10 1	92 1	132 1	174 1	176 1	192 1	212 1	271 1	288 1	358 1	366 1	383 1	
11 1	93 1	133 1	175 1	177 1	193 1	213 1	272 1	289 1	359 1	367 1	384 1	
12 1	94 1	134 1	176 1	178 1	194 1	214 1	273 1	290 1	360 1	368 1	385 1	
13 1	95 1	135 1	177 1	179 1	195 1	215 1	274 1	291 1	361 1	369 1	386 1	
14 1	96 1	136 1	178 1	180 1	196 1	216 1	275 1	292 1	362 1	370 1	387 1	
1 1	15 1	97 1	137 1	179 1	181 1	217 1	276 1	293 1	363 1	371 1	388 1	
2 1	16 1	98 1	138 1	180 1	182 1	218 1	277 1	294 1	364 1	372 1	389 1	
3 1	17 1	99 1	139 1	181 1	183 1	219 1	278 1	295 1	365 1	373 1	390 1	
4 1	18 1	100 1	140 1	182 1	184 1	220 1	279 1	296 1	366 1	374 1	391 1	
5 1	19 1	101 1	141 1	183 1	185 1	221 1	280 1	297 1	367 1	375 1	392 1	
6 1	20 1	102 1	142 1	184 1	186 1	197 1	222 1	281 1	298 1	368 1	376 1	
7 1	21 1	103 1	143 1	185 1	187 1	198 1	223 1	282 1	299 1	369 1	377 1	
8 1	22 1	104 1	144 1	186 1	188 1	199 1	224 1	283 1	300 1	370 1	378 1	
9 1	23 1	105 1	145 1	187 1	189 1	200 1	225 1	284 1	301 1	371 1	379 1	
10 1	24 1	106 1	146 1	188 1	190 1	201 1	226 1	285 1	302 1	372 1	380 1	
11 1	25 1	107 1	147 1	189 1	191 1	202 1	227 1	286 1	303 1	373 1	381 1	
12 1	26 1	108 1	148 1	190 1	192 1	203 1	228 1	287 1	304 1	374 1	382 1	
13 1	27 1	109 1	149 1	191 1	193 1	204 1	229 1	288 1	305 1	375 1	383 1	
14 1	28 1	110 1	150 1	192 1	194 1	205 1	230 1	289 1	306 1	376 1	384 1	
15 1	29 1	111 1	151 1	193 1	195 1	206 1	231 1	290 1	307 1	377 1	385 1	
16 1	30 1	112 1	152 1	194 1	196 1	207 1	232 1	291 1	308 1	378 1	386 1	
1 1	17 1	31 1	113 1	153 1	195 1	208 1	233 1	292 1	309 1	379 1	387 1	
2 1	18 1	32 1	114 1	154 1	196 1	209 1	234 1	293 1	310 1	380 1	388 1	
1 1	3 1	19 1	33 1	115 1	155 1	210 1	235 1	294 1	311 1	381 1	389 1	
2 1	4 1	20 1	34 1	116 1	156 1	211 1	236 1	295 1	312 1	382 1	390 1	
3 1	5 1	21 1	35 1	117 1	157 1	212 1	237 1	296 1	313 1	383 1	391 1	
4 1	6 1	22 1	36 1	118 1	158 1	213 1	238 1	297 1	314 1	384 1	392 1	
5 1	7 1	23 1	37 1	119 1	159 1	197 1	214 1	239 1	298 1	315 1	385 1	
6 1	8 1	24 1	38 1	120 1	160 1	198 1	215 1	240 1	299 1	316 1	386 1	
7 1	9 1	25 1	39 1	121 1	161 1	199 1	216 1	241 1	300 1	317 1	387 1	
8 1	10 1	26 1	40 1	122 1	162 1	200 1	217 1	242 1	301 1	318 1	388 1	
9 1	11 1	27 1	41 1	123 1	163 1	201 1	218 1	243 1	302 1	319 1	389 1	
10 1	12 1	28 1	42 1	124 1	164 1	202 1	219 1	244 1	303 1	320 1	390 1	
11 1	13 1	29 1	43 1	125 1	165 1	203 1	220 1	245 1	304 1	321 1	391 1	
12 1	14 1	30 1	44 1	126 1	166 1	204 1	221 1	246 1	305 1	322 1	392 1	
13 1	15 1	31 1	45 1	127 1	167 1	197 1	205 1	222 1	247 1	306 1	323 1	
14 1	16 1	32 1	46 1	128 1	168 1	198 1	206 1	223 1	248 1	307 1	324 1	
15 1	17 1	33 1	47 1	129 1	169 1	199 1	207 1	224 1	249 1	308 1	325 1	
16 1	18 1	34 1	48 1	130 1	170 1	200 1	208 1	225 1	250 1	309 1	326 1	
17 1	19 1	35 1	49 1	131 1	171 1	201 1	209 1	226 1	251 1	310 1	327 1	
18 1	20 1	36 1	50 1	132 1	172 1	202 1	210 1	227 1	252 1	311 1	328 1	
19 1	21 1	37 1	51 1	133 1	173 1	203 1	211 1	228 1	253 1	312 1	329 1	
20 1	22 1	38 1	52 1	134 1	174 1	204 1	212 1	229 1	254 1	313 1	330 1	
21 1	23 1	39 1	53 1	135 1	175 1	205 1	213 1	230 1	255 1	314 1	331 1	
22 1	24 1	40 1	54 1	136 1	176 1	206 1	214 1	231 1	256 1	315 1	332 1	
23 1	25 1	41 1	55 1	137 1	177 1	207 1	215 1	232 1	257 1	316 1	333 1	
24 1	26 1	42 1	56 1	138 1	178 1	208 1	216 1	233 1	258 1	317 1	334 1	
25 1	27 1	43 1	57 1	139 1	179 1	209 1	217 1	234 1	259 1	318 1	335 1	
26 1	28 1	44 1	58 1	140 1	180 1	210 1	218 1	235 1	260 1	319 1	336 1	
27 1	29 1	45 1	59 1	141 1	181 1	211 1	219 1	236 1	261 1	320 1	337 1	
28 1	30 1	46 1	60 1	142 1	182 1	212 1	220 1	237 1	262 1	321 1	338 1	
29 1	31 1	47 1	61 1	143 1	183 1	213 1	221 1	238 1	263 1	322 1	339 1	
30 1	32 1	48 1	62 1	144 1	184 1	214 1	222 1	239 1	264 1	323 1	340 1	
31 1	33 1	49 1	63 1	145 1	185 1	215 1	223 1	240 1	265 1	324 1	341 1	
32 1	34 1	50 1	64 1	146 1	186 1	216 1	224 1	241 1	266 1	325 1	342 1	
33 1	35 1	51 1	65 1	147 1	187 1	217 1	225 1	242 1	267 1	326 1	343 1	
34 1	36 1	52 1	66 1	148 1	188 1	218 1	226 1	243 1	268 1	327 1	344 1	
35 1	37 1	53 1	67 1	149 1	189 1	219 1	227 1	244 1	269 1	328 1	345 1	
36 1	38 1	54 1	68 1	150 1	190 1	220 1	228 1	245 1	270 1	329 1	346 1	
37 1	39 1	55 1	69 1	151 1	191 1	221 1	229 1	246 1	271 1	330 1	347 1	
38 1	40 1	56 1	70 1	152 1	192 1	222 1	230 1	247 1	272 1	331 1	348 1	
39 1	41 1	57 1	71 1	153 1	193 1	223 1	231 1	248 1	273 1	332 1	349 1	
40 1	42 1	58 1	72 1	154 1	194 1	224 1	232 1	249 1	274 1	333 1	350 1	
41 1	43 1	59 1	73 1	155 1	195 1	225 1	233 1	250 1	275 1	334 1	351 1	
42 1	44 1	60 1	74 1	156 1	196 1	226 1	234 1	251 1	276 1	335 1	352 1	
1 1	43 1	45 1	61 1	75 1	157 1	227 1	235 1	252 1	277 1	336 1	353 1	
2 1	44 1	46 1	62 1	76 1	158 1	228 1	236 1	253 1	278 1	337 1	354 1	
3 1	45 1	47 1	63 1	77 1	159 1	229 1	237 1	254 1	279 1	338 1	355 1	
4 1	46 1	48 1	64 1	78 1	160 1	230 1	238 1	255 1	280 1	339 1	356 1	
5 1	47 1	49 1	65 1	79 1	161 1	231 1	239 1	256 1	281 1	340 1	357 1	
6 1	48 1	50 1	66 1	80 1	162 1	232 1	240 1	257 1	282 1	341 1	358 1	
7 1	49 1	51 1	67 1	81 1	163 1	233 1	241 1	258 1	283 1	342 1	359 1	
8 1	50 1	52 1	68 1	82 1	164 1	234 1	242 1	259 1	284 1	343 1	360 1	
9 1	51 1	53 1	69 1	83 1	165 1	235 1	243 1	260 1	285 1	344 1	361 1	
10 1	52 1	54 1	70 1	84 1	166 1	236 1	244 1	261 1	286 1	345 1	362 1	
11 1	53 1	55 1	71 1	85 1	167 1	237 1	245 1	262 1	287 1	346 1	363 1	
12 1	54 1	56 1	72 1	86 1	168 1	238 1	246 1	263 1	288 1	347 1	364 1	
13 1	55 1	57 1	73 1	87 1	169 1	239 1	247 1	264 1	289 1	348 1	365 1	
14 1	56 1	58 1	74 1	88 1	170 1	240 1	248 1	265 1	290 1	349 1	366 1	
15 1	57 1	59 1	75 1	89 1	171 1	241 1	249 1	266 1	291 1	350 1	367 1	
16 1	58 1	60 1	76 1	90 1	172 1	242 1	250 1	267 1	292 1	351 1	368 1	
17 1	59 1	61 1	77 1	91 1	173 1	243 1	251 1	268 1	293 1	352 1	369 1	
18 1	60 1	62 1	78 1	92 1	174 1	244 1	252 1	269 1	294 1	353 1	370 1	
19 1	61 1	63 1	79 1	93 1	175 1	245 1	253 1	270 1	295 1	354 1	371 1	
20 1	62 1	64 1	80 1	94 1	176 1	246 1	254 1	271 1	296 1	355 1	372 1	
21 1	63 1	65 1	81 1	95 1	177 1	247 1	255 1	272 1	297 1	356 1	373 1	
22 1	64 1	66 1	82 1	96 1	178 1	248 1	256 1	273 1	298 1	357 1	374 1	
23 1	65 1	67 1	83 1	97 1	179 1	249 1	257 1	274 1	299 1	358 1	375 1	
24 1	66 1	68 1	84 1	98 1	180 1	250 1	258 1	275 1	300 1	359 1	376 1	
1 2	18 2	77 2	102 2	119 2	127 2	197 2	279 2	293 2	309 2	311 2	353 2	
2 2	19 2	78 2	103 2	120 2	128 2	198 2	280 2	294 2	310 2	312 2	354 2	
3 2	20 2	79 2	104 2	121 2	129 2	199 2	281 2	295 2	311 2	313 2	355 2	
4 2	21 2	80 2	105 2	122 2	130 2	200 2	282 2	296 2	312 2	314 2	356 2	
5 2	22 2	81 2	106 2	123 2	131 2	201 2	283 2	297 2	313 2	315 2	357 2	
6 2	23 2	82 2	107 2	124 2	132 2	202 2	284 2	298 2	314 2	316 2	358 2	
7 2	24 2	83 2	108 2	125 2	133 2	203 2	285 2	299 2	315 2	317 2	359 2	
8 2	25 2	84 2	109 2	126 2	134 2	204 2	286 2	300 2	316 2	318 2	360 2	
9 2	26 2	85 2	110 2	127 2	135 2	205 2	287 2	301 2	317 2	319 2	361 2	
10 2	27 2	86 2	111 2	128 2	136 2	206 2	288 2	302 2	318 2	320 2	362 2	
11 2	28 2	87 2	112 2	129 2	137 2	207 2	289 2	303 2	319 2	321 2	363 2	
12 2	29 2	88 2	113 2	130 2	138 2	208 2	290 2	304 2	320 2	322 2	364 2	
13 2	30 2	89 2	114 2	131 2	139 2	209 2	291 2	305 2	321 2	323 2	365 2	
14 2	31 2	90 2	115 2	132 2	140 2	210 2	292 2	306 2	322 2	324 2	366 2	
15 2	32 2	91 2	116 2	133 2	141 2	211 2	293 2	307 2	323 2	325 2	367 2	
16 2	33 2	92 2	117 2	134 2	142 2	212 2	294 2	308 2	324 2	326 2	368 2	
17 2	34 2	93 2	118 2	135 2	143 2	213 2	295 2	309 2	325 2	327 2	369 2	
18 2	35 2	94 2	119 2	136 2	144 2	214 2	296 2	310 2	326 2	328 2	370 2	
19 2	36 2	95 2	120 2	137 2	145 2	215 2	297 2	311 2	327 2	329 2	371 2	
20 2	37 2	96 2	121 2	138 2	146 2	216 2	298 2	312 2	328 2	330 2	372 2	
21 2	38 2	97 2	122 2	139 2	147 2	217 2	299 2	313 2	329 2	331 2	373 2	
22 2	39 2	98 2	123 2	140 2	148 2	218 2	300 2	314 2	330 2	332 2	374 2	
23 2	40 2	99 2	124 2	141 2	149 2	219 2	301 2	315 2	331 2	333 2	375 2	
24 2	41 2	100 2	125 2	142 2	150 2	220 2	302 2	316 2	332 2	334 2	376 2	
25 2	42 2	101 2	126 2	143 2	151 2	221 2	303 2	317 2	333 2	335 2	377 2	
26 2	43 2	102 2	127 2	144 2	152 2	222 2	304 2	318 2	334 2	336 2	378 2	
27 2	44 2	103 2	128 2	145 2	153 2	223 2	305 2	319 2	335 2	337 2	379 2	
28 2	45 2	104 2	129 2	146 2	154 2	224 2	306 2	320 2	336 2	338 2	380 2	
29 2	46 2	105 2	130 2	147 2	155 2	225 2	307 2	321 2	337 2	339 2	381 2	
30 2	47 2	106 2	131 2	148 2	156 2	226 2	308 2	322 2	338 2	340 2	382 2	
31 2	48 2	107 2	132 2	149 2	157 2	227 2	309 2	323 2	339 2	341 2	383 2	
32 2	49 2	108 2	133 2	150 2	158 2	228 2	310 2	324 2	340 2	342 2	384 2	
33 2	50 2	109 2	134 2	151 2	159 2	229 2	311 2	325 2	341 2	343 2	385 2	
34 2	51 2	110 2	135 2	152 2	160 2	230 2	312 2	326 2	342 2	344 2	386 2	
35 2	52 2	111 2	136 2	153 2	161 2	231 2	313 2	327 2	343 2	345 2	387 2	
36 2	53 2	112 2	137 2	154 2	162 2	232 2	314 2	328 2	344 2	346 2	388 2	
37 2	54 2	113 2	138 2	155 2	163 2	233 2	315 2	329 2	345 2	347 2	389 2	
38 2	55 2	114 2	139 2	156 2	164 2	234 2	316 2	330 2	346 2	348 2	390 2	
39 2	56 2	115 2	140 2	157 2	165 2	235 2	317 2	331 2	347 2	349 2	391 2	
40 2	57 2	116 2	141 2	158 2	166 2	236 2	318 2	332 2	348 2	350 2	392 2	
41 2	58 2	117 2	142 2	159 2	167 2	197 2	237 2	319 2	333 2	349 2	351 2	
42 2	59 2	118 2	143 2	160 2	168 2	198 2	238 2	320 2	334 2	350 2	352 2	
43 2	60 2	119 2	144 2	161 2	169 2	199 2	239 2	321 2	335 2	351 2	353 2	
44 2	61 2	120 2	145 2	162 2	170 2	200 2	240 2	322 2	336 2	352 2	354 2	
45 2	62 2	121 2	146 2	163 2	171 2	201 2	241 2	323 2	337 2	353 2	355 2	
46 2	63 2	122 2	147 2	164 2	172 2	202 2	242 2	324 2	338 2	354 2	356 2	
47 2	64 2	123 2	148 2	165 2	173 2	203 2	243 2	325 2	339 2	355 2	357 2	
48 2	65 2	124 2	149 2	166 2	174 2	204 2	244 2	326 2	340 2	356 2	358 2	
49 2	66 2	125 2	150 2	167 2	175 2	205 2	245 2	327 2	341 2	357 2	359 2	
50 2	67 2	126 2	151 2	168 2	176 2	206 2	246 2	328 2	342 2	358 2	360 2	
51 2	68 2	127 2	152 2	169 2	177 2	207 2	247 2	329 2	343 2	359 2	361 2	
52 2	69 2	128 2	153 2	170 2	178 2	208 2	248 2	330 2	344 2	360 2	362 2	
53 2	70 2	129 2	154 2	171 2	179 2	209 2	249 2	331 2	345 2	361 2	363 2	
54 2	71 2	130 2	155 2	172 2	180 2	210 2	250 2	332 2	346 2	362 2	364 2	
55 2	72 2	131 2	156 2	173 2	181 2	211 2	251 2	333 2	347 2	363 2	365 2	
56 2	73 2	132 2	157 2	174 2	182 2	212 2	252 2	334 2	348 2	364 2	366 2	
57 2	74 2	133 2	158 2	175 2	183 2	213 2	253 2	335 2	349 2	365 2	367 2	
58 2	75 2	134 2	159 2	176 2	184 2	214 2	254 2	336 2	350 2	366 2	368 2	
59 2	76 2	135 2	160 2	177 2	185 2	215 2	255 2	337 2	351 2	367 2	369 2	
60 2	77 2	136 2	161 2	178 2	186 2	216 2	256 2	338 2	352 2	368 2	370 2	
61 2	78 2	137 2	162 2	179 2	187 2	217 2	257 2	339 2	353 2	369 2	371 2	
62 2	79 2	138 2	163 2	180 2	188 2	218 2	258 2	340 2	354 2	370 2	372 2	
63 2	80 2	139 2	164 2	181 2	189 2	219 2	259 2	341 2	355 2	371 2	373 2	
64 2	81 2	140 2	165 2	182 2	190 2	220 2	260 2	342 2	356 2	372 2	374 2	
65 2	82 2	141 2	166 2	183 2	191 2	221 2	261 2	343 2	357 2	373 2	375 2	
66 2	83 2	142 2	167 2	184 2	192 2	222 2	262 2	344 2	358 2	374 2	376 2	
67 2	84 2	143 2	168 2	185 2	193 2	223 2	263 2	345 2	359 2	375 2	377 2	
68 2	85 2	144 2	169 2	186 2	194 2	224 2	264 2	346 2	360 2	376 2	378 2	
69 2	86 2	145 2	170 2	187 2	195 2	225 2	265 2	347 2	361 2	377 2	379 2	
70 2	87 2	146 2	171 2	188 2	196 2	226 2	266 2	348 2	362 2	378 2	380 2	
1 2	71 2	88 2	147 2	172 2	189 2	227 2	267 2	349 2	363 2	379 2	381 2	
2 2	72 2	89 2	148 2	173 2	190 2	228 2	268 2	350 2	364 2	380 2	382 2	
3 2	73 2	90 2	149 2	174 2	191 2	229 2	269 2	351 2	365 2	381 2	383 2	
4 2	74 2	91 2	150 2	175 2	192 2	230 2	270 2	352 2	366 2	382 2	384 2	
5 2	75 2	92 2	151 2	176 2	193 2	231 2	271 2	353 2	367 2	383 2	385 2	
6 2	76 2	93 2	152 2	177 2	194 2	232 2	272 2	354 2	368 2	384 2	386 2	
7 2	77 2	94 2	153 2	178 2	195 2	233 2	273 2	355 2	369 2	385 2	387 2	
8 2	78 2	95 2	154 2	179 2	196 2	234 2	274 2	356 2	370 2	386 2	388 2	
1 2	9 2	79 2	96 2	155 2	180 2	235 2	275 2	357 2	371 2	387 2	389 2	
2 2	10 2	80 2	97 2	156 2	181 2	236 2	276 2	358 2	372 2	388 2	390 2	
3 2	11 2	81 2	98 2	157 2	182 2	237 2	277 2	359 2	373 2	389 2	391 2	
4 2	12 2	82 2	99 2	158 2	183 2	238 2	278 2	360 2	374 2	390 2	392 2	
5 2	13 2	83 2	100 2	159 2	184 2	197 2	239 2	279 2	361 2	375 2	391 2	
6 2	14 2	84 2	101 2	160 2	185 2	198 2	240 2	280 2	362 2	376 2	392 2	
7 2	15 2	85 2	102 2	161 2	186 2	197 2	199 2	241 2	281 2	363 2	377 2	
8 2	16 2	86 2	103 2	162 2	187 2	198 2	200 2	242 2	282 2	364 2	378 2	
9 2	17 2	87 2	104 2	163 2	188 2	199 2	201 2	243 2	283 2	365 2	379 2	
10 2	18 2	88 2	105 2	164 2	189 2	200 2	202 2	244 2	284 2	366 2	380 2	
11 2	19 2	89 2	106 2	165 2	190 2	201 2	203 2	245 2	285 2	367 2	381 2	
12 2	20 2	90 2	107 2	166 2	191 2	202 2	204 2	246 2	286 2	368 2	382 2	
13 2	21 2	91 2	108 2	167 2	192 2	203 2	205 2	247 2	287 2	369 2	383 2	
14 2	22 2	92 2	109 2	168 2	193 2	204 2	206 2	248 2	288 2	370 2	384 2	
15 2	23 2	93 2	110 2	169 2	194 2	205 2	207 2	249 2	289 2	371 2	385 2	
16 2	24 2	94 2	111 2	170 2	195 2	206 2	208 2	250 2	290 2	372 2	386 2	
17 2	25 2	95 2	112 2	171 2	196 2	207 2	209 2	251 2	291 2	373 2	387 2	
1 2	18 2	26 2	96 2	113 2	172 2	208 2	210 2	252 2	292 2	374 2	388 2	
2 2	19 2	27 2	97 2	114 2	173 2	209 2	211 2	253 2	293 2	375 2	389 2	
3 2	20 2	28 2	98 2	115 2	174 2	210 2	212 2	254 2	294 2	376 2	390 2	
4 2	21 2	29 2	99 2	116 2	175 2	211 2	213 2	255 2	295 2	377 2	391 2	
5 2	22 2	30 2	100 2	117 2	176 2	212 2	214 2	256 2	296 2	378 2	392 2	
6 2	23 2	31 2	101 2	118 2	177 2	197 2	213 2	215 2	257 2	297 2	379 2	
7 2	24 2	32 2	102 2	119 2	178 2	198 2	214 2	216 2	258 2	298 2	380 2	
8 2	25 2	33 2	103 2	120 2	179 2	199 2	215 2	217 2	259 2	299 2	381 2	
9 2	26 2	34 2	104 2	121 2	180 2	200 2	216 2	218 2	260 2	300 2	382 2	
10 2	27 2	35 2	105 2	122 2	181 2	201 2	217 2	219 2	261 2	301 2	383 2	
11 2	28 2	36 2	106 2	123 2	182 2	202 2	218 2	220 2	262 2	302 2	384 2	
12 2	29 2	37 2	107 2	124 2	183 2	203 2	219 2	221 2	263 2	303 2	385 2	
13 2	30 2	38 2	108 2	125 2	184 2	204 2	220 2	222 2	264 2	304 2	386 2	
14 2	31 2	39 2	109 2	126 2	185 2	205 2	221 2	223 2	265 2	305 2	387 2	
15 2	32 2	40 2	110 2	127 2	186 2	206 2	222 2	224 2	266 2	306 2	388 2	
16 2	33 2	41 2	111 2	128 2	187 2	207 2	223 2	225 2	267 2	307 2	389 2	
17 2	34 2	42 2	112 2	129 2	188 2	208 2	224 2	226 2	268 2	308 2	390 2	
18 2	35 2	43 2	113 2	130 2	189 2	209 2	225 2	227 2	269 2	309 2	391 2	
19 2	36 2	44 2	114 2	131 2	190 2	210 2	226 2	228 2	270 2	310 2	392 2	
20 2	37 2	45 2	115 2	132 2	191 2	197 2	211 2	227 2	229 2	271 2	311 2	
21 2	38 2	46 2	116 2	133 2	192 2	198 2	212 2	228 2	230 2	272 2	312 2	
22 2	39 2	47 2	117 2	134 2	193 2	199 2	213 2	229 2	231 2	273 2	313 2	
23 2	40 2	48 2	118 2	135 2	194 2	200 2	214 2	230 2	232 2	274 2	314 2	
24 2	41 2	49 2	119 2	136 2	195 2	201 2	215 2	231 2	233 2	275 2	315 2	
25 2	42 2	50 2	120 2	137 2	196 2	202 2	216 2	232 2	234 2	276 2	316 2	
1 2	26 2	43 2	51 2	121 2	138 2	203 2	217 2	233 2	235 2	277 2	317 2	
2 2	27 2	44 2	52 2	122 2	139 2	204 2	218 2	234 2	236 2	278 2	318 2	
3 2	28 2	45 2	53 2	123 2	140 2	205 2	219 2	235 2	237 2	279 2	319 2	
4 2	29 2	46 2	54 2	124 2	141 2	206 2	220 2	236 2	238 2	280 2	320 2	
5 2	30 2	47 2	55 2	125 2	142 2	207 2	221 2	237 2	239 2	281 2	321 2	
6 2	31 2	48 2	56 2	126 2	143 2	208 2	222 2	238 2	240 2	282 2	322 2	
7 2	32 2	49 2	57 2	127 2	144 2	209 2	223 2	239 2	241 2	283 2	323 2	
8 2	33 2	50 2	58 2	128 2	145 2	210 2	224 2	240 2	242 2	284 2	324 2	
9 2	34 2	51 2	59 2	129 2	146 2	211 2	225 2	241 2	243 2	285 2	325 2	
10 2	35 2	52 2	60 2	130 2	147 2	212 2	226 2	242 2	244 2	286 2	326 2	
11 2	36 2	53 2	61 2	131 2	148 2	213 2	227 2	243 2	245 2	287 2	327 2	
12 2	37 2	54 2	62 2	132 2	149 2	214 2	228 2	244 2	246 2	288 2	328 2	
13 2	38 2	55 2	63 2	133 2	150 2	215 2	229 2	245 2	247 2	289 2	329 2	
14 2	39 2	56 2	64 2	134 2	151 2	216 2	230 2	246 2	248 2	290 2	330 2	
15 2	40 2	57 2	65 2	135 2	152 2	217 2	231 2	247 2	249 2	291 2	331 2	
16 2	41 2	58 2	66 2	136 2	153 2	218 2	232 2	248 2	250 2	292 2	332 2	
17 2	42 2	59 2	67 2	137 2	154 2	219 2	233 2	249 2	251 2	293 2	333 2	
18 2	43 2	60 2	68 2	138 2	155 2	220 2	234 2	250 2	252 2	294 2	334 2	
19 2	44 2	61 2	69 2	139 2	156 2	221 2	235 2	251 2	253 2	295 2	335 2	
20 2	45 2	62 2	70 2	140 2	157 2	222 2	236 2	252 2	254 2	296 2	336 2	
21 2	46 2	63 2	71 2	141 2	158 2	223 2	237 2	253 2	255 2	297 2	337 2	
22 2	47 2	64 2	72 2	142 2	159 2	224 2	238 2	254 2	256 2	298 2	338 2	
23 2	48 2	65 2	73 2	143 2	160 2	225 2	239 2	255 2	257 2	299 2	339 2	
24 2	49 2	66 2	74 2	144 2	161 2	226 2	240 2	256 2	258 2	300 2	340 2	
25 2	50 2	67 2	75 2	145 2	162 2	227 2	241 2	257 2	259 2	301 2	341 2	
26 2	51 2	68 2	76 2	146 2	163 2	228 2	242 2	258 2	260 2	302 2	342 2	
27 2	52 2	69 2	77 2	147 2	164 2	229 2	243 2	259 2	261 2	303 2	343 2	
28 2	53 2	70 2	78 2	148 2	165 2	230 2	244 2	260 2	262 2	304 2	344 2	
29 2	54 2	71 2	79 2	149 2	166 2	231 2	245 2	261 2	263 2	305 2	345 2	
30 2	55 2	72 2	80 2	150 2	167 2	232 2	246 2	262 2	264 2	306 2	346 2	
31 2	56 2	73 2	81 2	151 2	168 2	233 2	247 2	263 2	265 2	307 2	347 2	
32 2	57 2	74 2	82 2	152 2	169 2	234 2	248 2	264 2	266 2	308 2	348 2	
33 2	58 2	75 2	83 2	153 2	170 2	235 2	249 2	265 2	267 2	309 2	349 2	
34 2	59 2	76 2	84 2	154 2	171 2	236 2	250 2	266 2	268 2	310 2	350 2	
35 2	60 2	77 2	85 2	155 2	172 2	237 2	251 2	267 2	269 2	311 2	351 2	
36 2	61 2	78 2	86 2	156 2	173 2	238 2	252 2	268 2	270 2	312 2	352 2	
37 2	62 2	79 2	87 2	157 2	174 2	239 2	253 2	269 2	271 2	313 2	353 2	
38 2	63 2	80 2	88 2	158 2	175 2	240 2	254 2	270 2	272 2	314 2	354 2	
39 2	64 2	81 2	89 2	159 2	176 2	241 2	255 2	271 2	273 2	315 2	355 2	
40 2	65 2	82 2	90 2	160 2	177 2	242 2	256 2	272 2	274 2	316 2	356 2	
41 2	66 2	83 2	91 2	161 2	178 2	243 2	257 2	273 2	275 2	317 2	357 2	
42 2	67 2	84 2	92 2	162 2	179 2	244 2	258 2	274 2	276 2	318 2	358 2	
43 2	68 2	85 2	93 2	163 2	180 2	245 2	259 2	275 2	277 2	319 2	359 2	
44 2	69 2	86 2	94 2	164 2	181 2	246 2	260 2	276 2	278 2	320 2	360 2	
45 2	70 2	87 2	95 2	165 2	182 2	247 2	261 2	277 2	279 2	321 2	361 2	
46 2	71 2	88 2	96 2	166 2	183 2	248 2	262 2	278 2	280 2	322 2	362 2	
47 2	72 2	89 2	97 2	167 2	184 2	249 2	263 2	279 2	281 2	323 2	363 2	
48 2	73 2	90 2	98 2	168 2	185 2	250 2	264 2	280 2	282 2	324 2	364 2	
49 2	74 2	91 2	99 2	169 2	186 2	251 2	265 2	281 2	283 2	325 2	365 2	
50 2	75 2	92 2	100 2	170 2	187 2	252 2	266 2	282 2	284 2	326 2	366 2	
51 2	76 2	93 2	101 2	171 2	188 2	253 2	267 2	283 2	285 2	327 2	367 2	
52 2	77 2	94 2	102 2	172 2	189 2	254 2	268 2	284 2	286 2	328 2	368 2	
53 2	78 2	95 2	103 2	173 2	190 2	255 2	269 2	285 2	287 2	329 2	369 2	
54 2	79 2	96 2	104 2	174 2	191 2	256 2	270 2	286 2	288 2	330 2	370 2	
55 2	80 2	97 2	105 2	175 2	192 2	257 2	271 2	287 2	289 2	331 2	371 2	
56 2	81 2	98 2	106 2	176 2	193 2	258 2	272 2	288 2	290 2	332 2	372 2	
57 2	82 2	99 2	107 2	177 2	194 2	259 2	273 2	289 2	291 2	333 2	373 2	
58 2	83 2	100 2	108 2	178 2	195 2	260 2	274 2	290 2	292 2	334 2	374 2	
59 2	84 2	101 2	109 2	179 2	196 2	261 2	275 2	291 2	293 2	335 2	375 2	
1 2	60 2	85 2	102 2	110 2	180 2	262 2	276 2	292 2	294 2	336 2	376 2	
