392 344
13 13
10 11 10 12 12 11 12 10 10 12 9 11 12 10 12 12 11 10 12 11 11 12 11 11 12 11 11 11 12 12 13 11 12 11 12 11 9 11 12 10 11 11 9 12 10 12 12 12 10 13 11 12 13 11 12 13 8 12 13 11 11 11 12 12 12 12 10 11 11 10 9 11 10 8 11 11 11 12 12 10 13 11 11 12 12 12 13 12 12 10 11 13 11 10 13 11 12 11 12 12 10 11 12 11 12 11 12 12 11 12 11 12 10 11 11 11 11 12 11 12 13 12 12 12 12 12 11 12 13 11 12 12 11 11 12 12 12 11 11 10 12 11 13 11 13 13 12 11 12 11 12 12 13 11 11 10 12 13 11 11 13 12 12 11 12 12 11 12 11 11 12 11 11 11 11 11 11 13 12 11 11 12 11 11 13 12 10 13 13 11 12 12 10 11 12 11 11 11 10 11 11 12 10 12 12 12 10 13 12 12 13 13 11 12 10 11 12 11 9 12 11 10 12 11 11 11 9 11 11 10 12 11 11 12 11 10 12 13 11 12 12 11 12 11 13 11 11 11 10 11 11 11 11 11 11 11 10 11 10 12 11 11 11 11 11 11 11 12 11 11 12 11 11 12 11 12 13 11 11 11 12 13 11 12 12 11 11 11 12 12 12 12 11 12 12 11 11 11 12 11 12 11 12 11 12 12 12 12 12 11 12 11 12 12 12 12 11 12 13 11 12 10 12 13 11 11 11 12 11 11 12 11 10 13 11 12 12 11 12 12 12 13 12 12 12 11 12 13 11 12 12 9 11 12 10 11 11 11 12 12 12 11 10 12 12 11 13 11 11 12 12 11 13 11 13 12 11 10 12 9 11 11 11 12 12 11 12 13 10 13 11 9 
13 13 13 13 13 13 13 13 13 13 13 13 13 13 13 13 13 13 13 13 13 13 13 13 13 13 13 13 13 13 13 13 13 13 13 13 13 13 13 13 13 13 13 13 13 13 13 13 13 13 13 13 13 13 13 13 13 13 13 13 13 13 13 13 13 13 13 13 13 13 13 13 13 13 13 13 13 13 13 13 13 13 13 13 13 13 13 13 13 13 13 13 13 13 13 13 13 13 13 13 13 13 13 13 13 13 13 13 13 13 13 13 13 13 13 13 13 13 13 13 13 13 13 13 13 13 13 13 13 13 13 13 13 13 13 13 13 13 13 13 13 13 13 13 13 13 13 13 13 13 13 13 13 13 13 13 13 13 13 13 13 13 13 13 13 13 13 13 13 13 13 13 13 13 13 13 13 13 13 13 13 13 13 13 13 13 13 13 13 13 13 13 13 13 13 13 13 13 13 13 13 13 13 13 13 13 13 13 13 13 13 13 13 13 13 13 13 13 13 13 13 13 13 13 13 13 13 13 13 13 13 13 13 13 13 13 13 13 13 13 13 13 13 13 13 13 13 13 13 13 13 13 13 13 13 13 13 13 13 13 13 13 13 13 13 13 13 13 13 13 13 13 13 13 13 13 13 13 13 13 13 13 13 13 13 13 13 13 13 13 13 13 13 13 13 13 13 13 13 13 13 13 13 13 13 13 13 13 13 13 13 13 13 13 13 13 13 13 13 13 13 13 13 13 13 13 13 13 13 13 13 13 13 13 13 13 13 13 13 13 13 13 13 13 
22 1	41 1	89 1	140 1	187 2	201 2	284 2	300 2	302 2	310 2	0 0	0 0	0 0	
23 1	24 1	42 1	90 1	141 1	173 2	202 2	285 2	301 2	303 2	311 2	0 0	0 0	
1 1	25 1	43 1	91 1	174 2	188 2	203 2	302 2	304 2	312 2	0 0	0 0	0 0	
2 1	24 1	26 1	44 1	92 1	142 1	189 2	204 2	286 2	303 2	305 2	313 2	0 0	
25 1	27 1	45 1	93 1	143 1	175 2	190 2	205 2	287 2	304 2	306 2	314 2	0 0	
3 1	26 1	28 1	46 1	94 1	176 2	206 2	288 2	305 2	307 2	315 2	0 0	0 0	
4 1	27 1	29 1	47 1	95 1	144 1	191 2	207 2	289 2	306 2	308 2	316 2	0 0	
28 1	30 1	48 1	96 1	145 1	177 2	192 2	208 2	290 2	307 2	0 0	0 0	0 0	
5 1	29 1	49 1	97 1	146 1	178 2	209 2	291 2	308 2	317 2	0 0	0 0	0 0	
6 1	30 1	31 1	50 1	98 1	147 1	179 2	193 2	210 2	292 2	309 2	318 2	0 0	
7 1	32 1	99 1	148 1	180 2	194 2	211 2	293 2	310 2	0 0	0 0	0 0	0 0	
8 1	31 1	51 1	100 1	149 1	181 2	212 2	294 2	309 2	311 2	319 2	0 0	0 0	
9 1	32 1	33 1	52 1	150 1	182 2	195 2	213 2	295 2	310 2	312 2	320 2	0 0	
34 1	53 1	101 1	151 1	183 2	196 2	214 2	296 2	311 2	313 2	0 0	0 0	0 0	
10 1	33 1	35 1	54 1	102 1	152 1	184 2	215 2	297 2	312 2	314 2	321 2	0 0	
11 1	34 1	55 1	103 1	153 1	185 2	197 2	216 2	298 2	313 2	315 2	322 2	0 0	
12 1	35 1	36 1	104 1	154 1	186 2	217 2	299 2	314 2	316 2	323 2	0 0	0 0	
13 1	37 1	56 1	105 1	155 1	187 2	218 2	300 2	315 2	324 2	0 0	0 0	0 0	
14 1	36 1	38 1	57 1	106 1	156 1	198 2	219 2	301 2	316 2	317 2	325 2	0 0	
15 1	37 1	39 1	107 1	157 1	188 2	199 2	220 2	302 2	318 2	326 2	0 0	0 0	
16 1	38 1	40 1	108 1	158 1	189 2	200 2	221 2	303 2	317 2	327 2	0 0	0 0	
17 1	39 1	41 1	58 1	109 1	159 1	190 2	201 2	304 2	318 2	319 2	328 2	0 0	
18 1	40 1	42 1	59 1	110 1	160 1	202 2	222 2	305 2	320 2	329 2	0 0	0 0	
19 1	41 1	43 1	111 1	161 1	191 2	203 2	223 2	306 2	319 2	330 2	0 0	0 0	
20 1	42 1	44 1	60 1	112 1	162 1	192 2	204 2	307 2	320 2	321 2	331 2	0 0	
21 1	43 1	45 1	61 1	113 1	163 1	205 2	224 2	308 2	322 2	332 2	0 0	0 0	
44 1	46 1	62 1	114 1	164 1	193 2	206 2	225 2	321 2	323 2	333 2	0 0	0 0	
22 1	45 1	47 1	63 1	115 1	165 1	194 2	207 2	322 2	324 2	334 2	0 0	0 0	
23 1	46 1	48 1	64 1	116 1	166 1	208 2	226 2	309 2	323 2	325 2	335 2	0 0	
47 1	49 1	65 1	117 1	167 1	195 2	209 2	227 2	310 2	324 2	326 2	336 2	0 0	
24 1	48 1	50 1	66 1	118 1	168 1	196 2	210 2	228 2	311 2	325 2	327 2	337 2	
25 1	49 1	67 1	119 1	169 1	211 2	229 2	312 2	326 2	328 2	338 2	0 0	0 0	
26 1	50 1	51 1	68 1	170 1	197 2	212 2	230 2	313 2	327 2	329 2	339 2	0 0	
27 1	52 1	69 1	120 1	171 1	213 2	231 2	314 2	328 2	330 2	340 2	0 0	0 0	
28 1	51 1	53 1	70 1	121 1	172 1	214 2	232 2	315 2	329 2	331 2	341 2	0 0	
29 1	52 1	54 1	71 1	122 1	198 2	215 2	316 2	330 2	332 2	342 2	0 0	0 0	
30 1	53 1	55 1	72 1	199 2	216 2	331 2	333 2	343 2	0 0	0 0	0 0	0 0	
1 1	54 1	73 1	123 1	200 2	217 2	233 2	317 2	332 2	334 2	344 2	0 0	0 0	
2 1	31 1	55 1	56 1	74 1	124 1	201 2	218 2	234 2	318 2	333 2	335 2	0 0	
32 1	57 1	75 1	125 1	173 2	202 2	219 2	235 2	334 2	336 2	0 0	0 0	0 0	
3 1	56 1	76 1	126 1	174 2	203 2	220 2	236 2	319 2	335 2	337 2	0 0	0 0	
4 1	33 1	57 1	77 1	127 1	204 2	221 2	237 2	320 2	336 2	338 2	0 0	0 0	
34 1	58 1	78 1	128 1	175 2	205 2	238 2	337 2	339 2	0 0	0 0	0 0	0 0	
5 1	35 1	59 1	79 1	129 1	176 2	206 2	222 2	239 2	321 2	338 2	340 2	0 0	
6 1	58 1	80 1	130 1	207 2	223 2	240 2	322 2	339 2	341 2	0 0	0 0	0 0	
7 1	36 1	59 1	60 1	81 1	131 1	177 2	208 2	241 2	323 2	340 2	342 2	0 0	
8 1	37 1	61 1	82 1	132 1	178 2	209 2	224 2	242 2	324 2	341 2	343 2	0 0	
9 1	38 1	60 1	62 1	133 1	179 2	210 2	225 2	243 2	325 2	342 2	344 2	0 0	
39 1	61 1	63 1	83 1	134 1	180 2	211 2	244 2	326 2	343 2	0 0	0 0	0 0	
10 1	40 1	62 1	64 1	84 1	135 1	173 2	181 2	212 2	226 2	245 2	327 2	344 2	
11 1	41 1	63 1	65 1	136 1	174 2	182 2	213 2	227 2	246 2	328 2	0 0	0 0	
12 1	42 1	64 1	66 1	85 1	137 1	173 2	183 2	214 2	228 2	247 2	329 2	0 0	
13 1	43 1	65 1	67 1	86 1	138 1	174 2	175 2	184 2	215 2	229 2	248 2	330 2	
14 1	44 1	66 1	68 1	139 1	176 2	185 2	216 2	230 2	249 2	331 2	0 0	0 0	
15 1	45 1	67 1	69 1	87 1	140 1	175 2	186 2	217 2	231 2	250 2	332 2	0 0	
16 1	46 1	68 1	70 1	88 1	141 1	176 2	177 2	187 2	218 2	232 2	251 2	333 2	
17 1	47 1	69 1	71 1	178 2	219 2	252 2	334 2	0 0	0 0	0 0	0 0	0 0	
18 1	48 1	70 1	72 1	89 1	142 1	177 2	179 2	188 2	220 2	253 2	335 2	0 0	
19 1	49 1	71 1	73 1	90 1	143 1	178 2	180 2	189 2	221 2	233 2	254 2	336 2	
20 1	50 1	72 1	74 1	91 1	179 2	181 2	190 2	234 2	255 2	337 2	0 0	0 0	
21 1	73 1	75 1	92 1	144 1	180 2	182 2	222 2	235 2	256 2	338 2	0 0	0 0	
51 1	74 1	76 1	93 1	145 1	181 2	183 2	191 2	223 2	236 2	339 2	0 0	0 0	
22 1	52 1	75 1	77 1	94 1	146 1	182 2	184 2	192 2	237 2	257 2	340 2	0 0	
23 1	53 1	76 1	78 1	95 1	147 1	183 2	185 2	224 2	238 2	258 2	341 2	0 0	
54 1	77 1	79 1	96 1	148 1	184 2	186 2	193 2	225 2	239 2	259 2	342 2	0 0	
24 1	55 1	78 1	80 1	97 1	149 1	185 2	187 2	194 2	240 2	260 2	343 2	0 0	
25 1	79 1	81 1	98 1	150 1	186 2	226 2	241 2	261 2	344 2	0 0	0 0	0 0	
26 1	56 1	80 1	82 1	99 1	151 1	187 2	188 2	195 2	227 2	242 2	0 0	0 0	
27 1	57 1	81 1	100 1	152 1	173 2	189 2	196 2	228 2	243 2	262 2	0 0	0 0	
28 1	82 1	83 1	153 1	174 2	188 2	190 2	229 2	244 2	263 2	0 0	0 0	0 0	
29 1	84 1	101 1	154 1	189 2	197 2	230 2	245 2	264 2	0 0	0 0	0 0	0 0	
30 1	58 1	83 1	102 1	155 1	175 2	190 2	191 2	231 2	246 2	265 2	0 0	0 0	
59 1	84 1	85 1	103 1	156 1	176 2	192 2	232 2	247 2	266 2	0 0	0 0	0 0	
31 1	86 1	104 1	157 1	191 2	198 2	248 2	267 2	0 0	0 0	0 0	0 0	0 0	
32 1	60 1	85 1	105 1	158 1	177 2	192 2	193 2	199 2	249 2	268 2	0 0	0 0	
61 1	86 1	87 1	106 1	159 1	178 2	194 2	200 2	233 2	250 2	269 2	0 0	0 0	
33 1	62 1	88 1	107 1	160 1	179 2	193 2	201 2	234 2	251 2	270 2	0 0	0 0	
34 1	63 1	87 1	108 1	161 1	180 2	194 2	195 2	202 2	235 2	252 2	271 2	0 0	
35 1	64 1	88 1	89 1	109 1	162 1	181 2	196 2	203 2	236 2	253 2	272 2	0 0	
65 1	90 1	110 1	163 1	182 2	195 2	204 2	237 2	254 2	273 2	0 0	0 0	0 0	
36 1	66 1	89 1	91 1	111 1	164 1	183 2	196 2	197 2	205 2	238 2	255 2	274 2	
37 1	67 1	90 1	92 1	112 1	165 1	184 2	206 2	239 2	256 2	275 2	0 0	0 0	
38 1	68 1	91 1	93 1	113 1	166 1	185 2	197 2	207 2	240 2	276 2	0 0	0 0	
39 1	69 1	92 1	94 1	114 1	167 1	186 2	198 2	208 2	241 2	257 2	277 2	0 0	
40 1	70 1	93 1	95 1	115 1	168 1	187 2	199 2	209 2	242 2	258 2	278 2	0 0	
41 1	71 1	94 1	96 1	116 1	169 1	198 2	200 2	210 2	243 2	259 2	279 2	0 0	
42 1	72 1	95 1	97 1	117 1	170 1	188 2	199 2	201 2	211 2	244 2	260 2	280 2	
43 1	73 1	96 1	98 1	118 1	171 1	189 2	200 2	202 2	212 2	245 2	261 2	0 0	
44 1	74 1	97 1	99 1	119 1	172 1	190 2	201 2	203 2	213 2	246 2	281 2	0 0	
45 1	75 1	98 1	100 1	202 2	204 2	214 2	247 2	262 2	282 2	0 0	0 0	0 0	
46 1	76 1	99 1	120 1	191 2	203 2	205 2	215 2	248 2	263 2	283 2	0 0	0 0	
1 1	47 1	77 1	100 1	101 1	121 1	192 2	204 2	206 2	216 2	249 2	264 2	284 2	
2 1	48 1	78 1	102 1	122 1	205 2	207 2	217 2	250 2	265 2	285 2	0 0	0 0	
49 1	79 1	101 1	103 1	193 2	206 2	208 2	218 2	251 2	266 2	0 0	0 0	0 0	
3 1	50 1	80 1	102 1	104 1	123 1	194 2	207 2	209 2	219 2	252 2	267 2	286 2	
4 1	81 1	103 1	105 1	124 1	208 2	210 2	220 2	253 2	268 2	287 2	0 0	0 0	
51 1	82 1	104 1	106 1	125 1	195 2	209 2	211 2	221 2	254 2	269 2	288 2	0 0	
5 1	52 1	105 1	107 1	126 1	196 2	210 2	212 2	255 2	270 2	289 2	0 0	0 0	
6 1	53 1	83 1	106 1	108 1	127 1	211 2	213 2	222 2	256 2	271 2	290 2	0 0	
7 1	54 1	84 1	107 1	109 1	128 1	197 2	212 2	214 2	223 2	272 2	291 2	0 0	
8 1	55 1	108 1	110 1	129 1	213 2	215 2	257 2	273 2	292 2	0 0	0 0	0 0	
9 1	85 1	109 1	111 1	130 1	214 2	216 2	224 2	258 2	274 2	293 2	0 0	0 0	
56 1	86 1	110 1	112 1	131 1	198 2	215 2	217 2	225 2	259 2	275 2	294 2	0 0	
10 1	57 1	111 1	113 1	132 1	199 2	216 2	218 2	260 2	276 2	295 2	0 0	0 0	
11 1	87 1	112 1	114 1	133 1	200 2	217 2	219 2	226 2	261 2	277 2	296 2	0 0	
12 1	88 1	113 1	115 1	134 1	201 2	218 2	220 2	227 2	278 2	297 2	0 0	0 0	
13 1	58 1	114 1	116 1	135 1	202 2	219 2	221 2	228 2	262 2	279 2	298 2	0 0	
14 1	59 1	89 1	115 1	117 1	136 1	203 2	220 2	229 2	263 2	280 2	299 2	0 0	
15 1	90 1	116 1	118 1	137 1	204 2	221 2	222 2	230 2	264 2	300 2	0 0	0 0	
16 1	60 1	91 1	117 1	119 1	138 1	205 2	223 2	231 2	265 2	281 2	301 2	0 0	
17 1	61 1	92 1	118 1	139 1	206 2	222 2	232 2	266 2	282 2	302 2	0 0	0 0	
18 1	62 1	93 1	119 1	120 1	140 1	207 2	223 2	224 2	267 2	283 2	303 2	0 0	
19 1	63 1	94 1	121 1	141 1	208 2	225 2	268 2	284 2	304 2	0 0	0 0	0 0	
20 1	64 1	95 1	120 1	122 1	209 2	224 2	233 2	269 2	285 2	305 2	0 0	0 0	
21 1	65 1	96 1	121 1	142 1	210 2	225 2	226 2	234 2	270 2	306 2	0 0	0 0	
66 1	97 1	122 1	123 1	143 1	211 2	227 2	235 2	271 2	286 2	307 2	0 0	0 0	
22 1	67 1	98 1	124 1	212 2	226 2	228 2	236 2	272 2	287 2	308 2	0 0	0 0	
23 1	68 1	99 1	123 1	125 1	144 1	213 2	227 2	229 2	237 2	273 2	288 2	0 0	
69 1	100 1	124 1	126 1	145 1	214 2	228 2	230 2	238 2	274 2	289 2	0 0	0 0	
24 1	70 1	125 1	127 1	146 1	215 2	229 2	231 2	239 2	275 2	290 2	309 2	0 0	
25 1	71 1	101 1	126 1	128 1	147 1	216 2	230 2	232 2	240 2	276 2	291 2	310 2	
26 1	72 1	102 1	127 1	129 1	148 1	217 2	231 2	241 2	277 2	292 2	311 2	0 0	
27 1	73 1	103 1	128 1	130 1	149 1	218 2	232 2	242 2	278 2	293 2	312 2	0 0	
28 1	74 1	104 1	129 1	131 1	150 1	219 2	233 2	243 2	279 2	294 2	313 2	0 0	
29 1	75 1	105 1	130 1	132 1	151 1	220 2	234 2	244 2	280 2	295 2	314 2	0 0	
30 1	76 1	106 1	131 1	133 1	152 1	221 2	233 2	235 2	245 2	296 2	315 2	0 0	
77 1	107 1	132 1	134 1	153 1	234 2	236 2	246 2	281 2	297 2	316 2	0 0	0 0	
31 1	78 1	108 1	133 1	135 1	154 1	222 2	235 2	237 2	247 2	282 2	298 2	0 0	
32 1	79 1	109 1	134 1	136 1	155 1	223 2	236 2	238 2	248 2	283 2	299 2	317 2	
80 1	110 1	135 1	137 1	156 1	237 2	239 2	249 2	284 2	300 2	318 2	0 0	0 0	
33 1	81 1	111 1	136 1	138 1	157 1	224 2	238 2	240 2	250 2	285 2	301 2	0 0	
34 1	82 1	112 1	137 1	139 1	158 1	225 2	239 2	241 2	251 2	302 2	319 2	0 0	
35 1	113 1	138 1	140 1	159 1	240 2	242 2	252 2	286 2	303 2	320 2	0 0	0 0	
83 1	114 1	139 1	141 1	160 1	226 2	241 2	243 2	253 2	287 2	304 2	0 0	0 0	
36 1	84 1	115 1	140 1	161 1	227 2	242 2	244 2	254 2	288 2	305 2	321 2	0 0	
37 1	116 1	141 1	142 1	162 1	228 2	243 2	245 2	255 2	289 2	306 2	322 2	0 0	
38 1	85 1	117 1	143 1	163 1	229 2	244 2	246 2	256 2	290 2	307 2	323 2	0 0	
39 1	86 1	118 1	142 1	164 1	230 2	245 2	247 2	291 2	308 2	324 2	0 0	0 0	
40 1	119 1	143 1	144 1	165 1	231 2	246 2	248 2	257 2	292 2	325 2	0 0	0 0	
41 1	87 1	145 1	166 1	232 2	247 2	249 2	258 2	293 2	326 2	0 0	0 0	0 0	
42 1	88 1	120 1	144 1	146 1	167 1	248 2	250 2	259 2	294 2	309 2	327 2	0 0	
43 1	121 1	145 1	147 1	168 1	249 2	251 2	260 2	295 2	310 2	328 2	0 0	0 0	
44 1	89 1	122 1	146 1	148 1	169 1	233 2	250 2	252 2	261 2	296 2	311 2	329 2	
45 1	90 1	147 1	149 1	170 1	234 2	251 2	253 2	297 2	312 2	330 2	0 0	0 0	
46 1	91 1	123 1	148 1	150 1	171 1	235 2	252 2	254 2	262 2	298 2	313 2	331 2	
47 1	92 1	124 1	149 1	151 1	172 1	236 2	253 2	255 2	263 2	299 2	314 2	332 2	
48 1	93 1	125 1	150 1	152 1	237 2	254 2	256 2	264 2	300 2	315 2	333 2	0 0	
49 1	94 1	126 1	151 1	153 1	238 2	255 2	265 2	301 2	316 2	334 2	0 0	0 0	
1 1	50 1	95 1	127 1	152 1	154 1	239 2	256 2	257 2	266 2	302 2	335 2	0 0	
2 1	96 1	128 1	153 1	155 1	240 2	258 2	267 2	303 2	317 2	336 2	0 0	0 0	
51 1	97 1	129 1	154 1	156 1	241 2	257 2	259 2	268 2	304 2	318 2	337 2	0 0	
3 1	52 1	98 1	130 1	155 1	157 1	242 2	258 2	260 2	269 2	305 2	338 2	0 0	
4 1	53 1	99 1	131 1	156 1	158 1	243 2	259 2	261 2	270 2	306 2	319 2	339 2	
54 1	100 1	132 1	157 1	159 1	244 2	260 2	271 2	307 2	320 2	340 2	0 0	0 0	
5 1	55 1	133 1	158 1	160 1	245 2	261 2	262 2	272 2	308 2	341 2	0 0	0 0	
6 1	101 1	134 1	159 1	161 1	246 2	263 2	273 2	321 2	342 2	0 0	0 0	0 0	
7 1	56 1	102 1	135 1	160 1	162 1	247 2	262 2	264 2	274 2	322 2	343 2	0 0	
8 1	57 1	103 1	136 1	161 1	163 1	248 2	263 2	265 2	275 2	309 2	323 2	344 2	
9 1	104 1	137 1	162 1	164 1	249 2	264 2	266 2	276 2	310 2	324 2	0 0	0 0	
105 1	138 1	163 1	165 1	173 2	250 2	265 2	267 2	277 2	311 2	325 2	0 0	0 0	
10 1	58 1	106 1	139 1	164 1	166 1	174 2	251 2	266 2	268 2	278 2	312 2	326 2	
11 1	59 1	107 1	140 1	165 1	167 1	252 2	267 2	269 2	279 2	313 2	327 2	0 0	
12 1	108 1	141 1	166 1	168 1	175 2	253 2	268 2	270 2	280 2	314 2	328 2	0 0	
13 1	60 1	109 1	167 1	169 1	176 2	254 2	269 2	271 2	315 2	329 2	0 0	0 0	
14 1	61 1	110 1	142 1	168 1	170 1	255 2	270 2	272 2	281 2	316 2	330 2	0 0	
15 1	62 1	111 1	143 1	169 1	171 1	177 2	256 2	271 2	273 2	282 2	331 2	0 0	
16 1	63 1	112 1	170 1	172 1	178 2	272 2	274 2	283 2	317 2	332 2	0 0	0 0	
17 1	64 1	113 1	144 1	171 1	179 2	257 2	273 2	275 2	284 2	318 2	333 2	0 0	
18 1	65 1	114 1	145 1	172 1	180 2	258 2	274 2	276 2	285 2	334 2	0 0	0 0	
1 1	19 1	66 1	115 1	146 1	181 2	259 2	275 2	277 2	319 2	335 2	0 0	0 0	
2 1	20 1	67 1	116 1	147 1	182 2	260 2	276 2	278 2	286 2	320 2	336 2	0 0	
1 1	21 1	68 1	117 1	148 1	183 2	261 2	277 2	279 2	287 2	337 2	0 0	0 0	
2 1	3 1	69 1	118 1	149 1	184 2	278 2	280 2	288 2	321 2	338 2	0 0	0 0	
4 1	22 1	70 1	119 1	150 1	185 2	262 2	279 2	289 2	322 2	339 2	0 0	0 0	
3 1	23 1	71 1	151 1	186 2	263 2	280 2	281 2	290 2	323 2	340 2	0 0	0 0	
4 1	5 1	72 1	120 1	152 1	187 2	264 2	282 2	291 2	324 2	341 2	0 0	0 0	
6 1	24 1	73 1	121 1	153 1	265 2	281 2	283 2	292 2	325 2	342 2	0 0	0 0	
5 1	7 1	25 1	74 1	122 1	154 1	188 2	266 2	282 2	284 2	293 2	326 2	343 2	
6 1	8 1	26 1	75 1	155 1	189 2	267 2	283 2	285 2	294 2	327 2	344 2	0 0	
7 1	9 1	27 1	76 1	123 1	156 1	190 2	268 2	284 2	295 2	328 2	0 0	0 0	
8 1	28 1	77 1	124 1	157 1	173 2	269 2	285 2	286 2	296 2	329 2	0 0	0 0	
9 1	10 1	29 1	78 1	125 1	158 1	174 2	191 2	270 2	287 2	297 2	330 2	0 0	
11 1	30 1	79 1	126 1	159 1	192 2	271 2	286 2	288 2	298 2	331 2	0 0	0 0	
10 1	12 1	80 1	127 1	160 1	175 2	272 2	287 2	289 2	299 2	332 2	0 0	0 0	
11 1	13 1	31 1	81 1	128 1	161 1	176 2	193 2	273 2	288 2	290 2	300 2	333 2	
12 1	14 1	32 1	82 1	129 1	162 1	194 2	274 2	289 2	291 2	301 2	334 2	0 0	
13 1	15 1	130 1	163 1	177 2	275 2	290 2	292 2	302 2	335 2	0 0	0 0	0 0	
14 1	16 1	33 1	83 1	131 1	164 1	178 2	195 2	276 2	291 2	293 2	303 2	336 2	
15 1	17 1	34 1	84 1	132 1	165 1	179 2	196 2	277 2	292 2	294 2	304 2	337 2	
16 1	18 1	35 1	133 1	166 1	180 2	278 2	293 2	295 2	305 2	338 2	0 0	0 0	
17 1	19 1	85 1	134 1	167 1	181 2	197 2	279 2	294 2	296 2	306 2	339 2	0 0	
18 1	20 1	36 1	86 1	135 1	168 1	182 2	280 2	295 2	297 2	307 2	340 2	0 0	
19 1	21 1	37 1	136 1	169 1	183 2	296 2	298 2	308 2	341 2	0 0	0 0	0 0	
20 1	38 1	87 1	137 1	170 1	184 2	198 2	281 2	297 2	299 2	342 2	0 0	0 0	
21 1	22 1	39 1	88 1	138 1	171 1	185 2	199 2	282 2	298 2	300 2	343 2	0 0	
23 1	40 1	139 1	172 1	186 2	200 2	283 2	299 2	301 2	309 2	344 2	0 0	0 0	
31 1	39 1	41 1	56 1	137 1	156 1	198 2	247 2	300 2	318 2	319 2	0 0	0 0	
32 1	40 1	42 1	57 1	138 1	157 1	173 2	199 2	248 2	301 2	320 2	0 0	0 0	
1 1	41 1	43 1	139 1	158 1	174 2	200 2	249 2	302 2	319 2	0 0	0 0	0 0	
2 1	33 1	42 1	44 1	140 1	159 1	201 2	250 2	303 2	320 2	321 2	0 0	0 0	
34 1	43 1	45 1	58 1	141 1	160 1	175 2	202 2	251 2	304 2	322 2	0 0	0 0	
3 1	35 1	44 1	46 1	59 1	161 1	176 2	203 2	252 2	305 2	321 2	323 2	0 0	
4 1	45 1	47 1	142 1	162 1	204 2	253 2	306 2	322 2	324 2	0 0	0 0	0 0	
36 1	46 1	48 1	60 1	143 1	163 1	177 2	205 2	254 2	307 2	323 2	325 2	0 0	
5 1	37 1	47 1	49 1	61 1	164 1	178 2	206 2	255 2	308 2	324 2	326 2	0 0	
6 1	38 1	48 1	50 1	62 1	144 1	165 1	179 2	207 2	256 2	325 2	327 2	0 0	
7 1	39 1	49 1	63 1	145 1	166 1	180 2	208 2	326 2	328 2	0 0	0 0	0 0	
8 1	40 1	50 1	51 1	64 1	146 1	167 1	181 2	209 2	257 2	309 2	327 2	329 2	
9 1	41 1	52 1	65 1	147 1	168 1	182 2	210 2	258 2	310 2	328 2	330 2	0 0	
42 1	51 1	53 1	66 1	148 1	169 1	183 2	211 2	259 2	311 2	329 2	331 2	0 0	
10 1	43 1	52 1	54 1	67 1	149 1	170 1	184 2	212 2	260 2	312 2	330 2	332 2	
11 1	44 1	53 1	55 1	68 1	150 1	171 1	185 2	213 2	261 2	313 2	331 2	333 2	
12 1	45 1	54 1	69 1	151 1	172 1	186 2	214 2	314 2	332 2	334 2	0 0	0 0	
13 1	46 1	55 1	56 1	70 1	152 1	187 2	215 2	262 2	315 2	333 2	335 2	0 0	
14 1	47 1	57 1	71 1	153 1	216 2	263 2	316 2	334 2	336 2	0 0	0 0	0 0	
1 1	15 1	48 1	56 1	72 1	154 1	188 2	217 2	264 2	335 2	337 2	0 0	0 0	
2 1	16 1	49 1	57 1	73 1	155 1	189 2	218 2	265 2	317 2	336 2	338 2	0 0	
17 1	50 1	58 1	74 1	156 1	190 2	219 2	266 2	318 2	337 2	339 2	0 0	0 0	
3 1	18 1	59 1	75 1	157 1	220 2	267 2	338 2	340 2	0 0	0 0	0 0	0 0	
4 1	19 1	51 1	58 1	76 1	158 1	191 2	221 2	268 2	319 2	339 2	341 2	0 0	
20 1	52 1	59 1	60 1	77 1	159 1	192 2	269 2	320 2	340 2	342 2	0 0	0 0	
5 1	21 1	53 1	61 1	78 1	160 1	222 2	270 2	341 2	343 2	0 0	0 0	0 0	
6 1	54 1	60 1	62 1	79 1	161 1	193 2	223 2	271 2	321 2	342 2	344 2	0 0	
7 1	22 1	55 1	61 1	63 1	80 1	162 1	194 2	272 2	322 2	343 2	0 0	0 0	
8 1	23 1	62 1	64 1	81 1	163 1	173 2	224 2	273 2	323 2	344 2	0 0	0 0	
9 1	56 1	63 1	65 1	82 1	164 1	174 2	195 2	225 2	274 2	324 2	0 0	0 0	
24 1	57 1	64 1	66 1	165 1	173 2	196 2	275 2	325 2	0 0	0 0	0 0	0 0	
10 1	25 1	65 1	67 1	83 1	166 1	174 2	175 2	226 2	276 2	326 2	0 0	0 0	
11 1	26 1	66 1	68 1	84 1	167 1	176 2	197 2	227 2	277 2	327 2	0 0	0 0	
12 1	27 1	58 1	67 1	69 1	168 1	175 2	228 2	278 2	328 2	0 0	0 0	0 0	
13 1	28 1	59 1	68 1	70 1	85 1	169 1	176 2	177 2	229 2	279 2	329 2	0 0	
14 1	29 1	69 1	71 1	86 1	170 1	178 2	198 2	230 2	280 2	330 2	0 0	0 0	
15 1	30 1	60 1	70 1	72 1	171 1	177 2	179 2	199 2	231 2	331 2	0 0	0 0	
16 1	61 1	71 1	73 1	87 1	172 1	178 2	180 2	200 2	232 2	281 2	332 2	0 0	
17 1	31 1	62 1	72 1	74 1	88 1	179 2	181 2	201 2	282 2	333 2	0 0	0 0	
18 1	32 1	63 1	73 1	75 1	180 2	182 2	202 2	283 2	334 2	0 0	0 0	0 0	
1 1	19 1	64 1	74 1	76 1	89 1	181 2	183 2	203 2	233 2	284 2	335 2	0 0	
2 1	20 1	33 1	65 1	75 1	77 1	90 1	182 2	184 2	204 2	234 2	285 2	336 2	
21 1	34 1	66 1	76 1	78 1	91 1	183 2	185 2	205 2	235 2	337 2	0 0	0 0	
3 1	35 1	67 1	77 1	79 1	92 1	184 2	186 2	206 2	236 2	286 2	338 2	0 0	
4 1	22 1	68 1	78 1	80 1	93 1	185 2	187 2	207 2	237 2	287 2	339 2	0 0	
23 1	36 1	69 1	79 1	81 1	94 1	186 2	208 2	238 2	288 2	340 2	0 0	0 0	
5 1	37 1	70 1	80 1	82 1	95 1	187 2	188 2	209 2	239 2	289 2	341 2	0 0	
6 1	24 1	38 1	71 1	81 1	96 1	189 2	210 2	240 2	290 2	342 2	0 0	0 0	
7 1	25 1	39 1	72 1	82 1	83 1	97 1	188 2	190 2	211 2	241 2	291 2	343 2	
8 1	26 1	40 1	73 1	84 1	98 1	189 2	212 2	242 2	292 2	344 2	0 0	0 0	
9 1	27 1	41 1	74 1	83 1	99 1	190 2	191 2	213 2	243 2	293 2	0 0	0 0	
28 1	42 1	75 1	84 1	85 1	100 1	173 2	192 2	214 2	244 2	294 2	0 0	0 0	
10 1	29 1	43 1	76 1	86 1	174 2	191 2	215 2	245 2	295 2	0 0	0 0	0 0	
11 1	30 1	44 1	77 1	85 1	101 1	192 2	193 2	216 2	246 2	296 2	0 0	0 0	
12 1	45 1	78 1	86 1	87 1	102 1	175 2	194 2	217 2	247 2	297 2	0 0	0 0	
13 1	31 1	46 1	79 1	88 1	103 1	176 2	193 2	218 2	248 2	298 2	0 0	0 0	
14 1	32 1	47 1	80 1	87 1	104 1	194 2	195 2	219 2	249 2	299 2	0 0	0 0	
15 1	48 1	81 1	88 1	89 1	105 1	177 2	196 2	220 2	250 2	300 2	0 0	0 0	
16 1	33 1	49 1	82 1	90 1	106 1	178 2	195 2	221 2	251 2	301 2	0 0	0 0	
17 1	34 1	50 1	89 1	91 1	107 1	179 2	196 2	197 2	252 2	302 2	0 0	0 0	
18 1	35 1	83 1	90 1	92 1	108 1	180 2	222 2	253 2	303 2	0 0	0 0	0 0	
19 1	51 1	84 1	91 1	93 1	109 1	181 2	197 2	223 2	254 2	304 2	0 0	0 0	
20 1	36 1	52 1	92 1	94 1	110 1	182 2	198 2	255 2	305 2	0 0	0 0	0 0	
21 1	37 1	53 1	85 1	93 1	95 1	111 1	183 2	199 2	224 2	256 2	306 2	0 0	
38 1	54 1	86 1	94 1	96 1	112 1	184 2	198 2	200 2	225 2	307 2	0 0	0 0	
22 1	39 1	55 1	95 1	97 1	113 1	185 2	199 2	201 2	257 2	308 2	0 0	0 0	
23 1	40 1	87 1	96 1	98 1	114 1	186 2	200 2	202 2	226 2	258 2	0 0	0 0	
41 1	56 1	88 1	97 1	99 1	115 1	187 2	201 2	203 2	227 2	259 2	0 0	0 0	
24 1	42 1	57 1	98 1	100 1	116 1	202 2	204 2	228 2	260 2	309 2	0 0	0 0	
25 1	43 1	89 1	99 1	117 1	188 2	203 2	205 2	229 2	261 2	310 2	0 0	0 0	
26 1	44 1	90 1	100 1	101 1	118 1	189 2	204 2	206 2	230 2	311 2	0 0	0 0	
27 1	45 1	58 1	91 1	102 1	119 1	190 2	205 2	207 2	231 2	262 2	312 2	0 0	
28 1	46 1	59 1	92 1	101 1	103 1	206 2	208 2	232 2	263 2	313 2	0 0	0 0	
29 1	47 1	93 1	102 1	104 1	120 1	191 2	207 2	209 2	264 2	314 2	0 0	0 0	
30 1	48 1	60 1	94 1	103 1	105 1	121 1	192 2	208 2	210 2	265 2	315 2	0 0	
49 1	61 1	95 1	104 1	106 1	122 1	209 2	211 2	233 2	266 2	316 2	0 0	0 0	
31 1	50 1	62 1	96 1	105 1	107 1	193 2	210 2	212 2	234 2	267 2	0 0	0 0	
32 1	63 1	97 1	106 1	108 1	123 1	194 2	211 2	213 2	235 2	268 2	317 2	0 0	
51 1	64 1	98 1	107 1	109 1	124 1	212 2	214 2	236 2	269 2	318 2	0 0	0 0	
33 1	52 1	65 1	99 1	108 1	110 1	125 1	195 2	213 2	215 2	237 2	270 2	0 0	
34 1	53 1	66 1	100 1	109 1	111 1	126 1	196 2	214 2	216 2	238 2	271 2	319 2	
35 1	54 1	67 1	110 1	112 1	127 1	215 2	217 2	239 2	272 2	320 2	0 0	0 0	
55 1	68 1	101 1	111 1	113 1	128 1	197 2	216 2	218 2	240 2	273 2	0 0	0 0	
36 1	69 1	102 1	112 1	114 1	129 1	217 2	219 2	241 2	274 2	321 2	0 0	0 0	
37 1	56 1	70 1	103 1	113 1	115 1	130 1	218 2	220 2	242 2	275 2	322 2	0 0	
38 1	57 1	71 1	104 1	114 1	116 1	131 1	198 2	219 2	221 2	243 2	276 2	323 2	
39 1	72 1	105 1	115 1	117 1	132 1	199 2	220 2	244 2	277 2	324 2	0 0	0 0	
40 1	73 1	106 1	116 1	118 1	133 1	200 2	221 2	222 2	245 2	278 2	325 2	0 0	
41 1	58 1	74 1	107 1	117 1	119 1	134 1	201 2	223 2	246 2	279 2	326 2	0 0	
42 1	59 1	75 1	108 1	118 1	135 1	202 2	222 2	247 2	280 2	327 2	0 0	0 0	
43 1	76 1	109 1	119 1	120 1	136 1	203 2	223 2	224 2	248 2	328 2	0 0	0 0	
44 1	60 1	77 1	110 1	121 1	137 1	204 2	225 2	249 2	281 2	329 2	0 0	0 0	
45 1	61 1	78 1	111 1	120 1	122 1	138 1	205 2	224 2	250 2	282 2	330 2	0 0	
46 1	62 1	79 1	112 1	121 1	139 1	206 2	225 2	226 2	251 2	283 2	331 2	0 0	
47 1	63 1	80 1	113 1	122 1	123 1	140 1	207 2	227 2	252 2	284 2	332 2	0 0	
48 1	64 1	81 1	114 1	124 1	141 1	208 2	226 2	228 2	253 2	285 2	333 2	0 0	
49 1	65 1	82 1	115 1	123 1	125 1	209 2	227 2	229 2	254 2	334 2	0 0	0 0	
50 1	66 1	116 1	124 1	126 1	142 1	210 2	228 2	230 2	255 2	286 2	335 2	0 0	
67 1	83 1	117 1	125 1	127 1	143 1	211 2	229 2	231 2	256 2	287 2	336 2	0 0	
51 1	68 1	84 1	118 1	126 1	128 1	212 2	230 2	232 2	288 2	337 2	0 0	0 0	
52 1	69 1	119 1	127 1	129 1	144 1	213 2	231 2	257 2	289 2	338 2	0 0	0 0	
53 1	70 1	85 1	128 1	130 1	145 1	214 2	232 2	258 2	290 2	339 2	0 0	0 0	
54 1	71 1	86 1	120 1	129 1	131 1	146 1	215 2	233 2	259 2	291 2	340 2	0 0	
55 1	72 1	121 1	130 1	132 1	147 1	216 2	234 2	260 2	292 2	341 2	0 0	0 0	
73 1	87 1	122 1	131 1	133 1	148 1	217 2	233 2	235 2	261 2	293 2	342 2	0 0	
56 1	74 1	88 1	132 1	134 1	149 1	218 2	234 2	236 2	294 2	343 2	0 0	0 0	
57 1	75 1	123 1	133 1	135 1	150 1	219 2	235 2	237 2	262 2	295 2	344 2	0 0	
76 1	89 1	124 1	134 1	136 1	151 1	220 2	236 2	238 2	263 2	296 2	0 0	0 0	
77 1	90 1	125 1	135 1	137 1	152 1	173 2	221 2	237 2	239 2	264 2	297 2	0 0	
58 1	78 1	91 1	126 1	136 1	138 1	153 1	174 2	238 2	240 2	265 2	298 2	0 0	
59 1	79 1	92 1	127 1	137 1	139 1	154 1	222 2	239 2	241 2	266 2	299 2	0 0	
80 1	93 1	128 1	138 1	140 1	155 1	175 2	223 2	240 2	242 2	267 2	300 2	0 0	
60 1	81 1	94 1	129 1	139 1	141 1	156 1	176 2	241 2	243 2	268 2	301 2	0 0	
61 1	82 1	95 1	130 1	140 1	157 1	224 2	242 2	244 2	269 2	302 2	0 0	0 0	
62 1	96 1	131 1	141 1	142 1	158 1	177 2	225 2	243 2	245 2	270 2	303 2	0 0	
63 1	83 1	97 1	132 1	143 1	159 1	178 2	244 2	246 2	271 2	304 2	0 0	0 0	
64 1	84 1	98 1	133 1	142 1	160 1	179 2	226 2	245 2	247 2	272 2	305 2	0 0	
65 1	99 1	134 1	143 1	144 1	161 1	180 2	227 2	246 2	248 2	273 2	306 2	0 0	
66 1	85 1	100 1	135 1	145 1	162 1	181 2	228 2	247 2	249 2	274 2	307 2	0 0	
67 1	86 1	136 1	144 1	146 1	163 1	182 2	229 2	248 2	250 2	275 2	308 2	0 0	
68 1	101 1	137 1	145 1	147 1	164 1	183 2	230 2	249 2	251 2	276 2	0 0	0 0	
69 1	87 1	102 1	138 1	146 1	148 1	165 1	184 2	231 2	250 2	252 2	277 2	0 0	
70 1	88 1	103 1	139 1	147 1	149 1	166 1	185 2	232 2	251 2	253 2	278 2	309 2	
71 1	104 1	140 1	148 1	150 1	167 1	186 2	252 2	254 2	279 2	310 2	0 0	0 0	
72 1	89 1	105 1	141 1	149 1	151 1	168 1	187 2	253 2	255 2	280 2	311 2	0 0	
73 1	90 1	106 1	150 1	152 1	169 1	233 2	254 2	256 2	312 2	0 0	0 0	0 0	
74 1	91 1	107 1	142 1	151 1	153 1	170 1	188 2	234 2	255 2	281 2	313 2	0 0	
75 1	92 1	108 1	143 1	152 1	154 1	171 1	189 2	235 2	256 2	257 2	282 2	314 2	
76 1	93 1	109 1	153 1	155 1	172 1	190 2	236 2	258 2	283 2	315 2	0 0	0 0	
77 1	94 1	110 1	144 1	154 1	156 1	237 2	257 2	259 2	284 2	316 2	0 0	0 0	
78 1	95 1	111 1	145 1	155 1	157 1	191 2	238 2	258 2	260 2	285 2	0 0	0 0	
1 1	79 1	96 1	112 1	146 1	156 1	158 1	192 2	239 2	259 2	261 2	317 2	0 0	
2 1	80 1	97 1	113 1	147 1	157 1	159 1	240 2	260 2	286 2	318 2	0 0	0 0	
81 1	98 1	114 1	148 1	158 1	160 1	193 2	241 2	261 2	262 2	287 2	0 0	0 0	
3 1	82 1	99 1	115 1	149 1	159 1	161 1	194 2	242 2	263 2	288 2	319 2	0 0	
4 1	100 1	116 1	150 1	160 1	162 1	243 2	262 2	264 2	289 2	320 2	0 0	0 0	
83 1	117 1	151 1	161 1	163 1	195 2	244 2	263 2	265 2	290 2	0 0	0 0	0 0	
5 1	84 1	101 1	118 1	152 1	162 1	164 1	196 2	245 2	264 2	266 2	291 2	321 2	
6 1	102 1	119 1	153 1	163 1	165 1	246 2	265 2	267 2	292 2	322 2	0 0	0 0	
7 1	85 1	103 1	154 1	164 1	166 1	197 2	247 2	266 2	268 2	293 2	323 2	0 0	
8 1	86 1	104 1	120 1	155 1	165 1	167 1	248 2	267 2	269 2	294 2	324 2	0 0	
9 1	105 1	121 1	156 1	166 1	168 1	249 2	268 2	270 2	295 2	325 2	0 0	0 0	
87 1	106 1	122 1	157 1	167 1	169 1	198 2	250 2	269 2	271 2	296 2	326 2	0 0	
10 1	88 1	107 1	158 1	168 1	170 1	199 2	251 2	270 2	272 2	297 2	327 2	0 0	
11 1	108 1	123 1	159 1	169 1	171 1	200 2	252 2	271 2	273 2	298 2	328 2	0 0	
12 1	89 1	109 1	124 1	160 1	170 1	172 1	201 2	253 2	272 2	274 2	299 2	329 2	
13 1	90 1	110 1	125 1	161 1	171 1	202 2	254 2	273 2	275 2	300 2	330 2	0 0	
14 1	91 1	111 1	126 1	162 1	172 1	203 2	255 2	274 2	276 2	301 2	331 2	0 0	
1 1	15 1	92 1	112 1	127 1	163 1	204 2	256 2	275 2	277 2	302 2	332 2	0 0	
2 1	16 1	93 1	113 1	128 1	164 1	205 2	276 2	278 2	303 2	333 2	0 0	0 0	
1 1	17 1	94 1	114 1	129 1	165 1	206 2	257 2	277 2	279 2	304 2	334 2	0 0	
2 1	3 1	18 1	95 1	115 1	130 1	166 1	207 2	258 2	278 2	280 2	305 2	335 2	
4 1	19 1	96 1	116 1	131 1	167 1	208 2	259 2	279 2	306 2	336 2	0 0	0 0	
3 1	20 1	97 1	117 1	132 1	168 1	209 2	260 2	280 2	281 2	307 2	337 2	0 0	
4 1	5 1	21 1	98 1	118 1	133 1	169 1	210 2	261 2	282 2	308 2	338 2	0 0	
6 1	99 1	119 1	134 1	170 1	211 2	281 2	283 2	339 2	0 0	0 0	0 0	0 0	
5 1	7 1	22 1	100 1	135 1	171 1	212 2	262 2	282 2	284 2	340 2	0 0	0 0	
6 1	8 1	23 1	120 1	136 1	172 1	213 2	263 2	283 2	285 2	309 2	341 2	0 0	
7 1	9 1	101 1	121 1	137 1	214 2	264 2	284 2	310 2	342 2	0 0	0 0	0 0	
8 1	24 1	102 1	122 1	138 1	215 2	265 2	285 2	286 2	311 2	343 2	0 0	0 0	
1 1	9 1	10 1	25 1	103 1	139 1	216 2	266 2	287 2	312 2	344 2	0 0	0 0	
2 1	11 1	26 1	104 1	123 1	140 1	217 2	267 2	286 2	288 2	313 2	0 0	0 0	
10 1	12 1	27 1	105 1	124 1	141 1	173 2	218 2	268 2	287 2	289 2	314 2	0 0	
3 1	11 1	13 1	28 1	106 1	125 1	174 2	219 2	269 2	288 2	290 2	315 2	0 0	
4 1	12 1	14 1	29 1	107 1	126 1	142 1	220 2	270 2	289 2	291 2	316 2	0 0	
13 1	15 1	30 1	108 1	127 1	143 1	175 2	221 2	271 2	290 2	292 2	0 0	0 0	
5 1	14 1	16 1	109 1	128 1	176 2	272 2	291 2	293 2	317 2	0 0	0 0	0 0	
6 1	15 1	17 1	31 1	110 1	129 1	144 1	222 2	273 2	292 2	294 2	318 2	0 0	
7 1	16 1	18 1	32 1	111 1	130 1	145 1	177 2	223 2	274 2	293 2	295 2	0 0	
8 1	17 1	19 1	112 1	131 1	146 1	178 2	275 2	294 2	296 2	319 2	0 0	0 0	
9 1	18 1	20 1	33 1	113 1	132 1	147 1	179 2	224 2	276 2	295 2	297 2	320 2	
19 1	21 1	34 1	114 1	133 1	148 1	180 2	225 2	277 2	296 2	298 2	0 0	0 0	
10 1	20 1	35 1	115 1	134 1	149 1	181 2	278 2	297 2	299 2	321 2	0 0	0 0	
11 1	21 1	22 1	116 1	135 1	150 1	182 2	226 2	279 2	298 2	300 2	322 2	0 0	
12 1	23 1	36 1	117 1	136 1	151 1	183 2	227 2	280 2	299 2	301 2	323 2	0 0	
13 1	22 1	37 1	118 1	137 1	152 1	184 2	228 2	300 2	302 2	324 2	0 0	0 0	
14 1	23 1	24 1	38 1	119 1	138 1	153 1	185 2	229 2	281 2	301 2	303 2	325 2	
15 1	25 1	39 1	139 1	154 1	186 2	230 2	282 2	302 2	304 2	326 2	0 0	0 0	
16 1	24 1	26 1	40 1	120 1	140 1	155 1	187 2	231 2	283 2	303 2	305 2	327 2	
17 1	25 1	27 1	41 1	121 1	141 1	156 1	232 2	284 2	304 2	306 2	328 2	0 0	
18 1	26 1	28 1	42 1	122 1	157 1	188 2	285 2	305 2	307 2	329 2	0 0	0 0	
19 1	27 1	29 1	43 1	142 1	158 1	189 2	306 2	308 2	330 2	0 0	0 0	0 0	
20 1	28 1	30 1	44 1	123 1	143 1	159 1	190 2	233 2	286 2	307 2	331 2	0 0	
21 1	29 1	45 1	124 1	160 1	234 2	287 2	308 2	332 2	0 0	0 0	0 0	0 0	
30 1	31 1	46 1	125 1	144 1	161 1	191 2	235 2	288 2	309 2	333 2	0 0	0 0	
22 1	32 1	47 1	126 1	145 1	162 1	192 2	236 2	289 2	310 2	334 2	0 0	0 0	
23 1	31 1	48 1	127 1	146 1	163 1	237 2	290 2	309 2	311 2	335 2	0 0	0 0	
32 1	33 1	49 1	128 1	147 1	164 1	193 2	238 2	291 2	310 2	312 2	336 2	0 0	
24 1	34 1	50 1	129 1	148 1	165 1	194 2	239 2	292 2	311 2	313 2	337 2	0 0	
25 1	33 1	35 1	130 1	149 1	166 1	240 2	293 2	312 2	314 2	338 2	0 0	0 0	
26 1	34 1	51 1	131 1	150 1	167 1	195 2	241 2	294 2	313 2	315 2	339 2	0 0	
27 1	35 1	36 1	52 1	132 1	151 1	168 1	196 2	242 2	295 2	314 2	316 2	340 2	
28 1	37 1	53 1	133 1	152 1	169 1	243 2	296 2	315 2	341 2	0 0	0 0	0 0	
29 1	36 1	38 1	54 1	134 1	153 1	170 1	197 2	244 2	297 2	316 2	317 2	342 2	
30 1	37 1	39 1	55 1	135 1	154 1	171 1	245 2	298 2	318 2	343 2	0 0	0 0	
38 1	40 1	136 1	155 1	172 1	246 2	299 2	317 2	344 2	0 0	0 0	0 0	0 0	
3 1	38 1	92 1	149 1	170 1	172 1	199 1	216 1	237 1	328 1	345 1	347 1	357 1	
4 1	39 1	93 1	150 1	171 1	173 1	200 1	217 1	238 1	329 1	346 1	348 1	358 1	
6 1	41 1	95 1	152 1	173 1	175 1	202 1	219 1	240 1	331 1	348 1	350 1	360 1	
7 1	42 1	96 1	153 1	174 1	176 1	203 1	220 1	241 1	332 1	349 1	351 1	361 1	
9 1	44 1	98 1	155 1	176 1	178 1	205 1	222 1	243 1	334 1	351 1	353 1	363 1	
10 1	45 1	99 1	156 1	177 1	179 1	206 1	223 1	244 1	335 1	352 1	354 1	364 1	
11 1	46 1	100 1	157 1	178 1	180 1	207 1	224 1	245 1	336 1	353 1	355 1	365 1	
12 1	47 1	101 1	158 1	179 1	181 1	208 1	225 1	246 1	337 1	354 1	356 1	366 1	
13 1	48 1	102 1	159 1	180 1	182 1	209 1	226 1	247 1	338 1	355 1	357 1	367 1	
15 1	50 1	104 1	161 1	182 1	184 1	211 1	228 1	249 1	340 1	357 1	359 1	369 1	
16 1	51 1	105 1	162 1	183 1	185 1	212 1	229 1	250 1	341 1	358 1	360 1	370 1	
17 1	52 1	106 1	163 1	184 1	186 1	213 1	230 1	251 1	342 1	359 1	361 1	371 1	
18 1	53 1	107 1	164 1	185 1	187 1	214 1	231 1	252 1	343 1	360 1	362 1	372 1	
19 1	54 1	108 1	165 1	186 1	188 1	215 1	232 1	253 1	344 1	361 1	363 1	373 1	
20 1	55 1	109 1	166 1	187 1	189 1	216 1	233 1	254 1	345 1	362 1	364 1	374 1	
21 1	56 1	110 1	167 1	188 1	190 1	217 1	234 1	255 1	346 1	363 1	365 1	375 1	
22 1	57 1	111 1	168 1	189 1	191 1	218 1	235 1	256 1	347 1	364 1	366 1	376 1	
23 1	58 1	112 1	169 1	190 1	192 1	219 1	236 1	257 1	348 1	365 1	367 1	377 1	
24 1	59 1	113 1	170 1	191 1	193 1	220 1	237 1	258 1	349 1	366 1	368 1	378 1	
25 1	60 1	114 1	171 1	192 1	194 1	221 1	238 1	259 1	350 1	367 1	369 1	379 1	
26 1	61 1	115 1	172 1	193 1	195 1	222 1	239 1	260 1	351 1	368 1	370 1	380 1	
1 1	28 1	63 1	117 1	174 1	195 1	224 1	241 1	262 1	353 1	370 1	372 1	382 1	
2 1	29 1	64 1	118 1	175 1	196 1	225 1	242 1	263 1	354 1	371 1	373 1	383 1	
2 1	4 1	31 1	66 1	120 1	177 1	227 1	244 1	265 1	356 1	373 1	375 1	385 1	
3 1	5 1	32 1	67 1	121 1	178 1	228 1	245 1	266 1	357 1	374 1	376 1	386 1	
4 1	6 1	33 1	68 1	122 1	179 1	229 1	246 1	267 1	358 1	375 1	377 1	387 1	
5 1	7 1	34 1	69 1	123 1	180 1	230 1	247 1	268 1	359 1	376 1	378 1	388 1	
6 1	8 1	35 1	70 1	124 1	181 1	231 1	248 1	269 1	360 1	377 1	379 1	389 1	
7 1	9 1	36 1	71 1	125 1	182 1	232 1	249 1	270 1	361 1	378 1	380 1	390 1	
8 1	10 1	37 1	72 1	126 1	183 1	233 1	250 1	271 1	362 1	379 1	381 1	391 1	
10 1	12 1	39 1	74 1	128 1	185 1	197 1	235 1	252 1	273 1	364 1	381 1	383 1	
11 1	13 1	40 1	75 1	129 1	186 1	198 1	236 1	253 1	274 1	365 1	382 1	384 1	
13 1	15 1	42 1	77 1	131 1	188 1	200 1	238 1	255 1	276 1	367 1	384 1	386 1	
14 1	16 1	43 1	78 1	132 1	189 1	201 1	239 1	256 1	277 1	368 1	385 1	387 1	
15 1	17 1	44 1	79 1	133 1	190 1	202 1	240 1	257 1	278 1	369 1	386 1	388 1	
17 1	19 1	46 1	81 1	135 1	192 1	204 1	242 1	259 1	280 1	371 1	388 1	390 1	
18 1	20 1	47 1	82 1	136 1	193 1	205 1	243 1	260 1	281 1	372 1	389 1	391 1	
19 1	21 1	48 1	83 1	137 1	194 1	206 1	244 1	261 1	282 1	373 1	390 1	392 1	
20 1	22 1	49 1	84 1	138 1	195 1	197 1	207 1	245 1	262 1	283 1	374 1	391 1	
21 1	23 1	50 1	85 1	139 1	196 1	198 1	208 1	246 1	263 1	284 1	375 1	392 1	
1 1	22 1	24 1	51 1	86 1	140 1	197 1	199 1	209 1	247 1	264 1	285 1	376 1	
2 1	23 1	25 1	52 1	87 1	141 1	198 1	200 1	210 1	248 1	265 1	286 1	377 1	
3 1	24 1	26 1	53 1	88 1	142 1	199 1	201 1	211 1	249 1	266 1	287 1	378 1	
4 1	25 1	27 1	54 1	89 1	143 1	200 1	202 1	212 1	250 1	267 1	288 1	379 1	
5 1	26 1	28 1	55 1	90 1	144 1	201 1	203 1	213 1	251 1	268 1	289 1	380 1	
6 1	27 1	29 1	56 1	91 1	145 1	202 1	204 1	214 1	252 1	269 1	290 1	381 1	
7 1	28 1	30 1	57 1	92 1	146 1	203 1	205 1	215 1	253 1	270 1	291 1	382 1	
8 1	29 1	31 1	58 1	93 1	147 1	204 1	206 1	216 1	254 1	271 1	292 1	383 1	
9 1	30 1	32 1	59 1	94 1	148 1	205 1	207 1	217 1	255 1	272 1	293 1	384 1	
10 1	31 1	33 1	60 1	95 1	149 1	206 1	208 1	218 1	256 1	273 1	294 1	385 1	
12 1	33 1	35 1	62 1	97 1	151 1	208 1	210 1	220 1	258 1	275 1	296 1	387 1	
13 1	34 1	36 1	63 1	98 1	152 1	209 1	211 1	221 1	259 1	276 1	297 1	388 1	
14 1	35 1	37 1	64 1	99 1	153 1	210 1	212 1	222 1	260 1	277 1	298 1	389 1	
15 1	36 1	38 1	65 1	100 1	154 1	211 1	213 1	223 1	261 1	278 1	299 1	390 1	
16 1	37 1	39 1	66 1	101 1	155 1	212 1	214 1	224 1	262 1	279 1	300 1	391 1	
18 1	39 1	41 1	68 1	103 1	157 1	197 1	214 1	216 1	226 1	264 1	281 1	302 1	
19 1	40 1	42 1	69 1	104 1	158 1	198 1	215 1	217 1	227 1	265 1	282 1	303 1	
22 1	43 1	45 1	72 1	107 1	161 1	201 1	218 1	220 1	230 1	268 1	285 1	306 1	
23 1	44 1	46 1	73 1	108 1	162 1	202 1	219 1	221 1	231 1	269 1	286 1	307 1	
25 1	46 1	48 1	75 1	110 1	164 1	204 1	221 1	223 1	233 1	271 1	288 1	309 1	
26 1	47 1	49 1	76 1	111 1	165 1	205 1	222 1	224 1	234 1	272 1	289 1	310 1	
27 1	48 1	50 1	77 1	112 1	166 1	206 1	223 1	225 1	235 1	273 1	290 1	311 1	
28 1	49 1	51 1	78 1	113 1	167 1	207 1	224 1	226 1	236 1	274 1	291 1	312 1	
29 1	50 1	52 1	79 1	114 1	168 1	208 1	225 1	227 1	237 1	275 1	292 1	313 1	
30 1	51 1	53 1	80 1	115 1	169 1	209 1	226 1	228 1	238 1	276 1	293 1	314 1	
31 1	52 1	54 1	81 1	116 1	170 1	210 1	227 1	229 1	239 1	277 1	294 1	315 1	
32 1	53 1	55 1	82 1	117 1	171 1	211 1	228 1	230 1	240 1	278 1	295 1	316 1	
33 1	54 1	56 1	83 1	118 1	172 1	212 1	229 1	231 1	241 1	279 1	296 1	317 1	
34 1	55 1	57 1	84 1	119 1	173 1	213 1	230 1	232 1	242 1	280 1	297 1	318 1	
35 1	56 1	58 1	85 1	120 1	174 1	214 1	231 1	233 1	243 1	281 1	298 1	319 1	
36 1	57 1	59 1	86 1	121 1	175 1	215 1	232 1	234 1	244 1	282 1	299 1	320 1	
37 1	58 1	60 1	87 1	122 1	176 1	216 1	233 1	235 1	245 1	283 1	300 1	321 1	
38 1	59 1	61 1	88 1	123 1	177 1	217 1	234 1	236 1	246 1	284 1	301 1	322 1	
39 1	60 1	62 1	89 1	124 1	178 1	218 1	235 1	237 1	247 1	285 1	302 1	323 1	
40 1	61 1	63 1	90 1	125 1	179 1	219 1	236 1	238 1	248 1	286 1	303 1	324 1	
41 1	62 1	64 1	91 1	126 1	180 1	220 1	237 1	239 1	249 1	287 1	304 1	325 1	
42 1	63 1	65 1	92 1	127 1	181 1	221 1	238 1	240 1	250 1	288 1	305 1	326 1	
43 1	64 1	66 1	93 1	128 1	182 1	222 1	239 1	241 1	251 1	289 1	306 1	327 1	
44 1	65 1	67 1	94 1	129 1	183 1	223 1	240 1	242 1	252 1	290 1	307 1	328 1	
45 1	66 1	68 1	95 1	130 1	184 1	224 1	241 1	243 1	253 1	291 1	308 1	329 1	
46 1	67 1	69 1	96 1	131 1	185 1	225 1	242 1	244 1	254 1	292 1	309 1	330 1	
47 1	68 1	70 1	97 1	132 1	186 1	226 1	243 1	245 1	255 1	293 1	310 1	331 1	
49 1	70 1	72 1	99 1	134 1	188 1	228 1	245 1	247 1	257 1	295 1	312 1	333 1	
50 1	71 1	73 1	100 1	135 1	189 1	229 1	246 1	248 1	258 1	296 1	313 1	334 1	
52 1	73 1	75 1	102 1	137 1	191 1	231 1	248 1	250 1	260 1	298 1	315 1	336 1	
53 1	74 1	76 1	103 1	138 1	192 1	232 1	249 1	251 1	261 1	299 1	316 1	337 1	
55 1	76 1	78 1	105 1	140 1	194 1	234 1	251 1	253 1	263 1	301 1	318 1	339 1	
56 1	77 1	79 1	106 1	141 1	195 1	235 1	252 1	254 1	264 1	302 1	319 1	340 1	
1 1	58 1	79 1	81 1	108 1	143 1	237 1	254 1	256 1	266 1	304 1	321 1	342 1	
2 1	59 1	80 1	82 1	109 1	144 1	238 1	255 1	257 1	267 1	305 1	322 1	343 1	
3 1	60 1	81 1	83 1	110 1	145 1	239 1	256 1	258 1	268 1	306 1	323 1	344 1	
4 1	61 1	82 1	84 1	111 1	146 1	240 1	257 1	259 1	269 1	307 1	324 1	345 1	
5 1	62 1	83 1	85 1	112 1	147 1	241 1	258 1	260 1	270 1	308 1	325 1	346 1	
6 1	63 1	84 1	86 1	113 1	148 1	242 1	259 1	261 1	271 1	309 1	326 1	347 1	
7 1	64 1	85 1	87 1	114 1	149 1	243 1	260 1	262 1	272 1	310 1	327 1	348 1	
8 1	65 1	86 1	88 1	115 1	150 1	244 1	261 1	263 1	273 1	311 1	328 1	349 1	
9 1	66 1	87 1	89 1	116 1	151 1	245 1	262 1	264 1	274 1	312 1	329 1	350 1	
10 1	67 1	88 1	90 1	117 1	152 1	246 1	263 1	265 1	275 1	313 1	330 1	351 1	
11 1	68 1	89 1	91 1	118 1	153 1	247 1	264 1	266 1	276 1	314 1	331 1	352 1	
12 1	69 1	90 1	92 1	119 1	154 1	248 1	265 1	267 1	277 1	315 1	332 1	353 1	
14 1	71 1	92 1	94 1	121 1	156 1	250 1	267 1	269 1	279 1	317 1	334 1	355 1	
15 1	72 1	93 1	95 1	122 1	157 1	251 1	268 1	270 1	280 1	318 1	335 1	356 1	
16 1	73 1	94 1	96 1	123 1	158 1	252 1	269 1	271 1	281 1	319 1	336 1	357 1	
17 1	74 1	95 1	97 1	124 1	159 1	253 1	270 1	272 1	282 1	320 1	337 1	358 1	
18 1	75 1	96 1	98 1	125 1	160 1	254 1	271 1	273 1	283 1	321 1	338 1	359 1	
19 1	76 1	97 1	99 1	126 1	161 1	255 1	272 1	274 1	284 1	322 1	339 1	360 1	
20 1	77 1	98 1	100 1	127 1	162 1	256 1	273 1	275 1	285 1	323 1	340 1	361 1	
21 1	78 1	99 1	101 1	128 1	163 1	257 1	274 1	276 1	286 1	324 1	341 1	362 1	
22 1	79 1	100 1	102 1	129 1	164 1	258 1	275 1	277 1	287 1	325 1	342 1	363 1	
23 1	80 1	101 1	103 1	130 1	165 1	259 1	276 1	278 1	288 1	326 1	343 1	364 1	
24 1	81 1	102 1	104 1	131 1	166 1	260 1	277 1	279 1	289 1	327 1	344 1	365 1	
25 1	82 1	103 1	105 1	132 1	167 1	261 1	278 1	280 1	290 1	328 1	345 1	366 1	
26 1	83 1	104 1	106 1	133 1	168 1	262 1	279 1	281 1	291 1	329 1	346 1	367 1	
27 1	84 1	105 1	107 1	134 1	169 1	263 1	280 1	282 1	292 1	330 1	347 1	368 1	
28 1	85 1	106 1	108 1	135 1	170 1	264 1	281 1	283 1	293 1	331 1	348 1	369 1	
29 1	86 1	107 1	109 1	136 1	171 1	265 1	282 1	284 1	294 1	332 1	349 1	370 1	
30 1	87 1	108 1	110 1	137 1	172 1	266 1	283 1	285 1	295 1	333 1	350 1	371 1	
31 1	88 1	109 1	111 1	138 1	173 1	267 1	284 1	286 1	296 1	334 1	351 1	372 1	
32 1	89 1	110 1	112 1	139 1	174 1	268 1	285 1	287 1	297 1	335 1	352 1	373 1	
34 1	91 1	112 1	114 1	141 1	176 1	270 1	287 1	289 1	299 1	337 1	354 1	375 1	
35 1	92 1	113 1	115 1	142 1	177 1	271 1	288 1	290 1	300 1	338 1	355 1	376 1	
36 1	93 1	114 1	116 1	143 1	178 1	272 1	289 1	291 1	301 1	339 1	356 1	377 1	
38 1	95 1	116 1	118 1	145 1	180 1	274 1	291 1	293 1	303 1	341 1	358 1	379 1	
39 1	96 1	117 1	119 1	146 1	181 1	275 1	292 1	294 1	304 1	342 1	359 1	380 1	
40 1	97 1	118 1	120 1	147 1	182 1	276 1	293 1	295 1	305 1	343 1	360 1	381 1	
41 1	98 1	119 1	121 1	148 1	183 1	277 1	294 1	296 1	306 1	344 1	361 1	382 1	
42 1	99 1	120 1	122 1	149 1	184 1	278 1	295 1	297 1	307 1	345 1	362 1	383 1	
43 1	100 1	121 1	123 1	150 1	185 1	279 1	296 1	298 1	308 1	346 1	363 1	384 1	
44 1	101 1	122 1	124 1	151 1	186 1	280 1	297 1	299 1	309 1	347 1	364 1	385 1	
45 1	102 1	123 1	125 1	152 1	187 1	281 1	298 1	300 1	310 1	348 1	365 1	386 1	
46 1	103 1	124 1	126 1	153 1	188 1	282 1	299 1	301 1	311 1	349 1	366 1	387 1	
47 1	104 1	125 1	127 1	154 1	189 1	283 1	300 1	302 1	312 1	350 1	367 1	388 1	
48 1	105 1	126 1	128 1	155 1	190 1	284 1	301 1	303 1	313 1	351 1	368 1	389 1	
49 1	106 1	127 1	129 1	156 1	191 1	285 1	302 1	304 1	314 1	352 1	369 1	390 1	
50 1	107 1	128 1	130 1	157 1	192 1	286 1	303 1	305 1	315 1	353 1	370 1	391 1	
51 1	108 1	129 1	131 1	158 1	193 1	287 1	304 1	306 1	316 1	354 1	371 1	392 1	
52 1	109 1	130 1	132 1	159 1	194 1	197 1	288 1	305 1	307 1	317 1	355 1	372 1	
53 1	110 1	131 1	133 1	160 1	195 1	198 1	289 1	306 1	308 1	318 1	356 1	373 1	
54 1	111 1	132 1	134 1	161 1	196 1	199 1	290 1	307 1	309 1	319 1	357 1	374 1	
1 1	55 1	112 1	133 1	135 1	162 1	200 1	291 1	308 1	310 1	320 1	358 1	375 1	
2 1	56 1	113 1	134 1	136 1	163 1	201 1	292 1	309 1	311 1	321 1	359 1	376 1	
4 1	58 1	115 1	136 1	138 1	165 1	203 1	294 1	311 1	313 1	323 1	361 1	378 1	
5 1	59 1	116 1	137 1	139 1	166 1	204 1	295 1	312 1	314 1	324 1	362 1	379 1	
7 1	61 1	118 1	139 1	141 1	168 1	206 1	297 1	314 1	316 1	326 1	364 1	381 1	
8 1	62 1	119 1	140 1	142 1	169 1	207 1	298 1	315 1	317 1	327 1	365 1	382 1	
9 1	63 1	120 1	141 1	143 1	170 1	208 1	299 1	316 1	318 1	328 1	366 1	383 1	
10 1	64 1	121 1	142 1	144 1	171 1	209 1	300 1	317 1	319 1	329 1	367 1	384 1	
11 1	65 1	122 1	143 1	145 1	172 1	210 1	301 1	318 1	320 1	330 1	368 1	385 1	
12 1	66 1	123 1	144 1	146 1	173 1	211 1	302 1	319 1	321 1	331 1	369 1	386 1	
13 1	67 1	124 1	145 1	147 1	174 1	212 1	303 1	320 1	322 1	332 1	370 1	387 1	
14 1	68 1	125 1	146 1	148 1	175 1	213 1	304 1	321 1	323 1	333 1	371 1	388 1	
15 1	69 1	126 1	147 1	149 1	176 1	214 1	305 1	322 1	324 1	334 1	372 1	389 1	
16 1	70 1	127 1	148 1	150 1	177 1	215 1	306 1	323 1	325 1	335 1	373 1	390 1	
17 1	71 1	128 1	149 1	151 1	178 1	216 1	307 1	324 1	326 1	336 1	374 1	391 1	
18 1	72 1	129 1	150 1	152 1	179 1	217 1	308 1	325 1	327 1	337 1	375 1	392 1	
19 1	73 1	130 1	151 1	153 1	180 1	197 1	218 1	309 1	326 1	328 1	338 1	376 1	
20 1	74 1	131 1	152 1	154 1	181 1	198 1	219 1	310 1	327 1	329 1	339 1	377 1	
21 1	75 1	132 1	153 1	155 1	182 1	199 1	220 1	311 1	328 1	330 1	340 1	378 1	
22 1	76 1	133 1	154 1	156 1	183 1	200 1	221 1	312 1	329 1	331 1	341 1	379 1	
23 1	77 1	134 1	155 1	157 1	184 1	201 1	222 1	313 1	330 1	332 1	342 1	380 1	
24 1	78 1	135 1	156 1	158 1	185 1	202 1	223 1	314 1	331 1	333 1	343 1	381 1	
25 1	79 1	136 1	157 1	159 1	186 1	203 1	224 1	315 1	332 1	334 1	344 1	382 1	
26 1	80 1	137 1	158 1	160 1	187 1	204 1	225 1	316 1	333 1	335 1	345 1	383 1	
27 1	81 1	138 1	159 1	161 1	188 1	205 1	226 1	317 1	334 1	336 1	346 1	384 1	
28 1	82 1	139 1	160 1	162 1	189 1	206 1	227 1	318 1	335 1	337 1	347 1	385 1	
29 1	83 1	140 1	161 1	163 1	190 1	207 1	228 1	319 1	336 1	338 1	348 1	386 1	
30 1	84 1	141 1	162 1	164 1	191 1	208 1	229 1	320 1	337 1	339 1	349 1	387 1	
31 1	85 1	142 1	163 1	165 1	192 1	209 1	230 1	321 1	338 1	340 1	350 1	388 1	
32 1	86 1	143 1	164 1	166 1	193 1	210 1	231 1	322 1	339 1	341 1	351 1	389 1	
33 1	87 1	144 1	165 1	167 1	194 1	211 1	232 1	323 1	340 1	342 1	352 1	390 1	
34 1	88 1	145 1	166 1	168 1	195 1	212 1	233 1	324 1	341 1	343 1	353 1	391 1	
35 1	89 1	146 1	167 1	169 1	196 1	213 1	234 1	325 1	342 1	344 1	354 1	392 1	
2 2	40 2	50 2	52 2	69 2	160 2	181 2	198 2	225 2	227 2	248 2	305 2	359 2	
3 2	41 2	51 2	53 2	70 2	161 2	182 2	199 2	226 2	228 2	249 2	306 2	360 2	
5 2	43 2	53 2	55 2	72 2	163 2	184 2	201 2	228 2	230 2	251 2	308 2	362 2	
6 2	44 2	54 2	56 2	73 2	164 2	185 2	202 2	229 2	231 2	252 2	309 2	363 2	
8 2	46 2	56 2	58 2	75 2	166 2	187 2	204 2	231 2	233 2	254 2	311 2	365 2	
9 2	47 2	57 2	59 2	76 2	167 2	188 2	205 2	232 2	234 2	255 2	312 2	366 2	
10 2	48 2	58 2	60 2	77 2	168 2	189 2	206 2	233 2	235 2	256 2	313 2	367 2	
11 2	49 2	59 2	61 2	78 2	169 2	190 2	207 2	234 2	236 2	257 2	314 2	368 2	
12 2	50 2	60 2	62 2	79 2	170 2	191 2	208 2	235 2	237 2	258 2	315 2	369 2	
13 2	51 2	61 2	63 2	80 2	171 2	192 2	209 2	236 2	238 2	259 2	316 2	370 2	
14 2	52 2	62 2	64 2	81 2	172 2	193 2	210 2	237 2	239 2	260 2	317 2	371 2	
15 2	53 2	63 2	65 2	82 2	173 2	194 2	211 2	238 2	240 2	261 2	318 2	372 2	
16 2	54 2	64 2	66 2	83 2	174 2	195 2	212 2	239 2	241 2	262 2	319 2	373 2	
17 2	55 2	65 2	67 2	84 2	175 2	196 2	213 2	240 2	242 2	263 2	320 2	374 2	
1 2	18 2	56 2	66 2	68 2	85 2	176 2	214 2	241 2	243 2	264 2	321 2	375 2	
3 2	20 2	58 2	68 2	70 2	87 2	178 2	216 2	243 2	245 2	266 2	323 2	377 2	
4 2	21 2	59 2	69 2	71 2	88 2	179 2	217 2	244 2	246 2	267 2	324 2	378 2	
5 2	22 2	60 2	70 2	72 2	89 2	180 2	218 2	245 2	247 2	268 2	325 2	379 2	
7 2	24 2	62 2	72 2	74 2	91 2	182 2	220 2	247 2	249 2	270 2	327 2	381 2	
8 2	25 2	63 2	73 2	75 2	92 2	183 2	221 2	248 2	250 2	271 2	328 2	382 2	
10 2	27 2	65 2	75 2	77 2	94 2	185 2	223 2	250 2	252 2	273 2	330 2	384 2	
11 2	28 2	66 2	76 2	78 2	95 2	186 2	224 2	251 2	253 2	274 2	331 2	385 2	
13 2	30 2	68 2	78 2	80 2	97 2	188 2	226 2	253 2	255 2	276 2	333 2	387 2	
14 2	31 2	69 2	79 2	81 2	98 2	189 2	227 2	254 2	256 2	277 2	334 2	388 2	
16 2	33 2	71 2	81 2	83 2	100 2	191 2	229 2	256 2	258 2	279 2	336 2	390 2	
19 2	36 2	74 2	84 2	86 2	103 2	194 2	197 2	232 2	259 2	261 2	282 2	339 2	
20 2	37 2	75 2	85 2	87 2	104 2	195 2	198 2	233 2	260 2	262 2	283 2	340 2	
21 2	38 2	76 2	86 2	88 2	105 2	196 2	199 2	234 2	261 2	263 2	284 2	341 2	
1 2	22 2	39 2	77 2	87 2	89 2	106 2	200 2	235 2	262 2	264 2	285 2	342 2	
2 2	23 2	40 2	78 2	88 2	90 2	107 2	201 2	236 2	263 2	265 2	286 2	343 2	
3 2	24 2	41 2	79 2	89 2	91 2	108 2	202 2	237 2	264 2	266 2	287 2	344 2	
4 2	25 2	42 2	80 2	90 2	92 2	109 2	203 2	238 2	265 2	267 2	288 2	345 2	
5 2	26 2	43 2	81 2	91 2	93 2	110 2	204 2	239 2	266 2	268 2	289 2	346 2	
6 2	27 2	44 2	82 2	92 2	94 2	111 2	205 2	240 2	267 2	269 2	290 2	347 2	
7 2	28 2	45 2	83 2	93 2	95 2	112 2	206 2	241 2	268 2	270 2	291 2	348 2	
8 2	29 2	46 2	84 2	94 2	96 2	113 2	207 2	242 2	269 2	271 2	292 2	349 2	
9 2	30 2	47 2	85 2	95 2	97 2	114 2	208 2	243 2	270 2	272 2	293 2	350 2	
10 2	31 2	48 2	86 2	96 2	98 2	115 2	209 2	244 2	271 2	273 2	294 2	351 2	
11 2	32 2	49 2	87 2	97 2	99 2	116 2	210 2	245 2	272 2	274 2	295 2	352 2	
12 2	33 2	50 2	88 2	98 2	100 2	117 2	211 2	246 2	273 2	275 2	296 2	353 2	
13 2	34 2	51 2	89 2	99 2	101 2	118 2	212 2	247 2	274 2	276 2	297 2	354 2	
14 2	35 2	52 2	90 2	100 2	102 2	119 2	213 2	248 2	275 2	277 2	298 2	355 2	
15 2	36 2	53 2	91 2	101 2	103 2	120 2	214 2	249 2	276 2	278 2	299 2	356 2	
16 2	37 2	54 2	92 2	102 2	104 2	121 2	215 2	250 2	277 2	279 2	300 2	357 2	
17 2	38 2	55 2	93 2	103 2	105 2	122 2	216 2	251 2	278 2	280 2	301 2	358 2	
18 2	39 2	56 2	94 2	104 2	106 2	123 2	217 2	252 2	279 2	281 2	302 2	359 2	
19 2	40 2	57 2	95 2	105 2	107 2	124 2	218 2	253 2	280 2	282 2	303 2	360 2	
20 2	41 2	58 2	96 2	106 2	108 2	125 2	219 2	254 2	281 2	283 2	304 2	361 2	
21 2	42 2	59 2	97 2	107 2	109 2	126 2	220 2	255 2	282 2	284 2	305 2	362 2	
23 2	44 2	61 2	99 2	109 2	111 2	128 2	222 2	257 2	284 2	286 2	307 2	364 2	
24 2	45 2	62 2	100 2	110 2	112 2	129 2	223 2	258 2	285 2	287 2	308 2	365 2	
26 2	47 2	64 2	102 2	112 2	114 2	131 2	225 2	260 2	287 2	289 2	310 2	367 2	
27 2	48 2	65 2	103 2	113 2	115 2	132 2	226 2	261 2	288 2	290 2	311 2	368 2	
29 2	50 2	67 2	105 2	115 2	117 2	134 2	228 2	263 2	290 2	292 2	313 2	370 2	
30 2	51 2	68 2	106 2	116 2	118 2	135 2	229 2	264 2	291 2	293 2	314 2	371 2	
31 2	52 2	69 2	107 2	117 2	119 2	136 2	230 2	265 2	292 2	294 2	315 2	372 2	
32 2	53 2	70 2	108 2	118 2	120 2	137 2	231 2	266 2	293 2	295 2	316 2	373 2	
33 2	54 2	71 2	109 2	119 2	121 2	138 2	232 2	267 2	294 2	296 2	317 2	374 2	
34 2	55 2	72 2	110 2	120 2	122 2	139 2	233 2	268 2	295 2	297 2	318 2	375 2	
35 2	56 2	73 2	111 2	121 2	123 2	140 2	234 2	269 2	296 2	298 2	319 2	376 2	
38 2	59 2	76 2	114 2	124 2	126 2	143 2	237 2	272 2	299 2	301 2	322 2	379 2	
39 2	60 2	77 2	115 2	125 2	127 2	144 2	238 2	273 2	300 2	302 2	323 2	380 2	
40 2	61 2	78 2	116 2	126 2	128 2	145 2	239 2	274 2	301 2	303 2	324 2	381 2	
41 2	62 2	79 2	117 2	127 2	129 2	146 2	240 2	275 2	302 2	304 2	325 2	382 2	
42 2	63 2	80 2	118 2	128 2	130 2	147 2	241 2	276 2	303 2	305 2	326 2	383 2	
43 2	64 2	81 2	119 2	129 2	131 2	148 2	242 2	277 2	304 2	306 2	327 2	384 2	
44 2	65 2	82 2	120 2	130 2	132 2	149 2	243 2	278 2	305 2	307 2	328 2	385 2	
45 2	66 2	83 2	121 2	131 2	133 2	150 2	244 2	279 2	306 2	308 2	329 2	386 2	
46 2	67 2	84 2	122 2	132 2	134 2	151 2	245 2	280 2	307 2	309 2	330 2	387 2	
47 2	68 2	85 2	123 2	133 2	135 2	152 2	246 2	281 2	308 2	310 2	331 2	388 2	
48 2	69 2	86 2	124 2	134 2	136 2	153 2	247 2	282 2	309 2	311 2	332 2	389 2	
49 2	70 2	87 2	125 2	135 2	137 2	154 2	248 2	283 2	310 2	312 2	333 2	390 2	
50 2	71 2	88 2	126 2	136 2	138 2	155 2	249 2	284 2	311 2	313 2	334 2	391 2	
51 2	72 2	89 2	127 2	137 2	139 2	156 2	250 2	285 2	312 2	314 2	335 2	392 2	
52 2	73 2	90 2	128 2	138 2	140 2	157 2	197 2	251 2	286 2	313 2	315 2	336 2	
53 2	74 2	91 2	129 2	139 2	141 2	158 2	198 2	252 2	287 2	314 2	316 2	337 2	
54 2	75 2	92 2	130 2	140 2	142 2	159 2	199 2	253 2	288 2	315 2	317 2	338 2	
55 2	76 2	93 2	131 2	141 2	143 2	160 2	200 2	254 2	289 2	316 2	318 2	339 2	
56 2	77 2	94 2	132 2	142 2	144 2	161 2	201 2	255 2	290 2	317 2	319 2	340 2	
57 2	78 2	95 2	133 2	143 2	145 2	162 2	202 2	256 2	291 2	318 2	320 2	341 2	
58 2	79 2	96 2	134 2	144 2	146 2	163 2	203 2	257 2	292 2	319 2	321 2	342 2	
59 2	80 2	97 2	135 2	145 2	147 2	164 2	204 2	258 2	293 2	320 2	322 2	343 2	
60 2	81 2	98 2	136 2	146 2	148 2	165 2	205 2	259 2	294 2	321 2	323 2	344 2	
61 2	82 2	99 2	137 2	147 2	149 2	166 2	206 2	260 2	295 2	322 2	324 2	345 2	
63 2	84 2	101 2	139 2	149 2	151 2	168 2	208 2	262 2	297 2	324 2	326 2	347 2	
64 2	85 2	102 2	140 2	150 2	152 2	169 2	209 2	263 2	298 2	325 2	327 2	348 2	
65 2	86 2	103 2	141 2	151 2	153 2	170 2	210 2	264 2	299 2	326 2	328 2	349 2	
66 2	87 2	104 2	142 2	152 2	154 2	171 2	211 2	265 2	300 2	327 2	329 2	350 2	
67 2	88 2	105 2	143 2	153 2	155 2	172 2	212 2	266 2	301 2	328 2	330 2	351 2	
69 2	90 2	107 2	145 2	155 2	157 2	174 2	214 2	268 2	303 2	330 2	332 2	353 2	
70 2	91 2	108 2	146 2	156 2	158 2	175 2	215 2	269 2	304 2	331 2	333 2	354 2	
71 2	92 2	109 2	147 2	157 2	159 2	176 2	216 2	270 2	305 2	332 2	334 2	355 2	
72 2	93 2	110 2	148 2	158 2	160 2	177 2	217 2	271 2	306 2	333 2	335 2	356 2	
73 2	94 2	111 2	149 2	159 2	161 2	178 2	218 2	272 2	307 2	334 2	336 2	357 2	
74 2	95 2	112 2	150 2	160 2	162 2	179 2	219 2	273 2	308 2	335 2	337 2	358 2	
75 2	96 2	113 2	151 2	161 2	163 2	180 2	220 2	274 2	309 2	336 2	338 2	359 2	
76 2	97 2	114 2	152 2	162 2	164 2	181 2	221 2	275 2	310 2	337 2	339 2	360 2	
77 2	98 2	115 2	153 2	163 2	165 2	182 2	222 2	276 2	311 2	338 2	340 2	361 2	
78 2	99 2	116 2	154 2	164 2	166 2	183 2	223 2	277 2	312 2	339 2	341 2	362 2	
79 2	100 2	117 2	155 2	165 2	167 2	184 2	224 2	278 2	313 2	340 2	342 2	363 2	
80 2	101 2	118 2	156 2	166 2	168 2	185 2	225 2	279 2	314 2	341 2	343 2	364 2	
81 2	102 2	119 2	157 2	167 2	169 2	186 2	226 2	280 2	315 2	342 2	344 2	365 2	
82 2	103 2	120 2	158 2	168 2	170 2	187 2	227 2	281 2	316 2	343 2	345 2	366 2	
83 2	104 2	121 2	159 2	169 2	171 2	188 2	228 2	282 2	317 2	344 2	346 2	367 2	
84 2	105 2	122 2	160 2	170 2	172 2	189 2	229 2	283 2	318 2	345 2	347 2	368 2	
85 2	106 2	123 2	161 2	171 2	173 2	190 2	230 2	284 2	319 2	346 2	348 2	369 2	
86 2	107 2	124 2	162 2	172 2	174 2	191 2	231 2	285 2	320 2	347 2	349 2	370 2	
87 2	108 2	125 2	163 2	173 2	175 2	192 2	232 2	286 2	321 2	348 2	350 2	371 2	
89 2	110 2	127 2	165 2	175 2	177 2	194 2	234 2	288 2	323 2	350 2	352 2	373 2	
90 2	111 2	128 2	166 2	176 2	178 2	195 2	235 2	289 2	324 2	351 2	353 2	374 2	
91 2	112 2	129 2	167 2	177 2	179 2	196 2	236 2	290 2	325 2	352 2	354 2	375 2	
1 2	92 2	113 2	130 2	168 2	178 2	180 2	237 2	291 2	326 2	353 2	355 2	376 2	
2 2	93 2	114 2	131 2	169 2	179 2	181 2	238 2	292 2	327 2	354 2	356 2	377 2	
4 2	95 2	116 2	133 2	171 2	181 2	183 2	240 2	294 2	329 2	356 2	358 2	379 2	
5 2	96 2	117 2	134 2	172 2	182 2	184 2	241 2	295 2	330 2	357 2	359 2	380 2	
6 2	97 2	118 2	135 2	173 2	183 2	185 2	242 2	296 2	331 2	358 2	360 2	381 2	
7 2	98 2	119 2	136 2	174 2	184 2	186 2	243 2	297 2	332 2	359 2	361 2	382 2	
8 2	99 2	120 2	137 2	175 2	185 2	187 2	244 2	298 2	333 2	360 2	362 2	383 2	
9 2	100 2	121 2	138 2	176 2	186 2	188 2	245 2	299 2	334 2	361 2	363 2	384 2	
10 2	101 2	122 2	139 2	177 2	187 2	189 2	246 2	300 2	335 2	362 2	364 2	385 2	
11 2	102 2	123 2	140 2	178 2	188 2	190 2	247 2	301 2	336 2	363 2	365 2	386 2	
12 2	103 2	124 2	141 2	179 2	189 2	191 2	248 2	302 2	337 2	364 2	366 2	387 2	
13 2	104 2	125 2	142 2	180 2	190 2	192 2	249 2	303 2	338 2	365 2	367 2	388 2	
14 2	105 2	126 2	143 2	181 2	191 2	193 2	250 2	304 2	339 2	366 2	368 2	389 2	
15 2	106 2	127 2	144 2	182 2	192 2	194 2	251 2	305 2	340 2	367 2	369 2	390 2	
16 2	107 2	128 2	145 2	183 2	193 2	195 2	252 2	306 2	341 2	368 2	370 2	391 2	
17 2	108 2	129 2	146 2	184 2	194 2	196 2	253 2	307 2	342 2	369 2	371 2	392 2	
1 2	18 2	109 2	130 2	147 2	185 2	195 2	197 2	254 2	308 2	343 2	370 2	372 2	
2 2	19 2	110 2	131 2	148 2	186 2	196 2	198 2	255 2	309 2	344 2	371 2	373 2	
1 2	3 2	20 2	111 2	132 2	149 2	187 2	199 2	256 2	310 2	345 2	372 2	374 2	
2 2	4 2	21 2	112 2	133 2	150 2	188 2	200 2	257 2	311 2	346 2	373 2	375 2	
3 2	5 2	22 2	113 2	134 2	151 2	189 2	201 2	258 2	312 2	347 2	374 2	376 2	
4 2	6 2	23 2	114 2	135 2	152 2	190 2	202 2	259 2	313 2	348 2	375 2	377 2	
5 2	7 2	24 2	115 2	136 2	153 2	191 2	203 2	260 2	314 2	349 2	376 2	378 2	
6 2	8 2	25 2	116 2	137 2	154 2	192 2	204 2	261 2	315 2	350 2	377 2	379 2	
7 2	9 2	26 2	117 2	138 2	155 2	193 2	205 2	262 2	316 2	351 2	378 2	380 2	
10 2	12 2	29 2	120 2	141 2	158 2	196 2	208 2	265 2	319 2	354 2	381 2	383 2	
1 2	11 2	13 2	30 2	121 2	142 2	159 2	209 2	266 2	320 2	355 2	382 2	384 2	
2 2	12 2	14 2	31 2	122 2	143 2	160 2	210 2	267 2	321 2	356 2	383 2	385 2	
3 2	13 2	15 2	32 2	123 2	144 2	161 2	211 2	268 2	322 2	357 2	384 2	386 2	
4 2	14 2	16 2	33 2	124 2	145 2	162 2	212 2	269 2	323 2	358 2	385 2	387 2	
5 2	15 2	17 2	34 2	125 2	146 2	163 2	213 2	270 2	324 2	359 2	386 2	388 2	
6 2	16 2	18 2	35 2	126 2	147 2	164 2	214 2	271 2	325 2	360 2	387 2	389 2	
7 2	17 2	19 2	36 2	127 2	148 2	165 2	215 2	272 2	326 2	361 2	388 2	390 2	
9 2	19 2	21 2	38 2	129 2	150 2	167 2	217 2	274 2	328 2	363 2	390 2	392 2	
10 2	20 2	22 2	39 2	130 2	151 2	168 2	197 2	218 2	275 2	329 2	364 2	391 2	
12 2	22 2	24 2	41 2	132 2	153 2	170 2	197 2	199 2	220 2	277 2	331 2	366 2	
13 2	23 2	25 2	42 2	133 2	154 2	171 2	198 2	200 2	221 2	278 2	332 2	367 2	
15 2	25 2	27 2	44 2	135 2	156 2	173 2	200 2	202 2	223 2	280 2	334 2	369 2	
16 2	26 2	28 2	45 2	136 2	157 2	174 2	201 2	203 2	224 2	281 2	335 2	370 2	
17 2	27 2	29 2	46 2	137 2	158 2	175 2	202 2	204 2	225 2	282 2	336 2	371 2	
18 2	28 2	30 2	47 2	138 2	159 2	176 2	203 2	205 2	226 2	283 2	337 2	372 2	
19 2	29 2	31 2	48 2	139 2	160 2	177 2	204 2	206 2	227 2	284 2	338 2	373 2	
20 2	30 2	32 2	49 2	140 2	161 2	178 2	205 2	207 2	228 2	285 2	339 2	374 2	
21 2	31 2	33 2	50 2	141 2	162 2	179 2	206 2	208 2	229 2	286 2	340 2	375 2	
22 2	32 2	34 2	51 2	142 2	163 2	180 2	207 2	209 2	230 2	287 2	341 2	376 2	
23 2	33 2	35 2	52 2	143 2	164 2	181 2	208 2	210 2	231 2	288 2	342 2	377 2	
24 2	34 2	36 2	53 2	144 2	165 2	182 2	209 2	211 2	232 2	289 2	343 2	378 2	
25 2	35 2	37 2	54 2	145 2	166 2	183 2	210 2	212 2	233 2	290 2	344 2	379 2	
26 2	36 2	38 2	55 2	146 2	167 2	184 2	211 2	213 2	234 2	291 2	345 2	380 2	
27 2	37 2	39 2	56 2	147 2	168 2	185 2	212 2	214 2	235 2	292 2	346 2	381 2	
28 2	38 2	40 2	57 2	148 2	169 2	186 2	213 2	215 2	236 2	293 2	347 2	382 2	
29 2	39 2	41 2	58 2	149 2	170 2	187 2	214 2	216 2	237 2	294 2	348 2	383 2	
30 2	40 2	42 2	59 2	150 2	171 2	188 2	215 2	217 2	238 2	295 2	349 2	384 2	
31 2	41 2	43 2	60 2	151 2	172 2	189 2	216 2	218 2	239 2	296 2	350 2	385 2	
32 2	42 2	44 2	61 2	152 2	173 2	190 2	217 2	219 2	240 2	297 2	351 2	386 2	
33 2	43 2	45 2	62 2	153 2	174 2	191 2	218 2	220 2	241 2	298 2	352 2	387 2	
34 2	44 2	46 2	63 2	154 2	175 2	192 2	219 2	221 2	242 2	299 2	353 2	388 2	
35 2	45 2	47 2	64 2	155 2	176 2	193 2	220 2	222 2	243 2	300 2	354 2	389 2	
36 2	46 2	48 2	65 2	156 2	177 2	194 2	221 2	223 2	244 2	301 2	355 2	390 2	
37 2	47 2	49 2	66 2	157 2	178 2	195 2	222 2	224 2	245 2	302 2	356 2	391 2	
38 2	48 2	50 2	67 2	158 2	179 2	196 2	223 2	225 2	246 2	303 2	357 2	392 2	
