480 440
12 12
11 11 11 11 10 10 10 10 10 10 10 10 9 9 9 9 9 10 10 10 10 10 10 10 11 11 11 11 11 11 11 11 12 12 12 12 12 11 11 11 11 11 11 11 11 11 11 11 11 11 11 11 11 11 11 11 11 11 11 11 11 11 11 11 11 11 11 11 11 11 11 11 11 11 11 11 11 11 11 11 11 11 11 11 11 11 11 11 11 11 11 11 11 11 11 11 11 11 11 11 11 11 11 11 11 11 11 11 11 11 11 11 11 11 11 11 11 12 12 12 11 11 11 11 11 11 11 11 11 11 11 11 11 11 11 11 11 11 11 11 12 12 12 12 11 11 11 11 11 11 11 11 11 11 11 11 11 11 11 11 11 11 11 11 12 12 12 12 12 12 12 12 12 12 12 12 12 12 12 12 12 12 12 12 12 12 12 12 12 12 12 12 12 12 12 12 12 12 12 12 12 12 12 12 12 11 11 11 11 11 11 11 11 11 11 11 11 11 11 11 9 9 9 9 9 10 10 10 10 10 10 10 10 10 10 10 10 9 9 9 11 11 11 11 11 11 11 11 11 11 11 11 11 11 11 12 12 12 12 12 12 12 12 12 12 12 12 12 12 12 12 12 12 12 12 12 12 12 12 12 12 12 12 12 12 12 12 12 12 12 12 12 12 12 12 12 11 11 11 11 11 11 11 11 11 11 11 11 11 11 11 11 11 11 11 11 12 12 12 12 11 11 11 11 11 11 11 11 11 11 11 11 11 11 11 11 11 11 11 11 12 12 12 11 11 11 11 11 11 11 11 11 11 11 11 11 11 11 11 11 11 11 11 11 11 11 11 11 11 11 11 11 11 11 11 11 11 11 11 11 11 11 11 11 11 11 11 11 11 11 11 11 11 11 11 11 11 11 11 11 11 11 11 11 11 11 11 11 11 11 11 11 11 11 11 11 11 11 11 11 11 11 11 12 12 12 12 12 11 11 11 11 11 11 11 11 10 10 10 10 10 10 10 9 9 9 9 9 10 10 10 10 10 10 10 10 11 11 11 11 9 9 9 10 10 10 10 10 10 10 10 10 10 10 10 9 9 9 9 9 
12 12 12 12 12 12 12 12 12 12 12 12 12 12 12 12 12 12 12 12 12 12 12 12 12 12 12 12 12 12 12 12 12 12 12 12 12 12 12 12 12 12 12 12 12 12 12 12 12 12 12 12 12 12 12 12 12 12 12 12 12 12 12 12 12 12 12 12 12 12 12 12 12 12 12 12 12 12 12 12 12 12 12 12 12 12 12 12 12 12 12 12 12 12 12 12 12 12 12 12 12 12 12 12 12 12 12 12 12 12 12 12 12 12 12 12 12 12 12 12 12 12 12 12 12 12 12 12 12 12 12 12 12 12 12 12 12 12 12 12 12 12 12 12 12 12 12 12 12 12 12 12 12 12 12 12 12 12 12 12 12 12 12 12 12 12 12 12 12 12 12 12 12 12 12 12 12 12 12 12 12 12 12 12 12 12 12 12 12 12 12 12 12 12 12 12 12 12 12 12 12 12 12 12 12 12 12 12 12 12 12 12 12 12 12 12 12 12 12 12 12 12 12 12 12 12 12 12 12 12 12 12 12 12 12 12 12 12 12 12 12 12 12 12 12 12 12 12 12 12 12 12 12 12 12 12 12 12 12 12 12 12 12 12 12 12 12 12 12 12 12 12 12 12 12 12 12 12 12 12 12 12 12 12 12 12 12 12 12 12 12 12 12 12 12 12 12 12 12 12 12 12 12 12 12 12 12 12 12 12 12 12 12 12 12 12 12 12 12 12 12 12 12 12 12 12 12 12 12 12 12 12 12 12 12 12 12 12 12 12 12 12 12 12 12 12 12 12 12 12 12 12 12 12 12 12 12 12 12 12 12 12 12 12 12 12 12 12 12 12 12 12 12 12 12 12 12 12 12 12 12 12 12 12 12 12 12 12 12 12 12 12 12 12 12 12 12 12 12 12 12 12 12 12 12 12 12 12 12 12 12 12 12 12 12 12 12 12 12 12 12 12 12 12 12 12 12 12 12 12 12 12 12 12 12 12 12 12 12 12 
1 1	77 1	101 1	144 1	217 1	221 2	236 2	344 2	384 2	404 2	429 2	0 0	
2 1	78 1	102 1	145 1	218 1	222 2	237 2	345 2	385 2	405 2	430 2	0 0	
3 1	79 1	103 1	146 1	219 1	223 2	238 2	346 2	386 2	406 2	431 2	0 0	
4 1	80 1	104 1	147 1	220 1	224 2	239 2	347 2	387 2	407 2	432 2	0 0	
5 1	81 1	105 1	148 1	225 2	240 2	348 2	388 2	408 2	433 2	0 0	0 0	
6 1	82 1	106 1	149 1	226 2	241 2	349 2	389 2	409 2	434 2	0 0	0 0	
7 1	83 1	107 1	150 1	227 2	242 2	350 2	390 2	410 2	435 2	0 0	0 0	
8 1	84 1	108 1	151 1	228 2	243 2	351 2	391 2	411 2	436 2	0 0	0 0	
9 1	85 1	109 1	152 1	229 2	244 2	352 2	392 2	412 2	437 2	0 0	0 0	
10 1	86 1	110 1	153 1	230 2	245 2	353 2	393 2	413 2	438 2	0 0	0 0	
11 1	87 1	111 1	154 1	231 2	246 2	354 2	394 2	414 2	439 2	0 0	0 0	
12 1	88 1	112 1	155 1	232 2	247 2	355 2	395 2	415 2	440 2	0 0	0 0	
13 1	89 1	113 1	156 1	233 2	248 2	356 2	396 2	416 2	0 0	0 0	0 0	
14 1	90 1	114 1	157 1	234 2	249 2	357 2	397 2	417 2	0 0	0 0	0 0	
15 1	91 1	115 1	158 1	235 2	250 2	358 2	398 2	418 2	0 0	0 0	0 0	
16 1	92 1	116 1	159 1	236 2	251 2	359 2	399 2	419 2	0 0	0 0	0 0	
17 1	93 1	117 1	160 1	237 2	252 2	360 2	400 2	420 2	0 0	0 0	0 0	
1 1	18 1	94 1	118 1	161 1	238 2	253 2	361 2	401 2	421 2	0 0	0 0	
2 1	19 1	95 1	119 1	162 1	239 2	254 2	362 2	402 2	422 2	0 0	0 0	
3 1	20 1	96 1	120 1	163 1	240 2	255 2	363 2	403 2	423 2	0 0	0 0	
4 1	21 1	97 1	121 1	164 1	241 2	256 2	364 2	404 2	424 2	0 0	0 0	
5 1	22 1	98 1	122 1	165 1	242 2	257 2	365 2	405 2	425 2	0 0	0 0	
6 1	23 1	99 1	123 1	166 1	243 2	258 2	366 2	406 2	426 2	0 0	0 0	
7 1	24 1	100 1	124 1	167 1	244 2	259 2	367 2	407 2	427 2	0 0	0 0	
1 1	8 1	25 1	101 1	125 1	168 1	245 2	260 2	368 2	408 2	428 2	0 0	
2 1	9 1	26 1	102 1	126 1	169 1	246 2	261 2	369 2	409 2	429 2	0 0	
3 1	10 1	27 1	103 1	127 1	170 1	247 2	262 2	370 2	410 2	430 2	0 0	
4 1	11 1	28 1	104 1	128 1	171 1	248 2	263 2	371 2	411 2	431 2	0 0	
5 1	12 1	29 1	105 1	129 1	172 1	249 2	264 2	372 2	412 2	432 2	0 0	
6 1	13 1	30 1	106 1	130 1	173 1	250 2	265 2	373 2	413 2	433 2	0 0	
7 1	14 1	31 1	107 1	131 1	174 1	251 2	266 2	374 2	414 2	434 2	0 0	
8 1	15 1	32 1	108 1	132 1	175 1	252 2	267 2	375 2	415 2	435 2	0 0	
9 1	16 1	33 1	109 1	133 1	176 1	221 2	253 2	268 2	376 2	416 2	436 2	
10 1	17 1	34 1	110 1	134 1	177 1	222 2	254 2	269 2	377 2	417 2	437 2	
11 1	18 1	35 1	111 1	135 1	178 1	223 2	255 2	270 2	378 2	418 2	438 2	
12 1	19 1	36 1	112 1	136 1	179 1	224 2	256 2	271 2	379 2	419 2	439 2	
13 1	20 1	37 1	113 1	137 1	180 1	225 2	257 2	272 2	380 2	420 2	440 2	
14 1	21 1	38 1	114 1	138 1	181 1	226 2	258 2	273 2	381 2	421 2	0 0	
15 1	22 1	39 1	115 1	139 1	182 1	227 2	259 2	274 2	382 2	422 2	0 0	
16 1	23 1	40 1	116 1	140 1	183 1	228 2	260 2	275 2	383 2	423 2	0 0	
17 1	24 1	41 1	117 1	141 1	184 1	229 2	261 2	276 2	384 2	424 2	0 0	
18 1	25 1	42 1	118 1	142 1	185 1	230 2	262 2	277 2	385 2	425 2	0 0	
19 1	26 1	43 1	119 1	143 1	186 1	231 2	263 2	278 2	386 2	426 2	0 0	
20 1	27 1	44 1	120 1	144 1	187 1	232 2	264 2	279 2	387 2	427 2	0 0	
21 1	28 1	45 1	121 1	145 1	188 1	233 2	265 2	280 2	388 2	428 2	0 0	
22 1	29 1	46 1	122 1	146 1	189 1	234 2	266 2	281 2	389 2	429 2	0 0	
23 1	30 1	47 1	123 1	147 1	190 1	235 2	267 2	282 2	390 2	430 2	0 0	
24 1	31 1	48 1	124 1	148 1	191 1	236 2	268 2	283 2	391 2	431 2	0 0	
25 1	32 1	49 1	125 1	149 1	192 1	237 2	269 2	284 2	392 2	432 2	0 0	
26 1	33 1	50 1	126 1	150 1	193 1	238 2	270 2	285 2	393 2	433 2	0 0	
27 1	34 1	51 1	127 1	151 1	194 1	239 2	271 2	286 2	394 2	434 2	0 0	
28 1	35 1	52 1	128 1	152 1	195 1	240 2	272 2	287 2	395 2	435 2	0 0	
29 1	36 1	53 1	129 1	153 1	196 1	241 2	273 2	288 2	396 2	436 2	0 0	
30 1	37 1	54 1	130 1	154 1	197 1	242 2	274 2	289 2	397 2	437 2	0 0	
31 1	38 1	55 1	131 1	155 1	198 1	243 2	275 2	290 2	398 2	438 2	0 0	
32 1	39 1	56 1	132 1	156 1	199 1	244 2	276 2	291 2	399 2	439 2	0 0	
33 1	40 1	57 1	133 1	157 1	200 1	245 2	277 2	292 2	400 2	440 2	0 0	
34 1	41 1	58 1	134 1	158 1	201 1	221 2	246 2	278 2	293 2	401 2	0 0	
35 1	42 1	59 1	135 1	159 1	202 1	222 2	247 2	279 2	294 2	402 2	0 0	
36 1	43 1	60 1	136 1	160 1	203 1	223 2	248 2	280 2	295 2	403 2	0 0	
37 1	44 1	61 1	137 1	161 1	204 1	224 2	249 2	281 2	296 2	404 2	0 0	
38 1	45 1	62 1	138 1	162 1	205 1	225 2	250 2	282 2	297 2	405 2	0 0	
39 1	46 1	63 1	139 1	163 1	206 1	226 2	251 2	283 2	298 2	406 2	0 0	
40 1	47 1	64 1	140 1	164 1	207 1	227 2	252 2	284 2	299 2	407 2	0 0	
41 1	48 1	65 1	141 1	165 1	208 1	228 2	253 2	285 2	300 2	408 2	0 0	
42 1	49 1	66 1	142 1	166 1	209 1	229 2	254 2	286 2	301 2	409 2	0 0	
43 1	50 1	67 1	143 1	167 1	210 1	230 2	255 2	287 2	302 2	410 2	0 0	
44 1	51 1	68 1	144 1	168 1	211 1	231 2	256 2	288 2	303 2	411 2	0 0	
45 1	52 1	69 1	145 1	169 1	212 1	232 2	257 2	289 2	304 2	412 2	0 0	
46 1	53 1	70 1	146 1	170 1	213 1	233 2	258 2	290 2	305 2	413 2	0 0	
47 1	54 1	71 1	147 1	171 1	214 1	234 2	259 2	291 2	306 2	414 2	0 0	
48 1	55 1	72 1	148 1	172 1	215 1	235 2	260 2	292 2	307 2	415 2	0 0	
49 1	56 1	73 1	149 1	173 1	216 1	236 2	261 2	293 2	308 2	416 2	0 0	
50 1	57 1	74 1	150 1	174 1	217 1	237 2	262 2	294 2	309 2	417 2	0 0	
51 1	58 1	75 1	151 1	175 1	218 1	238 2	263 2	295 2	310 2	418 2	0 0	
52 1	59 1	76 1	152 1	176 1	219 1	239 2	264 2	296 2	311 2	419 2	0 0	
53 1	60 1	77 1	153 1	177 1	220 1	240 2	265 2	297 2	312 2	420 2	0 0	
54 1	61 1	78 1	154 1	178 1	221 2	241 2	266 2	298 2	313 2	421 2	0 0	
55 1	62 1	79 1	155 1	179 1	222 2	242 2	267 2	299 2	314 2	422 2	0 0	
56 1	63 1	80 1	156 1	180 1	223 2	243 2	268 2	300 2	315 2	423 2	0 0	
57 1	64 1	81 1	157 1	181 1	224 2	244 2	269 2	301 2	316 2	424 2	0 0	
58 1	65 1	82 1	158 1	182 1	225 2	245 2	270 2	302 2	317 2	425 2	0 0	
59 1	66 1	83 1	159 1	183 1	226 2	246 2	271 2	303 2	318 2	426 2	0 0	
60 1	67 1	84 1	160 1	184 1	227 2	247 2	272 2	304 2	319 2	427 2	0 0	
61 1	68 1	85 1	161 1	185 1	228 2	248 2	273 2	305 2	320 2	428 2	0 0	
62 1	69 1	86 1	162 1	186 1	229 2	249 2	274 2	306 2	321 2	429 2	0 0	
63 1	70 1	87 1	163 1	187 1	230 2	250 2	275 2	307 2	322 2	430 2	0 0	
64 1	71 1	88 1	164 1	188 1	231 2	251 2	276 2	308 2	323 2	431 2	0 0	
65 1	72 1	89 1	165 1	189 1	232 2	252 2	277 2	309 2	324 2	432 2	0 0	
66 1	73 1	90 1	166 1	190 1	233 2	253 2	278 2	310 2	325 2	433 2	0 0	
67 1	74 1	91 1	167 1	191 1	234 2	254 2	279 2	311 2	326 2	434 2	0 0	
68 1	75 1	92 1	168 1	192 1	235 2	255 2	280 2	312 2	327 2	435 2	0 0	
69 1	76 1	93 1	169 1	193 1	236 2	256 2	281 2	313 2	328 2	436 2	0 0	
70 1	77 1	94 1	170 1	194 1	237 2	257 2	282 2	314 2	329 2	437 2	0 0	
71 1	78 1	95 1	171 1	195 1	238 2	258 2	283 2	315 2	330 2	438 2	0 0	
72 1	79 1	96 1	172 1	196 1	239 2	259 2	284 2	316 2	331 2	439 2	0 0	
73 1	80 1	97 1	173 1	197 1	240 2	260 2	285 2	317 2	332 2	440 2	0 0	
1 1	74 1	81 1	98 1	174 1	198 1	241 2	261 2	286 2	318 2	333 2	0 0	
2 1	75 1	82 1	99 1	175 1	199 1	242 2	262 2	287 2	319 2	334 2	0 0	
3 1	76 1	83 1	100 1	176 1	200 1	243 2	263 2	288 2	320 2	335 2	0 0	
4 1	77 1	84 1	101 1	177 1	201 1	244 2	264 2	289 2	321 2	336 2	0 0	
5 1	78 1	85 1	102 1	178 1	202 1	245 2	265 2	290 2	322 2	337 2	0 0	
6 1	79 1	86 1	103 1	179 1	203 1	246 2	266 2	291 2	323 2	338 2	0 0	
7 1	80 1	87 1	104 1	180 1	204 1	247 2	267 2	292 2	324 2	339 2	0 0	
8 1	81 1	88 1	105 1	181 1	205 1	248 2	268 2	293 2	325 2	340 2	0 0	
9 1	82 1	89 1	106 1	182 1	206 1	249 2	269 2	294 2	326 2	341 2	0 0	
10 1	83 1	90 1	107 1	183 1	207 1	250 2	270 2	295 2	327 2	342 2	0 0	
11 1	84 1	91 1	108 1	184 1	208 1	251 2	271 2	296 2	328 2	343 2	0 0	
12 1	85 1	92 1	109 1	185 1	209 1	252 2	272 2	297 2	329 2	344 2	0 0	
13 1	86 1	93 1	110 1	186 1	210 1	253 2	273 2	298 2	330 2	345 2	0 0	
14 1	87 1	94 1	111 1	187 1	211 1	254 2	274 2	299 2	331 2	346 2	0 0	
15 1	88 1	95 1	112 1	188 1	212 1	255 2	275 2	300 2	332 2	347 2	0 0	
16 1	89 1	96 1	113 1	189 1	213 1	256 2	276 2	301 2	333 2	348 2	0 0	
17 1	90 1	97 1	114 1	190 1	214 1	257 2	277 2	302 2	334 2	349 2	0 0	
18 1	91 1	98 1	115 1	191 1	215 1	258 2	278 2	303 2	335 2	350 2	0 0	
19 1	92 1	99 1	116 1	192 1	216 1	259 2	279 2	304 2	336 2	351 2	0 0	
20 1	93 1	100 1	117 1	193 1	217 1	260 2	280 2	305 2	337 2	352 2	0 0	
21 1	94 1	101 1	118 1	194 1	218 1	221 2	261 2	281 2	306 2	338 2	353 2	
22 1	95 1	102 1	119 1	195 1	219 1	222 2	262 2	282 2	307 2	339 2	354 2	
23 1	96 1	103 1	120 1	196 1	220 1	223 2	263 2	283 2	308 2	340 2	355 2	
24 1	97 1	104 1	121 1	197 1	224 2	264 2	284 2	309 2	341 2	356 2	0 0	
25 1	98 1	105 1	122 1	198 1	225 2	265 2	285 2	310 2	342 2	357 2	0 0	
26 1	99 1	106 1	123 1	199 1	226 2	266 2	286 2	311 2	343 2	358 2	0 0	
27 1	100 1	107 1	124 1	200 1	227 2	267 2	287 2	312 2	344 2	359 2	0 0	
28 1	101 1	108 1	125 1	201 1	228 2	268 2	288 2	313 2	345 2	360 2	0 0	
29 1	102 1	109 1	126 1	202 1	229 2	269 2	289 2	314 2	346 2	361 2	0 0	
30 1	103 1	110 1	127 1	203 1	230 2	270 2	290 2	315 2	347 2	362 2	0 0	
31 1	104 1	111 1	128 1	204 1	231 2	271 2	291 2	316 2	348 2	363 2	0 0	
32 1	105 1	112 1	129 1	205 1	232 2	272 2	292 2	317 2	349 2	364 2	0 0	
33 1	106 1	113 1	130 1	206 1	233 2	273 2	293 2	318 2	350 2	365 2	0 0	
34 1	107 1	114 1	131 1	207 1	234 2	274 2	294 2	319 2	351 2	366 2	0 0	
35 1	108 1	115 1	132 1	208 1	235 2	275 2	295 2	320 2	352 2	367 2	0 0	
36 1	109 1	116 1	133 1	209 1	236 2	276 2	296 2	321 2	353 2	368 2	0 0	
37 1	110 1	117 1	134 1	210 1	237 2	277 2	297 2	322 2	354 2	369 2	0 0	
38 1	111 1	118 1	135 1	211 1	238 2	278 2	298 2	323 2	355 2	370 2	0 0	
39 1	112 1	119 1	136 1	212 1	239 2	279 2	299 2	324 2	356 2	371 2	0 0	
40 1	113 1	120 1	137 1	213 1	240 2	280 2	300 2	325 2	357 2	372 2	0 0	
41 1	114 1	121 1	138 1	214 1	241 2	281 2	301 2	326 2	358 2	373 2	0 0	
42 1	115 1	122 1	139 1	215 1	242 2	282 2	302 2	327 2	359 2	374 2	0 0	
43 1	116 1	123 1	140 1	216 1	243 2	283 2	303 2	328 2	360 2	375 2	0 0	
1 1	44 1	117 1	124 1	141 1	217 1	244 2	284 2	304 2	329 2	361 2	376 2	
2 1	45 1	118 1	125 1	142 1	218 1	245 2	285 2	305 2	330 2	362 2	377 2	
3 1	46 1	119 1	126 1	143 1	219 1	246 2	286 2	306 2	331 2	363 2	378 2	
4 1	47 1	120 1	127 1	144 1	220 1	247 2	287 2	307 2	332 2	364 2	379 2	
5 1	48 1	121 1	128 1	145 1	248 2	288 2	308 2	333 2	365 2	380 2	0 0	
6 1	49 1	122 1	129 1	146 1	249 2	289 2	309 2	334 2	366 2	381 2	0 0	
7 1	50 1	123 1	130 1	147 1	250 2	290 2	310 2	335 2	367 2	382 2	0 0	
8 1	51 1	124 1	131 1	148 1	251 2	291 2	311 2	336 2	368 2	383 2	0 0	
9 1	52 1	125 1	132 1	149 1	252 2	292 2	312 2	337 2	369 2	384 2	0 0	
10 1	53 1	126 1	133 1	150 1	253 2	293 2	313 2	338 2	370 2	385 2	0 0	
11 1	54 1	127 1	134 1	151 1	254 2	294 2	314 2	339 2	371 2	386 2	0 0	
12 1	55 1	128 1	135 1	152 1	255 2	295 2	315 2	340 2	372 2	387 2	0 0	
13 1	56 1	129 1	136 1	153 1	256 2	296 2	316 2	341 2	373 2	388 2	0 0	
14 1	57 1	130 1	137 1	154 1	257 2	297 2	317 2	342 2	374 2	389 2	0 0	
15 1	58 1	131 1	138 1	155 1	258 2	298 2	318 2	343 2	375 2	390 2	0 0	
16 1	59 1	132 1	139 1	156 1	259 2	299 2	319 2	344 2	376 2	391 2	0 0	
17 1	60 1	133 1	140 1	157 1	260 2	300 2	320 2	345 2	377 2	392 2	0 0	
18 1	61 1	134 1	141 1	158 1	261 2	301 2	321 2	346 2	378 2	393 2	0 0	
19 1	62 1	135 1	142 1	159 1	262 2	302 2	322 2	347 2	379 2	394 2	0 0	
20 1	63 1	136 1	143 1	160 1	263 2	303 2	323 2	348 2	380 2	395 2	0 0	
21 1	64 1	137 1	144 1	161 1	264 2	304 2	324 2	349 2	381 2	396 2	0 0	
22 1	65 1	138 1	145 1	162 1	265 2	305 2	325 2	350 2	382 2	397 2	0 0	
23 1	66 1	139 1	146 1	163 1	266 2	306 2	326 2	351 2	383 2	398 2	0 0	
24 1	67 1	140 1	147 1	164 1	267 2	307 2	327 2	352 2	384 2	399 2	0 0	
1 1	25 1	68 1	141 1	148 1	165 1	268 2	308 2	328 2	353 2	385 2	400 2	
2 1	26 1	69 1	142 1	149 1	166 1	269 2	309 2	329 2	354 2	386 2	401 2	
3 1	27 1	70 1	143 1	150 1	167 1	270 2	310 2	330 2	355 2	387 2	402 2	
4 1	28 1	71 1	144 1	151 1	168 1	271 2	311 2	331 2	356 2	388 2	403 2	
5 1	29 1	72 1	145 1	152 1	169 1	272 2	312 2	332 2	357 2	389 2	404 2	
6 1	30 1	73 1	146 1	153 1	170 1	273 2	313 2	333 2	358 2	390 2	405 2	
7 1	31 1	74 1	147 1	154 1	171 1	274 2	314 2	334 2	359 2	391 2	406 2	
8 1	32 1	75 1	148 1	155 1	172 1	275 2	315 2	335 2	360 2	392 2	407 2	
9 1	33 1	76 1	149 1	156 1	173 1	276 2	316 2	336 2	361 2	393 2	408 2	
10 1	34 1	77 1	150 1	157 1	174 1	277 2	317 2	337 2	362 2	394 2	409 2	
11 1	35 1	78 1	151 1	158 1	175 1	278 2	318 2	338 2	363 2	395 2	410 2	
12 1	36 1	79 1	152 1	159 1	176 1	279 2	319 2	339 2	364 2	396 2	411 2	
13 1	37 1	80 1	153 1	160 1	177 1	280 2	320 2	340 2	365 2	397 2	412 2	
14 1	38 1	81 1	154 1	161 1	178 1	281 2	321 2	341 2	366 2	398 2	413 2	
15 1	39 1	82 1	155 1	162 1	179 1	282 2	322 2	342 2	367 2	399 2	414 2	
16 1	40 1	83 1	156 1	163 1	180 1	283 2	323 2	343 2	368 2	400 2	415 2	
17 1	41 1	84 1	157 1	164 1	181 1	284 2	324 2	344 2	369 2	401 2	416 2	
18 1	42 1	85 1	158 1	165 1	182 1	285 2	325 2	345 2	370 2	402 2	417 2	
19 1	43 1	86 1	159 1	166 1	183 1	286 2	326 2	346 2	371 2	403 2	418 2	
20 1	44 1	87 1	160 1	167 1	184 1	287 2	327 2	347 2	372 2	404 2	419 2	
21 1	45 1	88 1	161 1	168 1	185 1	288 2	328 2	348 2	373 2	405 2	420 2	
22 1	46 1	89 1	162 1	169 1	186 1	289 2	329 2	349 2	374 2	406 2	421 2	
23 1	47 1	90 1	163 1	170 1	187 1	290 2	330 2	350 2	375 2	407 2	422 2	
24 1	48 1	91 1	164 1	171 1	188 1	291 2	331 2	351 2	376 2	408 2	423 2	
25 1	49 1	92 1	165 1	172 1	189 1	292 2	332 2	352 2	377 2	409 2	424 2	
26 1	50 1	93 1	166 1	173 1	190 1	293 2	333 2	353 2	378 2	410 2	425 2	
27 1	51 1	94 1	167 1	174 1	191 1	294 2	334 2	354 2	379 2	411 2	426 2	
28 1	52 1	95 1	168 1	175 1	192 1	295 2	335 2	355 2	380 2	412 2	427 2	
29 1	53 1	96 1	169 1	176 1	193 1	296 2	336 2	356 2	381 2	413 2	428 2	
30 1	54 1	97 1	170 1	177 1	194 1	297 2	337 2	357 2	382 2	414 2	429 2	
31 1	55 1	98 1	171 1	178 1	195 1	298 2	338 2	358 2	383 2	415 2	430 2	
32 1	56 1	99 1	172 1	179 1	196 1	299 2	339 2	359 2	384 2	416 2	431 2	
33 1	57 1	100 1	173 1	180 1	197 1	300 2	340 2	360 2	385 2	417 2	432 2	
34 1	58 1	101 1	174 1	181 1	198 1	301 2	341 2	361 2	386 2	418 2	433 2	
35 1	59 1	102 1	175 1	182 1	199 1	302 2	342 2	362 2	387 2	419 2	434 2	
36 1	60 1	103 1	176 1	183 1	200 1	303 2	343 2	363 2	388 2	420 2	435 2	
37 1	61 1	104 1	177 1	184 1	201 1	304 2	344 2	364 2	389 2	421 2	436 2	
38 1	62 1	105 1	178 1	185 1	202 1	305 2	345 2	365 2	390 2	422 2	437 2	
39 1	63 1	106 1	179 1	186 1	203 1	306 2	346 2	366 2	391 2	423 2	438 2	
40 1	64 1	107 1	180 1	187 1	204 1	307 2	347 2	367 2	392 2	424 2	439 2	
41 1	65 1	108 1	181 1	188 1	205 1	308 2	348 2	368 2	393 2	425 2	440 2	
42 1	66 1	109 1	182 1	189 1	206 1	309 2	349 2	369 2	394 2	426 2	0 0	
43 1	67 1	110 1	183 1	190 1	207 1	310 2	350 2	370 2	395 2	427 2	0 0	
44 1	68 1	111 1	184 1	191 1	208 1	311 2	351 2	371 2	396 2	428 2	0 0	
45 1	69 1	112 1	185 1	192 1	209 1	312 2	352 2	372 2	397 2	429 2	0 0	
46 1	70 1	113 1	186 1	193 1	210 1	313 2	353 2	373 2	398 2	430 2	0 0	
47 1	71 1	114 1	187 1	194 1	211 1	314 2	354 2	374 2	399 2	431 2	0 0	
48 1	72 1	115 1	188 1	195 1	212 1	315 2	355 2	375 2	400 2	432 2	0 0	
49 1	73 1	116 1	189 1	196 1	213 1	316 2	356 2	376 2	401 2	433 2	0 0	
50 1	74 1	117 1	190 1	197 1	214 1	317 2	357 2	377 2	402 2	434 2	0 0	
51 1	75 1	118 1	191 1	198 1	215 1	318 2	358 2	378 2	403 2	435 2	0 0	
52 1	76 1	119 1	192 1	199 1	216 1	319 2	359 2	379 2	404 2	436 2	0 0	
53 1	77 1	120 1	193 1	200 1	217 1	320 2	360 2	380 2	405 2	437 2	0 0	
54 1	78 1	121 1	194 1	201 1	218 1	321 2	361 2	381 2	406 2	438 2	0 0	
55 1	79 1	122 1	195 1	202 1	219 1	322 2	362 2	382 2	407 2	439 2	0 0	
56 1	80 1	123 1	196 1	203 1	220 1	323 2	363 2	383 2	408 2	440 2	0 0	
57 1	81 1	124 1	197 1	204 1	324 2	364 2	384 2	409 2	0 0	0 0	0 0	
58 1	82 1	125 1	198 1	205 1	325 2	365 2	385 2	410 2	0 0	0 0	0 0	
59 1	83 1	126 1	199 1	206 1	326 2	366 2	386 2	411 2	0 0	0 0	0 0	
60 1	84 1	127 1	200 1	207 1	327 2	367 2	387 2	412 2	0 0	0 0	0 0	
61 1	85 1	128 1	201 1	208 1	328 2	368 2	388 2	413 2	0 0	0 0	0 0	
62 1	86 1	129 1	202 1	209 1	221 2	329 2	369 2	389 2	414 2	0 0	0 0	
63 1	87 1	130 1	203 1	210 1	222 2	330 2	370 2	390 2	415 2	0 0	0 0	
64 1	88 1	131 1	204 1	211 1	223 2	331 2	371 2	391 2	416 2	0 0	0 0	
65 1	89 1	132 1	205 1	212 1	224 2	332 2	372 2	392 2	417 2	0 0	0 0	
66 1	90 1	133 1	206 1	213 1	225 2	333 2	373 2	393 2	418 2	0 0	0 0	
67 1	91 1	134 1	207 1	214 1	226 2	334 2	374 2	394 2	419 2	0 0	0 0	
68 1	92 1	135 1	208 1	215 1	227 2	335 2	375 2	395 2	420 2	0 0	0 0	
69 1	93 1	136 1	209 1	216 1	228 2	336 2	376 2	396 2	421 2	0 0	0 0	
70 1	94 1	137 1	210 1	217 1	229 2	337 2	377 2	397 2	422 2	0 0	0 0	
71 1	95 1	138 1	211 1	218 1	230 2	338 2	378 2	398 2	423 2	0 0	0 0	
72 1	96 1	139 1	212 1	219 1	231 2	339 2	379 2	399 2	424 2	0 0	0 0	
73 1	97 1	140 1	213 1	220 1	232 2	340 2	380 2	400 2	425 2	0 0	0 0	
74 1	98 1	141 1	214 1	233 2	341 2	381 2	401 2	426 2	0 0	0 0	0 0	
75 1	99 1	142 1	215 1	234 2	342 2	382 2	402 2	427 2	0 0	0 0	0 0	
76 1	100 1	143 1	216 1	235 2	343 2	383 2	403 2	428 2	0 0	0 0	0 0	
1 1	33 1	58 1	78 1	118 1	221 2	238 2	245 2	318 2	361 2	385 2	0 0	
2 1	34 1	59 1	79 1	119 1	222 2	239 2	246 2	319 2	362 2	386 2	0 0	
3 1	35 1	60 1	80 1	120 1	223 2	240 2	247 2	320 2	363 2	387 2	0 0	
4 1	36 1	61 1	81 1	121 1	224 2	241 2	248 2	321 2	364 2	388 2	0 0	
5 1	37 1	62 1	82 1	122 1	225 2	242 2	249 2	322 2	365 2	389 2	0 0	
6 1	38 1	63 1	83 1	123 1	226 2	243 2	250 2	323 2	366 2	390 2	0 0	
7 1	39 1	64 1	84 1	124 1	227 2	244 2	251 2	324 2	367 2	391 2	0 0	
8 1	40 1	65 1	85 1	125 1	228 2	245 2	252 2	325 2	368 2	392 2	0 0	
9 1	41 1	66 1	86 1	126 1	229 2	246 2	253 2	326 2	369 2	393 2	0 0	
10 1	42 1	67 1	87 1	127 1	230 2	247 2	254 2	327 2	370 2	394 2	0 0	
11 1	43 1	68 1	88 1	128 1	231 2	248 2	255 2	328 2	371 2	395 2	0 0	
12 1	44 1	69 1	89 1	129 1	232 2	249 2	256 2	329 2	372 2	396 2	0 0	
13 1	45 1	70 1	90 1	130 1	233 2	250 2	257 2	330 2	373 2	397 2	0 0	
14 1	46 1	71 1	91 1	131 1	234 2	251 2	258 2	331 2	374 2	398 2	0 0	
15 1	47 1	72 1	92 1	132 1	235 2	252 2	259 2	332 2	375 2	399 2	0 0	
1 1	16 1	48 1	73 1	93 1	133 1	236 2	253 2	260 2	333 2	376 2	400 2	
2 1	17 1	49 1	74 1	94 1	134 1	237 2	254 2	261 2	334 2	377 2	401 2	
3 1	18 1	50 1	75 1	95 1	135 1	238 2	255 2	262 2	335 2	378 2	402 2	
4 1	19 1	51 1	76 1	96 1	136 1	239 2	256 2	263 2	336 2	379 2	403 2	
5 1	20 1	52 1	77 1	97 1	137 1	240 2	257 2	264 2	337 2	380 2	404 2	
6 1	21 1	53 1	78 1	98 1	138 1	241 2	258 2	265 2	338 2	381 2	405 2	
7 1	22 1	54 1	79 1	99 1	139 1	242 2	259 2	266 2	339 2	382 2	406 2	
8 1	23 1	55 1	80 1	100 1	140 1	243 2	260 2	267 2	340 2	383 2	407 2	
9 1	24 1	56 1	81 1	101 1	141 1	244 2	261 2	268 2	341 2	384 2	408 2	
10 1	25 1	57 1	82 1	102 1	142 1	245 2	262 2	269 2	342 2	385 2	409 2	
11 1	26 1	58 1	83 1	103 1	143 1	246 2	263 2	270 2	343 2	386 2	410 2	
12 1	27 1	59 1	84 1	104 1	144 1	247 2	264 2	271 2	344 2	387 2	411 2	
13 1	28 1	60 1	85 1	105 1	145 1	248 2	265 2	272 2	345 2	388 2	412 2	
14 1	29 1	61 1	86 1	106 1	146 1	249 2	266 2	273 2	346 2	389 2	413 2	
15 1	30 1	62 1	87 1	107 1	147 1	250 2	267 2	274 2	347 2	390 2	414 2	
16 1	31 1	63 1	88 1	108 1	148 1	251 2	268 2	275 2	348 2	391 2	415 2	
17 1	32 1	64 1	89 1	109 1	149 1	252 2	269 2	276 2	349 2	392 2	416 2	
18 1	33 1	65 1	90 1	110 1	150 1	253 2	270 2	277 2	350 2	393 2	417 2	
19 1	34 1	66 1	91 1	111 1	151 1	254 2	271 2	278 2	351 2	394 2	418 2	
20 1	35 1	67 1	92 1	112 1	152 1	255 2	272 2	279 2	352 2	395 2	419 2	
21 1	36 1	68 1	93 1	113 1	153 1	256 2	273 2	280 2	353 2	396 2	420 2	
22 1	37 1	69 1	94 1	114 1	154 1	257 2	274 2	281 2	354 2	397 2	421 2	
23 1	38 1	70 1	95 1	115 1	155 1	258 2	275 2	282 2	355 2	398 2	422 2	
24 1	39 1	71 1	96 1	116 1	156 1	259 2	276 2	283 2	356 2	399 2	423 2	
25 1	40 1	72 1	97 1	117 1	157 1	260 2	277 2	284 2	357 2	400 2	424 2	
26 1	41 1	73 1	98 1	118 1	158 1	261 2	278 2	285 2	358 2	401 2	425 2	
27 1	42 1	74 1	99 1	119 1	159 1	262 2	279 2	286 2	359 2	402 2	426 2	
28 1	43 1	75 1	100 1	120 1	160 1	263 2	280 2	287 2	360 2	403 2	427 2	
29 1	44 1	76 1	101 1	121 1	161 1	264 2	281 2	288 2	361 2	404 2	428 2	
30 1	45 1	77 1	102 1	122 1	162 1	265 2	282 2	289 2	362 2	405 2	429 2	
31 1	46 1	78 1	103 1	123 1	163 1	266 2	283 2	290 2	363 2	406 2	430 2	
32 1	47 1	79 1	104 1	124 1	164 1	267 2	284 2	291 2	364 2	407 2	431 2	
33 1	48 1	80 1	105 1	125 1	165 1	268 2	285 2	292 2	365 2	408 2	432 2	
34 1	49 1	81 1	106 1	126 1	166 1	269 2	286 2	293 2	366 2	409 2	433 2	
35 1	50 1	82 1	107 1	127 1	167 1	270 2	287 2	294 2	367 2	410 2	434 2	
36 1	51 1	83 1	108 1	128 1	168 1	271 2	288 2	295 2	368 2	411 2	435 2	
37 1	52 1	84 1	109 1	129 1	169 1	272 2	289 2	296 2	369 2	412 2	436 2	
38 1	53 1	85 1	110 1	130 1	170 1	273 2	290 2	297 2	370 2	413 2	437 2	
39 1	54 1	86 1	111 1	131 1	171 1	274 2	291 2	298 2	371 2	414 2	438 2	
40 1	55 1	87 1	112 1	132 1	172 1	275 2	292 2	299 2	372 2	415 2	439 2	
41 1	56 1	88 1	113 1	133 1	173 1	276 2	293 2	300 2	373 2	416 2	440 2	
42 1	57 1	89 1	114 1	134 1	174 1	277 2	294 2	301 2	374 2	417 2	0 0	
43 1	58 1	90 1	115 1	135 1	175 1	278 2	295 2	302 2	375 2	418 2	0 0	
44 1	59 1	91 1	116 1	136 1	176 1	279 2	296 2	303 2	376 2	419 2	0 0	
45 1	60 1	92 1	117 1	137 1	177 1	280 2	297 2	304 2	377 2	420 2	0 0	
46 1	61 1	93 1	118 1	138 1	178 1	281 2	298 2	305 2	378 2	421 2	0 0	
47 1	62 1	94 1	119 1	139 1	179 1	282 2	299 2	306 2	379 2	422 2	0 0	
48 1	63 1	95 1	120 1	140 1	180 1	283 2	300 2	307 2	380 2	423 2	0 0	
49 1	64 1	96 1	121 1	141 1	181 1	284 2	301 2	308 2	381 2	424 2	0 0	
50 1	65 1	97 1	122 1	142 1	182 1	285 2	302 2	309 2	382 2	425 2	0 0	
51 1	66 1	98 1	123 1	143 1	183 1	286 2	303 2	310 2	383 2	426 2	0 0	
52 1	67 1	99 1	124 1	144 1	184 1	287 2	304 2	311 2	384 2	427 2	0 0	
53 1	68 1	100 1	125 1	145 1	185 1	288 2	305 2	312 2	385 2	428 2	0 0	
54 1	69 1	101 1	126 1	146 1	186 1	289 2	306 2	313 2	386 2	429 2	0 0	
55 1	70 1	102 1	127 1	147 1	187 1	290 2	307 2	314 2	387 2	430 2	0 0	
56 1	71 1	103 1	128 1	148 1	188 1	291 2	308 2	315 2	388 2	431 2	0 0	
57 1	72 1	104 1	129 1	149 1	189 1	292 2	309 2	316 2	389 2	432 2	0 0	
58 1	73 1	105 1	130 1	150 1	190 1	293 2	310 2	317 2	390 2	433 2	0 0	
59 1	74 1	106 1	131 1	151 1	191 1	294 2	311 2	318 2	391 2	434 2	0 0	
60 1	75 1	107 1	132 1	152 1	192 1	295 2	312 2	319 2	392 2	435 2	0 0	
61 1	76 1	108 1	133 1	153 1	193 1	296 2	313 2	320 2	393 2	436 2	0 0	
62 1	77 1	109 1	134 1	154 1	194 1	221 2	297 2	314 2	321 2	394 2	437 2	
63 1	78 1	110 1	135 1	155 1	195 1	222 2	298 2	315 2	322 2	395 2	438 2	
64 1	79 1	111 1	136 1	156 1	196 1	223 2	299 2	316 2	323 2	396 2	439 2	
65 1	80 1	112 1	137 1	157 1	197 1	224 2	300 2	317 2	324 2	397 2	440 2	
66 1	81 1	113 1	138 1	158 1	198 1	225 2	301 2	318 2	325 2	398 2	0 0	
67 1	82 1	114 1	139 1	159 1	199 1	226 2	302 2	319 2	326 2	399 2	0 0	
68 1	83 1	115 1	140 1	160 1	200 1	227 2	303 2	320 2	327 2	400 2	0 0	
69 1	84 1	116 1	141 1	161 1	201 1	228 2	304 2	321 2	328 2	401 2	0 0	
70 1	85 1	117 1	142 1	162 1	202 1	229 2	305 2	322 2	329 2	402 2	0 0	
71 1	86 1	118 1	143 1	163 1	203 1	230 2	306 2	323 2	330 2	403 2	0 0	
72 1	87 1	119 1	144 1	164 1	204 1	231 2	307 2	324 2	331 2	404 2	0 0	
73 1	88 1	120 1	145 1	165 1	205 1	232 2	308 2	325 2	332 2	405 2	0 0	
74 1	89 1	121 1	146 1	166 1	206 1	233 2	309 2	326 2	333 2	406 2	0 0	
75 1	90 1	122 1	147 1	167 1	207 1	234 2	310 2	327 2	334 2	407 2	0 0	
76 1	91 1	123 1	148 1	168 1	208 1	235 2	311 2	328 2	335 2	408 2	0 0	
77 1	92 1	124 1	149 1	169 1	209 1	236 2	312 2	329 2	336 2	409 2	0 0	
78 1	93 1	125 1	150 1	170 1	210 1	237 2	313 2	330 2	337 2	410 2	0 0	
79 1	94 1	126 1	151 1	171 1	211 1	238 2	314 2	331 2	338 2	411 2	0 0	
80 1	95 1	127 1	152 1	172 1	212 1	239 2	315 2	332 2	339 2	412 2	0 0	
81 1	96 1	128 1	153 1	173 1	213 1	240 2	316 2	333 2	340 2	413 2	0 0	
82 1	97 1	129 1	154 1	174 1	214 1	241 2	317 2	334 2	341 2	414 2	0 0	
83 1	98 1	130 1	155 1	175 1	215 1	242 2	318 2	335 2	342 2	415 2	0 0	
84 1	99 1	131 1	156 1	176 1	216 1	243 2	319 2	336 2	343 2	416 2	0 0	
85 1	100 1	132 1	157 1	177 1	217 1	244 2	320 2	337 2	344 2	417 2	0 0	
86 1	101 1	133 1	158 1	178 1	218 1	221 2	245 2	321 2	338 2	345 2	418 2	
87 1	102 1	134 1	159 1	179 1	219 1	222 2	246 2	322 2	339 2	346 2	419 2	
88 1	103 1	135 1	160 1	180 1	220 1	223 2	247 2	323 2	340 2	347 2	420 2	
89 1	104 1	136 1	161 1	181 1	224 2	248 2	324 2	341 2	348 2	421 2	0 0	
90 1	105 1	137 1	162 1	182 1	225 2	249 2	325 2	342 2	349 2	422 2	0 0	
91 1	106 1	138 1	163 1	183 1	226 2	250 2	326 2	343 2	350 2	423 2	0 0	
92 1	107 1	139 1	164 1	184 1	227 2	251 2	327 2	344 2	351 2	424 2	0 0	
93 1	108 1	140 1	165 1	185 1	228 2	252 2	328 2	345 2	352 2	425 2	0 0	
94 1	109 1	141 1	166 1	186 1	229 2	253 2	329 2	346 2	353 2	426 2	0 0	
95 1	110 1	142 1	167 1	187 1	230 2	254 2	330 2	347 2	354 2	427 2	0 0	
96 1	111 1	143 1	168 1	188 1	231 2	255 2	331 2	348 2	355 2	428 2	0 0	
97 1	112 1	144 1	169 1	189 1	232 2	256 2	332 2	349 2	356 2	429 2	0 0	
98 1	113 1	145 1	170 1	190 1	233 2	257 2	333 2	350 2	357 2	430 2	0 0	
99 1	114 1	146 1	171 1	191 1	234 2	258 2	334 2	351 2	358 2	431 2	0 0	
100 1	115 1	147 1	172 1	192 1	235 2	259 2	335 2	352 2	359 2	432 2	0 0	
101 1	116 1	148 1	173 1	193 1	236 2	260 2	336 2	353 2	360 2	433 2	0 0	
102 1	117 1	149 1	174 1	194 1	237 2	261 2	337 2	354 2	361 2	434 2	0 0	
103 1	118 1	150 1	175 1	195 1	238 2	262 2	338 2	355 2	362 2	435 2	0 0	
104 1	119 1	151 1	176 1	196 1	239 2	263 2	339 2	356 2	363 2	436 2	0 0	
105 1	120 1	152 1	177 1	197 1	240 2	264 2	340 2	357 2	364 2	437 2	0 0	
106 1	121 1	153 1	178 1	198 1	241 2	265 2	341 2	358 2	365 2	438 2	0 0	
107 1	122 1	154 1	179 1	199 1	242 2	266 2	342 2	359 2	366 2	439 2	0 0	
108 1	123 1	155 1	180 1	200 1	243 2	267 2	343 2	360 2	367 2	440 2	0 0	
1 1	109 1	124 1	156 1	181 1	201 1	244 2	268 2	344 2	361 2	368 2	0 0	
2 1	110 1	125 1	157 1	182 1	202 1	245 2	269 2	345 2	362 2	369 2	0 0	
3 1	111 1	126 1	158 1	183 1	203 1	246 2	270 2	346 2	363 2	370 2	0 0	
4 1	112 1	127 1	159 1	184 1	204 1	247 2	271 2	347 2	364 2	371 2	0 0	
5 1	113 1	128 1	160 1	185 1	205 1	248 2	272 2	348 2	365 2	372 2	0 0	
6 1	114 1	129 1	161 1	186 1	206 1	249 2	273 2	349 2	366 2	373 2	0 0	
7 1	115 1	130 1	162 1	187 1	207 1	250 2	274 2	350 2	367 2	374 2	0 0	
8 1	116 1	131 1	163 1	188 1	208 1	251 2	275 2	351 2	368 2	375 2	0 0	
9 1	117 1	132 1	164 1	189 1	209 1	252 2	276 2	352 2	369 2	376 2	0 0	
10 1	118 1	133 1	165 1	190 1	210 1	253 2	277 2	353 2	370 2	377 2	0 0	
11 1	119 1	134 1	166 1	191 1	211 1	254 2	278 2	354 2	371 2	378 2	0 0	
12 1	120 1	135 1	167 1	192 1	212 1	255 2	279 2	355 2	372 2	379 2	0 0	
13 1	121 1	136 1	168 1	193 1	213 1	256 2	280 2	356 2	373 2	380 2	0 0	
14 1	122 1	137 1	169 1	194 1	214 1	257 2	281 2	357 2	374 2	381 2	0 0	
15 1	123 1	138 1	170 1	195 1	215 1	258 2	282 2	358 2	375 2	382 2	0 0	
16 1	124 1	139 1	171 1	196 1	216 1	259 2	283 2	359 2	376 2	383 2	0 0	
17 1	125 1	140 1	172 1	197 1	217 1	260 2	284 2	360 2	377 2	384 2	0 0	
18 1	126 1	141 1	173 1	198 1	218 1	261 2	285 2	361 2	378 2	385 2	0 0	
19 1	127 1	142 1	174 1	199 1	219 1	262 2	286 2	362 2	379 2	386 2	0 0	
20 1	128 1	143 1	175 1	200 1	220 1	263 2	287 2	363 2	380 2	387 2	0 0	
21 1	129 1	144 1	176 1	201 1	221 2	264 2	288 2	364 2	381 2	388 2	0 0	
22 1	130 1	145 1	177 1	202 1	222 2	265 2	289 2	365 2	382 2	389 2	0 0	
23 1	131 1	146 1	178 1	203 1	223 2	266 2	290 2	366 2	383 2	390 2	0 0	
24 1	132 1	147 1	179 1	204 1	224 2	267 2	291 2	367 2	384 2	391 2	0 0	
25 1	133 1	148 1	180 1	205 1	225 2	268 2	292 2	368 2	385 2	392 2	0 0	
26 1	134 1	149 1	181 1	206 1	226 2	269 2	293 2	369 2	386 2	393 2	0 0	
27 1	135 1	150 1	182 1	207 1	227 2	270 2	294 2	370 2	387 2	394 2	0 0	
28 1	136 1	151 1	183 1	208 1	228 2	271 2	295 2	371 2	388 2	395 2	0 0	
29 1	137 1	152 1	184 1	209 1	229 2	272 2	296 2	372 2	389 2	396 2	0 0	
30 1	138 1	153 1	185 1	210 1	230 2	273 2	297 2	373 2	390 2	397 2	0 0	
31 1	139 1	154 1	186 1	211 1	231 2	274 2	298 2	374 2	391 2	398 2	0 0	
32 1	140 1	155 1	187 1	212 1	232 2	275 2	299 2	375 2	392 2	399 2	0 0	
33 1	141 1	156 1	188 1	213 1	233 2	276 2	300 2	376 2	393 2	400 2	0 0	
34 1	142 1	157 1	189 1	214 1	234 2	277 2	301 2	377 2	394 2	401 2	0 0	
35 1	143 1	158 1	190 1	215 1	235 2	278 2	302 2	378 2	395 2	402 2	0 0	
36 1	144 1	159 1	191 1	216 1	236 2	279 2	303 2	379 2	396 2	403 2	0 0	
37 1	145 1	160 1	192 1	217 1	237 2	280 2	304 2	380 2	397 2	404 2	0 0	
38 1	146 1	161 1	193 1	218 1	238 2	281 2	305 2	381 2	398 2	405 2	0 0	
39 1	147 1	162 1	194 1	219 1	239 2	282 2	306 2	382 2	399 2	406 2	0 0	
40 1	148 1	163 1	195 1	220 1	240 2	283 2	307 2	383 2	400 2	407 2	0 0	
1 1	41 1	149 1	164 1	196 1	241 2	284 2	308 2	384 2	401 2	408 2	0 0	
2 1	42 1	150 1	165 1	197 1	242 2	285 2	309 2	385 2	402 2	409 2	0 0	
3 1	43 1	151 1	166 1	198 1	243 2	286 2	310 2	386 2	403 2	410 2	0 0	
4 1	44 1	152 1	167 1	199 1	244 2	287 2	311 2	387 2	404 2	411 2	0 0	
5 1	45 1	153 1	168 1	200 1	245 2	288 2	312 2	388 2	405 2	412 2	0 0	
6 1	46 1	154 1	169 1	201 1	246 2	289 2	313 2	389 2	406 2	413 2	0 0	
7 1	47 1	155 1	170 1	202 1	247 2	290 2	314 2	390 2	407 2	414 2	0 0	
8 1	48 1	156 1	171 1	203 1	248 2	291 2	315 2	391 2	408 2	415 2	0 0	
9 1	49 1	157 1	172 1	204 1	249 2	292 2	316 2	392 2	409 2	416 2	0 0	
10 1	50 1	158 1	173 1	205 1	250 2	293 2	317 2	393 2	410 2	417 2	0 0	
11 1	51 1	159 1	174 1	206 1	251 2	294 2	318 2	394 2	411 2	418 2	0 0	
12 1	52 1	160 1	175 1	207 1	252 2	295 2	319 2	395 2	412 2	419 2	0 0	
13 1	53 1	161 1	176 1	208 1	253 2	296 2	320 2	396 2	413 2	420 2	0 0	
14 1	54 1	162 1	177 1	209 1	254 2	297 2	321 2	397 2	414 2	421 2	0 0	
15 1	55 1	163 1	178 1	210 1	255 2	298 2	322 2	398 2	415 2	422 2	0 0	
16 1	56 1	164 1	179 1	211 1	256 2	299 2	323 2	399 2	416 2	423 2	0 0	
17 1	57 1	165 1	180 1	212 1	257 2	300 2	324 2	400 2	417 2	424 2	0 0	
18 1	58 1	166 1	181 1	213 1	258 2	301 2	325 2	401 2	418 2	425 2	0 0	
19 1	59 1	167 1	182 1	214 1	259 2	302 2	326 2	402 2	419 2	426 2	0 0	
20 1	60 1	168 1	183 1	215 1	260 2	303 2	327 2	403 2	420 2	427 2	0 0	
1 1	21 1	61 1	169 1	184 1	216 1	261 2	304 2	328 2	404 2	421 2	428 2	
2 1	22 1	62 1	170 1	185 1	217 1	262 2	305 2	329 2	405 2	422 2	429 2	
3 1	23 1	63 1	171 1	186 1	218 1	263 2	306 2	330 2	406 2	423 2	430 2	
4 1	24 1	64 1	172 1	187 1	219 1	264 2	307 2	331 2	407 2	424 2	431 2	
5 1	25 1	65 1	173 1	188 1	220 1	265 2	308 2	332 2	408 2	425 2	432 2	
6 1	26 1	66 1	174 1	189 1	266 2	309 2	333 2	409 2	426 2	433 2	0 0	
7 1	27 1	67 1	175 1	190 1	267 2	310 2	334 2	410 2	427 2	434 2	0 0	
8 1	28 1	68 1	176 1	191 1	268 2	311 2	335 2	411 2	428 2	435 2	0 0	
9 1	29 1	69 1	177 1	192 1	269 2	312 2	336 2	412 2	429 2	436 2	0 0	
10 1	30 1	70 1	178 1	193 1	270 2	313 2	337 2	413 2	430 2	437 2	0 0	
11 1	31 1	71 1	179 1	194 1	271 2	314 2	338 2	414 2	431 2	438 2	0 0	
12 1	32 1	72 1	180 1	195 1	272 2	315 2	339 2	415 2	432 2	439 2	0 0	
13 1	33 1	73 1	181 1	196 1	273 2	316 2	340 2	416 2	433 2	440 2	0 0	
14 1	34 1	74 1	182 1	197 1	274 2	317 2	341 2	417 2	434 2	0 0	0 0	
15 1	35 1	75 1	183 1	198 1	275 2	318 2	342 2	418 2	435 2	0 0	0 0	
16 1	36 1	76 1	184 1	199 1	276 2	319 2	343 2	419 2	436 2	0 0	0 0	
17 1	37 1	77 1	185 1	200 1	277 2	320 2	344 2	420 2	437 2	0 0	0 0	
18 1	38 1	78 1	186 1	201 1	278 2	321 2	345 2	421 2	438 2	0 0	0 0	
19 1	39 1	79 1	187 1	202 1	279 2	322 2	346 2	422 2	439 2	0 0	0 0	
20 1	40 1	80 1	188 1	203 1	280 2	323 2	347 2	423 2	440 2	0 0	0 0	
21 1	41 1	81 1	189 1	204 1	281 2	324 2	348 2	424 2	0 0	0 0	0 0	
22 1	42 1	82 1	190 1	205 1	282 2	325 2	349 2	425 2	0 0	0 0	0 0	
23 1	43 1	83 1	191 1	206 1	283 2	326 2	350 2	426 2	0 0	0 0	0 0	
24 1	44 1	84 1	192 1	207 1	284 2	327 2	351 2	427 2	0 0	0 0	0 0	
25 1	45 1	85 1	193 1	208 1	285 2	328 2	352 2	428 2	0 0	0 0	0 0	
1 1	26 1	46 1	86 1	194 1	209 1	286 2	329 2	353 2	429 2	0 0	0 0	
2 1	27 1	47 1	87 1	195 1	210 1	287 2	330 2	354 2	430 2	0 0	0 0	
3 1	28 1	48 1	88 1	196 1	211 1	288 2	331 2	355 2	431 2	0 0	0 0	
4 1	29 1	49 1	89 1	197 1	212 1	289 2	332 2	356 2	432 2	0 0	0 0	
5 1	30 1	50 1	90 1	198 1	213 1	290 2	333 2	357 2	433 2	0 0	0 0	
6 1	31 1	51 1	91 1	199 1	214 1	291 2	334 2	358 2	434 2	0 0	0 0	
7 1	32 1	52 1	92 1	200 1	215 1	292 2	335 2	359 2	435 2	0 0	0 0	
8 1	33 1	53 1	93 1	201 1	216 1	293 2	336 2	360 2	436 2	0 0	0 0	
9 1	34 1	54 1	94 1	202 1	217 1	221 2	294 2	337 2	361 2	437 2	0 0	
10 1	35 1	55 1	95 1	203 1	218 1	222 2	295 2	338 2	362 2	438 2	0 0	
11 1	36 1	56 1	96 1	204 1	219 1	223 2	296 2	339 2	363 2	439 2	0 0	
12 1	37 1	57 1	97 1	205 1	220 1	224 2	297 2	340 2	364 2	440 2	0 0	
13 1	38 1	58 1	98 1	206 1	225 2	298 2	341 2	365 2	0 0	0 0	0 0	
14 1	39 1	59 1	99 1	207 1	226 2	299 2	342 2	366 2	0 0	0 0	0 0	
15 1	40 1	60 1	100 1	208 1	227 2	300 2	343 2	367 2	0 0	0 0	0 0	
16 1	41 1	61 1	101 1	209 1	221 2	228 2	301 2	344 2	368 2	0 0	0 0	
17 1	42 1	62 1	102 1	210 1	222 2	229 2	302 2	345 2	369 2	0 0	0 0	
18 1	43 1	63 1	103 1	211 1	223 2	230 2	303 2	346 2	370 2	0 0	0 0	
19 1	44 1	64 1	104 1	212 1	224 2	231 2	304 2	347 2	371 2	0 0	0 0	
20 1	45 1	65 1	105 1	213 1	225 2	232 2	305 2	348 2	372 2	0 0	0 0	
21 1	46 1	66 1	106 1	214 1	226 2	233 2	306 2	349 2	373 2	0 0	0 0	
22 1	47 1	67 1	107 1	215 1	227 2	234 2	307 2	350 2	374 2	0 0	0 0	
23 1	48 1	68 1	108 1	216 1	228 2	235 2	308 2	351 2	375 2	0 0	0 0	
24 1	49 1	69 1	109 1	217 1	229 2	236 2	309 2	352 2	376 2	0 0	0 0	
25 1	50 1	70 1	110 1	218 1	230 2	237 2	310 2	353 2	377 2	0 0	0 0	
26 1	51 1	71 1	111 1	219 1	231 2	238 2	311 2	354 2	378 2	0 0	0 0	
27 1	52 1	72 1	112 1	220 1	232 2	239 2	312 2	355 2	379 2	0 0	0 0	
28 1	53 1	73 1	113 1	233 2	240 2	313 2	356 2	380 2	0 0	0 0	0 0	
29 1	54 1	74 1	114 1	234 2	241 2	314 2	357 2	381 2	0 0	0 0	0 0	
30 1	55 1	75 1	115 1	235 2	242 2	315 2	358 2	382 2	0 0	0 0	0 0	
31 1	56 1	76 1	116 1	236 2	243 2	316 2	359 2	383 2	0 0	0 0	0 0	
32 1	57 1	77 1	117 1	237 2	244 2	317 2	360 2	384 2	0 0	0 0	0 0	
1 1	18 1	25 1	98 1	141 1	165 1	241 1	256 1	364 1	404 1	424 1	449 1	
2 1	19 1	26 1	99 1	142 1	166 1	242 1	257 1	365 1	405 1	425 1	450 1	
3 1	20 1	27 1	100 1	143 1	167 1	243 1	258 1	366 1	406 1	426 1	451 1	
4 1	21 1	28 1	101 1	144 1	168 1	244 1	259 1	367 1	407 1	427 1	452 1	
5 1	22 1	29 1	102 1	145 1	169 1	245 1	260 1	368 1	408 1	428 1	453 1	
6 1	23 1	30 1	103 1	146 1	170 1	246 1	261 1	369 1	409 1	429 1	454 1	
7 1	24 1	31 1	104 1	147 1	171 1	247 1	262 1	370 1	410 1	430 1	455 1	
8 1	25 1	32 1	105 1	148 1	172 1	248 1	263 1	371 1	411 1	431 1	456 1	
9 1	26 1	33 1	106 1	149 1	173 1	249 1	264 1	372 1	412 1	432 1	457 1	
10 1	27 1	34 1	107 1	150 1	174 1	250 1	265 1	373 1	413 1	433 1	458 1	
11 1	28 1	35 1	108 1	151 1	175 1	251 1	266 1	374 1	414 1	434 1	459 1	
12 1	29 1	36 1	109 1	152 1	176 1	252 1	267 1	375 1	415 1	435 1	460 1	
13 1	30 1	37 1	110 1	153 1	177 1	253 1	268 1	376 1	416 1	436 1	461 1	
14 1	31 1	38 1	111 1	154 1	178 1	254 1	269 1	377 1	417 1	437 1	462 1	
15 1	32 1	39 1	112 1	155 1	179 1	255 1	270 1	378 1	418 1	438 1	463 1	
16 1	33 1	40 1	113 1	156 1	180 1	256 1	271 1	379 1	419 1	439 1	464 1	
17 1	34 1	41 1	114 1	157 1	181 1	257 1	272 1	380 1	420 1	440 1	465 1	
18 1	35 1	42 1	115 1	158 1	182 1	258 1	273 1	381 1	421 1	441 1	466 1	
19 1	36 1	43 1	116 1	159 1	183 1	259 1	274 1	382 1	422 1	442 1	467 1	
20 1	37 1	44 1	117 1	160 1	184 1	260 1	275 1	383 1	423 1	443 1	468 1	
21 1	38 1	45 1	118 1	161 1	185 1	261 1	276 1	384 1	424 1	444 1	469 1	
22 1	39 1	46 1	119 1	162 1	186 1	262 1	277 1	385 1	425 1	445 1	470 1	
23 1	40 1	47 1	120 1	163 1	187 1	263 1	278 1	386 1	426 1	446 1	471 1	
24 1	41 1	48 1	121 1	164 1	188 1	264 1	279 1	387 1	427 1	447 1	472 1	
25 1	42 1	49 1	122 1	165 1	189 1	265 1	280 1	388 1	428 1	448 1	473 1	
26 1	43 1	50 1	123 1	166 1	190 1	266 1	281 1	389 1	429 1	449 1	474 1	
27 1	44 1	51 1	124 1	167 1	191 1	267 1	282 1	390 1	430 1	450 1	475 1	
28 1	45 1	52 1	125 1	168 1	192 1	268 1	283 1	391 1	431 1	451 1	476 1	
29 1	46 1	53 1	126 1	169 1	193 1	269 1	284 1	392 1	432 1	452 1	477 1	
30 1	47 1	54 1	127 1	170 1	194 1	270 1	285 1	393 1	433 1	453 1	478 1	
31 1	48 1	55 1	128 1	171 1	195 1	271 1	286 1	394 1	434 1	454 1	479 1	
32 1	49 1	56 1	129 1	172 1	196 1	272 1	287 1	395 1	435 1	455 1	480 1	
33 1	50 1	57 1	130 1	173 1	197 1	241 1	273 1	288 1	396 1	436 1	456 1	
34 1	51 1	58 1	131 1	174 1	198 1	242 1	274 1	289 1	397 1	437 1	457 1	
35 1	52 1	59 1	132 1	175 1	199 1	243 1	275 1	290 1	398 1	438 1	458 1	
36 1	53 1	60 1	133 1	176 1	200 1	244 1	276 1	291 1	399 1	439 1	459 1	
37 1	54 1	61 1	134 1	177 1	201 1	245 1	277 1	292 1	400 1	440 1	460 1	
38 1	55 1	62 1	135 1	178 1	202 1	246 1	278 1	293 1	401 1	441 1	461 1	
39 1	56 1	63 1	136 1	179 1	203 1	247 1	279 1	294 1	402 1	442 1	462 1	
40 1	57 1	64 1	137 1	180 1	204 1	248 1	280 1	295 1	403 1	443 1	463 1	
41 1	58 1	65 1	138 1	181 1	205 1	249 1	281 1	296 1	404 1	444 1	464 1	
42 1	59 1	66 1	139 1	182 1	206 1	250 1	282 1	297 1	405 1	445 1	465 1	
43 1	60 1	67 1	140 1	183 1	207 1	251 1	283 1	298 1	406 1	446 1	466 1	
44 1	61 1	68 1	141 1	184 1	208 1	252 1	284 1	299 1	407 1	447 1	467 1	
45 1	62 1	69 1	142 1	185 1	209 1	253 1	285 1	300 1	408 1	448 1	468 1	
46 1	63 1	70 1	143 1	186 1	210 1	254 1	286 1	301 1	409 1	449 1	469 1	
47 1	64 1	71 1	144 1	187 1	211 1	255 1	287 1	302 1	410 1	450 1	470 1	
48 1	65 1	72 1	145 1	188 1	212 1	256 1	288 1	303 1	411 1	451 1	471 1	
49 1	66 1	73 1	146 1	189 1	213 1	257 1	289 1	304 1	412 1	452 1	472 1	
50 1	67 1	74 1	147 1	190 1	214 1	258 1	290 1	305 1	413 1	453 1	473 1	
51 1	68 1	75 1	148 1	191 1	215 1	259 1	291 1	306 1	414 1	454 1	474 1	
52 1	69 1	76 1	149 1	192 1	216 1	260 1	292 1	307 1	415 1	455 1	475 1	
53 1	70 1	77 1	150 1	193 1	217 1	261 1	293 1	308 1	416 1	456 1	476 1	
54 1	71 1	78 1	151 1	194 1	218 1	262 1	294 1	309 1	417 1	457 1	477 1	
55 1	72 1	79 1	152 1	195 1	219 1	263 1	295 1	310 1	418 1	458 1	478 1	
56 1	73 1	80 1	153 1	196 1	220 1	264 1	296 1	311 1	419 1	459 1	479 1	
57 1	74 1	81 1	154 1	197 1	221 1	265 1	297 1	312 1	420 1	460 1	480 1	
58 1	75 1	82 1	155 1	198 1	222 1	241 1	266 1	298 1	313 1	421 1	461 1	
59 1	76 1	83 1	156 1	199 1	223 1	242 1	267 1	299 1	314 1	422 1	462 1	
60 1	77 1	84 1	157 1	200 1	224 1	243 1	268 1	300 1	315 1	423 1	463 1	
61 1	78 1	85 1	158 1	201 1	225 1	244 1	269 1	301 1	316 1	424 1	464 1	
62 1	79 1	86 1	159 1	202 1	226 1	245 1	270 1	302 1	317 1	425 1	465 1	
63 1	80 1	87 1	160 1	203 1	227 1	246 1	271 1	303 1	318 1	426 1	466 1	
64 1	81 1	88 1	161 1	204 1	228 1	247 1	272 1	304 1	319 1	427 1	467 1	
65 1	82 1	89 1	162 1	205 1	229 1	248 1	273 1	305 1	320 1	428 1	468 1	
66 1	83 1	90 1	163 1	206 1	230 1	249 1	274 1	306 1	321 1	429 1	469 1	
67 1	84 1	91 1	164 1	207 1	231 1	250 1	275 1	307 1	322 1	430 1	470 1	
68 1	85 1	92 1	165 1	208 1	232 1	251 1	276 1	308 1	323 1	431 1	471 1	
69 1	86 1	93 1	166 1	209 1	233 1	252 1	277 1	309 1	324 1	432 1	472 1	
70 1	87 1	94 1	167 1	210 1	234 1	253 1	278 1	310 1	325 1	433 1	473 1	
71 1	88 1	95 1	168 1	211 1	235 1	254 1	279 1	311 1	326 1	434 1	474 1	
72 1	89 1	96 1	169 1	212 1	236 1	255 1	280 1	312 1	327 1	435 1	475 1	
73 1	90 1	97 1	170 1	213 1	237 1	256 1	281 1	313 1	328 1	436 1	476 1	
74 1	91 1	98 1	171 1	214 1	238 1	257 1	282 1	314 1	329 1	437 1	477 1	
75 1	92 1	99 1	172 1	215 1	239 1	258 1	283 1	315 1	330 1	438 1	478 1	
76 1	93 1	100 1	173 1	216 1	240 1	259 1	284 1	316 1	331 1	439 1	479 1	
1 1	77 1	94 1	101 1	174 1	217 1	260 1	285 1	317 1	332 1	440 1	480 1	
2 1	78 1	95 1	102 1	175 1	218 1	241 1	261 1	286 1	318 1	333 1	441 1	
3 1	79 1	96 1	103 1	176 1	219 1	242 1	262 1	287 1	319 1	334 1	442 1	
4 1	80 1	97 1	104 1	177 1	220 1	243 1	263 1	288 1	320 1	335 1	443 1	
5 1	81 1	98 1	105 1	178 1	221 1	244 1	264 1	289 1	321 1	336 1	444 1	
6 1	82 1	99 1	106 1	179 1	222 1	245 1	265 1	290 1	322 1	337 1	445 1	
7 1	83 1	100 1	107 1	180 1	223 1	246 1	266 1	291 1	323 1	338 1	446 1	
8 1	84 1	101 1	108 1	181 1	224 1	247 1	267 1	292 1	324 1	339 1	447 1	
9 1	85 1	102 1	109 1	182 1	225 1	248 1	268 1	293 1	325 1	340 1	448 1	
10 1	86 1	103 1	110 1	183 1	226 1	249 1	269 1	294 1	326 1	341 1	449 1	
11 1	87 1	104 1	111 1	184 1	227 1	250 1	270 1	295 1	327 1	342 1	450 1	
12 1	88 1	105 1	112 1	185 1	228 1	251 1	271 1	296 1	328 1	343 1	451 1	
13 1	89 1	106 1	113 1	186 1	229 1	252 1	272 1	297 1	329 1	344 1	452 1	
14 1	90 1	107 1	114 1	187 1	230 1	253 1	273 1	298 1	330 1	345 1	453 1	
15 1	91 1	108 1	115 1	188 1	231 1	254 1	274 1	299 1	331 1	346 1	454 1	
16 1	92 1	109 1	116 1	189 1	232 1	255 1	275 1	300 1	332 1	347 1	455 1	
17 1	93 1	110 1	117 1	190 1	233 1	256 1	276 1	301 1	333 1	348 1	456 1	
18 1	94 1	111 1	118 1	191 1	234 1	257 1	277 1	302 1	334 1	349 1	457 1	
19 1	95 1	112 1	119 1	192 1	235 1	258 1	278 1	303 1	335 1	350 1	458 1	
20 1	96 1	113 1	120 1	193 1	236 1	259 1	279 1	304 1	336 1	351 1	459 1	
21 1	97 1	114 1	121 1	194 1	237 1	260 1	280 1	305 1	337 1	352 1	460 1	
22 1	98 1	115 1	122 1	195 1	238 1	261 1	281 1	306 1	338 1	353 1	461 1	
23 1	99 1	116 1	123 1	196 1	239 1	262 1	282 1	307 1	339 1	354 1	462 1	
24 1	100 1	117 1	124 1	197 1	240 1	263 1	283 1	308 1	340 1	355 1	463 1	
1 1	25 1	101 1	118 1	125 1	198 1	264 1	284 1	309 1	341 1	356 1	464 1	
2 1	26 1	102 1	119 1	126 1	199 1	265 1	285 1	310 1	342 1	357 1	465 1	
3 1	27 1	103 1	120 1	127 1	200 1	266 1	286 1	311 1	343 1	358 1	466 1	
4 1	28 1	104 1	121 1	128 1	201 1	267 1	287 1	312 1	344 1	359 1	467 1	
5 1	29 1	105 1	122 1	129 1	202 1	268 1	288 1	313 1	345 1	360 1	468 1	
6 1	30 1	106 1	123 1	130 1	203 1	269 1	289 1	314 1	346 1	361 1	469 1	
7 1	31 1	107 1	124 1	131 1	204 1	270 1	290 1	315 1	347 1	362 1	470 1	
8 1	32 1	108 1	125 1	132 1	205 1	271 1	291 1	316 1	348 1	363 1	471 1	
9 1	33 1	109 1	126 1	133 1	206 1	272 1	292 1	317 1	349 1	364 1	472 1	
10 1	34 1	110 1	127 1	134 1	207 1	273 1	293 1	318 1	350 1	365 1	473 1	
11 1	35 1	111 1	128 1	135 1	208 1	274 1	294 1	319 1	351 1	366 1	474 1	
12 1	36 1	112 1	129 1	136 1	209 1	275 1	295 1	320 1	352 1	367 1	475 1	
13 1	37 1	113 1	130 1	137 1	210 1	276 1	296 1	321 1	353 1	368 1	476 1	
14 1	38 1	114 1	131 1	138 1	211 1	277 1	297 1	322 1	354 1	369 1	477 1	
15 1	39 1	115 1	132 1	139 1	212 1	278 1	298 1	323 1	355 1	370 1	478 1	
16 1	40 1	116 1	133 1	140 1	213 1	279 1	299 1	324 1	356 1	371 1	479 1	
17 1	41 1	117 1	134 1	141 1	214 1	280 1	300 1	325 1	357 1	372 1	480 1	
18 1	42 1	118 1	135 1	142 1	215 1	241 1	281 1	301 1	326 1	358 1	373 1	
19 1	43 1	119 1	136 1	143 1	216 1	242 1	282 1	302 1	327 1	359 1	374 1	
20 1	44 1	120 1	137 1	144 1	217 1	243 1	283 1	303 1	328 1	360 1	375 1	
21 1	45 1	121 1	138 1	145 1	218 1	244 1	284 1	304 1	329 1	361 1	376 1	
22 1	46 1	122 1	139 1	146 1	219 1	245 1	285 1	305 1	330 1	362 1	377 1	
23 1	47 1	123 1	140 1	147 1	220 1	246 1	286 1	306 1	331 1	363 1	378 1	
24 1	48 1	124 1	141 1	148 1	221 1	247 1	287 1	307 1	332 1	364 1	379 1	
25 1	49 1	125 1	142 1	149 1	222 1	248 1	288 1	308 1	333 1	365 1	380 1	
26 1	50 1	126 1	143 1	150 1	223 1	249 1	289 1	309 1	334 1	366 1	381 1	
27 1	51 1	127 1	144 1	151 1	224 1	250 1	290 1	310 1	335 1	367 1	382 1	
28 1	52 1	128 1	145 1	152 1	225 1	251 1	291 1	311 1	336 1	368 1	383 1	
29 1	53 1	129 1	146 1	153 1	226 1	252 1	292 1	312 1	337 1	369 1	384 1	
30 1	54 1	130 1	147 1	154 1	227 1	253 1	293 1	313 1	338 1	370 1	385 1	
31 1	55 1	131 1	148 1	155 1	228 1	254 1	294 1	314 1	339 1	371 1	386 1	
32 1	56 1	132 1	149 1	156 1	229 1	255 1	295 1	315 1	340 1	372 1	387 1	
33 1	57 1	133 1	150 1	157 1	230 1	256 1	296 1	316 1	341 1	373 1	388 1	
34 1	58 1	134 1	151 1	158 1	231 1	257 1	297 1	317 1	342 1	374 1	389 1	
35 1	59 1	135 1	152 1	159 1	232 1	258 1	298 1	318 1	343 1	375 1	390 1	
36 1	60 1	136 1	153 1	160 1	233 1	259 1	299 1	319 1	344 1	376 1	391 1	
37 1	61 1	137 1	154 1	161 1	234 1	260 1	300 1	320 1	345 1	377 1	392 1	
38 1	62 1	138 1	155 1	162 1	235 1	261 1	301 1	321 1	346 1	378 1	393 1	
39 1	63 1	139 1	156 1	163 1	236 1	262 1	302 1	322 1	347 1	379 1	394 1	
40 1	64 1	140 1	157 1	164 1	237 1	263 1	303 1	323 1	348 1	380 1	395 1	
41 1	65 1	141 1	158 1	165 1	238 1	264 1	304 1	324 1	349 1	381 1	396 1	
42 1	66 1	142 1	159 1	166 1	239 1	265 1	305 1	325 1	350 1	382 1	397 1	
43 1	67 1	143 1	160 1	167 1	240 1	266 1	306 1	326 1	351 1	383 1	398 1	
1 1	44 1	68 1	144 1	161 1	168 1	267 1	307 1	327 1	352 1	384 1	399 1	
2 1	45 1	69 1	145 1	162 1	169 1	268 1	308 1	328 1	353 1	385 1	400 1	
3 1	46 1	70 1	146 1	163 1	170 1	269 1	309 1	329 1	354 1	386 1	401 1	
4 1	47 1	71 1	147 1	164 1	171 1	270 1	310 1	330 1	355 1	387 1	402 1	
5 1	48 1	72 1	148 1	165 1	172 1	271 1	311 1	331 1	356 1	388 1	403 1	
6 1	49 1	73 1	149 1	166 1	173 1	272 1	312 1	332 1	357 1	389 1	404 1	
7 1	50 1	74 1	150 1	167 1	174 1	273 1	313 1	333 1	358 1	390 1	405 1	
8 1	51 1	75 1	151 1	168 1	175 1	274 1	314 1	334 1	359 1	391 1	406 1	
9 1	52 1	76 1	152 1	169 1	176 1	275 1	315 1	335 1	360 1	392 1	407 1	
10 1	53 1	77 1	153 1	170 1	177 1	276 1	316 1	336 1	361 1	393 1	408 1	
11 1	54 1	78 1	154 1	171 1	178 1	277 1	317 1	337 1	362 1	394 1	409 1	
12 1	55 1	79 1	155 1	172 1	179 1	278 1	318 1	338 1	363 1	395 1	410 1	
13 1	56 1	80 1	156 1	173 1	180 1	279 1	319 1	339 1	364 1	396 1	411 1	
14 1	57 1	81 1	157 1	174 1	181 1	280 1	320 1	340 1	365 1	397 1	412 1	
15 1	58 1	82 1	158 1	175 1	182 1	281 1	321 1	341 1	366 1	398 1	413 1	
16 1	59 1	83 1	159 1	176 1	183 1	282 1	322 1	342 1	367 1	399 1	414 1	
17 1	60 1	84 1	160 1	177 1	184 1	283 1	323 1	343 1	368 1	400 1	415 1	
18 1	61 1	85 1	161 1	178 1	185 1	284 1	324 1	344 1	369 1	401 1	416 1	
19 1	62 1	86 1	162 1	179 1	186 1	285 1	325 1	345 1	370 1	402 1	417 1	
20 1	63 1	87 1	163 1	180 1	187 1	286 1	326 1	346 1	371 1	403 1	418 1	
21 1	64 1	88 1	164 1	181 1	188 1	287 1	327 1	347 1	372 1	404 1	419 1	
22 1	65 1	89 1	165 1	182 1	189 1	288 1	328 1	348 1	373 1	405 1	420 1	
23 1	66 1	90 1	166 1	183 1	190 1	289 1	329 1	349 1	374 1	406 1	421 1	
24 1	67 1	91 1	167 1	184 1	191 1	290 1	330 1	350 1	375 1	407 1	422 1	
25 1	68 1	92 1	168 1	185 1	192 1	291 1	331 1	351 1	376 1	408 1	423 1	
26 1	69 1	93 1	169 1	186 1	193 1	292 1	332 1	352 1	377 1	409 1	424 1	
27 1	70 1	94 1	170 1	187 1	194 1	293 1	333 1	353 1	378 1	410 1	425 1	
28 1	71 1	95 1	171 1	188 1	195 1	294 1	334 1	354 1	379 1	411 1	426 1	
29 1	72 1	96 1	172 1	189 1	196 1	295 1	335 1	355 1	380 1	412 1	427 1	
30 1	73 1	97 1	173 1	190 1	197 1	296 1	336 1	356 1	381 1	413 1	428 1	
31 1	74 1	98 1	174 1	191 1	198 1	297 1	337 1	357 1	382 1	414 1	429 1	
32 1	75 1	99 1	175 1	192 1	199 1	298 1	338 1	358 1	383 1	415 1	430 1	
33 1	76 1	100 1	176 1	193 1	200 1	299 1	339 1	359 1	384 1	416 1	431 1	
34 1	77 1	101 1	177 1	194 1	201 1	300 1	340 1	360 1	385 1	417 1	432 1	
35 1	78 1	102 1	178 1	195 1	202 1	301 1	341 1	361 1	386 1	418 1	433 1	
36 1	79 1	103 1	179 1	196 1	203 1	302 1	342 1	362 1	387 1	419 1	434 1	
37 1	80 1	104 1	180 1	197 1	204 1	303 1	343 1	363 1	388 1	420 1	435 1	
38 1	81 1	105 1	181 1	198 1	205 1	304 1	344 1	364 1	389 1	421 1	436 1	
39 1	82 1	106 1	182 1	199 1	206 1	305 1	345 1	365 1	390 1	422 1	437 1	
40 1	83 1	107 1	183 1	200 1	207 1	306 1	346 1	366 1	391 1	423 1	438 1	
41 1	84 1	108 1	184 1	201 1	208 1	307 1	347 1	367 1	392 1	424 1	439 1	
42 1	85 1	109 1	185 1	202 1	209 1	308 1	348 1	368 1	393 1	425 1	440 1	
43 1	86 1	110 1	186 1	203 1	210 1	309 1	349 1	369 1	394 1	426 1	441 1	
44 1	87 1	111 1	187 1	204 1	211 1	310 1	350 1	370 1	395 1	427 1	442 1	
45 1	88 1	112 1	188 1	205 1	212 1	311 1	351 1	371 1	396 1	428 1	443 1	
46 1	89 1	113 1	189 1	206 1	213 1	312 1	352 1	372 1	397 1	429 1	444 1	
47 1	90 1	114 1	190 1	207 1	214 1	313 1	353 1	373 1	398 1	430 1	445 1	
48 1	91 1	115 1	191 1	208 1	215 1	314 1	354 1	374 1	399 1	431 1	446 1	
49 1	92 1	116 1	192 1	209 1	216 1	315 1	355 1	375 1	400 1	432 1	447 1	
50 1	93 1	117 1	193 1	210 1	217 1	316 1	356 1	376 1	401 1	433 1	448 1	
51 1	94 1	118 1	194 1	211 1	218 1	317 1	357 1	377 1	402 1	434 1	449 1	
52 1	95 1	119 1	195 1	212 1	219 1	318 1	358 1	378 1	403 1	435 1	450 1	
53 1	96 1	120 1	196 1	213 1	220 1	319 1	359 1	379 1	404 1	436 1	451 1	
54 1	97 1	121 1	197 1	214 1	221 1	320 1	360 1	380 1	405 1	437 1	452 1	
55 1	98 1	122 1	198 1	215 1	222 1	321 1	361 1	381 1	406 1	438 1	453 1	
56 1	99 1	123 1	199 1	216 1	223 1	322 1	362 1	382 1	407 1	439 1	454 1	
57 1	100 1	124 1	200 1	217 1	224 1	323 1	363 1	383 1	408 1	440 1	455 1	
58 1	101 1	125 1	201 1	218 1	225 1	324 1	364 1	384 1	409 1	441 1	456 1	
59 1	102 1	126 1	202 1	219 1	226 1	325 1	365 1	385 1	410 1	442 1	457 1	
60 1	103 1	127 1	203 1	220 1	227 1	326 1	366 1	386 1	411 1	443 1	458 1	
61 1	104 1	128 1	204 1	221 1	228 1	327 1	367 1	387 1	412 1	444 1	459 1	
62 1	105 1	129 1	205 1	222 1	229 1	328 1	368 1	388 1	413 1	445 1	460 1	
63 1	106 1	130 1	206 1	223 1	230 1	329 1	369 1	389 1	414 1	446 1	461 1	
64 1	107 1	131 1	207 1	224 1	231 1	330 1	370 1	390 1	415 1	447 1	462 1	
65 1	108 1	132 1	208 1	225 1	232 1	331 1	371 1	391 1	416 1	448 1	463 1	
66 1	109 1	133 1	209 1	226 1	233 1	332 1	372 1	392 1	417 1	449 1	464 1	
67 1	110 1	134 1	210 1	227 1	234 1	333 1	373 1	393 1	418 1	450 1	465 1	
68 1	111 1	135 1	211 1	228 1	235 1	334 1	374 1	394 1	419 1	451 1	466 1	
69 1	112 1	136 1	212 1	229 1	236 1	335 1	375 1	395 1	420 1	452 1	467 1	
70 1	113 1	137 1	213 1	230 1	237 1	336 1	376 1	396 1	421 1	453 1	468 1	
71 1	114 1	138 1	214 1	231 1	238 1	337 1	377 1	397 1	422 1	454 1	469 1	
72 1	115 1	139 1	215 1	232 1	239 1	338 1	378 1	398 1	423 1	455 1	470 1	
73 1	116 1	140 1	216 1	233 1	240 1	339 1	379 1	399 1	424 1	456 1	471 1	
1 1	74 1	117 1	141 1	217 1	234 1	340 1	380 1	400 1	425 1	457 1	472 1	
2 1	75 1	118 1	142 1	218 1	235 1	341 1	381 1	401 1	426 1	458 1	473 1	
3 1	76 1	119 1	143 1	219 1	236 1	342 1	382 1	402 1	427 1	459 1	474 1	
4 1	77 1	120 1	144 1	220 1	237 1	343 1	383 1	403 1	428 1	460 1	475 1	
1 2	33 2	58 2	78 2	118 2	226 2	241 2	317 2	341 2	384 2	457 2	464 2	
2 2	34 2	59 2	79 2	119 2	227 2	242 2	318 2	342 2	385 2	458 2	465 2	
3 2	35 2	60 2	80 2	120 2	228 2	243 2	319 2	343 2	386 2	459 2	466 2	
4 2	36 2	61 2	81 2	121 2	229 2	244 2	320 2	344 2	387 2	460 2	467 2	
5 2	37 2	62 2	82 2	122 2	230 2	245 2	321 2	345 2	388 2	461 2	468 2	
6 2	38 2	63 2	83 2	123 2	231 2	246 2	322 2	346 2	389 2	462 2	469 2	
7 2	39 2	64 2	84 2	124 2	232 2	247 2	323 2	347 2	390 2	463 2	470 2	
8 2	40 2	65 2	85 2	125 2	233 2	248 2	324 2	348 2	391 2	464 2	471 2	
9 2	41 2	66 2	86 2	126 2	234 2	249 2	325 2	349 2	392 2	465 2	472 2	
10 2	42 2	67 2	87 2	127 2	235 2	250 2	326 2	350 2	393 2	466 2	473 2	
11 2	43 2	68 2	88 2	128 2	236 2	251 2	327 2	351 2	394 2	467 2	474 2	
12 2	44 2	69 2	89 2	129 2	237 2	252 2	328 2	352 2	395 2	468 2	475 2	
13 2	45 2	70 2	90 2	130 2	238 2	253 2	329 2	353 2	396 2	469 2	476 2	
14 2	46 2	71 2	91 2	131 2	239 2	254 2	330 2	354 2	397 2	470 2	477 2	
15 2	47 2	72 2	92 2	132 2	240 2	255 2	331 2	355 2	398 2	471 2	478 2	
1 2	16 2	48 2	73 2	93 2	133 2	256 2	332 2	356 2	399 2	472 2	479 2	
2 2	17 2	49 2	74 2	94 2	134 2	257 2	333 2	357 2	400 2	473 2	480 2	
3 2	18 2	50 2	75 2	95 2	135 2	241 2	258 2	334 2	358 2	401 2	474 2	
4 2	19 2	51 2	76 2	96 2	136 2	242 2	259 2	335 2	359 2	402 2	475 2	
5 2	20 2	52 2	77 2	97 2	137 2	243 2	260 2	336 2	360 2	403 2	476 2	
6 2	21 2	53 2	78 2	98 2	138 2	244 2	261 2	337 2	361 2	404 2	477 2	
7 2	22 2	54 2	79 2	99 2	139 2	245 2	262 2	338 2	362 2	405 2	478 2	
8 2	23 2	55 2	80 2	100 2	140 2	246 2	263 2	339 2	363 2	406 2	479 2	
9 2	24 2	56 2	81 2	101 2	141 2	247 2	264 2	340 2	364 2	407 2	480 2	
10 2	25 2	57 2	82 2	102 2	142 2	241 2	248 2	265 2	341 2	365 2	408 2	
11 2	26 2	58 2	83 2	103 2	143 2	242 2	249 2	266 2	342 2	366 2	409 2	
12 2	27 2	59 2	84 2	104 2	144 2	243 2	250 2	267 2	343 2	367 2	410 2	
13 2	28 2	60 2	85 2	105 2	145 2	244 2	251 2	268 2	344 2	368 2	411 2	
14 2	29 2	61 2	86 2	106 2	146 2	245 2	252 2	269 2	345 2	369 2	412 2	
15 2	30 2	62 2	87 2	107 2	147 2	246 2	253 2	270 2	346 2	370 2	413 2	
16 2	31 2	63 2	88 2	108 2	148 2	247 2	254 2	271 2	347 2	371 2	414 2	
17 2	32 2	64 2	89 2	109 2	149 2	248 2	255 2	272 2	348 2	372 2	415 2	
18 2	33 2	65 2	90 2	110 2	150 2	249 2	256 2	273 2	349 2	373 2	416 2	
19 2	34 2	66 2	91 2	111 2	151 2	250 2	257 2	274 2	350 2	374 2	417 2	
20 2	35 2	67 2	92 2	112 2	152 2	251 2	258 2	275 2	351 2	375 2	418 2	
21 2	36 2	68 2	93 2	113 2	153 2	252 2	259 2	276 2	352 2	376 2	419 2	
22 2	37 2	69 2	94 2	114 2	154 2	253 2	260 2	277 2	353 2	377 2	420 2	
23 2	38 2	70 2	95 2	115 2	155 2	254 2	261 2	278 2	354 2	378 2	421 2	
24 2	39 2	71 2	96 2	116 2	156 2	255 2	262 2	279 2	355 2	379 2	422 2	
25 2	40 2	72 2	97 2	117 2	157 2	256 2	263 2	280 2	356 2	380 2	423 2	
26 2	41 2	73 2	98 2	118 2	158 2	257 2	264 2	281 2	357 2	381 2	424 2	
27 2	42 2	74 2	99 2	119 2	159 2	258 2	265 2	282 2	358 2	382 2	425 2	
28 2	43 2	75 2	100 2	120 2	160 2	259 2	266 2	283 2	359 2	383 2	426 2	
29 2	44 2	76 2	101 2	121 2	161 2	260 2	267 2	284 2	360 2	384 2	427 2	
30 2	45 2	77 2	102 2	122 2	162 2	261 2	268 2	285 2	361 2	385 2	428 2	
31 2	46 2	78 2	103 2	123 2	163 2	262 2	269 2	286 2	362 2	386 2	429 2	
32 2	47 2	79 2	104 2	124 2	164 2	263 2	270 2	287 2	363 2	387 2	430 2	
33 2	48 2	80 2	105 2	125 2	165 2	264 2	271 2	288 2	364 2	388 2	431 2	
34 2	49 2	81 2	106 2	126 2	166 2	265 2	272 2	289 2	365 2	389 2	432 2	
35 2	50 2	82 2	107 2	127 2	167 2	266 2	273 2	290 2	366 2	390 2	433 2	
36 2	51 2	83 2	108 2	128 2	168 2	267 2	274 2	291 2	367 2	391 2	434 2	
37 2	52 2	84 2	109 2	129 2	169 2	268 2	275 2	292 2	368 2	392 2	435 2	
38 2	53 2	85 2	110 2	130 2	170 2	269 2	276 2	293 2	369 2	393 2	436 2	
39 2	54 2	86 2	111 2	131 2	171 2	270 2	277 2	294 2	370 2	394 2	437 2	
40 2	55 2	87 2	112 2	132 2	172 2	271 2	278 2	295 2	371 2	395 2	438 2	
41 2	56 2	88 2	113 2	133 2	173 2	272 2	279 2	296 2	372 2	396 2	439 2	
42 2	57 2	89 2	114 2	134 2	174 2	273 2	280 2	297 2	373 2	397 2	440 2	
43 2	58 2	90 2	115 2	135 2	175 2	274 2	281 2	298 2	374 2	398 2	441 2	
44 2	59 2	91 2	116 2	136 2	176 2	275 2	282 2	299 2	375 2	399 2	442 2	
45 2	60 2	92 2	117 2	137 2	177 2	276 2	283 2	300 2	376 2	400 2	443 2	
46 2	61 2	93 2	118 2	138 2	178 2	277 2	284 2	301 2	377 2	401 2	444 2	
47 2	62 2	94 2	119 2	139 2	179 2	278 2	285 2	302 2	378 2	402 2	445 2	
48 2	63 2	95 2	120 2	140 2	180 2	279 2	286 2	303 2	379 2	403 2	446 2	
49 2	64 2	96 2	121 2	141 2	181 2	280 2	287 2	304 2	380 2	404 2	447 2	
50 2	65 2	97 2	122 2	142 2	182 2	281 2	288 2	305 2	381 2	405 2	448 2	
51 2	66 2	98 2	123 2	143 2	183 2	282 2	289 2	306 2	382 2	406 2	449 2	
52 2	67 2	99 2	124 2	144 2	184 2	283 2	290 2	307 2	383 2	407 2	450 2	
53 2	68 2	100 2	125 2	145 2	185 2	284 2	291 2	308 2	384 2	408 2	451 2	
54 2	69 2	101 2	126 2	146 2	186 2	285 2	292 2	309 2	385 2	409 2	452 2	
55 2	70 2	102 2	127 2	147 2	187 2	286 2	293 2	310 2	386 2	410 2	453 2	
56 2	71 2	103 2	128 2	148 2	188 2	287 2	294 2	311 2	387 2	411 2	454 2	
57 2	72 2	104 2	129 2	149 2	189 2	288 2	295 2	312 2	388 2	412 2	455 2	
58 2	73 2	105 2	130 2	150 2	190 2	289 2	296 2	313 2	389 2	413 2	456 2	
59 2	74 2	106 2	131 2	151 2	191 2	290 2	297 2	314 2	390 2	414 2	457 2	
60 2	75 2	107 2	132 2	152 2	192 2	291 2	298 2	315 2	391 2	415 2	458 2	
61 2	76 2	108 2	133 2	153 2	193 2	292 2	299 2	316 2	392 2	416 2	459 2	
62 2	77 2	109 2	134 2	154 2	194 2	293 2	300 2	317 2	393 2	417 2	460 2	
63 2	78 2	110 2	135 2	155 2	195 2	294 2	301 2	318 2	394 2	418 2	461 2	
64 2	79 2	111 2	136 2	156 2	196 2	295 2	302 2	319 2	395 2	419 2	462 2	
65 2	80 2	112 2	137 2	157 2	197 2	296 2	303 2	320 2	396 2	420 2	463 2	
66 2	81 2	113 2	138 2	158 2	198 2	297 2	304 2	321 2	397 2	421 2	464 2	
67 2	82 2	114 2	139 2	159 2	199 2	298 2	305 2	322 2	398 2	422 2	465 2	
68 2	83 2	115 2	140 2	160 2	200 2	299 2	306 2	323 2	399 2	423 2	466 2	
69 2	84 2	116 2	141 2	161 2	201 2	300 2	307 2	324 2	400 2	424 2	467 2	
70 2	85 2	117 2	142 2	162 2	202 2	301 2	308 2	325 2	401 2	425 2	468 2	
71 2	86 2	118 2	143 2	163 2	203 2	302 2	309 2	326 2	402 2	426 2	469 2	
72 2	87 2	119 2	144 2	164 2	204 2	303 2	310 2	327 2	403 2	427 2	470 2	
73 2	88 2	120 2	145 2	165 2	205 2	304 2	311 2	328 2	404 2	428 2	471 2	
74 2	89 2	121 2	146 2	166 2	206 2	305 2	312 2	329 2	405 2	429 2	472 2	
75 2	90 2	122 2	147 2	167 2	207 2	306 2	313 2	330 2	406 2	430 2	473 2	
76 2	91 2	123 2	148 2	168 2	208 2	307 2	314 2	331 2	407 2	431 2	474 2	
77 2	92 2	124 2	149 2	169 2	209 2	308 2	315 2	332 2	408 2	432 2	475 2	
78 2	93 2	125 2	150 2	170 2	210 2	309 2	316 2	333 2	409 2	433 2	476 2	
79 2	94 2	126 2	151 2	171 2	211 2	310 2	317 2	334 2	410 2	434 2	477 2	
80 2	95 2	127 2	152 2	172 2	212 2	311 2	318 2	335 2	411 2	435 2	478 2	
81 2	96 2	128 2	153 2	173 2	213 2	312 2	319 2	336 2	412 2	436 2	479 2	
82 2	97 2	129 2	154 2	174 2	214 2	313 2	320 2	337 2	413 2	437 2	480 2	
83 2	98 2	130 2	155 2	175 2	215 2	241 2	314 2	321 2	338 2	414 2	438 2	
84 2	99 2	131 2	156 2	176 2	216 2	242 2	315 2	322 2	339 2	415 2	439 2	
85 2	100 2	132 2	157 2	177 2	217 2	243 2	316 2	323 2	340 2	416 2	440 2	
86 2	101 2	133 2	158 2	178 2	218 2	244 2	317 2	324 2	341 2	417 2	441 2	
87 2	102 2	134 2	159 2	179 2	219 2	245 2	318 2	325 2	342 2	418 2	442 2	
88 2	103 2	135 2	160 2	180 2	220 2	246 2	319 2	326 2	343 2	419 2	443 2	
89 2	104 2	136 2	161 2	181 2	221 2	247 2	320 2	327 2	344 2	420 2	444 2	
90 2	105 2	137 2	162 2	182 2	222 2	248 2	321 2	328 2	345 2	421 2	445 2	
91 2	106 2	138 2	163 2	183 2	223 2	249 2	322 2	329 2	346 2	422 2	446 2	
92 2	107 2	139 2	164 2	184 2	224 2	250 2	323 2	330 2	347 2	423 2	447 2	
93 2	108 2	140 2	165 2	185 2	225 2	251 2	324 2	331 2	348 2	424 2	448 2	
94 2	109 2	141 2	166 2	186 2	226 2	252 2	325 2	332 2	349 2	425 2	449 2	
95 2	110 2	142 2	167 2	187 2	227 2	253 2	326 2	333 2	350 2	426 2	450 2	
96 2	111 2	143 2	168 2	188 2	228 2	254 2	327 2	334 2	351 2	427 2	451 2	
97 2	112 2	144 2	169 2	189 2	229 2	255 2	328 2	335 2	352 2	428 2	452 2	
98 2	113 2	145 2	170 2	190 2	230 2	256 2	329 2	336 2	353 2	429 2	453 2	
99 2	114 2	146 2	171 2	191 2	231 2	257 2	330 2	337 2	354 2	430 2	454 2	
100 2	115 2	147 2	172 2	192 2	232 2	258 2	331 2	338 2	355 2	431 2	455 2	
101 2	116 2	148 2	173 2	193 2	233 2	259 2	332 2	339 2	356 2	432 2	456 2	
102 2	117 2	149 2	174 2	194 2	234 2	260 2	333 2	340 2	357 2	433 2	457 2	
103 2	118 2	150 2	175 2	195 2	235 2	261 2	334 2	341 2	358 2	434 2	458 2	
104 2	119 2	151 2	176 2	196 2	236 2	262 2	335 2	342 2	359 2	435 2	459 2	
105 2	120 2	152 2	177 2	197 2	237 2	263 2	336 2	343 2	360 2	436 2	460 2	
106 2	121 2	153 2	178 2	198 2	238 2	264 2	337 2	344 2	361 2	437 2	461 2	
107 2	122 2	154 2	179 2	199 2	239 2	265 2	338 2	345 2	362 2	438 2	462 2	
108 2	123 2	155 2	180 2	200 2	240 2	266 2	339 2	346 2	363 2	439 2	463 2	
1 2	109 2	124 2	156 2	181 2	201 2	267 2	340 2	347 2	364 2	440 2	464 2	
2 2	110 2	125 2	157 2	182 2	202 2	268 2	341 2	348 2	365 2	441 2	465 2	
3 2	111 2	126 2	158 2	183 2	203 2	269 2	342 2	349 2	366 2	442 2	466 2	
4 2	112 2	127 2	159 2	184 2	204 2	270 2	343 2	350 2	367 2	443 2	467 2	
5 2	113 2	128 2	160 2	185 2	205 2	271 2	344 2	351 2	368 2	444 2	468 2	
6 2	114 2	129 2	161 2	186 2	206 2	272 2	345 2	352 2	369 2	445 2	469 2	
7 2	115 2	130 2	162 2	187 2	207 2	273 2	346 2	353 2	370 2	446 2	470 2	
8 2	116 2	131 2	163 2	188 2	208 2	274 2	347 2	354 2	371 2	447 2	471 2	
9 2	117 2	132 2	164 2	189 2	209 2	275 2	348 2	355 2	372 2	448 2	472 2	
10 2	118 2	133 2	165 2	190 2	210 2	276 2	349 2	356 2	373 2	449 2	473 2	
11 2	119 2	134 2	166 2	191 2	211 2	277 2	350 2	357 2	374 2	450 2	474 2	
12 2	120 2	135 2	167 2	192 2	212 2	278 2	351 2	358 2	375 2	451 2	475 2	
13 2	121 2	136 2	168 2	193 2	213 2	279 2	352 2	359 2	376 2	452 2	476 2	
14 2	122 2	137 2	169 2	194 2	214 2	280 2	353 2	360 2	377 2	453 2	477 2	
15 2	123 2	138 2	170 2	195 2	215 2	281 2	354 2	361 2	378 2	454 2	478 2	
16 2	124 2	139 2	171 2	196 2	216 2	282 2	355 2	362 2	379 2	455 2	479 2	
17 2	125 2	140 2	172 2	197 2	217 2	283 2	356 2	363 2	380 2	456 2	480 2	
18 2	126 2	141 2	173 2	198 2	218 2	241 2	284 2	357 2	364 2	381 2	457 2	
19 2	127 2	142 2	174 2	199 2	219 2	242 2	285 2	358 2	365 2	382 2	458 2	
20 2	128 2	143 2	175 2	200 2	220 2	243 2	286 2	359 2	366 2	383 2	459 2	
21 2	129 2	144 2	176 2	201 2	221 2	244 2	287 2	360 2	367 2	384 2	460 2	
22 2	130 2	145 2	177 2	202 2	222 2	245 2	288 2	361 2	368 2	385 2	461 2	
23 2	131 2	146 2	178 2	203 2	223 2	246 2	289 2	362 2	369 2	386 2	462 2	
24 2	132 2	147 2	179 2	204 2	224 2	247 2	290 2	363 2	370 2	387 2	463 2	
25 2	133 2	148 2	180 2	205 2	225 2	248 2	291 2	364 2	371 2	388 2	464 2	
26 2	134 2	149 2	181 2	206 2	226 2	249 2	292 2	365 2	372 2	389 2	465 2	
27 2	135 2	150 2	182 2	207 2	227 2	250 2	293 2	366 2	373 2	390 2	466 2	
28 2	136 2	151 2	183 2	208 2	228 2	251 2	294 2	367 2	374 2	391 2	467 2	
29 2	137 2	152 2	184 2	209 2	229 2	252 2	295 2	368 2	375 2	392 2	468 2	
30 2	138 2	153 2	185 2	210 2	230 2	253 2	296 2	369 2	376 2	393 2	469 2	
31 2	139 2	154 2	186 2	211 2	231 2	254 2	297 2	370 2	377 2	394 2	470 2	
32 2	140 2	155 2	187 2	212 2	232 2	255 2	298 2	371 2	378 2	395 2	471 2	
33 2	141 2	156 2	188 2	213 2	233 2	256 2	299 2	372 2	379 2	396 2	472 2	
34 2	142 2	157 2	189 2	214 2	234 2	257 2	300 2	373 2	380 2	397 2	473 2	
35 2	143 2	158 2	190 2	215 2	235 2	258 2	301 2	374 2	381 2	398 2	474 2	
36 2	144 2	159 2	191 2	216 2	236 2	259 2	302 2	375 2	382 2	399 2	475 2	
37 2	145 2	160 2	192 2	217 2	237 2	260 2	303 2	376 2	383 2	400 2	476 2	
38 2	146 2	161 2	193 2	218 2	238 2	261 2	304 2	377 2	384 2	401 2	477 2	
39 2	147 2	162 2	194 2	219 2	239 2	262 2	305 2	378 2	385 2	402 2	478 2	
40 2	148 2	163 2	195 2	220 2	240 2	263 2	306 2	379 2	386 2	403 2	479 2	
1 2	41 2	149 2	164 2	196 2	221 2	264 2	307 2	380 2	387 2	404 2	480 2	
2 2	42 2	150 2	165 2	197 2	222 2	241 2	265 2	308 2	381 2	388 2	405 2	
3 2	43 2	151 2	166 2	198 2	223 2	242 2	266 2	309 2	382 2	389 2	406 2	
4 2	44 2	152 2	167 2	199 2	224 2	243 2	267 2	310 2	383 2	390 2	407 2	
5 2	45 2	153 2	168 2	200 2	225 2	244 2	268 2	311 2	384 2	391 2	408 2	
6 2	46 2	154 2	169 2	201 2	226 2	245 2	269 2	312 2	385 2	392 2	409 2	
7 2	47 2	155 2	170 2	202 2	227 2	246 2	270 2	313 2	386 2	393 2	410 2	
8 2	48 2	156 2	171 2	203 2	228 2	247 2	271 2	314 2	387 2	394 2	411 2	
9 2	49 2	157 2	172 2	204 2	229 2	248 2	272 2	315 2	388 2	395 2	412 2	
10 2	50 2	158 2	173 2	205 2	230 2	249 2	273 2	316 2	389 2	396 2	413 2	
11 2	51 2	159 2	174 2	206 2	231 2	250 2	274 2	317 2	390 2	397 2	414 2	
12 2	52 2	160 2	175 2	207 2	232 2	251 2	275 2	318 2	391 2	398 2	415 2	
13 2	53 2	161 2	176 2	208 2	233 2	252 2	276 2	319 2	392 2	399 2	416 2	
14 2	54 2	162 2	177 2	209 2	234 2	253 2	277 2	320 2	393 2	400 2	417 2	
15 2	55 2	163 2	178 2	210 2	235 2	254 2	278 2	321 2	394 2	401 2	418 2	
16 2	56 2	164 2	179 2	211 2	236 2	255 2	279 2	322 2	395 2	402 2	419 2	
17 2	57 2	165 2	180 2	212 2	237 2	256 2	280 2	323 2	396 2	403 2	420 2	
18 2	58 2	166 2	181 2	213 2	238 2	257 2	281 2	324 2	397 2	404 2	421 2	
19 2	59 2	167 2	182 2	214 2	239 2	258 2	282 2	325 2	398 2	405 2	422 2	
20 2	60 2	168 2	183 2	215 2	240 2	259 2	283 2	326 2	399 2	406 2	423 2	
1 2	21 2	61 2	169 2	184 2	216 2	260 2	284 2	327 2	400 2	407 2	424 2	
2 2	22 2	62 2	170 2	185 2	217 2	261 2	285 2	328 2	401 2	408 2	425 2	
3 2	23 2	63 2	171 2	186 2	218 2	262 2	286 2	329 2	402 2	409 2	426 2	
4 2	24 2	64 2	172 2	187 2	219 2	263 2	287 2	330 2	403 2	410 2	427 2	
5 2	25 2	65 2	173 2	188 2	220 2	264 2	288 2	331 2	404 2	411 2	428 2	
6 2	26 2	66 2	174 2	189 2	221 2	265 2	289 2	332 2	405 2	412 2	429 2	
7 2	27 2	67 2	175 2	190 2	222 2	266 2	290 2	333 2	406 2	413 2	430 2	
8 2	28 2	68 2	176 2	191 2	223 2	267 2	291 2	334 2	407 2	414 2	431 2	
9 2	29 2	69 2	177 2	192 2	224 2	268 2	292 2	335 2	408 2	415 2	432 2	
10 2	30 2	70 2	178 2	193 2	225 2	269 2	293 2	336 2	409 2	416 2	433 2	
11 2	31 2	71 2	179 2	194 2	226 2	270 2	294 2	337 2	410 2	417 2	434 2	
12 2	32 2	72 2	180 2	195 2	227 2	271 2	295 2	338 2	411 2	418 2	435 2	
13 2	33 2	73 2	181 2	196 2	228 2	272 2	296 2	339 2	412 2	419 2	436 2	
14 2	34 2	74 2	182 2	197 2	229 2	273 2	297 2	340 2	413 2	420 2	437 2	
15 2	35 2	75 2	183 2	198 2	230 2	274 2	298 2	341 2	414 2	421 2	438 2	
16 2	36 2	76 2	184 2	199 2	231 2	275 2	299 2	342 2	415 2	422 2	439 2	
17 2	37 2	77 2	185 2	200 2	232 2	276 2	300 2	343 2	416 2	423 2	440 2	
18 2	38 2	78 2	186 2	201 2	233 2	277 2	301 2	344 2	417 2	424 2	441 2	
19 2	39 2	79 2	187 2	202 2	234 2	278 2	302 2	345 2	418 2	425 2	442 2	
20 2	40 2	80 2	188 2	203 2	235 2	279 2	303 2	346 2	419 2	426 2	443 2	
21 2	41 2	81 2	189 2	204 2	236 2	280 2	304 2	347 2	420 2	427 2	444 2	
22 2	42 2	82 2	190 2	205 2	237 2	281 2	305 2	348 2	421 2	428 2	445 2	
23 2	43 2	83 2	191 2	206 2	238 2	282 2	306 2	349 2	422 2	429 2	446 2	
24 2	44 2	84 2	192 2	207 2	239 2	283 2	307 2	350 2	423 2	430 2	447 2	
25 2	45 2	85 2	193 2	208 2	240 2	284 2	308 2	351 2	424 2	431 2	448 2	
1 2	26 2	46 2	86 2	194 2	209 2	285 2	309 2	352 2	425 2	432 2	449 2	
2 2	27 2	47 2	87 2	195 2	210 2	286 2	310 2	353 2	426 2	433 2	450 2	
3 2	28 2	48 2	88 2	196 2	211 2	287 2	311 2	354 2	427 2	434 2	451 2	
4 2	29 2	49 2	89 2	197 2	212 2	288 2	312 2	355 2	428 2	435 2	452 2	
5 2	30 2	50 2	90 2	198 2	213 2	289 2	313 2	356 2	429 2	436 2	453 2	
6 2	31 2	51 2	91 2	199 2	214 2	290 2	314 2	357 2	430 2	437 2	454 2	
7 2	32 2	52 2	92 2	200 2	215 2	291 2	315 2	358 2	431 2	438 2	455 2	
8 2	33 2	53 2	93 2	201 2	216 2	292 2	316 2	359 2	432 2	439 2	456 2	
9 2	34 2	54 2	94 2	202 2	217 2	293 2	317 2	360 2	433 2	440 2	457 2	
10 2	35 2	55 2	95 2	203 2	218 2	294 2	318 2	361 2	434 2	441 2	458 2	
11 2	36 2	56 2	96 2	204 2	219 2	295 2	319 2	362 2	435 2	442 2	459 2	
12 2	37 2	57 2	97 2	205 2	220 2	296 2	320 2	363 2	436 2	443 2	460 2	
