512 338
7 8
6 6 6 5 5 4 4 4 4 4 4 4 4 4 5 4 4 4 4 4 4 4 4 4 5 5 6 6 6 6 6 6 6 6 6 6 6 7 7 7 7 7 7 7 7 7 6 6 6 6 6 6 6 6 6 4 4 5 5 5 5 5 5 5 5 4 4 4 4 4 4 4 4 4 4 4 6 5 5 5 5 5 5 4 4 4 5 5 6 6 6 6 6 6 6 6 6 6 5 6 6 6 6 6 7 7 7 7 6 6 6 6 6 6 6 6 6 4 4 4 5 5 5 5 5 5 5 4 4 4 4 4 4 4 4 4 4 4 4 6 5 5 5 5 5 4 4 4 4 5 5 6 6 6 6 6 6 6 6 6 6 5 5 6 6 6 7 7 7 7 6 6 6 6 6 6 6 6 6 6 4 4 4 4 5 5 5 5 5 5 4 4 4 4 4 4 4 4 4 4 4 4 4 6 6 6 6 5 5 4 4 4 4 5 5 6 6 6 6 6 6 6 6 6 6 6 6 6 6 7 7 7 7 6 6 6 6 6 6 6 6 6 6 6 6 6 6 6 6 4 4 5 5 5 5 5 4 4 4 4 5 5 5 5 5 5 5 5 4 4 6 6 6 6 6 6 6 6 6 7 7 7 7 6 6 6 6 6 6 6 6 6 6 6 6 6 6 6 6 5 5 4 4 4 4 5 5 5 5 5 6 4 4 4 4 4 4 4 4 4 4 4 5 5 5 5 5 5 5 5 4 4 6 6 6 6 6 6 6 6 6 6 7 7 7 7 6 6 6 6 6 6 6 6 6 6 6 6 6 6 6 5 5 4 4 4 4 4 4 5 5 5 6 4 4 4 4 4 4 4 4 4 4 4 4 5 5 5 5 5 5 5 4 4 4 6 6 6 6 6 6 6 6 6 6 6 7 7 7 7 7 7 7 6 7 6 6 6 6 6 6 6 6 6 5 5 4 4 4 4 4 4 4 4 4 5 4 4 4 4 4 4 4 4 4 4 4 5 5 6 6 6 5 5 5 4 4 4 4 6 6 6 6 6 6 6 6 6 6 6 6 6 6 7 7 7 6 5 6 6 6 6 6 6 6 6 6 6 6 6 6 6 6 5 5 4 4 4 5 6 6 6 6 6 6 4 4 4 4 4 4 4 
8 8 8 8 8 8 8 8 8 8 8 8 8 8 8 8 8 8 8 8 8 8 8 8 8 8 8 8 8 8 8 8 8 8 8 8 8 8 8 8 8 8 8 8 8 8 8 8 8 8 8 8 8 8 8 8 8 8 8 8 8 8 8 8 8 8 8 8 8 8 8 8 8 8 8 8 8 8 8 8 8 8 8 8 8 8 8 8 8 8 8 8 8 8 8 8 8 8 8 8 8 8 8 8 8 8 8 8 8 8 8 8 8 8 8 8 8 8 8 8 8 8 8 8 8 8 8 8 8 8 8 8 8 8 8 8 8 8 8 8 8 8 8 8 8 8 8 8 8 8 8 8 8 8 8 8 8 8 8 8 8 8 8 8 8 8 8 8 8 8 8 8 8 8 8 8 8 8 8 8 8 8 8 8 8 8 8 8 8 8 8 8 8 8 8 8 8 8 8 8 8 8 8 8 8 8 8 8 8 8 8 8 8 8 8 8 8 8 8 8 8 8 8 8 8 8 8 8 8 8 8 8 8 8 8 8 8 8 8 8 8 8 8 8 8 8 8 8 8 8 8 8 8 8 8 8 8 8 8 8 8 8 8 8 8 8 8 8 8 8 8 8 8 8 8 8 8 8 8 8 8 8 8 8 8 8 8 8 8 8 8 8 8 8 8 8 8 8 8 8 8 8 8 8 8 8 8 8 8 8 8 8 8 8 8 8 8 8 8 8 8 8 8 8 8 8 8 8 8 8 8 8 8 8 8 8 8 8 
110 1	124 1	165 1	175 2	196 2	336 2	0 0	
111 1	125 1	166 1	176 2	197 2	337 2	0 0	
112 1	126 1	167 1	177 2	198 2	338 2	0 0	
113 1	127 1	168 1	178 2	199 2	0 0	0 0	
114 1	128 1	169 1	179 2	200 2	0 0	0 0	
115 1	129 1	180 2	201 2	0 0	0 0	0 0	
116 1	130 1	181 2	202 2	0 0	0 0	0 0	
117 1	131 1	182 2	203 2	0 0	0 0	0 0	
118 1	132 1	183 2	204 2	0 0	0 0	0 0	
119 1	133 1	184 2	205 2	0 0	0 0	0 0	
120 1	134 1	185 2	206 2	0 0	0 0	0 0	
121 1	135 1	186 2	207 2	0 0	0 0	0 0	
122 1	136 1	187 2	208 2	0 0	0 0	0 0	
123 1	137 1	188 2	209 2	0 0	0 0	0 0	
1 1	138 1	170 2	189 2	210 2	0 0	0 0	
2 1	139 1	171 2	190 2	0 0	0 0	0 0	
3 1	140 1	172 2	191 2	0 0	0 0	0 0	
4 1	141 1	173 2	192 2	0 0	0 0	0 0	
5 1	142 1	174 2	193 2	0 0	0 0	0 0	
6 1	143 1	175 2	194 2	0 0	0 0	0 0	
7 1	144 1	176 2	195 2	0 0	0 0	0 0	
8 1	145 1	177 2	196 2	0 0	0 0	0 0	
9 1	146 1	178 2	197 2	0 0	0 0	0 0	
10 1	147 1	179 2	198 2	0 0	0 0	0 0	
11 1	148 1	170 2	180 2	199 2	0 0	0 0	
12 1	149 1	171 2	181 2	200 2	0 0	0 0	
1 1	13 1	150 1	172 2	182 2	201 2	0 0	
2 1	14 1	151 1	173 2	183 2	202 2	0 0	
3 1	15 1	152 1	174 2	184 2	203 2	0 0	
4 1	16 1	153 1	175 2	185 2	204 2	0 0	
5 1	17 1	154 1	176 2	186 2	205 2	0 0	
6 1	18 1	155 1	177 2	187 2	206 2	0 0	
7 1	19 1	156 1	178 2	188 2	207 2	0 0	
8 1	20 1	157 1	179 2	189 2	208 2	0 0	
9 1	21 1	158 1	180 2	190 2	209 2	0 0	
10 1	22 1	159 1	181 2	191 2	210 2	0 0	
11 1	23 1	160 1	182 2	192 2	211 2	0 0	
12 1	24 1	124 1	161 1	183 2	193 2	212 2	
13 1	25 1	125 1	162 1	184 2	194 2	213 2	
14 1	26 1	126 1	163 1	185 2	195 2	214 2	
15 1	27 1	127 1	164 1	186 2	196 2	215 2	
16 1	28 1	128 1	165 1	187 2	197 2	216 2	
17 1	29 1	129 1	166 1	188 2	198 2	217 2	
18 1	30 1	130 1	167 1	189 2	199 2	218 2	
19 1	31 1	131 1	168 1	190 2	200 2	219 2	
20 1	32 1	132 1	169 1	191 2	201 2	220 2	
21 1	33 1	133 1	192 2	202 2	221 2	0 0	
22 1	34 1	134 1	193 2	203 2	222 2	0 0	
23 1	35 1	135 1	194 2	204 2	223 2	0 0	
24 1	36 1	136 1	195 2	205 2	224 2	0 0	
25 1	37 1	137 1	196 2	206 2	225 2	0 0	
26 1	38 1	138 1	197 2	207 2	226 2	0 0	
27 1	39 1	139 1	198 2	208 2	227 2	0 0	
28 1	40 1	140 1	199 2	209 2	228 2	0 0	
29 1	41 1	141 1	200 2	210 2	229 2	0 0	
30 1	142 1	201 2	230 2	0 0	0 0	0 0	
31 1	143 1	202 2	231 2	0 0	0 0	0 0	
32 1	144 1	203 2	211 2	232 2	0 0	0 0	
33 1	145 1	204 2	212 2	233 2	0 0	0 0	
34 1	146 1	205 2	213 2	234 2	0 0	0 0	
35 1	147 1	206 2	214 2	235 2	0 0	0 0	
36 1	148 1	207 2	215 2	236 2	0 0	0 0	
37 1	149 1	208 2	216 2	237 2	0 0	0 0	
38 1	150 1	209 2	217 2	238 2	0 0	0 0	
39 1	151 1	210 2	218 2	239 2	0 0	0 0	
40 1	152 1	219 2	240 2	0 0	0 0	0 0	
41 1	153 1	220 2	241 2	0 0	0 0	0 0	
1 1	154 1	221 2	242 2	0 0	0 0	0 0	
2 1	155 1	222 2	243 2	0 0	0 0	0 0	
3 1	156 1	223 2	244 2	0 0	0 0	0 0	
4 1	157 1	224 2	245 2	0 0	0 0	0 0	
5 1	158 1	225 2	246 2	0 0	0 0	0 0	
6 1	159 1	226 2	247 2	0 0	0 0	0 0	
7 1	160 1	227 2	248 2	0 0	0 0	0 0	
8 1	161 1	228 2	249 2	0 0	0 0	0 0	
9 1	162 1	229 2	250 2	0 0	0 0	0 0	
10 1	42 1	163 1	211 2	230 2	251 2	0 0	
11 1	43 1	164 1	212 2	231 2	0 0	0 0	
12 1	44 1	165 1	213 2	232 2	0 0	0 0	
13 1	45 1	166 1	214 2	233 2	0 0	0 0	
14 1	46 1	167 1	215 2	234 2	0 0	0 0	
15 1	47 1	168 1	216 2	235 2	0 0	0 0	
16 1	48 1	169 1	217 2	236 2	0 0	0 0	
17 1	49 1	218 2	237 2	0 0	0 0	0 0	
18 1	50 1	219 2	238 2	0 0	0 0	0 0	
19 1	51 1	220 2	239 2	0 0	0 0	0 0	
20 1	52 1	211 2	221 2	240 2	0 0	0 0	
21 1	53 1	212 2	222 2	241 2	0 0	0 0	
22 1	42 1	54 1	213 2	223 2	242 2	0 0	
23 1	43 1	55 1	214 2	224 2	243 2	0 0	
24 1	44 1	56 1	215 2	225 2	244 2	0 0	
25 1	45 1	57 1	216 2	226 2	245 2	0 0	
26 1	46 1	58 1	217 2	227 2	246 2	0 0	
27 1	47 1	59 1	218 2	228 2	247 2	0 0	
28 1	48 1	60 1	219 2	229 2	248 2	0 0	
29 1	49 1	61 1	220 2	230 2	249 2	0 0	
30 1	50 1	62 1	221 2	231 2	250 2	0 0	
31 1	51 1	63 1	222 2	232 2	251 2	0 0	
32 1	52 1	64 1	223 2	233 2	0 0	0 0	
33 1	53 1	65 1	224 2	234 2	252 2	0 0	
34 1	54 1	66 1	225 2	235 2	253 2	0 0	
35 1	55 1	67 1	226 2	236 2	254 2	0 0	
36 1	56 1	68 1	227 2	237 2	255 2	0 0	
37 1	57 1	69 1	228 2	238 2	256 2	0 0	
1 1	38 1	58 1	70 1	229 2	239 2	257 2	
2 1	39 1	59 1	71 1	230 2	240 2	258 2	
3 1	40 1	60 1	72 1	231 2	241 2	259 2	
4 1	41 1	61 1	73 1	232 2	242 2	260 2	
5 1	62 1	74 1	233 2	243 2	261 2	0 0	
6 1	63 1	75 1	234 2	244 2	262 2	0 0	
7 1	64 1	76 1	235 2	245 2	263 2	0 0	
8 1	65 1	77 1	236 2	246 2	264 2	0 0	
9 1	66 1	78 1	237 2	247 2	265 2	0 0	
10 1	67 1	79 1	238 2	248 2	266 2	0 0	
11 1	68 1	80 1	239 2	249 2	267 2	0 0	
12 1	69 1	81 1	240 2	250 2	268 2	0 0	
13 1	70 1	82 1	241 2	251 2	269 2	0 0	
14 1	71 1	242 2	270 2	0 0	0 0	0 0	
15 1	72 1	243 2	271 2	0 0	0 0	0 0	
16 1	73 1	244 2	272 2	0 0	0 0	0 0	
17 1	74 1	245 2	252 2	273 2	0 0	0 0	
18 1	75 1	246 2	253 2	274 2	0 0	0 0	
19 1	76 1	247 2	254 2	275 2	0 0	0 0	
20 1	77 1	248 2	255 2	276 2	0 0	0 0	
21 1	78 1	249 2	256 2	277 2	0 0	0 0	
22 1	79 1	250 2	257 2	278 2	0 0	0 0	
23 1	80 1	251 2	258 2	279 2	0 0	0 0	
24 1	81 1	259 2	280 2	0 0	0 0	0 0	
25 1	82 1	260 2	281 2	0 0	0 0	0 0	
26 1	42 1	261 2	282 2	0 0	0 0	0 0	
27 1	43 1	262 2	283 2	0 0	0 0	0 0	
28 1	44 1	263 2	284 2	0 0	0 0	0 0	
29 1	45 1	264 2	285 2	0 0	0 0	0 0	
30 1	46 1	265 2	286 2	0 0	0 0	0 0	
31 1	47 1	266 2	287 2	0 0	0 0	0 0	
32 1	48 1	267 2	288 2	0 0	0 0	0 0	
33 1	49 1	268 2	289 2	0 0	0 0	0 0	
34 1	50 1	269 2	290 2	0 0	0 0	0 0	
35 1	51 1	270 2	291 2	0 0	0 0	0 0	
36 1	52 1	83 1	252 2	271 2	292 2	0 0	
37 1	53 1	84 1	253 2	272 2	0 0	0 0	
38 1	54 1	85 1	254 2	273 2	0 0	0 0	
39 1	55 1	86 1	255 2	274 2	0 0	0 0	
40 1	56 1	87 1	256 2	275 2	0 0	0 0	
41 1	57 1	88 1	257 2	276 2	0 0	0 0	
58 1	89 1	258 2	277 2	0 0	0 0	0 0	
59 1	90 1	259 2	278 2	0 0	0 0	0 0	
60 1	91 1	260 2	279 2	0 0	0 0	0 0	
61 1	92 1	261 2	280 2	0 0	0 0	0 0	
62 1	93 1	252 2	262 2	281 2	0 0	0 0	
63 1	94 1	253 2	263 2	282 2	0 0	0 0	
64 1	83 1	95 1	254 2	264 2	283 2	0 0	
65 1	84 1	96 1	255 2	265 2	284 2	0 0	
66 1	85 1	97 1	256 2	266 2	285 2	0 0	
67 1	86 1	98 1	257 2	267 2	286 2	0 0	
68 1	87 1	99 1	258 2	268 2	287 2	0 0	
69 1	88 1	100 1	259 2	269 2	288 2	0 0	
70 1	89 1	101 1	260 2	270 2	289 2	0 0	
71 1	90 1	102 1	261 2	271 2	290 2	0 0	
72 1	91 1	103 1	262 2	272 2	291 2	0 0	
73 1	92 1	104 1	263 2	273 2	292 2	0 0	
74 1	93 1	105 1	264 2	274 2	0 0	0 0	
75 1	94 1	106 1	265 2	275 2	0 0	0 0	
76 1	95 1	107 1	266 2	276 2	293 2	0 0	
77 1	96 1	108 1	267 2	277 2	294 2	0 0	
78 1	97 1	109 1	268 2	278 2	295 2	0 0	
42 1	79 1	98 1	110 1	269 2	279 2	296 2	
43 1	80 1	99 1	111 1	270 2	280 2	297 2	
44 1	81 1	100 1	112 1	271 2	281 2	298 2	
45 1	82 1	101 1	113 1	272 2	282 2	299 2	
46 1	102 1	114 1	273 2	283 2	300 2	0 0	
47 1	103 1	115 1	274 2	284 2	301 2	0 0	
48 1	104 1	116 1	275 2	285 2	302 2	0 0	
49 1	105 1	117 1	276 2	286 2	303 2	0 0	
50 1	106 1	118 1	277 2	287 2	304 2	0 0	
51 1	107 1	119 1	278 2	288 2	305 2	0 0	
52 1	108 1	120 1	279 2	289 2	306 2	0 0	
53 1	109 1	121 1	280 2	290 2	307 2	0 0	
54 1	110 1	122 1	281 2	291 2	308 2	0 0	
55 1	111 1	123 1	282 2	292 2	309 2	0 0	
56 1	112 1	283 2	310 2	0 0	0 0	0 0	
57 1	113 1	284 2	311 2	0 0	0 0	0 0	
58 1	114 1	285 2	312 2	0 0	0 0	0 0	
59 1	115 1	286 2	313 2	0 0	0 0	0 0	
60 1	116 1	287 2	293 2	314 2	0 0	0 0	
61 1	117 1	288 2	294 2	315 2	0 0	0 0	
62 1	118 1	289 2	295 2	316 2	0 0	0 0	
63 1	119 1	290 2	296 2	317 2	0 0	0 0	
64 1	120 1	291 2	297 2	318 2	0 0	0 0	
65 1	121 1	292 2	298 2	319 2	0 0	0 0	
66 1	122 1	299 2	320 2	0 0	0 0	0 0	
67 1	123 1	300 2	321 2	0 0	0 0	0 0	
68 1	83 1	301 2	322 2	0 0	0 0	0 0	
69 1	84 1	302 2	323 2	0 0	0 0	0 0	
70 1	85 1	303 2	324 2	0 0	0 0	0 0	
71 1	86 1	304 2	325 2	0 0	0 0	0 0	
72 1	87 1	305 2	326 2	0 0	0 0	0 0	
73 1	88 1	306 2	327 2	0 0	0 0	0 0	
74 1	89 1	307 2	328 2	0 0	0 0	0 0	
75 1	90 1	308 2	329 2	0 0	0 0	0 0	
76 1	91 1	309 2	330 2	0 0	0 0	0 0	
77 1	92 1	310 2	331 2	0 0	0 0	0 0	
78 1	93 1	311 2	332 2	0 0	0 0	0 0	
79 1	94 1	124 1	293 2	312 2	333 2	0 0	
80 1	95 1	125 1	294 2	313 2	334 2	0 0	
81 1	96 1	126 1	295 2	314 2	335 2	0 0	
82 1	97 1	127 1	296 2	315 2	336 2	0 0	
98 1	128 1	297 2	316 2	337 2	0 0	0 0	
99 1	129 1	298 2	317 2	338 2	0 0	0 0	
100 1	130 1	299 2	318 2	0 0	0 0	0 0	
101 1	131 1	300 2	319 2	0 0	0 0	0 0	
102 1	132 1	301 2	320 2	0 0	0 0	0 0	
103 1	133 1	302 2	321 2	0 0	0 0	0 0	
104 1	134 1	293 2	303 2	322 2	0 0	0 0	
105 1	135 1	294 2	304 2	323 2	0 0	0 0	
106 1	124 1	136 1	295 2	305 2	324 2	0 0	
107 1	125 1	137 1	296 2	306 2	325 2	0 0	
108 1	126 1	138 1	297 2	307 2	326 2	0 0	
109 1	127 1	139 1	298 2	308 2	327 2	0 0	
110 1	128 1	140 1	299 2	309 2	328 2	0 0	
111 1	129 1	141 1	300 2	310 2	329 2	0 0	
112 1	130 1	142 1	301 2	311 2	330 2	0 0	
113 1	131 1	143 1	302 2	312 2	331 2	0 0	
114 1	132 1	144 1	303 2	313 2	332 2	0 0	
115 1	133 1	145 1	304 2	314 2	333 2	0 0	
116 1	134 1	146 1	305 2	315 2	334 2	0 0	
117 1	135 1	147 1	306 2	316 2	335 2	0 0	
118 1	136 1	148 1	307 2	317 2	336 2	0 0	
119 1	137 1	149 1	308 2	318 2	337 2	0 0	
83 1	120 1	138 1	150 1	309 2	319 2	338 2	
84 1	121 1	139 1	151 1	170 2	310 2	320 2	
85 1	122 1	140 1	152 1	171 2	311 2	321 2	
86 1	123 1	141 1	153 1	172 2	312 2	322 2	
87 1	142 1	154 1	173 2	313 2	323 2	0 0	
88 1	143 1	155 1	174 2	314 2	324 2	0 0	
89 1	144 1	156 1	175 2	315 2	325 2	0 0	
90 1	145 1	157 1	176 2	316 2	326 2	0 0	
91 1	146 1	158 1	177 2	317 2	327 2	0 0	
92 1	147 1	159 1	178 2	318 2	328 2	0 0	
93 1	148 1	160 1	179 2	319 2	329 2	0 0	
94 1	149 1	161 1	180 2	320 2	330 2	0 0	
95 1	150 1	162 1	181 2	321 2	331 2	0 0	
96 1	151 1	163 1	182 2	322 2	332 2	0 0	
97 1	152 1	164 1	183 2	323 2	333 2	0 0	
98 1	153 1	165 1	184 2	324 2	334 2	0 0	
99 1	154 1	166 1	185 2	325 2	335 2	0 0	
100 1	155 1	167 1	186 2	326 2	336 2	0 0	
101 1	156 1	168 1	187 2	327 2	337 2	0 0	
102 1	157 1	169 1	188 2	328 2	338 2	0 0	
103 1	158 1	189 2	329 2	0 0	0 0	0 0	
104 1	159 1	190 2	330 2	0 0	0 0	0 0	
105 1	160 1	170 2	191 2	331 2	0 0	0 0	
106 1	161 1	171 2	192 2	332 2	0 0	0 0	
107 1	162 1	172 2	193 2	333 2	0 0	0 0	
108 1	163 1	173 2	194 2	334 2	0 0	0 0	
109 1	164 1	174 2	195 2	335 2	0 0	0 0	
137 1	158 1	209 2	225 2	0 0	0 0	0 0	
138 1	159 1	210 2	226 2	0 0	0 0	0 0	
139 1	160 1	170 2	227 2	0 0	0 0	0 0	
140 1	161 1	171 2	228 2	0 0	0 0	0 0	
1 1	141 1	162 1	172 2	229 2	0 0	0 0	
2 1	142 1	163 1	173 2	230 2	0 0	0 0	
3 1	143 1	164 1	174 2	231 2	0 0	0 0	
4 1	144 1	165 1	175 2	232 2	0 0	0 0	
5 1	145 1	166 1	176 2	233 2	0 0	0 0	
6 1	146 1	167 1	177 2	234 2	0 0	0 0	
7 1	147 1	168 1	178 2	235 2	0 0	0 0	
8 1	148 1	169 1	179 2	236 2	0 0	0 0	
9 1	149 1	180 2	237 2	0 0	0 0	0 0	
10 1	150 1	181 2	238 2	0 0	0 0	0 0	
1 1	11 1	151 1	170 2	182 2	239 2	0 0	
2 1	12 1	152 1	171 2	183 2	240 2	0 0	
3 1	13 1	153 1	172 2	184 2	241 2	0 0	
4 1	14 1	154 1	173 2	185 2	242 2	0 0	
5 1	15 1	155 1	174 2	186 2	243 2	0 0	
6 1	16 1	156 1	175 2	187 2	244 2	0 0	
7 1	17 1	157 1	176 2	188 2	245 2	0 0	
8 1	18 1	158 1	177 2	189 2	246 2	0 0	
9 1	19 1	159 1	178 2	190 2	247 2	0 0	
10 1	20 1	160 1	179 2	191 2	211 2	248 2	
11 1	21 1	161 1	180 2	192 2	212 2	249 2	
12 1	22 1	162 1	181 2	193 2	213 2	250 2	
13 1	23 1	163 1	182 2	194 2	214 2	251 2	
14 1	24 1	164 1	183 2	195 2	215 2	0 0	
15 1	25 1	165 1	184 2	196 2	216 2	0 0	
16 1	26 1	166 1	185 2	197 2	217 2	0 0	
17 1	27 1	167 1	186 2	198 2	218 2	0 0	
18 1	28 1	168 1	187 2	199 2	219 2	0 0	
19 1	29 1	169 1	188 2	200 2	220 2	0 0	
1 1	20 1	30 1	189 2	201 2	221 2	0 0	
2 1	21 1	31 1	190 2	202 2	222 2	0 0	
3 1	22 1	32 1	191 2	203 2	223 2	0 0	
4 1	23 1	33 1	192 2	204 2	224 2	0 0	
5 1	24 1	34 1	193 2	205 2	225 2	0 0	
6 1	25 1	35 1	194 2	206 2	226 2	0 0	
7 1	26 1	36 1	195 2	207 2	227 2	0 0	
8 1	27 1	37 1	196 2	208 2	228 2	0 0	
9 1	28 1	38 1	197 2	209 2	229 2	0 0	
10 1	29 1	39 1	198 2	210 2	230 2	0 0	
11 1	30 1	40 1	199 2	231 2	0 0	0 0	
12 1	31 1	41 1	200 2	232 2	0 0	0 0	
13 1	32 1	201 2	233 2	0 0	0 0	0 0	
14 1	33 1	202 2	234 2	0 0	0 0	0 0	
15 1	34 1	203 2	235 2	0 0	0 0	0 0	
16 1	35 1	204 2	236 2	0 0	0 0	0 0	
17 1	36 1	205 2	237 2	252 2	0 0	0 0	
18 1	37 1	206 2	238 2	253 2	0 0	0 0	
19 1	38 1	207 2	239 2	254 2	0 0	0 0	
20 1	39 1	208 2	240 2	255 2	0 0	0 0	
21 1	40 1	209 2	241 2	256 2	0 0	0 0	
1 1	22 1	41 1	210 2	242 2	257 2	0 0	
2 1	23 1	243 2	258 2	0 0	0 0	0 0	
3 1	24 1	244 2	259 2	0 0	0 0	0 0	
4 1	25 1	245 2	260 2	0 0	0 0	0 0	
5 1	26 1	246 2	261 2	0 0	0 0	0 0	
6 1	27 1	247 2	262 2	0 0	0 0	0 0	
7 1	28 1	248 2	263 2	0 0	0 0	0 0	
8 1	29 1	249 2	264 2	0 0	0 0	0 0	
9 1	30 1	250 2	265 2	0 0	0 0	0 0	
10 1	31 1	251 2	266 2	0 0	0 0	0 0	
11 1	32 1	211 2	267 2	0 0	0 0	0 0	
12 1	33 1	212 2	268 2	0 0	0 0	0 0	
13 1	34 1	42 1	213 2	269 2	0 0	0 0	
14 1	35 1	43 1	214 2	270 2	0 0	0 0	
15 1	36 1	44 1	215 2	271 2	0 0	0 0	
16 1	37 1	45 1	216 2	272 2	0 0	0 0	
17 1	38 1	46 1	217 2	273 2	0 0	0 0	
18 1	39 1	47 1	218 2	274 2	0 0	0 0	
19 1	40 1	48 1	219 2	275 2	0 0	0 0	
20 1	41 1	49 1	220 2	276 2	0 0	0 0	
21 1	50 1	221 2	277 2	0 0	0 0	0 0	
22 1	51 1	222 2	278 2	0 0	0 0	0 0	
23 1	42 1	52 1	211 2	223 2	279 2	0 0	
24 1	43 1	53 1	212 2	224 2	280 2	0 0	
25 1	44 1	54 1	213 2	225 2	281 2	0 0	
26 1	45 1	55 1	214 2	226 2	282 2	0 0	
27 1	46 1	56 1	215 2	227 2	283 2	0 0	
28 1	47 1	57 1	216 2	228 2	284 2	0 0	
29 1	48 1	58 1	217 2	229 2	285 2	0 0	
30 1	49 1	59 1	218 2	230 2	286 2	0 0	
31 1	50 1	60 1	219 2	231 2	287 2	0 0	
32 1	51 1	61 1	220 2	232 2	288 2	0 0	
33 1	52 1	62 1	221 2	233 2	252 2	289 2	
34 1	53 1	63 1	222 2	234 2	253 2	290 2	
35 1	54 1	64 1	223 2	235 2	254 2	291 2	
36 1	55 1	65 1	224 2	236 2	255 2	292 2	
37 1	56 1	66 1	225 2	237 2	256 2	0 0	
38 1	57 1	67 1	226 2	238 2	257 2	0 0	
39 1	58 1	68 1	227 2	239 2	258 2	0 0	
40 1	59 1	69 1	228 2	240 2	259 2	0 0	
41 1	60 1	70 1	229 2	241 2	260 2	0 0	
42 1	61 1	71 1	230 2	242 2	261 2	0 0	
43 1	62 1	72 1	231 2	243 2	262 2	0 0	
44 1	63 1	73 1	232 2	244 2	263 2	0 0	
45 1	64 1	74 1	233 2	245 2	264 2	0 0	
46 1	65 1	75 1	234 2	246 2	265 2	0 0	
47 1	66 1	76 1	235 2	247 2	266 2	0 0	
48 1	67 1	77 1	236 2	248 2	267 2	0 0	
49 1	68 1	78 1	237 2	249 2	268 2	0 0	
50 1	69 1	79 1	238 2	250 2	269 2	0 0	
51 1	70 1	80 1	239 2	251 2	270 2	0 0	
52 1	71 1	81 1	240 2	271 2	0 0	0 0	
53 1	72 1	82 1	241 2	272 2	0 0	0 0	
54 1	73 1	242 2	273 2	0 0	0 0	0 0	
55 1	74 1	243 2	274 2	0 0	0 0	0 0	
56 1	75 1	244 2	275 2	0 0	0 0	0 0	
57 1	76 1	245 2	276 2	0 0	0 0	0 0	
58 1	77 1	246 2	277 2	0 0	0 0	0 0	
59 1	78 1	247 2	278 2	0 0	0 0	0 0	
60 1	79 1	248 2	279 2	293 2	0 0	0 0	
61 1	80 1	249 2	280 2	294 2	0 0	0 0	
62 1	81 1	250 2	281 2	295 2	0 0	0 0	
42 1	63 1	82 1	251 2	282 2	296 2	0 0	
43 1	64 1	283 2	297 2	0 0	0 0	0 0	
44 1	65 1	284 2	298 2	0 0	0 0	0 0	
45 1	66 1	285 2	299 2	0 0	0 0	0 0	
46 1	67 1	286 2	300 2	0 0	0 0	0 0	
47 1	68 1	287 2	301 2	0 0	0 0	0 0	
48 1	69 1	288 2	302 2	0 0	0 0	0 0	
49 1	70 1	289 2	303 2	0 0	0 0	0 0	
50 1	71 1	290 2	304 2	0 0	0 0	0 0	
51 1	72 1	291 2	305 2	0 0	0 0	0 0	
52 1	73 1	292 2	306 2	0 0	0 0	0 0	
53 1	74 1	252 2	307 2	0 0	0 0	0 0	
54 1	75 1	253 2	308 2	0 0	0 0	0 0	
55 1	76 1	83 1	254 2	309 2	0 0	0 0	
56 1	77 1	84 1	255 2	310 2	0 0	0 0	
57 1	78 1	85 1	256 2	311 2	0 0	0 0	
58 1	79 1	86 1	257 2	312 2	0 0	0 0	
59 1	80 1	87 1	258 2	313 2	0 0	0 0	
60 1	81 1	88 1	259 2	314 2	0 0	0 0	
61 1	82 1	89 1	260 2	315 2	0 0	0 0	
62 1	90 1	261 2	316 2	0 0	0 0	0 0	
63 1	91 1	262 2	317 2	0 0	0 0	0 0	
64 1	92 1	263 2	318 2	0 0	0 0	0 0	
65 1	83 1	93 1	252 2	264 2	319 2	0 0	
66 1	84 1	94 1	253 2	265 2	320 2	0 0	
67 1	85 1	95 1	254 2	266 2	321 2	0 0	
68 1	86 1	96 1	255 2	267 2	322 2	0 0	
69 1	87 1	97 1	256 2	268 2	323 2	0 0	
70 1	88 1	98 1	257 2	269 2	324 2	0 0	
71 1	89 1	99 1	258 2	270 2	325 2	0 0	
72 1	90 1	100 1	259 2	271 2	326 2	0 0	
73 1	91 1	101 1	260 2	272 2	327 2	0 0	
74 1	92 1	102 1	261 2	273 2	328 2	0 0	
75 1	93 1	103 1	262 2	274 2	329 2	0 0	
76 1	94 1	104 1	263 2	275 2	293 2	330 2	
77 1	95 1	105 1	264 2	276 2	294 2	331 2	
78 1	96 1	106 1	265 2	277 2	295 2	332 2	
79 1	97 1	107 1	266 2	278 2	296 2	333 2	
80 1	98 1	108 1	267 2	279 2	297 2	334 2	
81 1	99 1	109 1	268 2	280 2	298 2	335 2	
82 1	100 1	110 1	269 2	281 2	299 2	336 2	
101 1	111 1	270 2	282 2	300 2	337 2	0 0	
83 1	102 1	112 1	271 2	283 2	301 2	338 2	
84 1	103 1	113 1	272 2	284 2	302 2	0 0	
85 1	104 1	114 1	273 2	285 2	303 2	0 0	
86 1	105 1	115 1	274 2	286 2	304 2	0 0	
87 1	106 1	116 1	275 2	287 2	305 2	0 0	
88 1	107 1	117 1	276 2	288 2	306 2	0 0	
89 1	108 1	118 1	277 2	289 2	307 2	0 0	
90 1	109 1	119 1	278 2	290 2	308 2	0 0	
91 1	110 1	120 1	279 2	291 2	309 2	0 0	
92 1	111 1	121 1	280 2	292 2	310 2	0 0	
93 1	112 1	122 1	281 2	311 2	0 0	0 0	
94 1	113 1	123 1	282 2	312 2	0 0	0 0	
95 1	114 1	283 2	313 2	0 0	0 0	0 0	
96 1	115 1	284 2	314 2	0 0	0 0	0 0	
97 1	116 1	285 2	315 2	0 0	0 0	0 0	
98 1	117 1	286 2	316 2	0 0	0 0	0 0	
99 1	118 1	287 2	317 2	0 0	0 0	0 0	
100 1	119 1	288 2	318 2	0 0	0 0	0 0	
101 1	120 1	289 2	319 2	0 0	0 0	0 0	
102 1	121 1	290 2	320 2	0 0	0 0	0 0	
103 1	122 1	291 2	321 2	0 0	0 0	0 0	
83 1	104 1	123 1	292 2	322 2	0 0	0 0	
84 1	105 1	170 2	323 2	0 0	0 0	0 0	
85 1	106 1	171 2	324 2	0 0	0 0	0 0	
86 1	107 1	172 2	325 2	0 0	0 0	0 0	
87 1	108 1	173 2	326 2	0 0	0 0	0 0	
88 1	109 1	174 2	327 2	0 0	0 0	0 0	
89 1	110 1	175 2	328 2	0 0	0 0	0 0	
90 1	111 1	176 2	329 2	0 0	0 0	0 0	
91 1	112 1	177 2	330 2	0 0	0 0	0 0	
92 1	113 1	178 2	331 2	0 0	0 0	0 0	
93 1	114 1	179 2	332 2	0 0	0 0	0 0	
94 1	115 1	180 2	333 2	0 0	0 0	0 0	
95 1	116 1	181 2	293 2	334 2	0 0	0 0	
96 1	117 1	182 2	294 2	335 2	0 0	0 0	
97 1	118 1	124 1	183 2	295 2	336 2	0 0	
98 1	119 1	125 1	184 2	296 2	337 2	0 0	
99 1	120 1	126 1	185 2	297 2	338 2	0 0	
100 1	121 1	127 1	186 2	298 2	0 0	0 0	
101 1	122 1	128 1	187 2	299 2	0 0	0 0	
102 1	123 1	129 1	188 2	300 2	0 0	0 0	
103 1	130 1	189 2	301 2	0 0	0 0	0 0	
104 1	131 1	190 2	302 2	0 0	0 0	0 0	
105 1	132 1	191 2	303 2	0 0	0 0	0 0	
106 1	133 1	192 2	304 2	0 0	0 0	0 0	
107 1	124 1	134 1	193 2	293 2	305 2	0 0	
108 1	125 1	135 1	194 2	294 2	306 2	0 0	
109 1	126 1	136 1	195 2	295 2	307 2	0 0	
110 1	127 1	137 1	196 2	296 2	308 2	0 0	
111 1	128 1	138 1	197 2	297 2	309 2	0 0	
112 1	129 1	139 1	198 2	298 2	310 2	0 0	
113 1	130 1	140 1	199 2	299 2	311 2	0 0	
114 1	131 1	141 1	200 2	300 2	312 2	0 0	
115 1	132 1	142 1	201 2	301 2	313 2	0 0	
116 1	133 1	143 1	202 2	302 2	314 2	0 0	
117 1	134 1	144 1	203 2	303 2	315 2	0 0	
118 1	135 1	145 1	204 2	304 2	316 2	0 0	
119 1	136 1	146 1	205 2	305 2	317 2	0 0	
120 1	137 1	147 1	206 2	306 2	318 2	0 0	
121 1	138 1	148 1	170 2	207 2	307 2	319 2	
122 1	139 1	149 1	171 2	208 2	308 2	320 2	
123 1	140 1	150 1	172 2	209 2	309 2	321 2	
141 1	151 1	173 2	210 2	310 2	322 2	0 0	
142 1	152 1	174 2	311 2	323 2	0 0	0 0	
124 1	143 1	153 1	175 2	312 2	324 2	0 0	
125 1	144 1	154 1	176 2	313 2	325 2	0 0	
126 1	145 1	155 1	177 2	314 2	326 2	0 0	
127 1	146 1	156 1	178 2	315 2	327 2	0 0	
128 1	147 1	157 1	179 2	316 2	328 2	0 0	
129 1	148 1	158 1	180 2	317 2	329 2	0 0	
130 1	149 1	159 1	181 2	318 2	330 2	0 0	
131 1	150 1	160 1	182 2	319 2	331 2	0 0	
132 1	151 1	161 1	183 2	320 2	332 2	0 0	
133 1	152 1	162 1	184 2	321 2	333 2	0 0	
134 1	153 1	163 1	185 2	322 2	334 2	0 0	
135 1	154 1	164 1	186 2	323 2	335 2	0 0	
136 1	155 1	165 1	187 2	324 2	336 2	0 0	
137 1	156 1	166 1	188 2	325 2	337 2	0 0	
138 1	157 1	167 1	189 2	326 2	338 2	0 0	
139 1	158 1	168 1	190 2	327 2	0 0	0 0	
140 1	159 1	169 1	191 2	328 2	0 0	0 0	
141 1	160 1	192 2	329 2	0 0	0 0	0 0	
142 1	161 1	193 2	330 2	0 0	0 0	0 0	
143 1	162 1	194 2	331 2	0 0	0 0	0 0	
144 1	163 1	195 2	211 2	332 2	0 0	0 0	
124 1	145 1	164 1	196 2	212 2	333 2	0 0	
125 1	146 1	165 1	197 2	213 2	334 2	0 0	
126 1	147 1	166 1	198 2	214 2	335 2	0 0	
127 1	148 1	167 1	199 2	215 2	336 2	0 0	
128 1	149 1	168 1	200 2	216 2	337 2	0 0	
129 1	150 1	169 1	201 2	217 2	338 2	0 0	
130 1	151 1	202 2	218 2	0 0	0 0	0 0	
131 1	152 1	203 2	219 2	0 0	0 0	0 0	
132 1	153 1	204 2	220 2	0 0	0 0	0 0	
133 1	154 1	205 2	221 2	0 0	0 0	0 0	
134 1	155 1	206 2	222 2	0 0	0 0	0 0	
135 1	156 1	207 2	223 2	0 0	0 0	0 0	
136 1	157 1	208 2	224 2	0 0	0 0	0 0	
15 1	27 1	68 1	105 1	261 1	271 1	290 1	311 1	
16 1	28 1	69 1	106 1	262 1	272 1	291 1	312 1	
17 1	29 1	70 1	107 1	263 1	273 1	292 1	313 1	
18 1	30 1	71 1	108 1	264 1	274 1	293 1	314 1	
19 1	31 1	72 1	109 1	265 1	275 1	294 1	315 1	
20 1	32 1	73 1	110 1	266 1	276 1	295 1	316 1	
21 1	33 1	74 1	111 1	267 1	277 1	296 1	317 1	
22 1	34 1	75 1	112 1	268 1	278 1	297 1	318 1	
23 1	35 1	76 1	113 1	269 1	279 1	298 1	319 1	
24 1	36 1	77 1	114 1	270 1	280 1	299 1	320 1	
25 1	37 1	78 1	115 1	271 1	281 1	300 1	321 1	
26 1	38 1	79 1	116 1	272 1	282 1	301 1	322 1	
27 1	39 1	80 1	117 1	273 1	283 1	302 1	323 1	
28 1	40 1	81 1	118 1	274 1	284 1	303 1	324 1	
29 1	41 1	82 1	119 1	275 1	285 1	304 1	325 1	
30 1	42 1	83 1	120 1	276 1	286 1	305 1	326 1	
31 1	43 1	84 1	121 1	277 1	287 1	306 1	327 1	
32 1	44 1	85 1	122 1	278 1	288 1	307 1	328 1	
33 1	45 1	86 1	123 1	279 1	289 1	308 1	329 1	
34 1	46 1	87 1	124 1	280 1	290 1	309 1	330 1	
35 1	47 1	88 1	125 1	281 1	291 1	310 1	331 1	
36 1	48 1	89 1	126 1	282 1	292 1	311 1	332 1	
37 1	49 1	90 1	127 1	283 1	293 1	312 1	333 1	
38 1	50 1	91 1	128 1	284 1	294 1	313 1	334 1	
39 1	51 1	92 1	129 1	285 1	295 1	314 1	335 1	
40 1	52 1	93 1	130 1	286 1	296 1	315 1	336 1	
41 1	53 1	94 1	131 1	287 1	297 1	316 1	337 1	
42 1	54 1	95 1	132 1	288 1	298 1	317 1	338 1	
43 1	55 1	96 1	133 1	289 1	299 1	318 1	339 1	
44 1	56 1	97 1	134 1	290 1	300 1	319 1	340 1	
45 1	57 1	98 1	135 1	291 1	301 1	320 1	341 1	
46 1	58 1	99 1	136 1	292 1	302 1	321 1	342 1	
47 1	59 1	100 1	137 1	293 1	303 1	322 1	343 1	
48 1	60 1	101 1	138 1	294 1	304 1	323 1	344 1	
49 1	61 1	102 1	139 1	295 1	305 1	324 1	345 1	
50 1	62 1	103 1	140 1	296 1	306 1	325 1	346 1	
51 1	63 1	104 1	141 1	297 1	307 1	326 1	347 1	
52 1	64 1	105 1	142 1	298 1	308 1	327 1	348 1	
53 1	65 1	106 1	143 1	299 1	309 1	328 1	349 1	
54 1	66 1	107 1	144 1	300 1	310 1	329 1	350 1	
55 1	67 1	108 1	145 1	301 1	311 1	330 1	351 1	
77 1	89 1	130 1	167 1	323 1	333 1	352 1	373 1	
78 1	90 1	131 1	168 1	324 1	334 1	353 1	374 1	
79 1	91 1	132 1	169 1	325 1	335 1	354 1	375 1	
80 1	92 1	133 1	170 1	326 1	336 1	355 1	376 1	
81 1	93 1	134 1	171 1	327 1	337 1	356 1	377 1	
82 1	94 1	135 1	172 1	328 1	338 1	357 1	378 1	
83 1	95 1	136 1	173 1	329 1	339 1	358 1	379 1	
84 1	96 1	137 1	174 1	330 1	340 1	359 1	380 1	
85 1	97 1	138 1	175 1	331 1	341 1	360 1	381 1	
86 1	98 1	139 1	176 1	332 1	342 1	361 1	382 1	
87 1	99 1	140 1	177 1	333 1	343 1	362 1	383 1	
88 1	100 1	141 1	178 1	334 1	344 1	363 1	384 1	
89 1	101 1	142 1	179 1	335 1	345 1	364 1	385 1	
90 1	102 1	143 1	180 1	336 1	346 1	365 1	386 1	
91 1	103 1	144 1	181 1	337 1	347 1	366 1	387 1	
92 1	104 1	145 1	182 1	338 1	348 1	367 1	388 1	
93 1	105 1	146 1	183 1	339 1	349 1	368 1	389 1	
94 1	106 1	147 1	184 1	340 1	350 1	369 1	390 1	
95 1	107 1	148 1	185 1	341 1	351 1	370 1	391 1	
96 1	108 1	149 1	186 1	342 1	352 1	371 1	392 1	
97 1	109 1	150 1	187 1	343 1	353 1	372 1	393 1	
98 1	110 1	151 1	188 1	344 1	354 1	373 1	394 1	
99 1	111 1	152 1	189 1	345 1	355 1	374 1	395 1	
100 1	112 1	153 1	190 1	346 1	356 1	375 1	396 1	
101 1	113 1	154 1	191 1	347 1	357 1	376 1	397 1	
102 1	114 1	155 1	192 1	348 1	358 1	377 1	398 1	
103 1	115 1	156 1	193 1	349 1	359 1	378 1	399 1	
104 1	116 1	157 1	194 1	350 1	360 1	379 1	400 1	
105 1	117 1	158 1	195 1	351 1	361 1	380 1	401 1	
106 1	118 1	159 1	196 1	352 1	362 1	381 1	402 1	
107 1	119 1	160 1	197 1	353 1	363 1	382 1	403 1	
108 1	120 1	161 1	198 1	354 1	364 1	383 1	404 1	
109 1	121 1	162 1	199 1	355 1	365 1	384 1	405 1	
110 1	122 1	163 1	200 1	356 1	366 1	385 1	406 1	
111 1	123 1	164 1	201 1	357 1	367 1	386 1	407 1	
112 1	124 1	165 1	202 1	358 1	368 1	387 1	408 1	
113 1	125 1	166 1	203 1	359 1	369 1	388 1	409 1	
114 1	126 1	167 1	204 1	360 1	370 1	389 1	410 1	
115 1	127 1	168 1	205 1	361 1	371 1	390 1	411 1	
116 1	128 1	169 1	206 1	362 1	372 1	391 1	412 1	
117 1	129 1	170 1	207 1	363 1	373 1	392 1	413 1	
140 1	152 1	193 1	230 1	386 1	396 1	415 1	436 1	
141 1	153 1	194 1	231 1	387 1	397 1	416 1	437 1	
142 1	154 1	195 1	232 1	388 1	398 1	417 1	438 1	
143 1	155 1	196 1	233 1	389 1	399 1	418 1	439 1	
144 1	156 1	197 1	234 1	390 1	400 1	419 1	440 1	
145 1	157 1	198 1	235 1	391 1	401 1	420 1	441 1	
146 1	158 1	199 1	236 1	392 1	402 1	421 1	442 1	
147 1	159 1	200 1	237 1	393 1	403 1	422 1	443 1	
148 1	160 1	201 1	238 1	394 1	404 1	423 1	444 1	
149 1	161 1	202 1	239 1	395 1	405 1	424 1	445 1	
150 1	162 1	203 1	240 1	396 1	406 1	425 1	446 1	
151 1	163 1	204 1	241 1	397 1	407 1	426 1	447 1	
152 1	164 1	205 1	242 1	398 1	408 1	427 1	448 1	
153 1	165 1	206 1	243 1	399 1	409 1	428 1	449 1	
154 1	166 1	207 1	244 1	400 1	410 1	429 1	450 1	
155 1	167 1	208 1	245 1	401 1	411 1	430 1	451 1	
156 1	168 1	209 1	246 1	402 1	412 1	431 1	452 1	
157 1	169 1	210 1	247 1	403 1	413 1	432 1	453 1	
158 1	170 1	211 1	248 1	404 1	414 1	433 1	454 1	
159 1	171 1	212 1	249 1	405 1	415 1	434 1	455 1	
160 1	172 1	213 1	250 1	406 1	416 1	435 1	456 1	
161 1	173 1	214 1	251 1	407 1	417 1	436 1	457 1	
162 1	174 1	215 1	252 1	408 1	418 1	437 1	458 1	
163 1	175 1	216 1	253 1	409 1	419 1	438 1	459 1	
164 1	176 1	217 1	254 1	410 1	420 1	439 1	460 1	
165 1	177 1	218 1	255 1	411 1	421 1	440 1	461 1	
166 1	178 1	219 1	256 1	412 1	422 1	441 1	462 1	
1 1	167 1	179 1	220 1	413 1	423 1	442 1	463 1	
2 1	168 1	180 1	221 1	414 1	424 1	443 1	464 1	
3 1	169 1	181 1	222 1	415 1	425 1	444 1	465 1	
4 1	170 1	182 1	223 1	416 1	426 1	445 1	466 1	
5 1	171 1	183 1	224 1	417 1	427 1	446 1	467 1	
6 1	172 1	184 1	225 1	418 1	428 1	447 1	468 1	
7 1	173 1	185 1	226 1	419 1	429 1	448 1	469 1	
8 1	174 1	186 1	227 1	420 1	430 1	449 1	470 1	
9 1	175 1	187 1	228 1	421 1	431 1	450 1	471 1	
10 1	176 1	188 1	229 1	422 1	432 1	451 1	472 1	
11 1	177 1	189 1	230 1	423 1	433 1	452 1	473 1	
12 1	178 1	190 1	231 1	424 1	434 1	453 1	474 1	
13 1	179 1	191 1	232 1	425 1	435 1	454 1	475 1	
14 1	180 1	192 1	233 1	426 1	436 1	455 1	476 1	
1 1	38 1	204 1	216 1	450 1	460 1	479 1	500 1	
2 1	39 1	205 1	217 1	451 1	461 1	480 1	501 1	
3 1	40 1	206 1	218 1	452 1	462 1	481 1	502 1	
4 1	41 1	207 1	219 1	453 1	463 1	482 1	503 1	
5 1	42 1	208 1	220 1	454 1	464 1	483 1	504 1	
6 1	43 1	209 1	221 1	455 1	465 1	484 1	505 1	
7 1	44 1	210 1	222 1	456 1	466 1	485 1	506 1	
8 1	45 1	211 1	223 1	457 1	467 1	486 1	507 1	
9 1	46 1	212 1	224 1	458 1	468 1	487 1	508 1	
10 1	47 1	213 1	225 1	459 1	469 1	488 1	509 1	
11 1	48 1	214 1	226 1	460 1	470 1	489 1	510 1	
12 1	49 1	215 1	227 1	461 1	471 1	490 1	511 1	
13 1	50 1	216 1	228 1	462 1	472 1	491 1	512 1	
14 1	51 1	217 1	229 1	257 1	463 1	473 1	492 1	
15 1	52 1	218 1	230 1	258 1	464 1	474 1	493 1	
16 1	53 1	219 1	231 1	259 1	465 1	475 1	494 1	
17 1	54 1	220 1	232 1	260 1	466 1	476 1	495 1	
18 1	55 1	221 1	233 1	261 1	467 1	477 1	496 1	
19 1	56 1	222 1	234 1	262 1	468 1	478 1	497 1	
20 1	57 1	223 1	235 1	263 1	469 1	479 1	498 1	
21 1	58 1	224 1	236 1	264 1	470 1	480 1	499 1	
22 1	59 1	225 1	237 1	265 1	471 1	481 1	500 1	
23 1	60 1	226 1	238 1	266 1	472 1	482 1	501 1	
24 1	61 1	227 1	239 1	267 1	473 1	483 1	502 1	
25 1	62 1	228 1	240 1	268 1	474 1	484 1	503 1	
26 1	63 1	229 1	241 1	269 1	475 1	485 1	504 1	
27 1	64 1	230 1	242 1	270 1	476 1	486 1	505 1	
28 1	65 1	231 1	243 1	271 1	477 1	487 1	506 1	
29 1	66 1	232 1	244 1	272 1	478 1	488 1	507 1	
30 1	67 1	233 1	245 1	273 1	479 1	489 1	508 1	
31 1	68 1	234 1	246 1	274 1	480 1	490 1	509 1	
32 1	69 1	235 1	247 1	275 1	481 1	491 1	510 1	
33 1	70 1	236 1	248 1	276 1	482 1	492 1	511 1	
34 1	71 1	237 1	249 1	277 1	483 1	493 1	512 1	
35 1	72 1	238 1	250 1	257 1	278 1	484 1	494 1	
36 1	73 1	239 1	251 1	258 1	279 1	485 1	495 1	
37 1	74 1	240 1	252 1	259 1	280 1	486 1	496 1	
38 1	75 1	241 1	253 1	260 1	281 1	487 1	497 1	
39 1	76 1	242 1	254 1	261 1	282 1	488 1	498 1	
40 1	77 1	243 1	255 1	262 1	283 1	489 1	499 1	
41 1	78 1	244 1	256 1	263 1	284 1	490 1	500 1	
1 1	42 1	79 1	245 1	264 1	285 1	491 1	501 1	
2 1	43 1	80 1	246 1	265 1	286 1	492 1	502 1	
3 1	44 1	81 1	247 1	266 1	287 1	493 1	503 1	
4 1	45 1	82 1	248 1	267 1	288 1	494 1	504 1	
5 1	46 1	83 1	249 1	268 1	289 1	495 1	505 1	
15 2	25 2	231 2	252 2	259 2	271 2	437 2	474 2	
16 2	26 2	232 2	253 2	260 2	272 2	438 2	475 2	
17 2	27 2	233 2	254 2	261 2	273 2	439 2	476 2	
18 2	28 2	234 2	255 2	262 2	274 2	440 2	477 2	
19 2	29 2	235 2	256 2	263 2	275 2	441 2	478 2	
1 2	20 2	30 2	236 2	264 2	276 2	442 2	479 2	
2 2	21 2	31 2	237 2	265 2	277 2	443 2	480 2	
3 2	22 2	32 2	238 2	266 2	278 2	444 2	481 2	
4 2	23 2	33 2	239 2	267 2	279 2	445 2	482 2	
5 2	24 2	34 2	240 2	268 2	280 2	446 2	483 2	
6 2	25 2	35 2	241 2	269 2	281 2	447 2	484 2	
7 2	26 2	36 2	242 2	270 2	282 2	448 2	485 2	
8 2	27 2	37 2	243 2	271 2	283 2	449 2	486 2	
9 2	28 2	38 2	244 2	272 2	284 2	450 2	487 2	
10 2	29 2	39 2	245 2	273 2	285 2	451 2	488 2	
11 2	30 2	40 2	246 2	274 2	286 2	452 2	489 2	
12 2	31 2	41 2	247 2	275 2	287 2	453 2	490 2	
13 2	32 2	42 2	248 2	276 2	288 2	454 2	491 2	
14 2	33 2	43 2	249 2	277 2	289 2	455 2	492 2	
15 2	34 2	44 2	250 2	278 2	290 2	456 2	493 2	
16 2	35 2	45 2	251 2	279 2	291 2	457 2	494 2	
17 2	36 2	46 2	252 2	280 2	292 2	458 2	495 2	
18 2	37 2	47 2	253 2	281 2	293 2	459 2	496 2	
19 2	38 2	48 2	254 2	282 2	294 2	460 2	497 2	
20 2	39 2	49 2	255 2	283 2	295 2	461 2	498 2	
21 2	40 2	50 2	256 2	284 2	296 2	462 2	499 2	
1 2	22 2	41 2	51 2	285 2	297 2	463 2	500 2	
2 2	23 2	42 2	52 2	286 2	298 2	464 2	501 2	
3 2	24 2	43 2	53 2	287 2	299 2	465 2	502 2	
4 2	25 2	44 2	54 2	288 2	300 2	466 2	503 2	
5 2	26 2	45 2	55 2	289 2	301 2	467 2	504 2	
6 2	27 2	46 2	56 2	290 2	302 2	468 2	505 2	
7 2	28 2	47 2	57 2	291 2	303 2	469 2	506 2	
8 2	29 2	48 2	58 2	292 2	304 2	470 2	507 2	
9 2	30 2	49 2	59 2	293 2	305 2	471 2	508 2	
10 2	31 2	50 2	60 2	294 2	306 2	472 2	509 2	
11 2	32 2	51 2	61 2	295 2	307 2	473 2	510 2	
12 2	33 2	52 2	62 2	296 2	308 2	474 2	511 2	
13 2	34 2	53 2	63 2	297 2	309 2	475 2	512 2	
14 2	35 2	54 2	64 2	257 2	298 2	310 2	476 2	
15 2	36 2	55 2	65 2	258 2	299 2	311 2	477 2	
37 2	58 2	77 2	87 2	280 2	321 2	333 2	499 2	
38 2	59 2	78 2	88 2	281 2	322 2	334 2	500 2	
39 2	60 2	79 2	89 2	282 2	323 2	335 2	501 2	
40 2	61 2	80 2	90 2	283 2	324 2	336 2	502 2	
41 2	62 2	81 2	91 2	284 2	325 2	337 2	503 2	
42 2	63 2	82 2	92 2	285 2	326 2	338 2	504 2	
43 2	64 2	83 2	93 2	286 2	327 2	339 2	505 2	
44 2	65 2	84 2	94 2	287 2	328 2	340 2	506 2	
45 2	66 2	85 2	95 2	288 2	329 2	341 2	507 2	
46 2	67 2	86 2	96 2	289 2	330 2	342 2	508 2	
47 2	68 2	87 2	97 2	290 2	331 2	343 2	509 2	
48 2	69 2	88 2	98 2	291 2	332 2	344 2	510 2	
49 2	70 2	89 2	99 2	292 2	333 2	345 2	511 2	
50 2	71 2	90 2	100 2	293 2	334 2	346 2	512 2	
51 2	72 2	91 2	101 2	257 2	294 2	335 2	347 2	
52 2	73 2	92 2	102 2	258 2	295 2	336 2	348 2	
53 2	74 2	93 2	103 2	259 2	296 2	337 2	349 2	
54 2	75 2	94 2	104 2	260 2	297 2	338 2	350 2	
55 2	76 2	95 2	105 2	261 2	298 2	339 2	351 2	
56 2	77 2	96 2	106 2	262 2	299 2	340 2	352 2	
57 2	78 2	97 2	107 2	263 2	300 2	341 2	353 2	
58 2	79 2	98 2	108 2	264 2	301 2	342 2	354 2	
59 2	80 2	99 2	109 2	265 2	302 2	343 2	355 2	
60 2	81 2	100 2	110 2	266 2	303 2	344 2	356 2	
61 2	82 2	101 2	111 2	267 2	304 2	345 2	357 2	
62 2	83 2	102 2	112 2	268 2	305 2	346 2	358 2	
63 2	84 2	103 2	113 2	269 2	306 2	347 2	359 2	
64 2	85 2	104 2	114 2	270 2	307 2	348 2	360 2	
65 2	86 2	105 2	115 2	271 2	308 2	349 2	361 2	
66 2	87 2	106 2	116 2	272 2	309 2	350 2	362 2	
67 2	88 2	107 2	117 2	273 2	310 2	351 2	363 2	
68 2	89 2	108 2	118 2	274 2	311 2	352 2	364 2	
69 2	90 2	109 2	119 2	275 2	312 2	353 2	365 2	
70 2	91 2	110 2	120 2	276 2	313 2	354 2	366 2	
71 2	92 2	111 2	121 2	277 2	314 2	355 2	367 2	
72 2	93 2	112 2	122 2	278 2	315 2	356 2	368 2	
73 2	94 2	113 2	123 2	279 2	316 2	357 2	369 2	
74 2	95 2	114 2	124 2	280 2	317 2	358 2	370 2	
75 2	96 2	115 2	125 2	281 2	318 2	359 2	371 2	
76 2	97 2	116 2	126 2	282 2	319 2	360 2	372 2	
77 2	98 2	117 2	127 2	283 2	320 2	361 2	373 2	
100 2	121 2	140 2	150 2	306 2	343 2	384 2	396 2	
101 2	122 2	141 2	151 2	307 2	344 2	385 2	397 2	
102 2	123 2	142 2	152 2	308 2	345 2	386 2	398 2	
103 2	124 2	143 2	153 2	309 2	346 2	387 2	399 2	
104 2	125 2	144 2	154 2	310 2	347 2	388 2	400 2	
105 2	126 2	145 2	155 2	311 2	348 2	389 2	401 2	
106 2	127 2	146 2	156 2	312 2	349 2	390 2	402 2	
107 2	128 2	147 2	157 2	313 2	350 2	391 2	403 2	
108 2	129 2	148 2	158 2	314 2	351 2	392 2	404 2	
109 2	130 2	149 2	159 2	315 2	352 2	393 2	405 2	
110 2	131 2	150 2	160 2	316 2	353 2	394 2	406 2	
111 2	132 2	151 2	161 2	317 2	354 2	395 2	407 2	
112 2	133 2	152 2	162 2	318 2	355 2	396 2	408 2	
113 2	134 2	153 2	163 2	319 2	356 2	397 2	409 2	
114 2	135 2	154 2	164 2	320 2	357 2	398 2	410 2	
115 2	136 2	155 2	165 2	321 2	358 2	399 2	411 2	
116 2	137 2	156 2	166 2	322 2	359 2	400 2	412 2	
117 2	138 2	157 2	167 2	323 2	360 2	401 2	413 2	
118 2	139 2	158 2	168 2	324 2	361 2	402 2	414 2	
119 2	140 2	159 2	169 2	325 2	362 2	403 2	415 2	
120 2	141 2	160 2	170 2	326 2	363 2	404 2	416 2	
121 2	142 2	161 2	171 2	327 2	364 2	405 2	417 2	
122 2	143 2	162 2	172 2	328 2	365 2	406 2	418 2	
123 2	144 2	163 2	173 2	329 2	366 2	407 2	419 2	
124 2	145 2	164 2	174 2	330 2	367 2	408 2	420 2	
125 2	146 2	165 2	175 2	331 2	368 2	409 2	421 2	
126 2	147 2	166 2	176 2	332 2	369 2	410 2	422 2	
127 2	148 2	167 2	177 2	333 2	370 2	411 2	423 2	
128 2	149 2	168 2	178 2	334 2	371 2	412 2	424 2	
129 2	150 2	169 2	179 2	335 2	372 2	413 2	425 2	
130 2	151 2	170 2	180 2	336 2	373 2	414 2	426 2	
131 2	152 2	171 2	181 2	337 2	374 2	415 2	427 2	
132 2	153 2	172 2	182 2	338 2	375 2	416 2	428 2	
133 2	154 2	173 2	183 2	339 2	376 2	417 2	429 2	
134 2	155 2	174 2	184 2	340 2	377 2	418 2	430 2	
135 2	156 2	175 2	185 2	341 2	378 2	419 2	431 2	
136 2	157 2	176 2	186 2	342 2	379 2	420 2	432 2	
137 2	158 2	177 2	187 2	343 2	380 2	421 2	433 2	
138 2	159 2	178 2	188 2	344 2	381 2	422 2	434 2	
139 2	160 2	179 2	189 2	345 2	382 2	423 2	435 2	
140 2	161 2	180 2	190 2	346 2	383 2	424 2	436 2	
164 2	185 2	204 2	214 2	370 2	407 2	448 2	460 2	
165 2	186 2	205 2	215 2	371 2	408 2	449 2	461 2	
166 2	187 2	206 2	216 2	372 2	409 2	450 2	462 2	
167 2	188 2	207 2	217 2	373 2	410 2	451 2	463 2	
168 2	189 2	208 2	218 2	374 2	411 2	452 2	464 2	
169 2	190 2	209 2	219 2	375 2	412 2	453 2	465 2	
170 2	191 2	210 2	220 2	376 2	413 2	454 2	466 2	
171 2	192 2	211 2	221 2	377 2	414 2	455 2	467 2	
172 2	193 2	212 2	222 2	378 2	415 2	456 2	468 2	
173 2	194 2	213 2	223 2	379 2	416 2	457 2	469 2	
174 2	195 2	214 2	224 2	380 2	417 2	458 2	470 2	
175 2	196 2	215 2	225 2	381 2	418 2	459 2	471 2	
176 2	197 2	216 2	226 2	382 2	419 2	460 2	472 2	
177 2	198 2	217 2	227 2	383 2	420 2	461 2	473 2	
178 2	199 2	218 2	228 2	384 2	421 2	462 2	474 2	
179 2	200 2	219 2	229 2	385 2	422 2	463 2	475 2	
180 2	201 2	220 2	230 2	386 2	423 2	464 2	476 2	
181 2	202 2	221 2	231 2	387 2	424 2	465 2	477 2	
182 2	203 2	222 2	232 2	388 2	425 2	466 2	478 2	
183 2	204 2	223 2	233 2	389 2	426 2	467 2	479 2	
184 2	205 2	224 2	234 2	390 2	427 2	468 2	480 2	
185 2	206 2	225 2	235 2	391 2	428 2	469 2	481 2	
186 2	207 2	226 2	236 2	392 2	429 2	470 2	482 2	
187 2	208 2	227 2	237 2	393 2	430 2	471 2	483 2	
188 2	209 2	228 2	238 2	394 2	431 2	472 2	484 2	
189 2	210 2	229 2	239 2	395 2	432 2	473 2	485 2	
190 2	211 2	230 2	240 2	396 2	433 2	474 2	486 2	
191 2	212 2	231 2	241 2	397 2	434 2	475 2	487 2	
192 2	213 2	232 2	242 2	398 2	435 2	476 2	488 2	
193 2	214 2	233 2	243 2	399 2	436 2	477 2	489 2	
194 2	215 2	234 2	244 2	400 2	437 2	478 2	490 2	
195 2	216 2	235 2	245 2	401 2	438 2	479 2	491 2	
196 2	217 2	236 2	246 2	402 2	439 2	480 2	492 2	
197 2	218 2	237 2	247 2	403 2	440 2	481 2	493 2	
198 2	219 2	238 2	248 2	404 2	441 2	482 2	494 2	
199 2	220 2	239 2	249 2	405 2	442 2	483 2	495 2	
200 2	221 2	240 2	250 2	406 2	443 2	484 2	496 2	
201 2	222 2	241 2	251 2	407 2	444 2	485 2	497 2	
202 2	223 2	242 2	252 2	408 2	445 2	486 2	498 2	
203 2	224 2	243 2	253 2	409 2	446 2	487 2	499 2	
204 2	225 2	244 2	254 2	410 2	447 2	488 2	500 2	
205 2	226 2	245 2	255 2	411 2	448 2	489 2	501 2	
206 2	227 2	246 2	256 2	412 2	449 2	490 2	502 2	
1 2	207 2	228 2	247 2	413 2	450 2	491 2	503 2	
2 2	208 2	229 2	248 2	414 2	451 2	492 2	504 2	
3 2	209 2	230 2	249 2	415 2	452 2	493 2	505 2	
