392 356
30 16
29 24 19 10 13 7 10 24 20 15 9 10 8 8 23 20 15 11 9 8 8 22 20 13 9 11 8 7 24 14 18 11 9 8 8 8 10 8 5 5 3 4 12 10 7 3 5 4 4 30 22 24 7 12 10 10 24 20 20 9 10 8 7 24 20 14 11 9 8 8 21 20 20 9 10 7 8 24 20 19 11 9 8 8 12 10 10 3 5 3 4 12 8 10 5 4 4 4 30 18 24 13 13 10 8 21 20 20 9 11 8 6 24 20 20 11 6 8 5 24 20 20 8 11 7 5 24 20 14 11 9 8 7 12 9 10 3 5 4 3 12 10 10 5 5 4 3 25 23 23 13 13 10 10 19 20 20 9 11 7 8 18 19 20 11 9 8 5 17 18 20 7 11 8 8 22 20 20 11 6 8 7 10 7 10 5 5 4 4 9 10 8 5 5 4 4 30 24 18 12 13 8 10 24 20 20 6 11 6 8 15 20 20 11 9 5 8 24 18 20 8 11 5 8 21 20 20 11 9 7 5 12 10 9 5 5 3 4 12 10 10 4 4 3 4 30 23 24 11 10 10 9 24 17 20 7 11 8 8 24 20 20 7 9 5 8 24 19 20 6 11 8 8 15 20 20 10 9 6 8 12 10 8 4 5 4 4 12 9 10 4 5 4 3 26 19 23 13 12 10 6 24 15 20 9 11 8 8 24 15 20 5 9 8 8 23 13 17 9 10 8 7 23 18 19 8 8 5 7 12 8 10 5 4 4 3 9 7 10 5 5 4 4 21 24 23 13 13 8 9 24 20 17 9 11 8 8 24 14 20 11 9 8 7 24 20 19 9 10 8 7 24 18 20 5 9 8 8 10 10 10 5 5 4 2 12 10 9 5 5 3 4 
16 12 12 12 16 12 12 12 16 12 12 12 16 12 12 12 16 12 12 12 16 12 12 12 16 12 12 12 16 12 12 12 16 12 12 12 16 12 12 12 16 12 12 12 16 12 12 12 16 12 12 12 16 12 12 12 16 12 12 12 16 12 12 12 16 12 12 12 16 12 12 12 16 12 12 12 16 12 12 12 16 12 12 12 16 12 12 12 16 12 12 12 16 12 12 12 16 12 12 12 16 12 12 12 16 12 12 12 16 12 12 12 16 12 12 12 16 12 12 12 16 12 12 12 16 12 12 12 16 12 12 12 16 12 12 12 16 12 12 12 16 12 12 12 16 12 12 12 16 12 12 16 12 12 12 16 12 12 12 16 12 12 12 16 12 12 12 16 12 12 12 16 12 12 12 16 12 12 16 16 12 12 12 12 12 12 12 12 12 16 16 16 12 12 12 12 12 12 12 12 12 16 16 16 12 12 12 12 12 12 12 12 12 16 16 16 12 12 12 12 12 12 12 12 12 16 16 16 12 12 12 12 12 12 12 12 12 16 16 16 12 12 12 12 12 12 12 12 12 16 16 16 12 12 12 12 12 12 12 12 16 16 16 12 12 12 12 12 12 12 12 12 16 16 16 12 12 12 12 12 12 12 12 12 16 16 16 12 12 12 12 12 12 12 12 12 16 16 16 12 12 12 12 12 12 12 12 12 16 16 16 12 12 12 12 12 12 12 12 12 16 16 16 12 12 12 12 12 12 12 12 12 16 16 16 12 12 12 12 12 12 12 12 12 16 16 16 12 12 12 12 12 12 12 12 16 
53 1	55 1	56 1	57 1	59 1	60 1	149 1	151 1	152 1	154 1	155 1	181 2	182 2	183 2	184 2	185 2	186 2	190 2	191 2	192 2	276 2	277 2	278 2	279 2	280 2	281 2	285 2	286 2	287 2	0 0	
53 1	54 1	56 1	57 1	58 1	60 1	113 1	114 1	115 1	117 1	118 1	119 1	181 2	182 2	184 2	185 2	190 2	191 2	336 2	338 2	339 2	341 2	345 2	347 2	0 0	0 0	0 0	0 0	0 0	0 0	
53 1	54 1	55 1	57 1	58 1	59 1	180 1	181 2	183 2	184 2	186 2	190 2	192 2	312 2	313 2	315 2	316 2	321 2	322 2	0 0	0 0	0 0	0 0	0 0	0 0	0 0	0 0	0 0	0 0	0 0	
53 1	57 1	126 1	130 1	181 2	184 2	190 2	349 2	350 2	352 2	0 0	0 0	0 0	0 0	0 0	0 0	0 0	0 0	0 0	0 0	0 0	0 0	0 0	0 0	0 0	0 0	0 0	0 0	0 0	0 0	
54 1	58 1	172 1	176 1	182 2	183 2	185 2	186 2	191 2	192 2	300 2	303 2	309 2	0 0	0 0	0 0	0 0	0 0	0 0	0 0	0 0	0 0	0 0	0 0	0 0	0 0	0 0	0 0	0 0	0 0	
55 1	59 1	140 1	144 1	182 2	185 2	191 2	0 0	0 0	0 0	0 0	0 0	0 0	0 0	0 0	0 0	0 0	0 0	0 0	0 0	0 0	0 0	0 0	0 0	0 0	0 0	0 0	0 0	0 0	0 0	
56 1	60 1	162 1	166 1	183 2	186 2	192 2	289 2	292 2	298 2	0 0	0 0	0 0	0 0	0 0	0 0	0 0	0 0	0 0	0 0	0 0	0 0	0 0	0 0	0 0	0 0	0 0	0 0	0 0	0 0	
13 1	15 1	16 1	17 1	19 1	20 1	145 1	147 1	148 1	152 1	154 1	155 1	181 2	182 2	183 2	187 2	188 2	189 2	190 2	191 2	192 2	336 2	337 2	338 2	0 0	0 0	0 0	0 0	0 0	0 0	
13 1	14 1	16 1	17 1	18 1	20 1	109 1	110 1	111 1	117 1	118 1	119 1	181 2	182 2	187 2	188 2	190 2	191 2	300 2	302 2	0 0	0 0	0 0	0 0	0 0	0 0	0 0	0 0	0 0	0 0	
13 1	14 1	15 1	17 1	18 1	19 1	179 1	181 2	183 2	187 2	189 2	190 2	192 2	276 2	277 2	0 0	0 0	0 0	0 0	0 0	0 0	0 0	0 0	0 0	0 0	0 0	0 0	0 0	0 0	0 0	
13 1	17 1	122 1	130 1	181 2	187 2	190 2	313 2	314 2	0 0	0 0	0 0	0 0	0 0	0 0	0 0	0 0	0 0	0 0	0 0	0 0	0 0	0 0	0 0	0 0	0 0	0 0	0 0	0 0	0 0	
14 1	18 1	168 1	176 1	182 2	183 2	188 2	189 2	191 2	192 2	0 0	0 0	0 0	0 0	0 0	0 0	0 0	0 0	0 0	0 0	0 0	0 0	0 0	0 0	0 0	0 0	0 0	0 0	0 0	0 0	
15 1	19 1	136 1	144 1	182 2	188 2	191 2	326 2	0 0	0 0	0 0	0 0	0 0	0 0	0 0	0 0	0 0	0 0	0 0	0 0	0 0	0 0	0 0	0 0	0 0	0 0	0 0	0 0	0 0	0 0	
16 1	20 1	158 1	166 1	183 2	189 2	192 2	349 2	0 0	0 0	0 0	0 0	0 0	0 0	0 0	0 0	0 0	0 0	0 0	0 0	0 0	0 0	0 0	0 0	0 0	0 0	0 0	0 0	0 0	0 0	
85 1	87 1	88 1	93 1	95 1	96 1	145 1	147 1	148 1	149 1	151 1	181 2	182 2	183 2	312 2	313 2	314 2	318 2	319 2	320 2	321 2	322 2	323 2	0 0	0 0	0 0	0 0	0 0	0 0	0 0	
85 1	86 1	88 1	93 1	94 1	96 1	109 1	110 1	111 1	113 1	114 1	115 1	181 2	182 2	276 2	278 2	282 2	284 2	285 2	287 2	0 0	0 0	0 0	0 0	0 0	0 0	0 0	0 0	0 0	0 0	
85 1	86 1	87 1	93 1	94 1	95 1	179 1	180 1	181 2	183 2	348 2	349 2	353 2	354 2	356 2	0 0	0 0	0 0	0 0	0 0	0 0	0 0	0 0	0 0	0 0	0 0	0 0	0 0	0 0	0 0	
85 1	93 1	122 1	126 1	181 2	289 2	290 2	295 2	296 2	298 2	299 2	0 0	0 0	0 0	0 0	0 0	0 0	0 0	0 0	0 0	0 0	0 0	0 0	0 0	0 0	0 0	0 0	0 0	0 0	0 0	
86 1	94 1	168 1	172 1	182 2	183 2	336 2	342 2	345 2	0 0	0 0	0 0	0 0	0 0	0 0	0 0	0 0	0 0	0 0	0 0	0 0	0 0	0 0	0 0	0 0	0 0	0 0	0 0	0 0	0 0	
87 1	95 1	136 1	140 1	182 2	302 2	308 2	311 2	0 0	0 0	0 0	0 0	0 0	0 0	0 0	0 0	0 0	0 0	0 0	0 0	0 0	0 0	0 0	0 0	0 0	0 0	0 0	0 0	0 0	0 0	
88 1	96 1	158 1	162 1	183 2	325 2	331 2	334 2	0 0	0 0	0 0	0 0	0 0	0 0	0 0	0 0	0 0	0 0	0 0	0 0	0 0	0 0	0 0	0 0	0 0	0 0	0 0	0 0	0 0	0 0	
25 1	27 1	28 1	145 1	147 1	148 1	149 1	151 1	152 1	154 1	155 1	184 2	185 2	186 2	187 2	188 2	189 2	190 2	191 2	192 2	351 2	352 2	0 0	0 0	0 0	0 0	0 0	0 0	0 0	0 0	
25 1	26 1	28 1	109 1	110 1	111 1	113 1	114 1	115 1	117 1	118 1	119 1	184 2	185 2	187 2	188 2	190 2	191 2	315 2	317 2	0 0	0 0	0 0	0 0	0 0	0 0	0 0	0 0	0 0	0 0	
25 1	26 1	27 1	179 1	180 1	184 2	186 2	187 2	189 2	190 2	192 2	291 2	292 2	0 0	0 0	0 0	0 0	0 0	0 0	0 0	0 0	0 0	0 0	0 0	0 0	0 0	0 0	0 0	0 0	0 0	
25 1	122 1	126 1	130 1	184 2	187 2	190 2	328 2	329 2	0 0	0 0	0 0	0 0	0 0	0 0	0 0	0 0	0 0	0 0	0 0	0 0	0 0	0 0	0 0	0 0	0 0	0 0	0 0	0 0	0 0	
26 1	168 1	172 1	176 1	185 2	186 2	188 2	189 2	191 2	192 2	279 2	0 0	0 0	0 0	0 0	0 0	0 0	0 0	0 0	0 0	0 0	0 0	0 0	0 0	0 0	0 0	0 0	0 0	0 0	0 0	
27 1	136 1	140 1	144 1	185 2	188 2	191 2	341 2	0 0	0 0	0 0	0 0	0 0	0 0	0 0	0 0	0 0	0 0	0 0	0 0	0 0	0 0	0 0	0 0	0 0	0 0	0 0	0 0	0 0	0 0	
28 1	158 1	162 1	166 1	186 2	189 2	192 2	0 0	0 0	0 0	0 0	0 0	0 0	0 0	0 0	0 0	0 0	0 0	0 0	0 0	0 0	0 0	0 0	0 0	0 0	0 0	0 0	0 0	0 0	0 0	
73 1	75 1	76 1	77 1	79 1	80 1	81 1	83 1	84 1	145 1	147 1	148 1	184 2	185 2	186 2	303 2	304 2	305 2	306 2	307 2	308 2	309 2	310 2	311 2	0 0	0 0	0 0	0 0	0 0	0 0	
73 1	74 1	76 1	77 1	78 1	80 1	81 1	82 1	84 1	109 1	110 1	111 1	184 2	185 2	0 0	0 0	0 0	0 0	0 0	0 0	0 0	0 0	0 0	0 0	0 0	0 0	0 0	0 0	0 0	0 0	
73 1	74 1	75 1	77 1	78 1	79 1	81 1	82 1	83 1	179 1	184 2	186 2	339 2	340 2	342 2	343 2	345 2	346 2	0 0	0 0	0 0	0 0	0 0	0 0	0 0	0 0	0 0	0 0	0 0	0 0	
73 1	77 1	81 1	122 1	184 2	280 2	281 2	283 2	284 2	286 2	287 2	0 0	0 0	0 0	0 0	0 0	0 0	0 0	0 0	0 0	0 0	0 0	0 0	0 0	0 0	0 0	0 0	0 0	0 0	0 0	
74 1	78 1	82 1	168 1	185 2	186 2	327 2	330 2	333 2	0 0	0 0	0 0	0 0	0 0	0 0	0 0	0 0	0 0	0 0	0 0	0 0	0 0	0 0	0 0	0 0	0 0	0 0	0 0	0 0	0 0	
75 1	79 1	83 1	136 1	185 2	293 2	296 2	299 2	0 0	0 0	0 0	0 0	0 0	0 0	0 0	0 0	0 0	0 0	0 0	0 0	0 0	0 0	0 0	0 0	0 0	0 0	0 0	0 0	0 0	0 0	
76 1	80 1	84 1	158 1	186 2	316 2	319 2	322 2	0 0	0 0	0 0	0 0	0 0	0 0	0 0	0 0	0 0	0 0	0 0	0 0	0 0	0 0	0 0	0 0	0 0	0 0	0 0	0 0	0 0	0 0	
45 1	47 1	48 1	149 1	151 1	187 2	188 2	189 2	0 0	0 0	0 0	0 0	0 0	0 0	0 0	0 0	0 0	0 0	0 0	0 0	0 0	0 0	0 0	0 0	0 0	0 0	0 0	0 0	0 0	0 0	
45 1	46 1	48 1	113 1	114 1	115 1	187 2	188 2	333 2	335 2	0 0	0 0	0 0	0 0	0 0	0 0	0 0	0 0	0 0	0 0	0 0	0 0	0 0	0 0	0 0	0 0	0 0	0 0	0 0	0 0	
45 1	46 1	47 1	180 1	187 2	189 2	309 2	310 2	0 0	0 0	0 0	0 0	0 0	0 0	0 0	0 0	0 0	0 0	0 0	0 0	0 0	0 0	0 0	0 0	0 0	0 0	0 0	0 0	0 0	0 0	
45 1	126 1	187 2	346 2	347 2	0 0	0 0	0 0	0 0	0 0	0 0	0 0	0 0	0 0	0 0	0 0	0 0	0 0	0 0	0 0	0 0	0 0	0 0	0 0	0 0	0 0	0 0	0 0	0 0	0 0	
46 1	172 1	188 2	189 2	297 2	0 0	0 0	0 0	0 0	0 0	0 0	0 0	0 0	0 0	0 0	0 0	0 0	0 0	0 0	0 0	0 0	0 0	0 0	0 0	0 0	0 0	0 0	0 0	0 0	0 0	
47 1	140 1	188 2	0 0	0 0	0 0	0 0	0 0	0 0	0 0	0 0	0 0	0 0	0 0	0 0	0 0	0 0	0 0	0 0	0 0	0 0	0 0	0 0	0 0	0 0	0 0	0 0	0 0	0 0	0 0	
48 1	162 1	189 2	286 2	0 0	0 0	0 0	0 0	0 0	0 0	0 0	0 0	0 0	0 0	0 0	0 0	0 0	0 0	0 0	0 0	0 0	0 0	0 0	0 0	0 0	0 0	0 0	0 0	0 0	0 0	
65 1	67 1	68 1	152 1	154 1	155 1	190 2	191 2	192 2	294 2	295 2	296 2	0 0	0 0	0 0	0 0	0 0	0 0	0 0	0 0	0 0	0 0	0 0	0 0	0 0	0 0	0 0	0 0	0 0	0 0	
65 1	66 1	68 1	117 1	118 1	119 1	190 2	191 2	353 2	355 2	0 0	0 0	0 0	0 0	0 0	0 0	0 0	0 0	0 0	0 0	0 0	0 0	0 0	0 0	0 0	0 0	0 0	0 0	0 0	0 0	
65 1	66 1	67 1	190 2	192 2	330 2	331 2	0 0	0 0	0 0	0 0	0 0	0 0	0 0	0 0	0 0	0 0	0 0	0 0	0 0	0 0	0 0	0 0	0 0	0 0	0 0	0 0	0 0	0 0	0 0	
65 1	130 1	190 2	0 0	0 0	0 0	0 0	0 0	0 0	0 0	0 0	0 0	0 0	0 0	0 0	0 0	0 0	0 0	0 0	0 0	0 0	0 0	0 0	0 0	0 0	0 0	0 0	0 0	0 0	0 0	
66 1	176 1	191 2	192 2	318 2	0 0	0 0	0 0	0 0	0 0	0 0	0 0	0 0	0 0	0 0	0 0	0 0	0 0	0 0	0 0	0 0	0 0	0 0	0 0	0 0	0 0	0 0	0 0	0 0	0 0	
67 1	144 1	191 2	284 2	0 0	0 0	0 0	0 0	0 0	0 0	0 0	0 0	0 0	0 0	0 0	0 0	0 0	0 0	0 0	0 0	0 0	0 0	0 0	0 0	0 0	0 0	0 0	0 0	0 0	0 0	
68 1	166 1	192 2	307 2	0 0	0 0	0 0	0 0	0 0	0 0	0 0	0 0	0 0	0 0	0 0	0 0	0 0	0 0	0 0	0 0	0 0	0 0	0 0	0 0	0 0	0 0	0 0	0 0	0 0	0 0	
65 1	67 1	68 1	69 1	71 1	72 1	160 1	162 1	163 1	164 1	166 1	167 1	193 2	194 2	195 2	196 2	197 2	198 2	202 2	203 2	204 2	288 2	289 2	290 2	291 2	292 2	293 2	297 2	298 2	299 2	
65 1	66 1	68 1	69 1	70 1	72 1	125 1	126 1	127 1	129 1	130 1	131 1	193 2	194 2	196 2	197 2	202 2	203 2	348 2	350 2	351 2	356 2	0 0	0 0	0 0	0 0	0 0	0 0	0 0	0 0	
65 1	66 1	67 1	69 1	70 1	71 1	101 1	102 1	104 1	105 1	106 1	108 1	193 2	195 2	196 2	198 2	202 2	204 2	324 2	325 2	327 2	328 2	333 2	334 2	0 0	0 0	0 0	0 0	0 0	0 0	
65 1	69 1	138 1	142 1	193 2	196 2	202 2	0 0	0 0	0 0	0 0	0 0	0 0	0 0	0 0	0 0	0 0	0 0	0 0	0 0	0 0	0 0	0 0	0 0	0 0	0 0	0 0	0 0	0 0	0 0	
66 1	70 1	180 1	194 2	195 2	197 2	198 2	203 2	204 2	312 2	315 2	321 2	0 0	0 0	0 0	0 0	0 0	0 0	0 0	0 0	0 0	0 0	0 0	0 0	0 0	0 0	0 0	0 0	0 0	0 0	
67 1	71 1	151 1	155 1	194 2	197 2	203 2	278 2	281 2	287 2	0 0	0 0	0 0	0 0	0 0	0 0	0 0	0 0	0 0	0 0	0 0	0 0	0 0	0 0	0 0	0 0	0 0	0 0	0 0	0 0	
68 1	72 1	174 1	177 1	195 2	198 2	204 2	301 2	304 2	310 2	0 0	0 0	0 0	0 0	0 0	0 0	0 0	0 0	0 0	0 0	0 0	0 0	0 0	0 0	0 0	0 0	0 0	0 0	0 0	0 0	
25 1	27 1	28 1	29 1	31 1	32 1	156 1	158 1	159 1	164 1	166 1	167 1	193 2	194 2	195 2	199 2	200 2	201 2	202 2	203 2	204 2	348 2	349 2	350 2	0 0	0 0	0 0	0 0	0 0	0 0	
25 1	26 1	28 1	29 1	30 1	32 1	121 1	122 1	123 1	129 1	130 1	131 1	193 2	194 2	199 2	200 2	202 2	203 2	312 2	314 2	0 0	0 0	0 0	0 0	0 0	0 0	0 0	0 0	0 0	0 0	
25 1	26 1	27 1	29 1	30 1	31 1	97 1	98 1	100 1	105 1	106 1	108 1	193 2	195 2	199 2	201 2	202 2	204 2	288 2	289 2	0 0	0 0	0 0	0 0	0 0	0 0	0 0	0 0	0 0	0 0	
25 1	29 1	134 1	142 1	193 2	199 2	202 2	325 2	326 2	0 0	0 0	0 0	0 0	0 0	0 0	0 0	0 0	0 0	0 0	0 0	0 0	0 0	0 0	0 0	0 0	0 0	0 0	0 0	0 0	0 0	
26 1	30 1	179 1	194 2	195 2	200 2	201 2	203 2	204 2	276 2	0 0	0 0	0 0	0 0	0 0	0 0	0 0	0 0	0 0	0 0	0 0	0 0	0 0	0 0	0 0	0 0	0 0	0 0	0 0	0 0	
27 1	31 1	148 1	155 1	194 2	200 2	203 2	338 2	0 0	0 0	0 0	0 0	0 0	0 0	0 0	0 0	0 0	0 0	0 0	0 0	0 0	0 0	0 0	0 0	0 0	0 0	0 0	0 0	0 0	0 0	
28 1	32 1	170 1	177 1	195 2	201 2	204 2	0 0	0 0	0 0	0 0	0 0	0 0	0 0	0 0	0 0	0 0	0 0	0 0	0 0	0 0	0 0	0 0	0 0	0 0	0 0	0 0	0 0	0 0	0 0	
1 1	3 1	4 1	9 1	11 1	12 1	156 1	158 1	159 1	160 1	162 1	163 1	193 2	194 2	195 2	324 2	325 2	326 2	330 2	331 2	332 2	333 2	334 2	335 2	0 0	0 0	0 0	0 0	0 0	0 0	
1 1	2 1	4 1	9 1	10 1	12 1	121 1	122 1	123 1	125 1	126 1	127 1	193 2	194 2	288 2	290 2	294 2	296 2	297 2	299 2	0 0	0 0	0 0	0 0	0 0	0 0	0 0	0 0	0 0	0 0	
1 1	2 1	3 1	9 1	10 1	11 1	97 1	98 1	100 1	101 1	102 1	104 1	193 2	195 2	0 0	0 0	0 0	0 0	0 0	0 0	0 0	0 0	0 0	0 0	0 0	0 0	0 0	0 0	0 0	0 0	
1 1	9 1	134 1	138 1	193 2	301 2	302 2	307 2	308 2	310 2	311 2	0 0	0 0	0 0	0 0	0 0	0 0	0 0	0 0	0 0	0 0	0 0	0 0	0 0	0 0	0 0	0 0	0 0	0 0	0 0	
2 1	10 1	179 1	180 1	194 2	195 2	348 2	353 2	356 2	0 0	0 0	0 0	0 0	0 0	0 0	0 0	0 0	0 0	0 0	0 0	0 0	0 0	0 0	0 0	0 0	0 0	0 0	0 0	0 0	0 0	
3 1	11 1	148 1	151 1	194 2	314 2	320 2	323 2	0 0	0 0	0 0	0 0	0 0	0 0	0 0	0 0	0 0	0 0	0 0	0 0	0 0	0 0	0 0	0 0	0 0	0 0	0 0	0 0	0 0	0 0	
4 1	12 1	170 1	174 1	195 2	337 2	343 2	346 2	0 0	0 0	0 0	0 0	0 0	0 0	0 0	0 0	0 0	0 0	0 0	0 0	0 0	0 0	0 0	0 0	0 0	0 0	0 0	0 0	0 0	0 0	
37 1	39 1	40 1	156 1	158 1	159 1	160 1	162 1	163 1	164 1	166 1	167 1	196 2	197 2	198 2	199 2	200 2	201 2	202 2	203 2	204 2	0 0	0 0	0 0	0 0	0 0	0 0	0 0	0 0	0 0	
37 1	38 1	40 1	121 1	122 1	123 1	125 1	126 1	127 1	129 1	130 1	131 1	196 2	197 2	199 2	200 2	202 2	203 2	327 2	329 2	0 0	0 0	0 0	0 0	0 0	0 0	0 0	0 0	0 0	0 0	
37 1	38 1	39 1	97 1	98 1	100 1	101 1	102 1	104 1	105 1	106 1	108 1	196 2	198 2	199 2	201 2	202 2	204 2	303 2	304 2	0 0	0 0	0 0	0 0	0 0	0 0	0 0	0 0	0 0	0 0	
37 1	134 1	138 1	142 1	196 2	199 2	202 2	340 2	341 2	0 0	0 0	0 0	0 0	0 0	0 0	0 0	0 0	0 0	0 0	0 0	0 0	0 0	0 0	0 0	0 0	0 0	0 0	0 0	0 0	0 0	
38 1	179 1	180 1	197 2	198 2	200 2	201 2	203 2	204 2	291 2	0 0	0 0	0 0	0 0	0 0	0 0	0 0	0 0	0 0	0 0	0 0	0 0	0 0	0 0	0 0	0 0	0 0	0 0	0 0	0 0	
39 1	148 1	151 1	155 1	197 2	200 2	203 2	0 0	0 0	0 0	0 0	0 0	0 0	0 0	0 0	0 0	0 0	0 0	0 0	0 0	0 0	0 0	0 0	0 0	0 0	0 0	0 0	0 0	0 0	0 0	
40 1	170 1	174 1	177 1	198 2	201 2	204 2	280 2	0 0	0 0	0 0	0 0	0 0	0 0	0 0	0 0	0 0	0 0	0 0	0 0	0 0	0 0	0 0	0 0	0 0	0 0	0 0	0 0	0 0	0 0	
85 1	87 1	88 1	89 1	91 1	92 1	93 1	95 1	96 1	156 1	158 1	159 1	196 2	197 2	198 2	315 2	316 2	317 2	318 2	319 2	320 2	321 2	322 2	323 2	0 0	0 0	0 0	0 0	0 0	0 0	
85 1	86 1	88 1	89 1	90 1	92 1	93 1	94 1	96 1	121 1	122 1	123 1	196 2	197 2	279 2	281 2	282 2	284 2	285 2	287 2	0 0	0 0	0 0	0 0	0 0	0 0	0 0	0 0	0 0	0 0	
85 1	86 1	87 1	89 1	90 1	91 1	93 1	94 1	95 1	97 1	98 1	100 1	196 2	198 2	351 2	352 2	353 2	354 2	356 2	0 0	0 0	0 0	0 0	0 0	0 0	0 0	0 0	0 0	0 0	0 0	
85 1	89 1	93 1	134 1	196 2	292 2	293 2	295 2	296 2	298 2	299 2	0 0	0 0	0 0	0 0	0 0	0 0	0 0	0 0	0 0	0 0	0 0	0 0	0 0	0 0	0 0	0 0	0 0	0 0	0 0	
86 1	90 1	94 1	179 1	197 2	198 2	339 2	342 2	345 2	0 0	0 0	0 0	0 0	0 0	0 0	0 0	0 0	0 0	0 0	0 0	0 0	0 0	0 0	0 0	0 0	0 0	0 0	0 0	0 0	0 0	
87 1	91 1	95 1	148 1	197 2	305 2	308 2	311 2	0 0	0 0	0 0	0 0	0 0	0 0	0 0	0 0	0 0	0 0	0 0	0 0	0 0	0 0	0 0	0 0	0 0	0 0	0 0	0 0	0 0	0 0	
88 1	92 1	96 1	170 1	198 2	328 2	331 2	334 2	0 0	0 0	0 0	0 0	0 0	0 0	0 0	0 0	0 0	0 0	0 0	0 0	0 0	0 0	0 0	0 0	0 0	0 0	0 0	0 0	0 0	0 0	
57 1	59 1	60 1	160 1	162 1	163 1	199 2	200 2	201 2	285 2	286 2	287 2	0 0	0 0	0 0	0 0	0 0	0 0	0 0	0 0	0 0	0 0	0 0	0 0	0 0	0 0	0 0	0 0	0 0	0 0	
57 1	58 1	60 1	125 1	126 1	127 1	199 2	200 2	345 2	347 2	0 0	0 0	0 0	0 0	0 0	0 0	0 0	0 0	0 0	0 0	0 0	0 0	0 0	0 0	0 0	0 0	0 0	0 0	0 0	0 0	
57 1	58 1	59 1	101 1	102 1	104 1	199 2	201 2	321 2	322 2	0 0	0 0	0 0	0 0	0 0	0 0	0 0	0 0	0 0	0 0	0 0	0 0	0 0	0 0	0 0	0 0	0 0	0 0	0 0	0 0	
57 1	138 1	199 2	0 0	0 0	0 0	0 0	0 0	0 0	0 0	0 0	0 0	0 0	0 0	0 0	0 0	0 0	0 0	0 0	0 0	0 0	0 0	0 0	0 0	0 0	0 0	0 0	0 0	0 0	0 0	
58 1	180 1	200 2	201 2	309 2	0 0	0 0	0 0	0 0	0 0	0 0	0 0	0 0	0 0	0 0	0 0	0 0	0 0	0 0	0 0	0 0	0 0	0 0	0 0	0 0	0 0	0 0	0 0	0 0	0 0	
59 1	151 1	200 2	0 0	0 0	0 0	0 0	0 0	0 0	0 0	0 0	0 0	0 0	0 0	0 0	0 0	0 0	0 0	0 0	0 0	0 0	0 0	0 0	0 0	0 0	0 0	0 0	0 0	0 0	0 0	
60 1	174 1	201 2	298 2	0 0	0 0	0 0	0 0	0 0	0 0	0 0	0 0	0 0	0 0	0 0	0 0	0 0	0 0	0 0	0 0	0 0	0 0	0 0	0 0	0 0	0 0	0 0	0 0	0 0	0 0	
77 1	79 1	80 1	164 1	166 1	167 1	202 2	203 2	204 2	306 2	307 2	308 2	0 0	0 0	0 0	0 0	0 0	0 0	0 0	0 0	0 0	0 0	0 0	0 0	0 0	0 0	0 0	0 0	0 0	0 0	
77 1	78 1	80 1	129 1	130 1	131 1	202 2	203 2	0 0	0 0	0 0	0 0	0 0	0 0	0 0	0 0	0 0	0 0	0 0	0 0	0 0	0 0	0 0	0 0	0 0	0 0	0 0	0 0	0 0	0 0	
77 1	78 1	79 1	105 1	106 1	108 1	202 2	204 2	342 2	343 2	0 0	0 0	0 0	0 0	0 0	0 0	0 0	0 0	0 0	0 0	0 0	0 0	0 0	0 0	0 0	0 0	0 0	0 0	0 0	0 0	
77 1	142 1	202 2	283 2	284 2	0 0	0 0	0 0	0 0	0 0	0 0	0 0	0 0	0 0	0 0	0 0	0 0	0 0	0 0	0 0	0 0	0 0	0 0	0 0	0 0	0 0	0 0	0 0	0 0	0 0	
78 1	203 2	204 2	330 2	0 0	0 0	0 0	0 0	0 0	0 0	0 0	0 0	0 0	0 0	0 0	0 0	0 0	0 0	0 0	0 0	0 0	0 0	0 0	0 0	0 0	0 0	0 0	0 0	0 0	0 0	
79 1	155 1	203 2	296 2	0 0	0 0	0 0	0 0	0 0	0 0	0 0	0 0	0 0	0 0	0 0	0 0	0 0	0 0	0 0	0 0	0 0	0 0	0 0	0 0	0 0	0 0	0 0	0 0	0 0	0 0	
80 1	177 1	204 2	319 2	0 0	0 0	0 0	0 0	0 0	0 0	0 0	0 0	0 0	0 0	0 0	0 0	0 0	0 0	0 0	0 0	0 0	0 0	0 0	0 0	0 0	0 0	0 0	0 0	0 0	0 0	
77 1	79 1	80 1	81 1	83 1	84 1	172 1	174 1	175 1	176 1	177 1	178 1	205 2	206 2	207 2	208 2	209 2	210 2	214 2	215 2	216 2	300 2	301 2	302 2	303 2	304 2	305 2	309 2	310 2	311 2	
77 1	78 1	80 1	81 1	82 1	84 1	137 1	138 1	139 1	141 1	142 1	143 1	205 2	206 2	208 2	209 2	214 2	215 2	0 0	0 0	0 0	0 0	0 0	0 0	0 0	0 0	0 0	0 0	0 0	0 0	
77 1	78 1	79 1	81 1	82 1	83 1	113 1	114 1	116 1	117 1	118 1	120 1	205 2	207 2	208 2	210 2	214 2	216 2	336 2	337 2	339 2	340 2	345 2	346 2	0 0	0 0	0 0	0 0	0 0	0 0	
77 1	81 1	150 1	153 1	205 2	208 2	214 2	277 2	278 2	280 2	281 2	286 2	287 2	0 0	0 0	0 0	0 0	0 0	0 0	0 0	0 0	0 0	0 0	0 0	0 0	0 0	0 0	0 0	0 0	0 0	
78 1	82 1	101 1	105 1	206 2	207 2	209 2	210 2	215 2	216 2	324 2	327 2	333 2	0 0	0 0	0 0	0 0	0 0	0 0	0 0	0 0	0 0	0 0	0 0	0 0	0 0	0 0	0 0	0 0	0 0	
79 1	83 1	163 1	167 1	206 2	209 2	215 2	290 2	293 2	299 2	0 0	0 0	0 0	0 0	0 0	0 0	0 0	0 0	0 0	0 0	0 0	0 0	0 0	0 0	0 0	0 0	0 0	0 0	0 0	0 0	
80 1	84 1	207 2	210 2	216 2	313 2	316 2	322 2	0 0	0 0	0 0	0 0	0 0	0 0	0 0	0 0	0 0	0 0	0 0	0 0	0 0	0 0	0 0	0 0	0 0	0 0	0 0	0 0	0 0	0 0	
37 1	39 1	40 1	41 1	43 1	44 1	168 1	170 1	171 1	176 1	177 1	178 1	205 2	206 2	207 2	211 2	212 2	213 2	214 2	215 2	216 2	0 0	0 0	0 0	0 0	0 0	0 0	0 0	0 0	0 0	
37 1	38 1	40 1	41 1	42 1	44 1	133 1	134 1	135 1	141 1	142 1	143 1	205 2	206 2	211 2	212 2	214 2	215 2	324 2	326 2	0 0	0 0	0 0	0 0	0 0	0 0	0 0	0 0	0 0	0 0	
37 1	38 1	39 1	41 1	42 1	43 1	109 1	110 1	112 1	117 1	118 1	120 1	205 2	207 2	211 2	213 2	214 2	216 2	300 2	301 2	0 0	0 0	0 0	0 0	0 0	0 0	0 0	0 0	0 0	0 0	
37 1	41 1	146 1	153 1	205 2	211 2	214 2	337 2	338 2	0 0	0 0	0 0	0 0	0 0	0 0	0 0	0 0	0 0	0 0	0 0	0 0	0 0	0 0	0 0	0 0	0 0	0 0	0 0	0 0	0 0	
38 1	42 1	97 1	105 1	206 2	207 2	212 2	213 2	215 2	216 2	288 2	0 0	0 0	0 0	0 0	0 0	0 0	0 0	0 0	0 0	0 0	0 0	0 0	0 0	0 0	0 0	0 0	0 0	0 0	0 0	
39 1	43 1	159 1	167 1	206 2	212 2	215 2	350 2	0 0	0 0	0 0	0 0	0 0	0 0	0 0	0 0	0 0	0 0	0 0	0 0	0 0	0 0	0 0	0 0	0 0	0 0	0 0	0 0	0 0	0 0	
40 1	44 1	207 2	213 2	216 2	277 2	0 0	0 0	0 0	0 0	0 0	0 0	0 0	0 0	0 0	0 0	0 0	0 0	0 0	0 0	0 0	0 0	0 0	0 0	0 0	0 0	0 0	0 0	0 0	0 0	
13 1	15 1	16 1	21 1	23 1	24 1	168 1	170 1	171 1	172 1	174 1	175 1	205 2	206 2	207 2	336 2	337 2	338 2	342 2	343 2	344 2	345 2	346 2	347 2	0 0	0 0	0 0	0 0	0 0	0 0	
13 1	14 1	16 1	21 1	22 1	24 1	133 1	134 1	135 1	137 1	138 1	139 1	205 2	206 2	300 2	302 2	306 2	308 2	309 2	311 2	0 0	0 0	0 0	0 0	0 0	0 0	0 0	0 0	0 0	0 0	
13 1	14 1	15 1	21 1	22 1	23 1	109 1	110 1	112 1	113 1	114 1	116 1	205 2	207 2	276 2	277 2	282 2	283 2	285 2	286 2	0 0	0 0	0 0	0 0	0 0	0 0	0 0	0 0	0 0	0 0	
13 1	21 1	146 1	150 1	205 2	313 2	314 2	319 2	320 2	322 2	323 2	0 0	0 0	0 0	0 0	0 0	0 0	0 0	0 0	0 0	0 0	0 0	0 0	0 0	0 0	0 0	0 0	0 0	0 0	0 0	
14 1	22 1	97 1	101 1	206 2	207 2	0 0	0 0	0 0	0 0	0 0	0 0	0 0	0 0	0 0	0 0	0 0	0 0	0 0	0 0	0 0	0 0	0 0	0 0	0 0	0 0	0 0	0 0	0 0	0 0	
15 1	23 1	159 1	163 1	206 2	326 2	332 2	335 2	0 0	0 0	0 0	0 0	0 0	0 0	0 0	0 0	0 0	0 0	0 0	0 0	0 0	0 0	0 0	0 0	0 0	0 0	0 0	0 0	0 0	0 0	
16 1	24 1	207 2	349 2	354 2	0 0	0 0	0 0	0 0	0 0	0 0	0 0	0 0	0 0	0 0	0 0	0 0	0 0	0 0	0 0	0 0	0 0	0 0	0 0	0 0	0 0	0 0	0 0	0 0	0 0	
49 1	51 1	52 1	168 1	170 1	171 1	172 1	174 1	175 1	176 1	177 1	178 1	208 2	209 2	210 2	211 2	212 2	213 2	214 2	215 2	216 2	279 2	280 2	281 2	0 0	0 0	0 0	0 0	0 0	0 0	
49 1	50 1	52 1	133 1	134 1	135 1	137 1	138 1	139 1	141 1	142 1	143 1	208 2	209 2	211 2	212 2	214 2	215 2	339 2	341 2	0 0	0 0	0 0	0 0	0 0	0 0	0 0	0 0	0 0	0 0	
49 1	50 1	51 1	109 1	110 1	112 1	113 1	114 1	116 1	117 1	118 1	120 1	208 2	210 2	211 2	213 2	214 2	216 2	315 2	316 2	0 0	0 0	0 0	0 0	0 0	0 0	0 0	0 0	0 0	0 0	
49 1	146 1	150 1	153 1	208 2	211 2	214 2	352 2	0 0	0 0	0 0	0 0	0 0	0 0	0 0	0 0	0 0	0 0	0 0	0 0	0 0	0 0	0 0	0 0	0 0	0 0	0 0	0 0	0 0	0 0	
50 1	97 1	101 1	105 1	209 2	210 2	212 2	213 2	215 2	216 2	303 2	0 0	0 0	0 0	0 0	0 0	0 0	0 0	0 0	0 0	0 0	0 0	0 0	0 0	0 0	0 0	0 0	0 0	0 0	0 0	
51 1	159 1	163 1	167 1	209 2	212 2	215 2	0 0	0 0	0 0	0 0	0 0	0 0	0 0	0 0	0 0	0 0	0 0	0 0	0 0	0 0	0 0	0 0	0 0	0 0	0 0	0 0	0 0	0 0	0 0	
52 1	210 2	213 2	216 2	292 2	0 0	0 0	0 0	0 0	0 0	0 0	0 0	0 0	0 0	0 0	0 0	0 0	0 0	0 0	0 0	0 0	0 0	0 0	0 0	0 0	0 0	0 0	0 0	0 0	0 0	
1 1	3 1	4 1	5 1	7 1	8 1	9 1	11 1	12 1	168 1	170 1	171 1	208 2	209 2	210 2	327 2	328 2	329 2	330 2	331 2	332 2	333 2	334 2	335 2	0 0	0 0	0 0	0 0	0 0	0 0	
1 1	2 1	4 1	5 1	6 1	8 1	9 1	10 1	12 1	133 1	134 1	135 1	208 2	209 2	291 2	293 2	294 2	296 2	297 2	299 2	0 0	0 0	0 0	0 0	0 0	0 0	0 0	0 0	0 0	0 0	
1 1	2 1	3 1	5 1	6 1	7 1	9 1	10 1	11 1	109 1	110 1	112 1	208 2	210 2	0 0	0 0	0 0	0 0	0 0	0 0	0 0	0 0	0 0	0 0	0 0	0 0	0 0	0 0	0 0	0 0	
1 1	5 1	9 1	146 1	208 2	304 2	305 2	307 2	308 2	310 2	311 2	0 0	0 0	0 0	0 0	0 0	0 0	0 0	0 0	0 0	0 0	0 0	0 0	0 0	0 0	0 0	0 0	0 0	0 0	0 0	
2 1	6 1	10 1	97 1	209 2	210 2	351 2	353 2	356 2	0 0	0 0	0 0	0 0	0 0	0 0	0 0	0 0	0 0	0 0	0 0	0 0	0 0	0 0	0 0	0 0	0 0	0 0	0 0	0 0	0 0	
3 1	7 1	11 1	159 1	209 2	317 2	320 2	323 2	0 0	0 0	0 0	0 0	0 0	0 0	0 0	0 0	0 0	0 0	0 0	0 0	0 0	0 0	0 0	0 0	0 0	0 0	0 0	0 0	0 0	0 0	
4 1	8 1	12 1	210 2	340 2	343 2	346 2	0 0	0 0	0 0	0 0	0 0	0 0	0 0	0 0	0 0	0 0	0 0	0 0	0 0	0 0	0 0	0 0	0 0	0 0	0 0	0 0	0 0	0 0	0 0	
69 1	71 1	72 1	172 1	174 1	175 1	211 2	212 2	213 2	297 2	298 2	299 2	0 0	0 0	0 0	0 0	0 0	0 0	0 0	0 0	0 0	0 0	0 0	0 0	0 0	0 0	0 0	0 0	0 0	0 0	
69 1	70 1	72 1	137 1	138 1	139 1	211 2	212 2	356 2	0 0	0 0	0 0	0 0	0 0	0 0	0 0	0 0	0 0	0 0	0 0	0 0	0 0	0 0	0 0	0 0	0 0	0 0	0 0	0 0	0 0	
69 1	70 1	71 1	113 1	114 1	116 1	211 2	213 2	333 2	334 2	0 0	0 0	0 0	0 0	0 0	0 0	0 0	0 0	0 0	0 0	0 0	0 0	0 0	0 0	0 0	0 0	0 0	0 0	0 0	0 0	
69 1	150 1	211 2	0 0	0 0	0 0	0 0	0 0	0 0	0 0	0 0	0 0	0 0	0 0	0 0	0 0	0 0	0 0	0 0	0 0	0 0	0 0	0 0	0 0	0 0	0 0	0 0	0 0	0 0	0 0	
70 1	101 1	212 2	213 2	321 2	0 0	0 0	0 0	0 0	0 0	0 0	0 0	0 0	0 0	0 0	0 0	0 0	0 0	0 0	0 0	0 0	0 0	0 0	0 0	0 0	0 0	0 0	0 0	0 0	0 0	
71 1	163 1	212 2	287 2	0 0	0 0	0 0	0 0	0 0	0 0	0 0	0 0	0 0	0 0	0 0	0 0	0 0	0 0	0 0	0 0	0 0	0 0	0 0	0 0	0 0	0 0	0 0	0 0	0 0	0 0	
72 1	213 2	310 2	0 0	0 0	0 0	0 0	0 0	0 0	0 0	0 0	0 0	0 0	0 0	0 0	0 0	0 0	0 0	0 0	0 0	0 0	0 0	0 0	0 0	0 0	0 0	0 0	0 0	0 0	0 0	
89 1	91 1	92 1	176 1	177 1	178 1	214 2	215 2	216 2	318 2	319 2	320 2	0 0	0 0	0 0	0 0	0 0	0 0	0 0	0 0	0 0	0 0	0 0	0 0	0 0	0 0	0 0	0 0	0 0	0 0	
89 1	90 1	92 1	141 1	142 1	143 1	214 2	215 2	282 2	284 2	0 0	0 0	0 0	0 0	0 0	0 0	0 0	0 0	0 0	0 0	0 0	0 0	0 0	0 0	0 0	0 0	0 0	0 0	0 0	0 0	
89 1	90 1	91 1	117 1	118 1	120 1	214 2	216 2	353 2	354 2	0 0	0 0	0 0	0 0	0 0	0 0	0 0	0 0	0 0	0 0	0 0	0 0	0 0	0 0	0 0	0 0	0 0	0 0	0 0	0 0	
89 1	153 1	214 2	295 2	296 2	0 0	0 0	0 0	0 0	0 0	0 0	0 0	0 0	0 0	0 0	0 0	0 0	0 0	0 0	0 0	0 0	0 0	0 0	0 0	0 0	0 0	0 0	0 0	0 0	0 0	
90 1	105 1	215 2	216 2	342 2	0 0	0 0	0 0	0 0	0 0	0 0	0 0	0 0	0 0	0 0	0 0	0 0	0 0	0 0	0 0	0 0	0 0	0 0	0 0	0 0	0 0	0 0	0 0	0 0	0 0	
91 1	167 1	215 2	308 2	0 0	0 0	0 0	0 0	0 0	0 0	0 0	0 0	0 0	0 0	0 0	0 0	0 0	0 0	0 0	0 0	0 0	0 0	0 0	0 0	0 0	0 0	0 0	0 0	0 0	0 0	
92 1	216 2	331 2	0 0	0 0	0 0	0 0	0 0	0 0	0 0	0 0	0 0	0 0	0 0	0 0	0 0	0 0	0 0	0 0	0 0	0 0	0 0	0 0	0 0	0 0	0 0	0 0	0 0	0 0	0 0	
89 1	91 1	92 1	93 1	95 1	96 1	180 1	217 2	218 2	219 2	220 2	221 2	222 2	226 2	227 2	228 2	312 2	313 2	314 2	315 2	316 2	317 2	321 2	322 2	323 2	0 0	0 0	0 0	0 0	0 0	
89 1	90 1	92 1	93 1	94 1	96 1	149 1	150 1	152 1	153 1	154 1	217 2	218 2	220 2	221 2	226 2	227 2	276 2	278 2	279 2	281 2	285 2	287 2	0 0	0 0	0 0	0 0	0 0	0 0	0 0	
89 1	90 1	91 1	93 1	94 1	95 1	125 1	126 1	128 1	129 1	130 1	132 1	217 2	219 2	220 2	222 2	226 2	228 2	348 2	349 2	351 2	352 2	356 2	0 0	0 0	0 0	0 0	0 0	0 0	0 0	
89 1	93 1	161 1	165 1	217 2	220 2	226 2	289 2	290 2	292 2	293 2	298 2	299 2	0 0	0 0	0 0	0 0	0 0	0 0	0 0	0 0	0 0	0 0	0 0	0 0	0 0	0 0	0 0	0 0	0 0	
90 1	94 1	113 1	117 1	218 2	219 2	221 2	222 2	227 2	228 2	336 2	339 2	345 2	0 0	0 0	0 0	0 0	0 0	0 0	0 0	0 0	0 0	0 0	0 0	0 0	0 0	0 0	0 0	0 0	0 0	
91 1	95 1	175 1	178 1	218 2	221 2	227 2	302 2	305 2	311 2	0 0	0 0	0 0	0 0	0 0	0 0	0 0	0 0	0 0	0 0	0 0	0 0	0 0	0 0	0 0	0 0	0 0	0 0	0 0	0 0	
92 1	96 1	103 1	107 1	219 2	222 2	228 2	325 2	328 2	334 2	0 0	0 0	0 0	0 0	0 0	0 0	0 0	0 0	0 0	0 0	0 0	0 0	0 0	0 0	0 0	0 0	0 0	0 0	0 0	0 0	
49 1	51 1	52 1	53 1	55 1	56 1	179 1	217 2	218 2	219 2	223 2	224 2	225 2	226 2	227 2	228 2	276 2	277 2	278 2	0 0	0 0	0 0	0 0	0 0	0 0	0 0	0 0	0 0	0 0	0 0	
49 1	50 1	52 1	53 1	54 1	56 1	145 1	146 1	147 1	152 1	153 1	154 1	217 2	218 2	223 2	224 2	226 2	227 2	336 2	338 2	0 0	0 0	0 0	0 0	0 0	0 0	0 0	0 0	0 0	0 0	
49 1	50 1	51 1	53 1	54 1	55 1	121 1	122 1	124 1	129 1	130 1	132 1	217 2	219 2	223 2	225 2	226 2	228 2	312 2	313 2	0 0	0 0	0 0	0 0	0 0	0 0	0 0	0 0	0 0	0 0	
49 1	53 1	157 1	165 1	217 2	223 2	226 2	349 2	350 2	0 0	0 0	0 0	0 0	0 0	0 0	0 0	0 0	0 0	0 0	0 0	0 0	0 0	0 0	0 0	0 0	0 0	0 0	0 0	0 0	0 0	
50 1	54 1	109 1	117 1	218 2	219 2	224 2	225 2	227 2	228 2	300 2	0 0	0 0	0 0	0 0	0 0	0 0	0 0	0 0	0 0	0 0	0 0	0 0	0 0	0 0	0 0	0 0	0 0	0 0	0 0	
51 1	55 1	171 1	178 1	218 2	224 2	227 2	0 0	0 0	0 0	0 0	0 0	0 0	0 0	0 0	0 0	0 0	0 0	0 0	0 0	0 0	0 0	0 0	0 0	0 0	0 0	0 0	0 0	0 0	0 0	
52 1	56 1	99 1	107 1	219 2	225 2	228 2	289 2	0 0	0 0	0 0	0 0	0 0	0 0	0 0	0 0	0 0	0 0	0 0	0 0	0 0	0 0	0 0	0 0	0 0	0 0	0 0	0 0	0 0	0 0	
25 1	27 1	28 1	33 1	35 1	36 1	179 1	180 1	217 2	218 2	219 2	348 2	349 2	350 2	353 2	354 2	355 2	356 2	0 0	0 0	0 0	0 0	0 0	0 0	0 0	0 0	0 0	0 0	0 0	0 0	
25 1	26 1	28 1	33 1	34 1	36 1	145 1	146 1	147 1	149 1	150 1	217 2	218 2	312 2	314 2	318 2	320 2	321 2	323 2	0 0	0 0	0 0	0 0	0 0	0 0	0 0	0 0	0 0	0 0	0 0	
25 1	26 1	27 1	33 1	34 1	35 1	121 1	122 1	124 1	125 1	126 1	128 1	217 2	219 2	288 2	289 2	294 2	295 2	297 2	298 2	0 0	0 0	0 0	0 0	0 0	0 0	0 0	0 0	0 0	0 0	
25 1	33 1	157 1	161 1	217 2	325 2	326 2	331 2	332 2	334 2	335 2	0 0	0 0	0 0	0 0	0 0	0 0	0 0	0 0	0 0	0 0	0 0	0 0	0 0	0 0	0 0	0 0	0 0	0 0	0 0	
26 1	34 1	109 1	113 1	218 2	219 2	276 2	282 2	285 2	0 0	0 0	0 0	0 0	0 0	0 0	0 0	0 0	0 0	0 0	0 0	0 0	0 0	0 0	0 0	0 0	0 0	0 0	0 0	0 0	0 0	
27 1	35 1	171 1	175 1	218 2	338 2	344 2	347 2	0 0	0 0	0 0	0 0	0 0	0 0	0 0	0 0	0 0	0 0	0 0	0 0	0 0	0 0	0 0	0 0	0 0	0 0	0 0	0 0	0 0	0 0	
28 1	36 1	99 1	103 1	219 2	0 0	0 0	0 0	0 0	0 0	0 0	0 0	0 0	0 0	0 0	0 0	0 0	0 0	0 0	0 0	0 0	0 0	0 0	0 0	0 0	0 0	0 0	0 0	0 0	0 0	
61 1	63 1	64 1	179 1	180 1	220 2	221 2	222 2	223 2	224 2	225 2	226 2	227 2	228 2	291 2	292 2	293 2	0 0	0 0	0 0	0 0	0 0	0 0	0 0	0 0	0 0	0 0	0 0	0 0	0 0	
61 1	62 1	64 1	145 1	146 1	147 1	149 1	150 1	152 1	153 1	154 1	220 2	221 2	223 2	224 2	226 2	227 2	351 2	0 0	0 0	0 0	0 0	0 0	0 0	0 0	0 0	0 0	0 0	0 0	0 0	
61 1	62 1	63 1	121 1	122 1	124 1	125 1	126 1	128 1	129 1	130 1	132 1	220 2	222 2	223 2	225 2	226 2	228 2	327 2	328 2	0 0	0 0	0 0	0 0	0 0	0 0	0 0	0 0	0 0	0 0	
61 1	157 1	161 1	165 1	220 2	223 2	226 2	0 0	0 0	0 0	0 0	0 0	0 0	0 0	0 0	0 0	0 0	0 0	0 0	0 0	0 0	0 0	0 0	0 0	0 0	0 0	0 0	0 0	0 0	0 0	
62 1	109 1	113 1	117 1	221 2	222 2	224 2	225 2	227 2	228 2	315 2	0 0	0 0	0 0	0 0	0 0	0 0	0 0	0 0	0 0	0 0	0 0	0 0	0 0	0 0	0 0	0 0	0 0	0 0	0 0	
63 1	171 1	175 1	178 1	221 2	224 2	227 2	281 2	0 0	0 0	0 0	0 0	0 0	0 0	0 0	0 0	0 0	0 0	0 0	0 0	0 0	0 0	0 0	0 0	0 0	0 0	0 0	0 0	0 0	0 0	
64 1	99 1	103 1	107 1	222 2	225 2	228 2	304 2	0 0	0 0	0 0	0 0	0 0	0 0	0 0	0 0	0 0	0 0	0 0	0 0	0 0	0 0	0 0	0 0	0 0	0 0	0 0	0 0	0 0	0 0	
13 1	15 1	16 1	17 1	19 1	20 1	21 1	23 1	24 1	179 1	220 2	221 2	222 2	339 2	340 2	341 2	342 2	343 2	344 2	345 2	346 2	347 2	0 0	0 0	0 0	0 0	0 0	0 0	0 0	0 0	
13 1	14 1	16 1	17 1	18 1	20 1	21 1	22 1	24 1	145 1	146 1	147 1	220 2	221 2	303 2	305 2	306 2	308 2	309 2	311 2	0 0	0 0	0 0	0 0	0 0	0 0	0 0	0 0	0 0	0 0	
13 1	14 1	15 1	17 1	18 1	19 1	21 1	22 1	23 1	121 1	122 1	124 1	220 2	222 2	279 2	280 2	282 2	283 2	285 2	286 2	0 0	0 0	0 0	0 0	0 0	0 0	0 0	0 0	0 0	0 0	
13 1	17 1	21 1	157 1	220 2	316 2	317 2	319 2	320 2	322 2	323 2	0 0	0 0	0 0	0 0	0 0	0 0	0 0	0 0	0 0	0 0	0 0	0 0	0 0	0 0	0 0	0 0	0 0	0 0	0 0	
14 1	18 1	22 1	109 1	221 2	222 2	0 0	0 0	0 0	0 0	0 0	0 0	0 0	0 0	0 0	0 0	0 0	0 0	0 0	0 0	0 0	0 0	0 0	0 0	0 0	0 0	0 0	0 0	0 0	0 0	
15 1	19 1	23 1	171 1	221 2	329 2	332 2	335 2	0 0	0 0	0 0	0 0	0 0	0 0	0 0	0 0	0 0	0 0	0 0	0 0	0 0	0 0	0 0	0 0	0 0	0 0	0 0	0 0	0 0	0 0	
16 1	20 1	24 1	99 1	222 2	352 2	354 2	0 0	0 0	0 0	0 0	0 0	0 0	0 0	0 0	0 0	0 0	0 0	0 0	0 0	0 0	0 0	0 0	0 0	0 0	0 0	0 0	0 0	0 0	0 0	
81 1	83 1	84 1	180 1	223 2	224 2	225 2	309 2	310 2	311 2	0 0	0 0	0 0	0 0	0 0	0 0	0 0	0 0	0 0	0 0	0 0	0 0	0 0	0 0	0 0	0 0	0 0	0 0	0 0	0 0	
81 1	82 1	84 1	149 1	150 1	223 2	224 2	0 0	0 0	0 0	0 0	0 0	0 0	0 0	0 0	0 0	0 0	0 0	0 0	0 0	0 0	0 0	0 0	0 0	0 0	0 0	0 0	0 0	0 0	0 0	
81 1	82 1	83 1	125 1	126 1	128 1	223 2	225 2	345 2	346 2	0 0	0 0	0 0	0 0	0 0	0 0	0 0	0 0	0 0	0 0	0 0	0 0	0 0	0 0	0 0	0 0	0 0	0 0	0 0	0 0	
81 1	161 1	223 2	286 2	287 2	0 0	0 0	0 0	0 0	0 0	0 0	0 0	0 0	0 0	0 0	0 0	0 0	0 0	0 0	0 0	0 0	0 0	0 0	0 0	0 0	0 0	0 0	0 0	0 0	0 0	
82 1	113 1	224 2	225 2	333 2	0 0	0 0	0 0	0 0	0 0	0 0	0 0	0 0	0 0	0 0	0 0	0 0	0 0	0 0	0 0	0 0	0 0	0 0	0 0	0 0	0 0	0 0	0 0	0 0	0 0	
83 1	175 1	224 2	299 2	0 0	0 0	0 0	0 0	0 0	0 0	0 0	0 0	0 0	0 0	0 0	0 0	0 0	0 0	0 0	0 0	0 0	0 0	0 0	0 0	0 0	0 0	0 0	0 0	0 0	0 0	
84 1	103 1	225 2	322 2	0 0	0 0	0 0	0 0	0 0	0 0	0 0	0 0	0 0	0 0	0 0	0 0	0 0	0 0	0 0	0 0	0 0	0 0	0 0	0 0	0 0	0 0	0 0	0 0	0 0	0 0	
5 1	7 1	8 1	226 2	227 2	228 2	330 2	331 2	332 2	0 0	0 0	0 0	0 0	0 0	0 0	0 0	0 0	0 0	0 0	0 0	0 0	0 0	0 0	0 0	0 0	0 0	0 0	0 0	0 0	0 0	
5 1	6 1	8 1	152 1	153 1	154 1	226 2	227 2	294 2	296 2	0 0	0 0	0 0	0 0	0 0	0 0	0 0	0 0	0 0	0 0	0 0	0 0	0 0	0 0	0 0	0 0	0 0	0 0	0 0	0 0	
5 1	6 1	7 1	129 1	130 1	132 1	226 2	228 2	0 0	0 0	0 0	0 0	0 0	0 0	0 0	0 0	0 0	0 0	0 0	0 0	0 0	0 0	0 0	0 0	0 0	0 0	0 0	0 0	0 0	0 0	
5 1	165 1	226 2	307 2	308 2	0 0	0 0	0 0	0 0	0 0	0 0	0 0	0 0	0 0	0 0	0 0	0 0	0 0	0 0	0 0	0 0	0 0	0 0	0 0	0 0	0 0	0 0	0 0	0 0	0 0	
6 1	117 1	227 2	228 2	353 2	0 0	0 0	0 0	0 0	0 0	0 0	0 0	0 0	0 0	0 0	0 0	0 0	0 0	0 0	0 0	0 0	0 0	0 0	0 0	0 0	0 0	0 0	0 0	0 0	0 0	
7 1	178 1	227 2	320 2	0 0	0 0	0 0	0 0	0 0	0 0	0 0	0 0	0 0	0 0	0 0	0 0	0 0	0 0	0 0	0 0	0 0	0 0	0 0	0 0	0 0	0 0	0 0	0 0	0 0	0 0	
8 1	107 1	228 2	343 2	0 0	0 0	0 0	0 0	0 0	0 0	0 0	0 0	0 0	0 0	0 0	0 0	0 0	0 0	0 0	0 0	0 0	0 0	0 0	0 0	0 0	0 0	0 0	0 0	0 0	0 0	
5 1	7 1	8 1	9 1	11 1	12 1	101 1	103 1	104 1	105 1	107 1	108 1	229 2	230 2	231 2	232 2	233 2	234 2	238 2	239 2	240 2	324 2	325 2	326 2	327 2	328 2	329 2	333 2	334 2	335 2	
5 1	6 1	8 1	9 1	10 1	12 1	160 1	161 1	162 1	164 1	165 1	166 1	229 2	230 2	232 2	233 2	238 2	239 2	288 2	290 2	291 2	293 2	297 2	299 2	0 0	0 0	0 0	0 0	0 0	0 0	
5 1	6 1	7 1	9 1	10 1	11 1	137 1	138 1	140 1	141 1	142 1	144 1	229 2	231 2	232 2	234 2	238 2	240 2	0 0	0 0	0 0	0 0	0 0	0 0	0 0	0 0	0 0	0 0	0 0	0 0	
5 1	9 1	173 1	229 2	232 2	238 2	301 2	302 2	304 2	305 2	310 2	311 2	0 0	0 0	0 0	0 0	0 0	0 0	0 0	0 0	0 0	0 0	0 0	0 0	0 0	0 0	0 0	0 0	0 0	0 0	
6 1	10 1	125 1	129 1	230 2	231 2	233 2	234 2	239 2	240 2	348 2	351 2	356 2	0 0	0 0	0 0	0 0	0 0	0 0	0 0	0 0	0 0	0 0	0 0	0 0	0 0	0 0	0 0	0 0	0 0	
7 1	11 1	230 2	233 2	239 2	314 2	317 2	323 2	0 0	0 0	0 0	0 0	0 0	0 0	0 0	0 0	0 0	0 0	0 0	0 0	0 0	0 0	0 0	0 0	0 0	0 0	0 0	0 0	0 0	0 0	
8 1	12 1	115 1	119 1	231 2	234 2	240 2	337 2	340 2	346 2	0 0	0 0	0 0	0 0	0 0	0 0	0 0	0 0	0 0	0 0	0 0	0 0	0 0	0 0	0 0	0 0	0 0	0 0	0 0	0 0	
61 1	63 1	64 1	65 1	67 1	68 1	97 1	99 1	100 1	105 1	107 1	108 1	229 2	230 2	231 2	235 2	236 2	237 2	238 2	239 2	240 2	288 2	289 2	290 2	0 0	0 0	0 0	0 0	0 0	0 0	
61 1	62 1	64 1	65 1	66 1	68 1	156 1	157 1	158 1	164 1	165 1	166 1	229 2	230 2	235 2	236 2	238 2	239 2	348 2	350 2	0 0	0 0	0 0	0 0	0 0	0 0	0 0	0 0	0 0	0 0	
61 1	62 1	63 1	65 1	66 1	67 1	133 1	134 1	136 1	141 1	142 1	144 1	229 2	231 2	235 2	237 2	238 2	240 2	324 2	325 2	0 0	0 0	0 0	0 0	0 0	0 0	0 0	0 0	0 0	0 0	
61 1	65 1	169 1	229 2	235 2	238 2	0 0	0 0	0 0	0 0	0 0	0 0	0 0	0 0	0 0	0 0	0 0	0 0	0 0	0 0	0 0	0 0	0 0	0 0	0 0	0 0	0 0	0 0	0 0	0 0	
62 1	66 1	121 1	129 1	230 2	231 2	236 2	237 2	239 2	240 2	312 2	0 0	0 0	0 0	0 0	0 0	0 0	0 0	0 0	0 0	0 0	0 0	0 0	0 0	0 0	0 0	0 0	0 0	0 0	0 0	
63 1	67 1	230 2	236 2	239 2	278 2	0 0	0 0	0 0	0 0	0 0	0 0	0 0	0 0	0 0	0 0	0 0	0 0	0 0	0 0	0 0	0 0	0 0	0 0	0 0	0 0	0 0	0 0	0 0	0 0	
64 1	68 1	111 1	119 1	231 2	237 2	240 2	301 2	0 0	0 0	0 0	0 0	0 0	0 0	0 0	0 0	0 0	0 0	0 0	0 0	0 0	0 0	0 0	0 0	0 0	0 0	0 0	0 0	0 0	0 0	
37 1	39 1	40 1	45 1	47 1	48 1	97 1	99 1	100 1	101 1	103 1	104 1	229 2	230 2	231 2	0 0	0 0	0 0	0 0	0 0	0 0	0 0	0 0	0 0	0 0	0 0	0 0	0 0	0 0	0 0	
37 1	38 1	40 1	45 1	46 1	48 1	156 1	157 1	158 1	160 1	161 1	162 1	229 2	230 2	324 2	326 2	330 2	332 2	333 2	335 2	0 0	0 0	0 0	0 0	0 0	0 0	0 0	0 0	0 0	0 0	
37 1	38 1	39 1	45 1	46 1	47 1	133 1	134 1	136 1	137 1	138 1	140 1	229 2	231 2	300 2	301 2	306 2	307 2	309 2	310 2	0 0	0 0	0 0	0 0	0 0	0 0	0 0	0 0	0 0	0 0	
37 1	45 1	169 1	173 1	229 2	337 2	338 2	343 2	344 2	346 2	347 2	0 0	0 0	0 0	0 0	0 0	0 0	0 0	0 0	0 0	0 0	0 0	0 0	0 0	0 0	0 0	0 0	0 0	0 0	0 0	
38 1	46 1	121 1	125 1	230 2	231 2	288 2	294 2	297 2	0 0	0 0	0 0	0 0	0 0	0 0	0 0	0 0	0 0	0 0	0 0	0 0	0 0	0 0	0 0	0 0	0 0	0 0	0 0	0 0	0 0	
39 1	47 1	230 2	350 2	355 2	0 0	0 0	0 0	0 0	0 0	0 0	0 0	0 0	0 0	0 0	0 0	0 0	0 0	0 0	0 0	0 0	0 0	0 0	0 0	0 0	0 0	0 0	0 0	0 0	0 0	
40 1	48 1	111 1	115 1	231 2	277 2	283 2	286 2	0 0	0 0	0 0	0 0	0 0	0 0	0 0	0 0	0 0	0 0	0 0	0 0	0 0	0 0	0 0	0 0	0 0	0 0	0 0	0 0	0 0	0 0	
73 1	75 1	76 1	97 1	99 1	100 1	101 1	103 1	104 1	105 1	107 1	108 1	232 2	233 2	234 2	235 2	236 2	237 2	238 2	239 2	240 2	303 2	304 2	305 2	0 0	0 0	0 0	0 0	0 0	0 0	
73 1	74 1	76 1	156 1	157 1	158 1	160 1	161 1	162 1	164 1	165 1	166 1	232 2	233 2	235 2	236 2	238 2	239 2	0 0	0 0	0 0	0 0	0 0	0 0	0 0	0 0	0 0	0 0	0 0	0 0	
73 1	74 1	75 1	133 1	134 1	136 1	137 1	138 1	140 1	141 1	142 1	144 1	232 2	234 2	235 2	237 2	238 2	240 2	339 2	340 2	0 0	0 0	0 0	0 0	0 0	0 0	0 0	0 0	0 0	0 0	
73 1	169 1	173 1	232 2	235 2	238 2	280 2	281 2	0 0	0 0	0 0	0 0	0 0	0 0	0 0	0 0	0 0	0 0	0 0	0 0	0 0	0 0	0 0	0 0	0 0	0 0	0 0	0 0	0 0	0 0	
74 1	121 1	125 1	129 1	233 2	234 2	236 2	237 2	239 2	240 2	327 2	0 0	0 0	0 0	0 0	0 0	0 0	0 0	0 0	0 0	0 0	0 0	0 0	0 0	0 0	0 0	0 0	0 0	0 0	0 0	
75 1	233 2	236 2	239 2	293 2	0 0	0 0	0 0	0 0	0 0	0 0	0 0	0 0	0 0	0 0	0 0	0 0	0 0	0 0	0 0	0 0	0 0	0 0	0 0	0 0	0 0	0 0	0 0	0 0	0 0	
76 1	111 1	115 1	119 1	234 2	237 2	240 2	316 2	0 0	0 0	0 0	0 0	0 0	0 0	0 0	0 0	0 0	0 0	0 0	0 0	0 0	0 0	0 0	0 0	0 0	0 0	0 0	0 0	0 0	0 0	
25 1	27 1	28 1	29 1	31 1	32 1	33 1	35 1	36 1	97 1	99 1	100 1	232 2	233 2	234 2	351 2	352 2	353 2	354 2	355 2	356 2	0 0	0 0	0 0	0 0	0 0	0 0	0 0	0 0	0 0	
25 1	26 1	28 1	29 1	30 1	32 1	33 1	34 1	36 1	156 1	157 1	158 1	232 2	233 2	315 2	317 2	318 2	320 2	321 2	323 2	0 0	0 0	0 0	0 0	0 0	0 0	0 0	0 0	0 0	0 0	
25 1	26 1	27 1	29 1	30 1	31 1	33 1	34 1	35 1	133 1	134 1	136 1	232 2	234 2	291 2	292 2	294 2	295 2	297 2	298 2	0 0	0 0	0 0	0 0	0 0	0 0	0 0	0 0	0 0	0 0	
25 1	29 1	33 1	169 1	232 2	328 2	329 2	331 2	332 2	334 2	335 2	0 0	0 0	0 0	0 0	0 0	0 0	0 0	0 0	0 0	0 0	0 0	0 0	0 0	0 0	0 0	0 0	0 0	0 0	0 0	
26 1	30 1	34 1	121 1	233 2	234 2	279 2	282 2	285 2	0 0	0 0	0 0	0 0	0 0	0 0	0 0	0 0	0 0	0 0	0 0	0 0	0 0	0 0	0 0	0 0	0 0	0 0	0 0	0 0	0 0	
27 1	31 1	35 1	233 2	341 2	344 2	347 2	0 0	0 0	0 0	0 0	0 0	0 0	0 0	0 0	0 0	0 0	0 0	0 0	0 0	0 0	0 0	0 0	0 0	0 0	0 0	0 0	0 0	0 0	0 0	
28 1	32 1	36 1	111 1	234 2	0 0	0 0	0 0	0 0	0 0	0 0	0 0	0 0	0 0	0 0	0 0	0 0	0 0	0 0	0 0	0 0	0 0	0 0	0 0	0 0	0 0	0 0	0 0	0 0	0 0	
93 1	95 1	96 1	101 1	103 1	104 1	235 2	236 2	237 2	321 2	322 2	323 2	0 0	0 0	0 0	0 0	0 0	0 0	0 0	0 0	0 0	0 0	0 0	0 0	0 0	0 0	0 0	0 0	0 0	0 0	
93 1	94 1	96 1	160 1	161 1	162 1	235 2	236 2	285 2	287 2	0 0	0 0	0 0	0 0	0 0	0 0	0 0	0 0	0 0	0 0	0 0	0 0	0 0	0 0	0 0	0 0	0 0	0 0	0 0	0 0	
93 1	94 1	95 1	137 1	138 1	140 1	235 2	237 2	356 2	0 0	0 0	0 0	0 0	0 0	0 0	0 0	0 0	0 0	0 0	0 0	0 0	0 0	0 0	0 0	0 0	0 0	0 0	0 0	0 0	0 0	
93 1	173 1	235 2	298 2	299 2	0 0	0 0	0 0	0 0	0 0	0 0	0 0	0 0	0 0	0 0	0 0	0 0	0 0	0 0	0 0	0 0	0 0	0 0	0 0	0 0	0 0	0 0	0 0	0 0	0 0	
94 1	125 1	236 2	237 2	345 2	0 0	0 0	0 0	0 0	0 0	0 0	0 0	0 0	0 0	0 0	0 0	0 0	0 0	0 0	0 0	0 0	0 0	0 0	0 0	0 0	0 0	0 0	0 0	0 0	0 0	
95 1	236 2	311 2	0 0	0 0	0 0	0 0	0 0	0 0	0 0	0 0	0 0	0 0	0 0	0 0	0 0	0 0	0 0	0 0	0 0	0 0	0 0	0 0	0 0	0 0	0 0	0 0	0 0	0 0	0 0	
96 1	115 1	237 2	334 2	0 0	0 0	0 0	0 0	0 0	0 0	0 0	0 0	0 0	0 0	0 0	0 0	0 0	0 0	0 0	0 0	0 0	0 0	0 0	0 0	0 0	0 0	0 0	0 0	0 0	0 0	
17 1	19 1	20 1	105 1	107 1	108 1	238 2	239 2	240 2	342 2	343 2	344 2	0 0	0 0	0 0	0 0	0 0	0 0	0 0	0 0	0 0	0 0	0 0	0 0	0 0	0 0	0 0	0 0	0 0	0 0	
17 1	18 1	20 1	164 1	165 1	166 1	238 2	239 2	306 2	308 2	0 0	0 0	0 0	0 0	0 0	0 0	0 0	0 0	0 0	0 0	0 0	0 0	0 0	0 0	0 0	0 0	0 0	0 0	0 0	0 0	
17 1	18 1	19 1	141 1	142 1	144 1	238 2	240 2	282 2	283 2	0 0	0 0	0 0	0 0	0 0	0 0	0 0	0 0	0 0	0 0	0 0	0 0	0 0	0 0	0 0	0 0	0 0	0 0	0 0	0 0	
17 1	238 2	319 2	320 2	0 0	0 0	0 0	0 0	0 0	0 0	0 0	0 0	0 0	0 0	0 0	0 0	0 0	0 0	0 0	0 0	0 0	0 0	0 0	0 0	0 0	0 0	0 0	0 0	0 0	0 0	
18 1	129 1	239 2	240 2	0 0	0 0	0 0	0 0	0 0	0 0	0 0	0 0	0 0	0 0	0 0	0 0	0 0	0 0	0 0	0 0	0 0	0 0	0 0	0 0	0 0	0 0	0 0	0 0	0 0	0 0	
19 1	239 2	332 2	0 0	0 0	0 0	0 0	0 0	0 0	0 0	0 0	0 0	0 0	0 0	0 0	0 0	0 0	0 0	0 0	0 0	0 0	0 0	0 0	0 0	0 0	0 0	0 0	0 0	0 0	0 0	
20 1	119 1	240 2	354 2	0 0	0 0	0 0	0 0	0 0	0 0	0 0	0 0	0 0	0 0	0 0	0 0	0 0	0 0	0 0	0 0	0 0	0 0	0 0	0 0	0 0	0 0	0 0	0 0	0 0	0 0	
17 1	19 1	20 1	21 1	23 1	24 1	113 1	115 1	116 1	117 1	119 1	120 1	241 2	242 2	243 2	244 2	245 2	246 2	250 2	251 2	252 2	336 2	337 2	338 2	339 2	340 2	341 2	345 2	346 2	347 2	
17 1	18 1	20 1	21 1	22 1	24 1	172 1	173 1	174 1	176 1	177 1	241 2	242 2	244 2	245 2	250 2	251 2	300 2	302 2	303 2	305 2	309 2	311 2	0 0	0 0	0 0	0 0	0 0	0 0	0 0	
17 1	18 1	19 1	21 1	22 1	23 1	149 1	150 1	151 1	152 1	153 1	155 1	241 2	243 2	244 2	246 2	250 2	252 2	276 2	277 2	279 2	280 2	285 2	286 2	0 0	0 0	0 0	0 0	0 0	0 0	
17 1	21 1	241 2	244 2	250 2	313 2	314 2	316 2	317 2	322 2	323 2	0 0	0 0	0 0	0 0	0 0	0 0	0 0	0 0	0 0	0 0	0 0	0 0	0 0	0 0	0 0	0 0	0 0	0 0	0 0	
18 1	22 1	137 1	141 1	242 2	243 2	245 2	246 2	251 2	252 2	0 0	0 0	0 0	0 0	0 0	0 0	0 0	0 0	0 0	0 0	0 0	0 0	0 0	0 0	0 0	0 0	0 0	0 0	0 0	0 0	
19 1	23 1	104 1	108 1	242 2	245 2	251 2	326 2	329 2	335 2	0 0	0 0	0 0	0 0	0 0	0 0	0 0	0 0	0 0	0 0	0 0	0 0	0 0	0 0	0 0	0 0	0 0	0 0	0 0	0 0	
20 1	24 1	127 1	131 1	243 2	246 2	252 2	349 2	352 2	0 0	0 0	0 0	0 0	0 0	0 0	0 0	0 0	0 0	0 0	0 0	0 0	0 0	0 0	0 0	0 0	0 0	0 0	0 0	0 0	0 0	
73 1	75 1	76 1	77 1	79 1	80 1	109 1	111 1	112 1	117 1	119 1	120 1	241 2	242 2	243 2	247 2	248 2	249 2	250 2	251 2	252 2	300 2	301 2	302 2	0 0	0 0	0 0	0 0	0 0	0 0	
73 1	74 1	76 1	77 1	78 1	80 1	168 1	169 1	170 1	176 1	177 1	241 2	242 2	247 2	248 2	250 2	251 2	0 0	0 0	0 0	0 0	0 0	0 0	0 0	0 0	0 0	0 0	0 0	0 0	0 0	
73 1	74 1	75 1	77 1	78 1	79 1	145 1	146 1	148 1	152 1	153 1	155 1	241 2	243 2	247 2	249 2	250 2	252 2	336 2	337 2	0 0	0 0	0 0	0 0	0 0	0 0	0 0	0 0	0 0	0 0	
73 1	77 1	241 2	247 2	250 2	277 2	278 2	0 0	0 0	0 0	0 0	0 0	0 0	0 0	0 0	0 0	0 0	0 0	0 0	0 0	0 0	0 0	0 0	0 0	0 0	0 0	0 0	0 0	0 0	0 0	
74 1	78 1	133 1	141 1	242 2	243 2	248 2	249 2	251 2	252 2	324 2	0 0	0 0	0 0	0 0	0 0	0 0	0 0	0 0	0 0	0 0	0 0	0 0	0 0	0 0	0 0	0 0	0 0	0 0	0 0	
75 1	79 1	100 1	108 1	242 2	248 2	251 2	290 2	0 0	0 0	0 0	0 0	0 0	0 0	0 0	0 0	0 0	0 0	0 0	0 0	0 0	0 0	0 0	0 0	0 0	0 0	0 0	0 0	0 0	0 0	
76 1	80 1	123 1	131 1	243 2	249 2	252 2	313 2	0 0	0 0	0 0	0 0	0 0	0 0	0 0	0 0	0 0	0 0	0 0	0 0	0 0	0 0	0 0	0 0	0 0	0 0	0 0	0 0	0 0	0 0	
49 1	51 1	52 1	57 1	59 1	60 1	109 1	111 1	112 1	113 1	115 1	116 1	241 2	242 2	243 2	276 2	277 2	278 2	282 2	283 2	284 2	285 2	286 2	287 2	0 0	0 0	0 0	0 0	0 0	0 0	
49 1	50 1	52 1	57 1	58 1	60 1	168 1	169 1	170 1	172 1	173 1	174 1	241 2	242 2	336 2	338 2	342 2	344 2	345 2	347 2	0 0	0 0	0 0	0 0	0 0	0 0	0 0	0 0	0 0	0 0	
49 1	50 1	51 1	57 1	58 1	59 1	145 1	146 1	148 1	149 1	150 1	151 1	241 2	243 2	312 2	313 2	318 2	319 2	321 2	322 2	0 0	0 0	0 0	0 0	0 0	0 0	0 0	0 0	0 0	0 0	
49 1	57 1	241 2	349 2	350 2	354 2	355 2	0 0	0 0	0 0	0 0	0 0	0 0	0 0	0 0	0 0	0 0	0 0	0 0	0 0	0 0	0 0	0 0	0 0	0 0	0 0	0 0	0 0	0 0	0 0	
50 1	58 1	133 1	137 1	242 2	243 2	300 2	306 2	309 2	0 0	0 0	0 0	0 0	0 0	0 0	0 0	0 0	0 0	0 0	0 0	0 0	0 0	0 0	0 0	0 0	0 0	0 0	0 0	0 0	0 0	
51 1	59 1	100 1	104 1	242 2	0 0	0 0	0 0	0 0	0 0	0 0	0 0	0 0	0 0	0 0	0 0	0 0	0 0	0 0	0 0	0 0	0 0	0 0	0 0	0 0	0 0	0 0	0 0	0 0	0 0	
52 1	60 1	123 1	127 1	243 2	289 2	295 2	298 2	0 0	0 0	0 0	0 0	0 0	0 0	0 0	0 0	0 0	0 0	0 0	0 0	0 0	0 0	0 0	0 0	0 0	0 0	0 0	0 0	0 0	0 0	
85 1	87 1	88 1	109 1	111 1	112 1	113 1	115 1	116 1	117 1	119 1	120 1	244 2	245 2	246 2	247 2	248 2	249 2	250 2	251 2	252 2	315 2	316 2	317 2	0 0	0 0	0 0	0 0	0 0	0 0	
85 1	86 1	88 1	168 1	169 1	170 1	172 1	173 1	174 1	176 1	177 1	244 2	245 2	247 2	248 2	250 2	251 2	279 2	281 2	0 0	0 0	0 0	0 0	0 0	0 0	0 0	0 0	0 0	0 0	0 0	
85 1	86 1	87 1	145 1	146 1	148 1	149 1	150 1	151 1	152 1	153 1	155 1	244 2	246 2	247 2	249 2	250 2	252 2	351 2	352 2	0 0	0 0	0 0	0 0	0 0	0 0	0 0	0 0	0 0	0 0	
85 1	244 2	247 2	250 2	292 2	293 2	0 0	0 0	0 0	0 0	0 0	0 0	0 0	0 0	0 0	0 0	0 0	0 0	0 0	0 0	0 0	0 0	0 0	0 0	0 0	0 0	0 0	0 0	0 0	0 0	
86 1	133 1	137 1	141 1	245 2	246 2	248 2	249 2	251 2	252 2	339 2	0 0	0 0	0 0	0 0	0 0	0 0	0 0	0 0	0 0	0 0	0 0	0 0	0 0	0 0	0 0	0 0	0 0	0 0	0 0	
87 1	100 1	104 1	108 1	245 2	248 2	251 2	305 2	0 0	0 0	0 0	0 0	0 0	0 0	0 0	0 0	0 0	0 0	0 0	0 0	0 0	0 0	0 0	0 0	0 0	0 0	0 0	0 0	0 0	0 0	
88 1	123 1	127 1	131 1	246 2	249 2	252 2	328 2	0 0	0 0	0 0	0 0	0 0	0 0	0 0	0 0	0 0	0 0	0 0	0 0	0 0	0 0	0 0	0 0	0 0	0 0	0 0	0 0	0 0	0 0	
37 1	39 1	40 1	41 1	43 1	44 1	45 1	47 1	48 1	109 1	111 1	112 1	244 2	245 2	246 2	0 0	0 0	0 0	0 0	0 0	0 0	0 0	0 0	0 0	0 0	0 0	0 0	0 0	0 0	0 0	
37 1	38 1	40 1	41 1	42 1	44 1	45 1	46 1	48 1	168 1	169 1	170 1	244 2	245 2	327 2	329 2	330 2	332 2	333 2	335 2	0 0	0 0	0 0	0 0	0 0	0 0	0 0	0 0	0 0	0 0	
37 1	38 1	39 1	41 1	42 1	43 1	45 1	46 1	47 1	145 1	146 1	148 1	244 2	246 2	303 2	304 2	306 2	307 2	309 2	310 2	0 0	0 0	0 0	0 0	0 0	0 0	0 0	0 0	0 0	0 0	
37 1	41 1	45 1	244 2	340 2	341 2	343 2	344 2	346 2	347 2	0 0	0 0	0 0	0 0	0 0	0 0	0 0	0 0	0 0	0 0	0 0	0 0	0 0	0 0	0 0	0 0	0 0	0 0	0 0	0 0	
38 1	42 1	46 1	133 1	245 2	246 2	291 2	294 2	297 2	0 0	0 0	0 0	0 0	0 0	0 0	0 0	0 0	0 0	0 0	0 0	0 0	0 0	0 0	0 0	0 0	0 0	0 0	0 0	0 0	0 0	
39 1	43 1	47 1	100 1	245 2	355 2	0 0	0 0	0 0	0 0	0 0	0 0	0 0	0 0	0 0	0 0	0 0	0 0	0 0	0 0	0 0	0 0	0 0	0 0	0 0	0 0	0 0	0 0	0 0	0 0	
40 1	44 1	48 1	123 1	246 2	280 2	283 2	286 2	0 0	0 0	0 0	0 0	0 0	0 0	0 0	0 0	0 0	0 0	0 0	0 0	0 0	0 0	0 0	0 0	0 0	0 0	0 0	0 0	0 0	0 0	
9 1	11 1	12 1	113 1	115 1	116 1	247 2	248 2	249 2	333 2	334 2	335 2	0 0	0 0	0 0	0 0	0 0	0 0	0 0	0 0	0 0	0 0	0 0	0 0	0 0	0 0	0 0	0 0	0 0	0 0	
9 1	10 1	12 1	172 1	173 1	174 1	247 2	248 2	297 2	299 2	0 0	0 0	0 0	0 0	0 0	0 0	0 0	0 0	0 0	0 0	0 0	0 0	0 0	0 0	0 0	0 0	0 0	0 0	0 0	0 0	
9 1	10 1	11 1	149 1	150 1	151 1	247 2	249 2	0 0	0 0	0 0	0 0	0 0	0 0	0 0	0 0	0 0	0 0	0 0	0 0	0 0	0 0	0 0	0 0	0 0	0 0	0 0	0 0	0 0	0 0	
9 1	247 2	310 2	311 2	0 0	0 0	0 0	0 0	0 0	0 0	0 0	0 0	0 0	0 0	0 0	0 0	0 0	0 0	0 0	0 0	0 0	0 0	0 0	0 0	0 0	0 0	0 0	0 0	0 0	0 0	
10 1	137 1	248 2	249 2	356 2	0 0	0 0	0 0	0 0	0 0	0 0	0 0	0 0	0 0	0 0	0 0	0 0	0 0	0 0	0 0	0 0	0 0	0 0	0 0	0 0	0 0	0 0	0 0	0 0	0 0	
11 1	104 1	248 2	323 2	0 0	0 0	0 0	0 0	0 0	0 0	0 0	0 0	0 0	0 0	0 0	0 0	0 0	0 0	0 0	0 0	0 0	0 0	0 0	0 0	0 0	0 0	0 0	0 0	0 0	0 0	
12 1	127 1	249 2	346 2	0 0	0 0	0 0	0 0	0 0	0 0	0 0	0 0	0 0	0 0	0 0	0 0	0 0	0 0	0 0	0 0	0 0	0 0	0 0	0 0	0 0	0 0	0 0	0 0	0 0	0 0	
29 1	31 1	32 1	117 1	119 1	120 1	250 2	251 2	252 2	353 2	354 2	355 2	0 0	0 0	0 0	0 0	0 0	0 0	0 0	0 0	0 0	0 0	0 0	0 0	0 0	0 0	0 0	0 0	0 0	0 0	
29 1	30 1	32 1	176 1	177 1	250 2	251 2	318 2	320 2	0 0	0 0	0 0	0 0	0 0	0 0	0 0	0 0	0 0	0 0	0 0	0 0	0 0	0 0	0 0	0 0	0 0	0 0	0 0	0 0	0 0	
29 1	30 1	31 1	152 1	153 1	155 1	250 2	252 2	294 2	295 2	0 0	0 0	0 0	0 0	0 0	0 0	0 0	0 0	0 0	0 0	0 0	0 0	0 0	0 0	0 0	0 0	0 0	0 0	0 0	0 0	
29 1	250 2	331 2	332 2	0 0	0 0	0 0	0 0	0 0	0 0	0 0	0 0	0 0	0 0	0 0	0 0	0 0	0 0	0 0	0 0	0 0	0 0	0 0	0 0	0 0	0 0	0 0	0 0	0 0	0 0	
30 1	141 1	251 2	252 2	282 2	0 0	0 0	0 0	0 0	0 0	0 0	0 0	0 0	0 0	0 0	0 0	0 0	0 0	0 0	0 0	0 0	0 0	0 0	0 0	0 0	0 0	0 0	0 0	0 0	0 0	
31 1	108 1	251 2	344 2	0 0	0 0	0 0	0 0	0 0	0 0	0 0	0 0	0 0	0 0	0 0	0 0	0 0	0 0	0 0	0 0	0 0	0 0	0 0	0 0	0 0	0 0	0 0	0 0	0 0	0 0	
32 1	131 1	252 2	0 0	0 0	0 0	0 0	0 0	0 0	0 0	0 0	0 0	0 0	0 0	0 0	0 0	0 0	0 0	0 0	0 0	0 0	0 0	0 0	0 0	0 0	0 0	0 0	0 0	0 0	0 0	
29 1	31 1	32 1	33 1	35 1	36 1	125 1	127 1	128 1	129 1	131 1	132 1	253 2	254 2	255 2	256 2	257 2	261 2	262 2	263 2	348 2	349 2	350 2	351 2	352 2	356 2	0 0	0 0	0 0	0 0	
29 1	30 1	32 1	33 1	34 1	36 1	180 1	253 2	254 2	256 2	257 2	261 2	262 2	312 2	314 2	315 2	317 2	321 2	323 2	0 0	0 0	0 0	0 0	0 0	0 0	0 0	0 0	0 0	0 0	0 0	
29 1	30 1	31 1	33 1	34 1	35 1	160 1	161 1	163 1	164 1	165 1	167 1	253 2	255 2	256 2	261 2	263 2	288 2	289 2	291 2	292 2	297 2	298 2	0 0	0 0	0 0	0 0	0 0	0 0	0 0	
29 1	33 1	102 1	106 1	253 2	256 2	261 2	325 2	326 2	328 2	329 2	334 2	335 2	0 0	0 0	0 0	0 0	0 0	0 0	0 0	0 0	0 0	0 0	0 0	0 0	0 0	0 0	0 0	0 0	0 0	
30 1	34 1	149 1	152 1	254 2	255 2	257 2	262 2	263 2	276 2	279 2	285 2	0 0	0 0	0 0	0 0	0 0	0 0	0 0	0 0	0 0	0 0	0 0	0 0	0 0	0 0	0 0	0 0	0 0	0 0	
31 1	35 1	116 1	120 1	254 2	257 2	262 2	338 2	341 2	347 2	0 0	0 0	0 0	0 0	0 0	0 0	0 0	0 0	0 0	0 0	0 0	0 0	0 0	0 0	0 0	0 0	0 0	0 0	0 0	0 0	
32 1	36 1	139 1	143 1	255 2	263 2	0 0	0 0	0 0	0 0	0 0	0 0	0 0	0 0	0 0	0 0	0 0	0 0	0 0	0 0	0 0	0 0	0 0	0 0	0 0	0 0	0 0	0 0	0 0	0 0	
85 1	87 1	88 1	89 1	91 1	92 1	121 1	123 1	124 1	129 1	131 1	132 1	253 2	254 2	255 2	258 2	259 2	260 2	261 2	262 2	263 2	312 2	313 2	314 2	0 0	0 0	0 0	0 0	0 0	0 0	
85 1	86 1	88 1	89 1	90 1	92 1	179 1	253 2	254 2	258 2	259 2	261 2	262 2	276 2	278 2	0 0	0 0	0 0	0 0	0 0	0 0	0 0	0 0	0 0	0 0	0 0	0 0	0 0	0 0	0 0	
85 1	86 1	87 1	89 1	90 1	91 1	156 1	157 1	159 1	164 1	165 1	167 1	253 2	255 2	258 2	260 2	261 2	263 2	348 2	349 2	0 0	0 0	0 0	0 0	0 0	0 0	0 0	0 0	0 0	0 0	
85 1	89 1	98 1	106 1	253 2	258 2	261 2	289 2	290 2	0 0	0 0	0 0	0 0	0 0	0 0	0 0	0 0	0 0	0 0	0 0	0 0	0 0	0 0	0 0	0 0	0 0	0 0	0 0	0 0	0 0	
86 1	90 1	145 1	152 1	254 2	255 2	259 2	260 2	262 2	263 2	336 2	0 0	0 0	0 0	0 0	0 0	0 0	0 0	0 0	0 0	0 0	0 0	0 0	0 0	0 0	0 0	0 0	0 0	0 0	0 0	
87 1	91 1	112 1	120 1	254 2	259 2	262 2	302 2	0 0	0 0	0 0	0 0	0 0	0 0	0 0	0 0	0 0	0 0	0 0	0 0	0 0	0 0	0 0	0 0	0 0	0 0	0 0	0 0	0 0	0 0	
88 1	92 1	135 1	143 1	255 2	260 2	263 2	325 2	0 0	0 0	0 0	0 0	0 0	0 0	0 0	0 0	0 0	0 0	0 0	0 0	0 0	0 0	0 0	0 0	0 0	0 0	0 0	0 0	0 0	0 0	
61 1	63 1	64 1	69 1	71 1	72 1	121 1	123 1	124 1	125 1	127 1	128 1	253 2	254 2	255 2	288 2	289 2	290 2	294 2	295 2	296 2	297 2	298 2	299 2	0 0	0 0	0 0	0 0	0 0	0 0	
61 1	62 1	64 1	69 1	70 1	72 1	179 1	180 1	253 2	254 2	348 2	350 2	353 2	355 2	356 2	0 0	0 0	0 0	0 0	0 0	0 0	0 0	0 0	0 0	0 0	0 0	0 0	0 0	0 0	0 0	
61 1	62 1	63 1	69 1	70 1	71 1	156 1	157 1	159 1	160 1	161 1	163 1	253 2	255 2	324 2	325 2	330 2	331 2	333 2	334 2	0 0	0 0	0 0	0 0	0 0	0 0	0 0	0 0	0 0	0 0	
61 1	69 1	98 1	102 1	253 2	0 0	0 0	0 0	0 0	0 0	0 0	0 0	0 0	0 0	0 0	0 0	0 0	0 0	0 0	0 0	0 0	0 0	0 0	0 0	0 0	0 0	0 0	0 0	0 0	0 0	
62 1	70 1	145 1	149 1	254 2	255 2	312 2	318 2	321 2	0 0	0 0	0 0	0 0	0 0	0 0	0 0	0 0	0 0	0 0	0 0	0 0	0 0	0 0	0 0	0 0	0 0	0 0	0 0	0 0	0 0	
63 1	71 1	112 1	116 1	254 2	278 2	284 2	287 2	0 0	0 0	0 0	0 0	0 0	0 0	0 0	0 0	0 0	0 0	0 0	0 0	0 0	0 0	0 0	0 0	0 0	0 0	0 0	0 0	0 0	0 0	
64 1	72 1	135 1	139 1	255 2	301 2	307 2	310 2	0 0	0 0	0 0	0 0	0 0	0 0	0 0	0 0	0 0	0 0	0 0	0 0	0 0	0 0	0 0	0 0	0 0	0 0	0 0	0 0	0 0	0 0	
1 1	3 1	4 1	121 1	123 1	124 1	125 1	127 1	128 1	129 1	131 1	132 1	256 2	257 2	258 2	259 2	260 2	261 2	262 2	263 2	327 2	328 2	329 2	0 0	0 0	0 0	0 0	0 0	0 0	0 0	
1 1	2 1	4 1	179 1	180 1	256 2	257 2	258 2	259 2	261 2	262 2	291 2	293 2	0 0	0 0	0 0	0 0	0 0	0 0	0 0	0 0	0 0	0 0	0 0	0 0	0 0	0 0	0 0	0 0	0 0	
1 1	2 1	3 1	156 1	157 1	159 1	160 1	161 1	163 1	164 1	165 1	167 1	256 2	258 2	260 2	261 2	263 2	0 0	0 0	0 0	0 0	0 0	0 0	0 0	0 0	0 0	0 0	0 0	0 0	0 0	
1 1	98 1	102 1	106 1	256 2	258 2	261 2	304 2	305 2	0 0	0 0	0 0	0 0	0 0	0 0	0 0	0 0	0 0	0 0	0 0	0 0	0 0	0 0	0 0	0 0	0 0	0 0	0 0	0 0	0 0	
2 1	145 1	149 1	152 1	257 2	259 2	260 2	262 2	263 2	351 2	0 0	0 0	0 0	0 0	0 0	0 0	0 0	0 0	0 0	0 0	0 0	0 0	0 0	0 0	0 0	0 0	0 0	0 0	0 0	0 0	
3 1	112 1	116 1	120 1	257 2	259 2	262 2	317 2	0 0	0 0	0 0	0 0	0 0	0 0	0 0	0 0	0 0	0 0	0 0	0 0	0 0	0 0	0 0	0 0	0 0	0 0	0 0	0 0	0 0	0 0	
4 1	135 1	139 1	143 1	260 2	263 2	340 2	0 0	0 0	0 0	0 0	0 0	0 0	0 0	0 0	0 0	0 0	0 0	0 0	0 0	0 0	0 0	0 0	0 0	0 0	0 0	0 0	0 0	0 0	0 0	
49 1	51 1	52 1	53 1	55 1	56 1	57 1	59 1	60 1	121 1	123 1	124 1	256 2	257 2	279 2	280 2	281 2	282 2	283 2	284 2	285 2	286 2	287 2	0 0	0 0	0 0	0 0	0 0	0 0	0 0	
49 1	50 1	52 1	53 1	54 1	56 1	57 1	58 1	60 1	179 1	256 2	257 2	339 2	341 2	342 2	344 2	345 2	347 2	0 0	0 0	0 0	0 0	0 0	0 0	0 0	0 0	0 0	0 0	0 0	0 0	
49 1	50 1	51 1	53 1	54 1	55 1	57 1	58 1	59 1	156 1	157 1	159 1	256 2	315 2	316 2	318 2	319 2	321 2	322 2	0 0	0 0	0 0	0 0	0 0	0 0	0 0	0 0	0 0	0 0	0 0	
49 1	53 1	57 1	98 1	256 2	352 2	354 2	355 2	0 0	0 0	0 0	0 0	0 0	0 0	0 0	0 0	0 0	0 0	0 0	0 0	0 0	0 0	0 0	0 0	0 0	0 0	0 0	0 0	0 0	0 0	
50 1	54 1	58 1	145 1	257 2	303 2	306 2	309 2	0 0	0 0	0 0	0 0	0 0	0 0	0 0	0 0	0 0	0 0	0 0	0 0	0 0	0 0	0 0	0 0	0 0	0 0	0 0	0 0	0 0	0 0	
51 1	55 1	59 1	112 1	257 2	0 0	0 0	0 0	0 0	0 0	0 0	0 0	0 0	0 0	0 0	0 0	0 0	0 0	0 0	0 0	0 0	0 0	0 0	0 0	0 0	0 0	0 0	0 0	0 0	0 0	
52 1	56 1	60 1	135 1	292 2	295 2	298 2	0 0	0 0	0 0	0 0	0 0	0 0	0 0	0 0	0 0	0 0	0 0	0 0	0 0	0 0	0 0	0 0	0 0	0 0	0 0	0 0	0 0	0 0	0 0	
21 1	23 1	24 1	125 1	127 1	128 1	258 2	259 2	260 2	345 2	346 2	347 2	0 0	0 0	0 0	0 0	0 0	0 0	0 0	0 0	0 0	0 0	0 0	0 0	0 0	0 0	0 0	0 0	0 0	0 0	
21 1	22 1	24 1	180 1	258 2	259 2	309 2	311 2	0 0	0 0	0 0	0 0	0 0	0 0	0 0	0 0	0 0	0 0	0 0	0 0	0 0	0 0	0 0	0 0	0 0	0 0	0 0	0 0	0 0	0 0	
21 1	22 1	23 1	160 1	161 1	163 1	258 2	260 2	285 2	286 2	0 0	0 0	0 0	0 0	0 0	0 0	0 0	0 0	0 0	0 0	0 0	0 0	0 0	0 0	0 0	0 0	0 0	0 0	0 0	0 0	
21 1	102 1	258 2	322 2	323 2	0 0	0 0	0 0	0 0	0 0	0 0	0 0	0 0	0 0	0 0	0 0	0 0	0 0	0 0	0 0	0 0	0 0	0 0	0 0	0 0	0 0	0 0	0 0	0 0	0 0	
22 1	149 1	259 2	260 2	0 0	0 0	0 0	0 0	0 0	0 0	0 0	0 0	0 0	0 0	0 0	0 0	0 0	0 0	0 0	0 0	0 0	0 0	0 0	0 0	0 0	0 0	0 0	0 0	0 0	0 0	
23 1	116 1	259 2	335 2	0 0	0 0	0 0	0 0	0 0	0 0	0 0	0 0	0 0	0 0	0 0	0 0	0 0	0 0	0 0	0 0	0 0	0 0	0 0	0 0	0 0	0 0	0 0	0 0	0 0	0 0	
24 1	139 1	260 2	0 0	0 0	0 0	0 0	0 0	0 0	0 0	0 0	0 0	0 0	0 0	0 0	0 0	0 0	0 0	0 0	0 0	0 0	0 0	0 0	0 0	0 0	0 0	0 0	0 0	0 0	0 0	
41 1	43 1	44 1	129 1	131 1	132 1	261 2	262 2	263 2	0 0	0 0	0 0	0 0	0 0	0 0	0 0	0 0	0 0	0 0	0 0	0 0	0 0	0 0	0 0	0 0	0 0	0 0	0 0	0 0	0 0	
41 1	42 1	44 1	261 2	262 2	330 2	332 2	0 0	0 0	0 0	0 0	0 0	0 0	0 0	0 0	0 0	0 0	0 0	0 0	0 0	0 0	0 0	0 0	0 0	0 0	0 0	0 0	0 0	0 0	0 0	
41 1	42 1	43 1	164 1	165 1	167 1	261 2	263 2	306 2	307 2	0 0	0 0	0 0	0 0	0 0	0 0	0 0	0 0	0 0	0 0	0 0	0 0	0 0	0 0	0 0	0 0	0 0	0 0	0 0	0 0	
41 1	106 1	261 2	343 2	344 2	0 0	0 0	0 0	0 0	0 0	0 0	0 0	0 0	0 0	0 0	0 0	0 0	0 0	0 0	0 0	0 0	0 0	0 0	0 0	0 0	0 0	0 0	0 0	0 0	0 0	
42 1	152 1	262 2	263 2	294 2	0 0	0 0	0 0	0 0	0 0	0 0	0 0	0 0	0 0	0 0	0 0	0 0	0 0	0 0	0 0	0 0	0 0	0 0	0 0	0 0	0 0	0 0	0 0	0 0	0 0	
43 1	120 1	262 2	355 2	0 0	0 0	0 0	0 0	0 0	0 0	0 0	0 0	0 0	0 0	0 0	0 0	0 0	0 0	0 0	0 0	0 0	0 0	0 0	0 0	0 0	0 0	0 0	0 0	0 0	0 0	
44 1	143 1	263 2	283 2	0 0	0 0	0 0	0 0	0 0	0 0	0 0	0 0	0 0	0 0	0 0	0 0	0 0	0 0	0 0	0 0	0 0	0 0	0 0	0 0	0 0	0 0	0 0	0 0	0 0	0 0	
41 1	43 1	44 1	45 1	47 1	48 1	137 1	139 1	140 1	141 1	143 1	144 1	264 2	265 2	266 2	267 2	268 2	269 2	273 2	274 2	275 2	0 0	0 0	0 0	0 0	0 0	0 0	0 0	0 0	0 0	
41 1	42 1	44 1	45 1	46 1	48 1	101 1	102 1	103 1	105 1	106 1	107 1	264 2	265 2	267 2	268 2	273 2	274 2	324 2	326 2	327 2	329 2	333 2	335 2	0 0	0 0	0 0	0 0	0 0	0 0	
41 1	42 1	43 1	45 1	46 1	47 1	172 1	173 1	175 1	176 1	178 1	264 2	266 2	267 2	269 2	273 2	275 2	300 2	301 2	303 2	304 2	309 2	310 2	0 0	0 0	0 0	0 0	0 0	0 0	0 0	
41 1	45 1	114 1	118 1	264 2	267 2	273 2	337 2	338 2	340 2	341 2	346 2	347 2	0 0	0 0	0 0	0 0	0 0	0 0	0 0	0 0	0 0	0 0	0 0	0 0	0 0	0 0	0 0	0 0	0 0	
42 1	46 1	160 1	164 1	265 2	266 2	268 2	269 2	274 2	275 2	288 2	291 2	297 2	0 0	0 0	0 0	0 0	0 0	0 0	0 0	0 0	0 0	0 0	0 0	0 0	0 0	0 0	0 0	0 0	0 0	
43 1	47 1	128 1	132 1	265 2	268 2	274 2	350 2	0 0	0 0	0 0	0 0	0 0	0 0	0 0	0 0	0 0	0 0	0 0	0 0	0 0	0 0	0 0	0 0	0 0	0 0	0 0	0 0	0 0	0 0	
44 1	48 1	154 1	266 2	269 2	275 2	277 2	280 2	286 2	0 0	0 0	0 0	0 0	0 0	0 0	0 0	0 0	0 0	0 0	0 0	0 0	0 0	0 0	0 0	0 0	0 0	0 0	0 0	0 0	0 0	
1 1	3 1	4 1	5 1	7 1	8 1	133 1	135 1	136 1	141 1	143 1	144 1	264 2	265 2	266 2	270 2	271 2	272 2	273 2	274 2	275 2	324 2	325 2	326 2	0 0	0 0	0 0	0 0	0 0	0 0	
1 1	2 1	4 1	5 1	6 1	8 1	97 1	98 1	99 1	105 1	106 1	107 1	264 2	265 2	270 2	271 2	273 2	274 2	288 2	290 2	0 0	0 0	0 0	0 0	0 0	0 0	0 0	0 0	0 0	0 0	
1 1	2 1	3 1	5 1	6 1	7 1	168 1	169 1	171 1	176 1	178 1	264 2	266 2	270 2	272 2	273 2	275 2	0 0	0 0	0 0	0 0	0 0	0 0	0 0	0 0	0 0	0 0	0 0	0 0	0 0	
1 1	5 1	110 1	118 1	264 2	270 2	273 2	301 2	302 2	0 0	0 0	0 0	0 0	0 0	0 0	0 0	0 0	0 0	0 0	0 0	0 0	0 0	0 0	0 0	0 0	0 0	0 0	0 0	0 0	0 0	
2 1	6 1	156 1	164 1	265 2	266 2	271 2	272 2	274 2	275 2	348 2	0 0	0 0	0 0	0 0	0 0	0 0	0 0	0 0	0 0	0 0	0 0	0 0	0 0	0 0	0 0	0 0	0 0	0 0	0 0	
3 1	7 1	124 1	132 1	265 2	271 2	274 2	314 2	0 0	0 0	0 0	0 0	0 0	0 0	0 0	0 0	0 0	0 0	0 0	0 0	0 0	0 0	0 0	0 0	0 0	0 0	0 0	0 0	0 0	0 0	
4 1	8 1	147 1	154 1	266 2	272 2	275 2	337 2	0 0	0 0	0 0	0 0	0 0	0 0	0 0	0 0	0 0	0 0	0 0	0 0	0 0	0 0	0 0	0 0	0 0	0 0	0 0	0 0	0 0	0 0	
73 1	75 1	76 1	81 1	83 1	84 1	133 1	135 1	136 1	137 1	139 1	140 1	264 2	265 2	266 2	300 2	301 2	302 2	306 2	307 2	308 2	309 2	310 2	311 2	0 0	0 0	0 0	0 0	0 0	0 0	
73 1	74 1	76 1	81 1	82 1	84 1	97 1	98 1	99 1	101 1	102 1	103 1	264 2	265 2	0 0	0 0	0 0	0 0	0 0	0 0	0 0	0 0	0 0	0 0	0 0	0 0	0 0	0 0	0 0	0 0	
73 1	74 1	75 1	81 1	82 1	83 1	168 1	169 1	171 1	172 1	173 1	175 1	264 2	266 2	336 2	337 2	342 2	343 2	345 2	346 2	0 0	0 0	0 0	0 0	0 0	0 0	0 0	0 0	0 0	0 0	
73 1	81 1	110 1	114 1	264 2	277 2	278 2	283 2	284 2	286 2	287 2	0 0	0 0	0 0	0 0	0 0	0 0	0 0	0 0	0 0	0 0	0 0	0 0	0 0	0 0	0 0	0 0	0 0	0 0	0 0	
74 1	82 1	156 1	160 1	265 2	266 2	324 2	330 2	333 2	0 0	0 0	0 0	0 0	0 0	0 0	0 0	0 0	0 0	0 0	0 0	0 0	0 0	0 0	0 0	0 0	0 0	0 0	0 0	0 0	0 0	
75 1	83 1	124 1	128 1	265 2	290 2	296 2	299 2	0 0	0 0	0 0	0 0	0 0	0 0	0 0	0 0	0 0	0 0	0 0	0 0	0 0	0 0	0 0	0 0	0 0	0 0	0 0	0 0	0 0	0 0	
76 1	84 1	147 1	266 2	313 2	319 2	322 2	0 0	0 0	0 0	0 0	0 0	0 0	0 0	0 0	0 0	0 0	0 0	0 0	0 0	0 0	0 0	0 0	0 0	0 0	0 0	0 0	0 0	0 0	0 0	
13 1	15 1	16 1	133 1	135 1	136 1	137 1	139 1	140 1	141 1	143 1	144 1	267 2	268 2	269 2	270 2	271 2	272 2	273 2	274 2	275 2	339 2	340 2	341 2	0 0	0 0	0 0	0 0	0 0	0 0	
13 1	14 1	16 1	97 1	98 1	99 1	101 1	102 1	103 1	105 1	106 1	107 1	267 2	268 2	270 2	271 2	273 2	274 2	303 2	305 2	0 0	0 0	0 0	0 0	0 0	0 0	0 0	0 0	0 0	0 0	
13 1	14 1	15 1	168 1	169 1	171 1	172 1	173 1	175 1	176 1	178 1	267 2	269 2	270 2	272 2	273 2	275 2	279 2	280 2	0 0	0 0	0 0	0 0	0 0	0 0	0 0	0 0	0 0	0 0	0 0	
13 1	110 1	114 1	118 1	267 2	270 2	273 2	316 2	317 2	0 0	0 0	0 0	0 0	0 0	0 0	0 0	0 0	0 0	0 0	0 0	0 0	0 0	0 0	0 0	0 0	0 0	0 0	0 0	0 0	0 0	
14 1	156 1	160 1	164 1	268 2	269 2	271 2	272 2	274 2	275 2	0 0	0 0	0 0	0 0	0 0	0 0	0 0	0 0	0 0	0 0	0 0	0 0	0 0	0 0	0 0	0 0	0 0	0 0	0 0	0 0	
15 1	124 1	128 1	132 1	268 2	271 2	274 2	329 2	0 0	0 0	0 0	0 0	0 0	0 0	0 0	0 0	0 0	0 0	0 0	0 0	0 0	0 0	0 0	0 0	0 0	0 0	0 0	0 0	0 0	0 0	
16 1	147 1	154 1	269 2	272 2	275 2	352 2	0 0	0 0	0 0	0 0	0 0	0 0	0 0	0 0	0 0	0 0	0 0	0 0	0 0	0 0	0 0	0 0	0 0	0 0	0 0	0 0	0 0	0 0	0 0	
61 1	63 1	64 1	65 1	67 1	68 1	69 1	71 1	72 1	133 1	135 1	136 1	267 2	268 2	269 2	291 2	292 2	293 2	294 2	295 2	296 2	297 2	298 2	299 2	0 0	0 0	0 0	0 0	0 0	0 0	
61 1	62 1	64 1	65 1	66 1	68 1	69 1	70 1	72 1	97 1	98 1	99 1	267 2	268 2	351 2	353 2	355 2	356 2	0 0	0 0	0 0	0 0	0 0	0 0	0 0	0 0	0 0	0 0	0 0	0 0	
61 1	62 1	63 1	65 1	66 1	67 1	69 1	70 1	71 1	168 1	169 1	171 1	267 2	269 2	327 2	328 2	330 2	331 2	333 2	334 2	0 0	0 0	0 0	0 0	0 0	0 0	0 0	0 0	0 0	0 0	
61 1	65 1	69 1	110 1	267 2	0 0	0 0	0 0	0 0	0 0	0 0	0 0	0 0	0 0	0 0	0 0	0 0	0 0	0 0	0 0	0 0	0 0	0 0	0 0	0 0	0 0	0 0	0 0	0 0	0 0	
62 1	66 1	70 1	156 1	268 2	269 2	315 2	318 2	321 2	0 0	0 0	0 0	0 0	0 0	0 0	0 0	0 0	0 0	0 0	0 0	0 0	0 0	0 0	0 0	0 0	0 0	0 0	0 0	0 0	0 0	
63 1	67 1	71 1	124 1	268 2	281 2	284 2	287 2	0 0	0 0	0 0	0 0	0 0	0 0	0 0	0 0	0 0	0 0	0 0	0 0	0 0	0 0	0 0	0 0	0 0	0 0	0 0	0 0	0 0	0 0	
64 1	68 1	72 1	147 1	269 2	304 2	307 2	310 2	0 0	0 0	0 0	0 0	0 0	0 0	0 0	0 0	0 0	0 0	0 0	0 0	0 0	0 0	0 0	0 0	0 0	0 0	0 0	0 0	0 0	0 0	
33 1	35 1	36 1	137 1	139 1	140 1	270 2	271 2	272 2	356 2	0 0	0 0	0 0	0 0	0 0	0 0	0 0	0 0	0 0	0 0	0 0	0 0	0 0	0 0	0 0	0 0	0 0	0 0	0 0	0 0	
33 1	34 1	36 1	101 1	102 1	103 1	270 2	271 2	321 2	323 2	0 0	0 0	0 0	0 0	0 0	0 0	0 0	0 0	0 0	0 0	0 0	0 0	0 0	0 0	0 0	0 0	0 0	0 0	0 0	0 0	
33 1	34 1	35 1	172 1	173 1	175 1	270 2	272 2	297 2	298 2	0 0	0 0	0 0	0 0	0 0	0 0	0 0	0 0	0 0	0 0	0 0	0 0	0 0	0 0	0 0	0 0	0 0	0 0	0 0	0 0	
33 1	114 1	270 2	334 2	335 2	0 0	0 0	0 0	0 0	0 0	0 0	0 0	0 0	0 0	0 0	0 0	0 0	0 0	0 0	0 0	0 0	0 0	0 0	0 0	0 0	0 0	0 0	0 0	0 0	0 0	
34 1	160 1	271 2	272 2	285 2	0 0	0 0	0 0	0 0	0 0	0 0	0 0	0 0	0 0	0 0	0 0	0 0	0 0	0 0	0 0	0 0	0 0	0 0	0 0	0 0	0 0	0 0	0 0	0 0	0 0	
35 1	128 1	271 2	347 2	0 0	0 0	0 0	0 0	0 0	0 0	0 0	0 0	0 0	0 0	0 0	0 0	0 0	0 0	0 0	0 0	0 0	0 0	0 0	0 0	0 0	0 0	0 0	0 0	0 0	0 0	
36 1	272 2	0 0	0 0	0 0	0 0	0 0	0 0	0 0	0 0	0 0	0 0	0 0	0 0	0 0	0 0	0 0	0 0	0 0	0 0	0 0	0 0	0 0	0 0	0 0	0 0	0 0	0 0	0 0	0 0	
53 1	55 1	56 1	141 1	143 1	144 1	273 2	274 2	275 2	282 2	283 2	284 2	0 0	0 0	0 0	0 0	0 0	0 0	0 0	0 0	0 0	0 0	0 0	0 0	0 0	0 0	0 0	0 0	0 0	0 0	
53 1	54 1	56 1	105 1	106 1	107 1	273 2	274 2	342 2	344 2	0 0	0 0	0 0	0 0	0 0	0 0	0 0	0 0	0 0	0 0	0 0	0 0	0 0	0 0	0 0	0 0	0 0	0 0	0 0	0 0	
53 1	54 1	55 1	176 1	178 1	273 2	275 2	318 2	319 2	0 0	0 0	0 0	0 0	0 0	0 0	0 0	0 0	0 0	0 0	0 0	0 0	0 0	0 0	0 0	0 0	0 0	0 0	0 0	0 0	0 0	
53 1	118 1	273 2	354 2	355 2	0 0	0 0	0 0	0 0	0 0	0 0	0 0	0 0	0 0	0 0	0 0	0 0	0 0	0 0	0 0	0 0	0 0	0 0	0 0	0 0	0 0	0 0	0 0	0 0	0 0	
54 1	164 1	274 2	275 2	306 2	0 0	0 0	0 0	0 0	0 0	0 0	0 0	0 0	0 0	0 0	0 0	0 0	0 0	0 0	0 0	0 0	0 0	0 0	0 0	0 0	0 0	0 0	0 0	0 0	0 0	
55 1	132 1	274 2	0 0	0 0	0 0	0 0	0 0	0 0	0 0	0 0	0 0	0 0	0 0	0 0	0 0	0 0	0 0	0 0	0 0	0 0	0 0	0 0	0 0	0 0	0 0	0 0	0 0	0 0	0 0	
56 1	154 1	275 2	295 2	0 0	0 0	0 0	0 0	0 0	0 0	0 0	0 0	0 0	0 0	0 0	0 0	0 0	0 0	0 0	0 0	0 0	0 0	0 0	0 0	0 0	0 0	0 0	0 0	0 0	0 0	
64 1	65 1	66 1	67 1	127 1	128 1	129 1	130 1	316 1	317 1	318 1	319 1	351 1	352 1	353 1	354 1	
65 1	66 1	68 1	128 1	129 1	131 1	317 1	318 1	320 1	352 1	353 1	355 1	0 0	0 0	0 0	0 0	
64 1	66 1	69 1	127 1	129 1	132 1	316 1	318 1	321 1	351 1	353 1	356 1	0 0	0 0	0 0	0 0	
64 1	65 1	70 1	127 1	128 1	133 1	316 1	317 1	322 1	351 1	352 1	357 1	0 0	0 0	0 0	0 0	
127 1	128 1	129 1	130 1	190 1	191 1	192 1	193 1	197 1	198 1	199 1	200 1	351 1	352 1	353 1	354 1	
128 1	129 1	131 1	191 1	192 1	194 1	198 1	199 1	201 1	352 1	353 1	355 1	0 0	0 0	0 0	0 0	
127 1	129 1	132 1	190 1	192 1	195 1	197 1	199 1	202 1	351 1	353 1	356 1	0 0	0 0	0 0	0 0	
127 1	128 1	133 1	190 1	191 1	196 1	197 1	198 1	203 1	351 1	352 1	357 1	0 0	0 0	0 0	0 0	
64 1	65 1	66 1	67 1	127 1	128 1	129 1	130 1	197 1	198 1	199 1	200 1	281 1	282 1	283 1	284 1	
65 1	66 1	68 1	128 1	129 1	131 1	198 1	199 1	201 1	282 1	283 1	285 1	0 0	0 0	0 0	0 0	
64 1	66 1	69 1	127 1	129 1	132 1	197 1	199 1	202 1	281 1	283 1	286 1	0 0	0 0	0 0	0 0	
64 1	65 1	70 1	127 1	128 1	133 1	197 1	198 1	203 1	281 1	282 1	287 1	0 0	0 0	0 0	0 0	
8 1	9 1	10 1	11 1	113 1	114 1	115 1	116 1	176 1	177 1	178 1	179 1	365 1	366 1	367 1	368 1	
9 1	10 1	12 1	114 1	115 1	117 1	177 1	178 1	180 1	366 1	367 1	369 1	0 0	0 0	0 0	0 0	
8 1	10 1	13 1	113 1	115 1	118 1	176 1	178 1	181 1	365 1	367 1	370 1	0 0	0 0	0 0	0 0	
8 1	9 1	14 1	113 1	114 1	119 1	176 1	177 1	182 1	365 1	366 1	371 1	0 0	0 0	0 0	0 0	
8 1	9 1	10 1	11 1	176 1	177 1	178 1	179 1	239 1	240 1	241 1	242 1	246 1	247 1	248 1	249 1	
9 1	10 1	12 1	177 1	178 1	180 1	240 1	241 1	243 1	247 1	248 1	250 1	0 0	0 0	0 0	0 0	
8 1	10 1	13 1	176 1	178 1	181 1	239 1	241 1	244 1	246 1	248 1	251 1	0 0	0 0	0 0	0 0	
8 1	9 1	14 1	176 1	177 1	182 1	239 1	240 1	245 1	246 1	247 1	252 1	0 0	0 0	0 0	0 0	
113 1	114 1	115 1	116 1	176 1	177 1	178 1	179 1	246 1	247 1	248 1	249 1	330 1	331 1	332 1	333 1	
114 1	115 1	117 1	177 1	178 1	180 1	247 1	248 1	250 1	331 1	332 1	334 1	0 0	0 0	0 0	0 0	
113 1	115 1	118 1	176 1	178 1	181 1	246 1	248 1	251 1	330 1	332 1	335 1	0 0	0 0	0 0	0 0	
113 1	114 1	119 1	176 1	177 1	182 1	246 1	247 1	252 1	330 1	331 1	336 1	0 0	0 0	0 0	0 0	
22 1	23 1	24 1	25 1	57 1	58 1	59 1	60 1	162 1	163 1	164 1	165 1	225 1	226 1	227 1	228 1	
23 1	24 1	26 1	58 1	59 1	61 1	163 1	164 1	166 1	226 1	227 1	229 1	0 0	0 0	0 0	0 0	
22 1	24 1	27 1	57 1	59 1	62 1	162 1	164 1	167 1	225 1	227 1	230 1	0 0	0 0	0 0	0 0	
22 1	23 1	28 1	57 1	58 1	63 1	162 1	163 1	168 1	225 1	226 1	231 1	0 0	0 0	0 0	0 0	
57 1	58 1	59 1	60 1	225 1	226 1	227 1	228 1	288 1	289 1	290 1	291 1	295 1	296 1	297 1	298 1	
58 1	59 1	61 1	226 1	227 1	229 1	289 1	290 1	292 1	296 1	297 1	299 1	0 0	0 0	0 0	0 0	
57 1	59 1	62 1	225 1	227 1	230 1	288 1	290 1	293 1	295 1	297 1	300 1	0 0	0 0	0 0	0 0	
57 1	58 1	63 1	225 1	226 1	231 1	288 1	289 1	294 1	295 1	296 1	301 1	0 0	0 0	0 0	0 0	
162 1	163 1	164 1	165 1	225 1	226 1	227 1	228 1	295 1	296 1	297 1	298 1	379 1	380 1	381 1	382 1	
163 1	164 1	166 1	226 1	227 1	229 1	296 1	297 1	299 1	380 1	381 1	383 1	0 0	0 0	0 0	0 0	
162 1	164 1	167 1	225 1	227 1	230 1	295 1	297 1	300 1	379 1	381 1	384 1	0 0	0 0	0 0	0 0	
162 1	163 1	168 1	225 1	226 1	231 1	295 1	296 1	301 1	379 1	380 1	385 1	0 0	0 0	0 0	0 0	
71 1	72 1	73 1	74 1	106 1	107 1	108 1	109 1	211 1	212 1	213 1	214 1	274 1	275 1	276 1	277 1	
72 1	73 1	75 1	107 1	108 1	110 1	212 1	213 1	215 1	275 1	276 1	278 1	0 0	0 0	0 0	0 0	
71 1	73 1	76 1	106 1	108 1	111 1	211 1	213 1	216 1	274 1	276 1	279 1	0 0	0 0	0 0	0 0	
71 1	72 1	77 1	106 1	107 1	112 1	211 1	212 1	217 1	274 1	275 1	280 1	0 0	0 0	0 0	0 0	
106 1	107 1	108 1	109 1	274 1	275 1	276 1	277 1	337 1	338 1	339 1	340 1	344 1	345 1	346 1	347 1	
107 1	108 1	110 1	275 1	276 1	278 1	338 1	339 1	341 1	345 1	346 1	348 1	0 0	0 0	0 0	0 0	
106 1	108 1	111 1	274 1	276 1	279 1	337 1	339 1	342 1	344 1	346 1	349 1	0 0	0 0	0 0	0 0	
106 1	107 1	112 1	274 1	275 1	280 1	337 1	338 1	343 1	344 1	345 1	350 1	0 0	0 0	0 0	0 0	
36 1	37 1	38 1	39 1	211 1	212 1	213 1	214 1	274 1	275 1	276 1	277 1	344 1	345 1	346 1	347 1	
37 1	38 1	40 1	212 1	213 1	215 1	275 1	276 1	278 1	345 1	346 1	348 1	0 0	0 0	0 0	0 0	
36 1	38 1	41 1	211 1	213 1	216 1	274 1	276 1	279 1	344 1	346 1	349 1	0 0	0 0	0 0	0 0	
36 1	37 1	42 1	211 1	212 1	217 1	274 1	275 1	280 1	344 1	345 1	350 1	0 0	0 0	0 0	0 0	
120 1	121 1	122 1	123 1	155 1	156 1	157 1	158 1	260 1	261 1	262 1	263 1	323 1	324 1	325 1	326 1	
121 1	122 1	124 1	156 1	157 1	159 1	261 1	262 1	264 1	324 1	325 1	327 1	0 0	0 0	0 0	0 0	
120 1	122 1	125 1	155 1	157 1	160 1	260 1	262 1	265 1	323 1	325 1	328 1	0 0	0 0	0 0	0 0	
120 1	121 1	126 1	155 1	156 1	161 1	260 1	261 1	266 1	323 1	324 1	329 1	0 0	0 0	0 0	0 0	
1 1	2 1	3 1	4 1	155 1	156 1	157 1	158 1	323 1	324 1	325 1	326 1	386 1	387 1	388 1	389 1	
2 1	3 1	5 1	156 1	157 1	159 1	324 1	325 1	327 1	387 1	388 1	390 1	0 0	0 0	0 0	0 0	
1 1	3 1	6 1	155 1	157 1	160 1	323 1	325 1	328 1	386 1	388 1	391 1	0 0	0 0	0 0	0 0	
1 1	2 1	7 1	155 1	156 1	161 1	323 1	324 1	329 1	386 1	387 1	392 1	0 0	0 0	0 0	0 0	
1 1	2 1	3 1	4 1	85 1	86 1	87 1	88 1	260 1	261 1	262 1	263 1	323 1	324 1	325 1	326 1	
2 1	3 1	5 1	86 1	87 1	89 1	261 1	262 1	264 1	324 1	325 1	327 1	0 0	0 0	0 0	0 0	
1 1	3 1	6 1	85 1	87 1	90 1	260 1	262 1	265 1	323 1	325 1	328 1	0 0	0 0	0 0	0 0	
1 1	2 1	7 1	85 1	86 1	91 1	260 1	261 1	266 1	323 1	324 1	329 1	0 0	0 0	0 0	0 0	
169 1	170 1	171 1	172 1	204 1	205 1	206 1	207 1	309 1	310 1	311 1	312 1	372 1	373 1	374 1	375 1	
170 1	171 1	173 1	205 1	206 1	208 1	310 1	311 1	313 1	373 1	374 1	376 1	0 0	0 0	0 0	0 0	
169 1	171 1	174 1	204 1	206 1	209 1	309 1	311 1	314 1	372 1	374 1	377 1	0 0	0 0	0 0	0 0	
169 1	170 1	175 1	204 1	205 1	210 1	309 1	310 1	315 1	372 1	373 1	378 1	0 0	0 0	0 0	0 0	
43 1	44 1	45 1	46 1	50 1	51 1	52 1	53 1	204 1	205 1	206 1	207 1	372 1	373 1	374 1	375 1	
44 1	45 1	47 1	51 1	52 1	54 1	205 1	206 1	208 1	373 1	374 1	376 1	0 0	0 0	0 0	0 0	
43 1	45 1	48 1	50 1	52 1	55 1	204 1	206 1	209 1	372 1	374 1	377 1	0 0	0 0	0 0	0 0	
43 1	44 1	49 1	50 1	51 1	56 1	204 1	205 1	210 1	372 1	373 1	378 1	0 0	0 0	0 0	0 0	
50 1	51 1	52 1	53 1	134 1	135 1	136 1	137 1	309 1	310 1	311 1	312 1	372 1	373 1	374 1	375 1	
51 1	52 1	54 1	135 1	136 1	138 1	310 1	311 1	313 1	373 1	374 1	376 1	0 0	0 0	0 0	0 0	
50 1	52 1	55 1	134 1	136 1	139 1	309 1	311 1	314 1	372 1	374 1	377 1	0 0	0 0	0 0	0 0	
50 1	51 1	56 1	134 1	135 1	140 1	309 1	310 1	315 1	372 1	373 1	378 1	0 0	0 0	0 0	0 0	
29 1	30 1	31 1	32 1	218 1	219 1	220 1	221 1	253 1	254 1	255 1	256 1	358 1	359 1	360 1	361 1	
30 1	31 1	33 1	219 1	220 1	222 1	254 1	255 1	257 1	359 1	360 1	362 1	0 0	0 0	0 0	0 0	
29 1	31 1	34 1	218 1	220 1	223 1	253 1	255 1	258 1	358 1	360 1	363 1	0 0	0 0	0 0	0 0	
29 1	30 1	35 1	218 1	219 1	224 1	253 1	254 1	259 1	358 1	359 1	364 1	0 0	0 0	0 0	0 0	
29 1	30 1	31 1	32 1	92 1	93 1	94 1	95 1	99 1	100 1	101 1	102 1	253 1	254 1	255 1	256 1	
30 1	31 1	33 1	93 1	94 1	96 1	100 1	101 1	103 1	254 1	255 1	257 1	0 0	0 0	0 0	0 0	
29 1	31 1	34 1	92 1	94 1	97 1	99 1	101 1	104 1	253 1	255 1	258 1	0 0	0 0	0 0	0 0	
29 1	30 1	35 1	92 1	93 1	98 1	99 1	100 1	105 1	253 1	254 1	259 1	0 0	0 0	0 0	0 0	
29 1	30 1	31 1	32 1	99 1	100 1	101 1	102 1	183 1	184 1	185 1	186 1	358 1	359 1	360 1	361 1	
30 1	31 1	33 1	100 1	101 1	103 1	184 1	185 1	187 1	359 1	360 1	362 1	0 0	0 0	0 0	0 0	
29 1	31 1	34 1	99 1	101 1	104 1	183 1	185 1	188 1	358 1	360 1	363 1	0 0	0 0	0 0	0 0	
29 1	30 1	35 1	99 1	100 1	105 1	183 1	184 1	189 1	358 1	359 1	364 1	0 0	0 0	0 0	0 0	
15 1	16 1	17 1	18 1	78 1	79 1	80 1	81 1	267 1	268 1	269 1	270 1	302 1	303 1	304 1	305 1	
16 1	17 1	19 1	79 1	80 1	82 1	268 1	269 1	271 1	303 1	304 1	306 1	0 0	0 0	0 0	0 0	
15 1	17 1	20 1	78 1	80 1	83 1	267 1	269 1	272 1	302 1	304 1	307 1	0 0	0 0	0 0	0 0	
15 1	16 1	21 1	78 1	79 1	84 1	267 1	268 1	273 1	302 1	303 1	308 1	0 0	0 0	0 0	0 0	
78 1	79 1	80 1	81 1	141 1	142 1	143 1	144 1	148 1	149 1	150 1	151 1	302 1	303 1	304 1	305 1	
79 1	80 1	82 1	142 1	143 1	145 1	149 1	150 1	152 1	303 1	304 1	306 1	0 0	0 0	0 0	0 0	
78 1	80 1	83 1	141 1	143 1	146 1	148 1	150 1	153 1	302 1	304 1	307 1	0 0	0 0	0 0	0 0	
78 1	79 1	84 1	141 1	142 1	147 1	148 1	149 1	154 1	302 1	303 1	308 1	0 0	0 0	0 0	0 0	
15 1	16 1	17 1	18 1	78 1	79 1	80 1	81 1	148 1	149 1	150 1	151 1	232 1	233 1	234 1	235 1	
16 1	17 1	19 1	79 1	80 1	82 1	149 1	150 1	152 1	233 1	234 1	236 1	0 0	0 0	0 0	0 0	
15 1	17 1	20 1	78 1	80 1	83 1	148 1	150 1	153 1	232 1	234 1	237 1	0 0	0 0	0 0	0 0	
15 1	16 1	21 1	78 1	79 1	84 1	148 1	149 1	154 1	232 1	233 1	238 1	0 0	0 0	0 0	0 0	
59 1	66 1	73 1	80 1	110 1	117 1	124 1	131 1	204 1	211 1	218 1	225 1	352 1	359 1	366 1	373 1	
59 1	66 1	73 1	80 1	305 1	312 1	319 1	326 1	352 1	359 1	366 1	373 1	0 0	0 0	0 0	0 0	
161 1	168 1	175 1	182 1	204 1	211 1	218 1	225 1	352 1	359 1	366 1	373 1	0 0	0 0	0 0	0 0	
59 1	66 1	73 1	80 1	204 1	211 1	218 1	225 1	258 1	265 1	272 1	279 1	0 0	0 0	0 0	0 0	
52 1	66 1	73 1	87 1	103 1	117 1	124 1	138 1	197 1	211 1	218 1	232 1	345 1	359 1	366 1	380 1	
52 1	66 1	73 1	87 1	298 1	312 1	319 1	333 1	345 1	359 1	366 1	380 1	0 0	0 0	0 0	0 0	
154 1	168 1	175 1	189 1	197 1	211 1	218 1	232 1	345 1	359 1	366 1	380 1	0 0	0 0	0 0	0 0	
52 1	66 1	73 1	87 1	197 1	211 1	218 1	232 1	251 1	265 1	272 1	286 1	0 0	0 0	0 0	0 0	
52 1	59 1	73 1	94 1	103 1	110 1	124 1	145 1	197 1	204 1	218 1	239 1	345 1	352 1	366 1	387 1	
52 1	59 1	73 1	94 1	298 1	305 1	319 1	340 1	345 1	352 1	366 1	387 1	0 0	0 0	0 0	0 0	
154 1	161 1	175 1	196 1	197 1	204 1	218 1	239 1	345 1	352 1	366 1	387 1	0 0	0 0	0 0	0 0	
52 1	59 1	73 1	94 1	197 1	204 1	218 1	239 1	251 1	258 1	272 1	293 1	0 0	0 0	0 0	0 0	
9 1	16 1	23 1	30 1	108 1	115 1	122 1	129 1	159 1	166 1	173 1	180 1	253 1	260 1	267 1	274 1	
9 1	16 1	23 1	30 1	108 1	115 1	122 1	129 1	354 1	361 1	368 1	375 1	0 0	0 0	0 0	0 0	
9 1	16 1	23 1	30 1	210 1	217 1	224 1	231 1	253 1	260 1	267 1	274 1	0 0	0 0	0 0	0 0	
108 1	115 1	122 1	129 1	253 1	260 1	267 1	274 1	307 1	314 1	321 1	328 1	0 0	0 0	0 0	0 0	
2 1	16 1	23 1	37 1	101 1	115 1	122 1	136 1	152 1	166 1	173 1	187 1	246 1	260 1	267 1	281 1	
2 1	16 1	23 1	37 1	101 1	115 1	122 1	136 1	347 1	361 1	368 1	382 1	0 0	0 0	0 0	0 0	
2 1	16 1	23 1	37 1	203 1	217 1	224 1	238 1	246 1	260 1	267 1	281 1	0 0	0 0	0 0	0 0	
101 1	115 1	122 1	136 1	246 1	260 1	267 1	281 1	300 1	314 1	321 1	335 1	0 0	0 0	0 0	0 0	
2 1	9 1	23 1	44 1	101 1	108 1	122 1	143 1	152 1	159 1	173 1	194 1	246 1	253 1	267 1	288 1	
2 1	9 1	23 1	44 1	101 1	108 1	122 1	143 1	347 1	354 1	368 1	389 1	0 0	0 0	0 0	0 0	
2 1	9 1	23 1	44 1	203 1	210 1	224 1	245 1	246 1	253 1	267 1	288 1	0 0	0 0	0 0	0 0	
101 1	108 1	122 1	143 1	246 1	253 1	267 1	288 1	300 1	307 1	321 1	342 1	0 0	0 0	0 0	0 0	
58 1	65 1	72 1	79 1	157 1	164 1	171 1	178 1	208 1	215 1	222 1	229 1	302 1	309 1	316 1	323 1	
11 1	18 1	25 1	32 1	58 1	65 1	72 1	79 1	157 1	164 1	171 1	178 1	0 0	0 0	0 0	0 0	
58 1	65 1	72 1	79 1	259 1	266 1	273 1	280 1	302 1	309 1	316 1	323 1	0 0	0 0	0 0	0 0	
157 1	164 1	171 1	178 1	302 1	309 1	316 1	323 1	356 1	363 1	370 1	377 1	0 0	0 0	0 0	0 0	
51 1	65 1	72 1	86 1	150 1	164 1	171 1	185 1	201 1	215 1	222 1	236 1	295 1	309 1	316 1	330 1	
4 1	18 1	25 1	39 1	51 1	65 1	72 1	86 1	150 1	164 1	171 1	185 1	0 0	0 0	0 0	0 0	
51 1	65 1	72 1	86 1	252 1	266 1	273 1	287 1	295 1	309 1	316 1	330 1	0 0	0 0	0 0	0 0	
150 1	164 1	171 1	185 1	295 1	309 1	316 1	330 1	349 1	363 1	370 1	384 1	0 0	0 0	0 0	0 0	
51 1	58 1	72 1	93 1	150 1	157 1	171 1	192 1	201 1	208 1	222 1	243 1	295 1	302 1	316 1	337 1	
4 1	11 1	25 1	46 1	51 1	58 1	72 1	93 1	150 1	157 1	171 1	192 1	0 0	0 0	0 0	0 0	
51 1	58 1	72 1	93 1	252 1	259 1	273 1	294 1	295 1	302 1	316 1	337 1	0 0	0 0	0 0	0 0	
150 1	157 1	171 1	192 1	295 1	302 1	316 1	337 1	349 1	356 1	370 1	391 1	0 0	0 0	0 0	0 0	
107 1	114 1	121 1	128 1	206 1	213 1	220 1	227 1	257 1	264 1	271 1	278 1	351 1	358 1	365 1	372 1	
60 1	67 1	74 1	81 1	107 1	114 1	121 1	128 1	206 1	213 1	220 1	227 1	0 0	0 0	0 0	0 0	
107 1	114 1	121 1	128 1	308 1	315 1	322 1	329 1	351 1	358 1	365 1	372 1	0 0	0 0	0 0	0 0	
13 1	20 1	27 1	34 1	206 1	213 1	220 1	227 1	351 1	358 1	365 1	372 1	0 0	0 0	0 0	0 0	
100 1	114 1	121 1	135 1	199 1	213 1	220 1	234 1	250 1	264 1	271 1	285 1	344 1	358 1	365 1	379 1	
53 1	67 1	74 1	88 1	100 1	114 1	121 1	135 1	199 1	213 1	220 1	234 1	0 0	0 0	0 0	0 0	
100 1	114 1	121 1	135 1	301 1	315 1	322 1	336 1	344 1	358 1	365 1	379 1	0 0	0 0	0 0	0 0	
6 1	20 1	27 1	41 1	199 1	213 1	220 1	234 1	344 1	358 1	365 1	379 1	0 0	0 0	0 0	0 0	
100 1	107 1	121 1	142 1	199 1	206 1	220 1	241 1	250 1	257 1	271 1	292 1	344 1	351 1	365 1	386 1	
53 1	60 1	74 1	95 1	100 1	107 1	121 1	142 1	199 1	206 1	220 1	241 1	0 0	0 0	0 0	0 0	
100 1	107 1	121 1	142 1	301 1	308 1	322 1	343 1	344 1	351 1	365 1	386 1	0 0	0 0	0 0	0 0	
6 1	13 1	27 1	48 1	199 1	206 1	220 1	241 1	344 1	351 1	365 1	386 1	0 0	0 0	0 0	0 0	
8 1	15 1	22 1	29 1	156 1	163 1	170 1	177 1	255 1	262 1	269 1	276 1	306 1	313 1	320 1	327 1	
109 1	116 1	123 1	130 1	156 1	163 1	170 1	177 1	255 1	262 1	269 1	276 1	0 0	0 0	0 0	0 0	
8 1	15 1	22 1	29 1	156 1	163 1	170 1	177 1	357 1	364 1	371 1	378 1	0 0	0 0	0 0	0 0	
8 1	15 1	22 1	29 1	62 1	69 1	76 1	83 1	255 1	262 1	269 1	276 1	0 0	0 0	0 0	0 0	
1 1	15 1	22 1	36 1	149 1	163 1	170 1	184 1	248 1	262 1	269 1	283 1	299 1	313 1	320 1	334 1	
102 1	116 1	123 1	137 1	149 1	163 1	170 1	184 1	248 1	262 1	269 1	283 1	0 0	0 0	0 0	0 0	
1 1	15 1	22 1	36 1	55 1	69 1	76 1	90 1	248 1	262 1	269 1	283 1	0 0	0 0	0 0	0 0	
1 1	8 1	22 1	43 1	149 1	156 1	170 1	191 1	248 1	255 1	269 1	290 1	299 1	306 1	320 1	341 1	
102 1	109 1	123 1	144 1	149 1	156 1	170 1	191 1	248 1	255 1	269 1	290 1	0 0	0 0	0 0	0 0	
1 1	8 1	22 1	43 1	149 1	156 1	170 1	191 1	350 1	357 1	371 1	392 1	0 0	0 0	0 0	0 0	
1 1	8 1	22 1	43 1	55 1	62 1	76 1	97 1	248 1	255 1	269 1	290 1	0 0	0 0	0 0	0 0	
57 1	64 1	71 1	78 1	205 1	212 1	219 1	226 1	304 1	311 1	318 1	325 1	355 1	362 1	369 1	376 1	
158 1	165 1	172 1	179 1	205 1	212 1	219 1	226 1	304 1	311 1	318 1	325 1	0 0	0 0	0 0	0 0	
14 1	21 1	28 1	35 1	57 1	64 1	71 1	78 1	205 1	212 1	219 1	226 1	0 0	0 0	0 0	0 0	
57 1	64 1	71 1	78 1	111 1	118 1	125 1	132 1	304 1	311 1	318 1	325 1	0 0	0 0	0 0	0 0	
50 1	64 1	71 1	85 1	198 1	212 1	219 1	233 1	297 1	311 1	318 1	332 1	348 1	362 1	369 1	383 1	
151 1	165 1	172 1	186 1	198 1	212 1	219 1	233 1	297 1	311 1	318 1	332 1	0 0	0 0	0 0	0 0	
7 1	21 1	28 1	42 1	50 1	64 1	71 1	85 1	198 1	212 1	219 1	233 1	0 0	0 0	0 0	0 0	
50 1	64 1	71 1	85 1	104 1	118 1	125 1	139 1	297 1	311 1	318 1	332 1	0 0	0 0	0 0	0 0	
50 1	57 1	71 1	92 1	198 1	205 1	219 1	240 1	297 1	304 1	318 1	339 1	348 1	355 1	369 1	390 1	
151 1	158 1	172 1	193 1	198 1	205 1	219 1	240 1	297 1	304 1	318 1	339 1	0 0	0 0	0 0	0 0	
7 1	14 1	28 1	49 1	50 1	57 1	71 1	92 1	198 1	205 1	219 1	240 1	0 0	0 0	0 0	0 0	
50 1	57 1	71 1	92 1	104 1	111 1	125 1	146 1	297 1	304 1	318 1	339 1	0 0	0 0	0 0	0 0	
12 1	19 1	26 1	33 1	106 1	113 1	120 1	127 1	254 1	261 1	268 1	275 1	353 1	360 1	367 1	374 1	
207 1	214 1	221 1	228 1	254 1	261 1	268 1	275 1	353 1	360 1	367 1	374 1	0 0	0 0	0 0	0 0	
63 1	70 1	77 1	84 1	106 1	113 1	120 1	127 1	254 1	261 1	268 1	275 1	0 0	0 0	0 0	0 0	
106 1	113 1	120 1	127 1	160 1	167 1	174 1	181 1	353 1	360 1	367 1	374 1	0 0	0 0	0 0	0 0	
5 1	19 1	26 1	40 1	99 1	113 1	120 1	134 1	247 1	261 1	268 1	282 1	346 1	360 1	367 1	381 1	
200 1	214 1	221 1	235 1	247 1	261 1	268 1	282 1	346 1	360 1	367 1	381 1	0 0	0 0	0 0	0 0	
56 1	70 1	77 1	91 1	99 1	113 1	120 1	134 1	247 1	261 1	268 1	282 1	0 0	0 0	0 0	0 0	
99 1	113 1	120 1	134 1	153 1	167 1	174 1	188 1	346 1	360 1	367 1	381 1	0 0	0 0	0 0	0 0	
5 1	12 1	26 1	47 1	99 1	106 1	120 1	141 1	247 1	254 1	268 1	289 1	346 1	353 1	367 1	388 1	
56 1	63 1	77 1	98 1	99 1	106 1	120 1	141 1	247 1	254 1	268 1	289 1	0 0	0 0	0 0	0 0	
99 1	106 1	120 1	141 1	153 1	160 1	174 1	195 1	346 1	353 1	367 1	388 1	0 0	0 0	0 0	0 0	
10 1	17 1	24 1	31 1	61 1	68 1	75 1	82 1	155 1	162 1	169 1	176 1	303 1	310 1	317 1	324 1	
3 1	17 1	24 1	38 1	54 1	68 1	75 1	89 1	148 1	162 1	169 1	183 1	296 1	310 1	317 1	331 1	
1 2	2 2	3 2	4 2	8 2	9 2	10 2	11 2	15 2	16 2	17 2	18 2	0 0	0 0	0 0	0 0	
1 2	2 2	5 2	6 2	8 2	9 2	12 2	13 2	15 2	16 2	19 2	20 2	0 0	0 0	0 0	0 0	
1 2	3 2	5 2	7 2	8 2	10 2	12 2	14 2	15 2	17 2	19 2	21 2	0 0	0 0	0 0	0 0	
1 2	2 2	3 2	4 2	22 2	23 2	24 2	25 2	29 2	30 2	31 2	32 2	0 0	0 0	0 0	0 0	
1 2	2 2	5 2	6 2	22 2	23 2	26 2	27 2	29 2	30 2	33 2	34 2	0 0	0 0	0 0	0 0	
1 2	3 2	5 2	7 2	22 2	24 2	26 2	28 2	29 2	31 2	33 2	35 2	0 0	0 0	0 0	0 0	
8 2	9 2	10 2	11 2	22 2	23 2	24 2	25 2	36 2	37 2	38 2	39 2	0 0	0 0	0 0	0 0	
8 2	9 2	12 2	13 2	22 2	23 2	26 2	27 2	36 2	37 2	40 2	41 2	0 0	0 0	0 0	0 0	
8 2	10 2	12 2	14 2	22 2	24 2	26 2	28 2	36 2	38 2	40 2	42 2	0 0	0 0	0 0	0 0	
1 2	2 2	3 2	4 2	8 2	9 2	10 2	11 2	22 2	23 2	24 2	25 2	43 2	44 2	45 2	46 2	
1 2	2 2	5 2	6 2	8 2	9 2	12 2	13 2	22 2	23 2	26 2	27 2	43 2	44 2	47 2	48 2	
1 2	3 2	5 2	7 2	8 2	10 2	12 2	14 2	22 2	24 2	26 2	28 2	43 2	45 2	47 2	49 2	
50 2	51 2	52 2	53 2	57 2	58 2	59 2	60 2	64 2	65 2	66 2	67 2	0 0	0 0	0 0	0 0	
50 2	51 2	54 2	55 2	57 2	58 2	61 2	62 2	64 2	65 2	68 2	69 2	0 0	0 0	0 0	0 0	
50 2	52 2	54 2	56 2	57 2	59 2	61 2	63 2	64 2	66 2	68 2	70 2	0 0	0 0	0 0	0 0	
50 2	51 2	52 2	53 2	71 2	72 2	73 2	74 2	78 2	79 2	80 2	81 2	0 0	0 0	0 0	0 0	
50 2	51 2	54 2	55 2	71 2	72 2	75 2	76 2	78 2	79 2	82 2	83 2	0 0	0 0	0 0	0 0	
50 2	52 2	54 2	56 2	71 2	73 2	75 2	77 2	78 2	80 2	82 2	84 2	0 0	0 0	0 0	0 0	
57 2	58 2	59 2	60 2	71 2	72 2	73 2	74 2	85 2	86 2	87 2	88 2	0 0	0 0	0 0	0 0	
57 2	58 2	61 2	62 2	71 2	72 2	75 2	76 2	85 2	86 2	89 2	90 2	0 0	0 0	0 0	0 0	
57 2	59 2	61 2	63 2	71 2	73 2	75 2	77 2	85 2	87 2	89 2	91 2	0 0	0 0	0 0	0 0	
50 2	51 2	52 2	53 2	57 2	58 2	59 2	60 2	71 2	72 2	73 2	74 2	92 2	93 2	94 2	95 2	
50 2	51 2	54 2	55 2	57 2	58 2	61 2	62 2	71 2	72 2	75 2	76 2	92 2	93 2	96 2	97 2	
50 2	52 2	54 2	56 2	57 2	59 2	61 2	63 2	71 2	73 2	75 2	77 2	92 2	94 2	96 2	98 2	
99 2	100 2	101 2	102 2	106 2	107 2	108 2	109 2	113 2	114 2	115 2	116 2	0 0	0 0	0 0	0 0	
99 2	100 2	103 2	104 2	106 2	107 2	110 2	111 2	113 2	114 2	117 2	118 2	0 0	0 0	0 0	0 0	
99 2	101 2	103 2	105 2	106 2	108 2	110 2	112 2	113 2	115 2	117 2	119 2	0 0	0 0	0 0	0 0	
99 2	100 2	101 2	102 2	120 2	121 2	122 2	123 2	127 2	128 2	129 2	130 2	0 0	0 0	0 0	0 0	
99 2	100 2	103 2	104 2	120 2	121 2	124 2	125 2	127 2	128 2	131 2	132 2	0 0	0 0	0 0	0 0	
99 2	101 2	103 2	105 2	120 2	122 2	124 2	126 2	127 2	129 2	131 2	133 2	0 0	0 0	0 0	0 0	
106 2	107 2	108 2	109 2	120 2	121 2	122 2	123 2	134 2	135 2	136 2	137 2	0 0	0 0	0 0	0 0	
106 2	107 2	110 2	111 2	120 2	121 2	124 2	125 2	134 2	135 2	138 2	139 2	0 0	0 0	0 0	0 0	
106 2	108 2	110 2	112 2	120 2	122 2	124 2	126 2	134 2	136 2	138 2	140 2	0 0	0 0	0 0	0 0	
99 2	100 2	101 2	102 2	106 2	107 2	108 2	109 2	120 2	121 2	122 2	123 2	141 2	142 2	143 2	144 2	
99 2	100 2	103 2	104 2	106 2	107 2	110 2	111 2	120 2	121 2	124 2	125 2	141 2	142 2	145 2	146 2	
99 2	101 2	103 2	105 2	106 2	108 2	110 2	112 2	120 2	122 2	124 2	126 2	141 2	143 2	145 2	147 2	
148 2	149 2	150 2	151 2	155 2	156 2	157 2	158 2	162 2	163 2	164 2	165 2	0 0	0 0	0 0	0 0	
148 2	149 2	152 2	153 2	155 2	156 2	159 2	160 2	162 2	163 2	166 2	167 2	0 0	0 0	0 0	0 0	
148 2	150 2	152 2	154 2	155 2	157 2	159 2	161 2	162 2	164 2	166 2	168 2	0 0	0 0	0 0	0 0	
148 2	149 2	150 2	151 2	169 2	170 2	171 2	172 2	176 2	177 2	178 2	179 2	0 0	0 0	0 0	0 0	
148 2	149 2	152 2	153 2	169 2	170 2	173 2	174 2	176 2	177 2	180 2	181 2	0 0	0 0	0 0	0 0	
148 2	150 2	152 2	154 2	169 2	171 2	173 2	175 2	176 2	178 2	180 2	182 2	0 0	0 0	0 0	0 0	
155 2	156 2	157 2	158 2	169 2	170 2	171 2	172 2	183 2	184 2	185 2	186 2	0 0	0 0	0 0	0 0	
155 2	156 2	159 2	160 2	169 2	170 2	173 2	174 2	183 2	184 2	187 2	188 2	0 0	0 0	0 0	0 0	
155 2	157 2	159 2	161 2	169 2	171 2	173 2	175 2	183 2	185 2	187 2	189 2	0 0	0 0	0 0	0 0	
148 2	149 2	150 2	151 2	155 2	156 2	157 2	158 2	169 2	170 2	171 2	172 2	190 2	191 2	192 2	193 2	
148 2	149 2	152 2	153 2	155 2	156 2	159 2	160 2	169 2	170 2	173 2	174 2	190 2	191 2	194 2	195 2	
148 2	150 2	152 2	154 2	155 2	157 2	159 2	161 2	169 2	171 2	173 2	175 2	190 2	192 2	194 2	196 2	
197 2	198 2	199 2	200 2	204 2	205 2	206 2	207 2	211 2	212 2	213 2	214 2	0 0	0 0	0 0	0 0	
197 2	198 2	201 2	202 2	204 2	205 2	208 2	209 2	211 2	212 2	215 2	216 2	0 0	0 0	0 0	0 0	
197 2	199 2	201 2	203 2	204 2	206 2	208 2	210 2	211 2	213 2	215 2	217 2	0 0	0 0	0 0	0 0	
197 2	198 2	199 2	200 2	218 2	219 2	220 2	221 2	225 2	226 2	227 2	228 2	0 0	0 0	0 0	0 0	
197 2	198 2	201 2	202 2	218 2	219 2	222 2	223 2	225 2	226 2	229 2	230 2	0 0	0 0	0 0	0 0	
197 2	199 2	201 2	203 2	218 2	220 2	222 2	224 2	225 2	227 2	229 2	231 2	0 0	0 0	0 0	0 0	
204 2	205 2	206 2	207 2	218 2	219 2	220 2	221 2	232 2	233 2	234 2	235 2	0 0	0 0	0 0	0 0	
204 2	205 2	208 2	209 2	218 2	219 2	222 2	223 2	232 2	233 2	236 2	237 2	0 0	0 0	0 0	0 0	
204 2	206 2	208 2	210 2	218 2	220 2	222 2	224 2	232 2	234 2	236 2	238 2	0 0	0 0	0 0	0 0	
197 2	198 2	199 2	200 2	204 2	205 2	206 2	207 2	218 2	219 2	220 2	221 2	239 2	240 2	241 2	242 2	
197 2	198 2	201 2	202 2	204 2	205 2	208 2	209 2	218 2	219 2	222 2	223 2	239 2	240 2	243 2	244 2	
197 2	199 2	201 2	203 2	204 2	206 2	208 2	210 2	218 2	220 2	222 2	224 2	239 2	241 2	243 2	245 2	
246 2	247 2	248 2	249 2	253 2	254 2	255 2	256 2	260 2	261 2	262 2	263 2	0 0	0 0	0 0	0 0	
246 2	247 2	250 2	251 2	253 2	254 2	257 2	258 2	260 2	261 2	264 2	265 2	0 0	0 0	0 0	0 0	
246 2	248 2	250 2	252 2	253 2	255 2	257 2	259 2	260 2	262 2	264 2	266 2	0 0	0 0	0 0	0 0	
246 2	247 2	248 2	249 2	267 2	268 2	269 2	270 2	274 2	275 2	276 2	277 2	0 0	0 0	0 0	0 0	
246 2	247 2	250 2	251 2	267 2	268 2	271 2	272 2	274 2	275 2	278 2	279 2	0 0	0 0	0 0	0 0	
246 2	248 2	250 2	252 2	267 2	269 2	271 2	273 2	274 2	276 2	278 2	280 2	0 0	0 0	0 0	0 0	
253 2	254 2	255 2	256 2	267 2	268 2	269 2	270 2	281 2	282 2	283 2	284 2	0 0	0 0	0 0	0 0	
253 2	254 2	257 2	258 2	267 2	268 2	271 2	272 2	281 2	282 2	285 2	286 2	0 0	0 0	0 0	0 0	
253 2	255 2	257 2	259 2	267 2	269 2	271 2	273 2	281 2	283 2	285 2	287 2	0 0	0 0	0 0	0 0	
246 2	247 2	248 2	249 2	253 2	254 2	255 2	256 2	267 2	268 2	269 2	270 2	288 2	289 2	290 2	291 2	
246 2	247 2	250 2	251 2	253 2	254 2	257 2	258 2	267 2	268 2	271 2	272 2	288 2	289 2	292 2	293 2	
246 2	248 2	250 2	252 2	253 2	255 2	257 2	259 2	267 2	269 2	271 2	273 2	288 2	290 2	292 2	294 2	
295 2	296 2	297 2	298 2	302 2	303 2	304 2	305 2	309 2	310 2	311 2	312 2	0 0	0 0	0 0	0 0	
295 2	296 2	299 2	300 2	302 2	303 2	306 2	307 2	309 2	310 2	313 2	314 2	0 0	0 0	0 0	0 0	
295 2	297 2	299 2	301 2	302 2	304 2	306 2	308 2	309 2	311 2	313 2	315 2	0 0	0 0	0 0	0 0	
295 2	296 2	297 2	298 2	316 2	317 2	318 2	319 2	323 2	324 2	325 2	326 2	0 0	0 0	0 0	0 0	
295 2	296 2	299 2	300 2	316 2	317 2	320 2	321 2	323 2	324 2	327 2	328 2	0 0	0 0	0 0	0 0	
302 2	303 2	304 2	305 2	316 2	317 2	318 2	319 2	330 2	331 2	332 2	333 2	0 0	0 0	0 0	0 0	
302 2	303 2	306 2	307 2	316 2	317 2	320 2	321 2	330 2	331 2	334 2	335 2	0 0	0 0	0 0	0 0	
302 2	304 2	306 2	308 2	316 2	318 2	320 2	322 2	330 2	332 2	334 2	336 2	0 0	0 0	0 0	0 0	
295 2	296 2	297 2	298 2	302 2	303 2	304 2	305 2	316 2	317 2	318 2	319 2	337 2	338 2	339 2	340 2	
295 2	296 2	299 2	300 2	302 2	303 2	306 2	307 2	316 2	317 2	320 2	321 2	337 2	338 2	341 2	342 2	
295 2	297 2	299 2	301 2	302 2	304 2	306 2	308 2	316 2	318 2	320 2	322 2	337 2	339 2	341 2	343 2	
344 2	345 2	346 2	347 2	351 2	352 2	353 2	354 2	358 2	359 2	360 2	361 2	0 0	0 0	0 0	0 0	
344 2	345 2	348 2	349 2	351 2	352 2	355 2	356 2	358 2	359 2	362 2	363 2	0 0	0 0	0 0	0 0	
344 2	346 2	348 2	350 2	351 2	353 2	355 2	357 2	358 2	360 2	362 2	364 2	0 0	0 0	0 0	0 0	
344 2	345 2	346 2	347 2	365 2	366 2	367 2	368 2	372 2	373 2	374 2	375 2	0 0	0 0	0 0	0 0	
344 2	345 2	348 2	349 2	365 2	366 2	369 2	370 2	372 2	373 2	376 2	377 2	0 0	0 0	0 0	0 0	
344 2	346 2	348 2	350 2	365 2	367 2	369 2	371 2	372 2	374 2	376 2	378 2	0 0	0 0	0 0	0 0	
351 2	352 2	353 2	354 2	365 2	366 2	367 2	368 2	379 2	380 2	381 2	382 2	0 0	0 0	0 0	0 0	
351 2	352 2	355 2	356 2	365 2	366 2	369 2	370 2	379 2	380 2	383 2	384 2	0 0	0 0	0 0	0 0	
351 2	353 2	355 2	357 2	365 2	367 2	369 2	371 2	379 2	381 2	383 2	385 2	0 0	0 0	0 0	0 0	
344 2	345 2	346 2	347 2	351 2	352 2	353 2	354 2	365 2	366 2	367 2	368 2	386 2	387 2	388 2	389 2	
344 2	345 2	348 2	349 2	351 2	352 2	355 2	356 2	365 2	366 2	369 2	370 2	386 2	387 2	390 2	391 2	
344 2	346 2	348 2	350 2	351 2	353 2	355 2	357 2	365 2	367 2	369 2	371 2	386 2	388 2	390 2	392 2	
1 2	10 2	16 2	61 2	115 2	149 2	155 2	166 2	248 2	260 2	299 2	303 2	0 0	0 0	0 0	0 0	
1 2	10 2	102 2	112 2	115 2	155 2	217 2	248 2	256 2	260 2	350 2	361 2	0 0	0 0	0 0	0 0	
1 2	16 2	55 2	102 2	149 2	155 2	209 2	256 2	260 2	303 2	314 2	361 2	0 0	0 0	0 0	0 0	
1 2	26 2	79 2	120 2	149 2	178 2	229 2	248 2	268 2	299 2	323 2	367 2	0 0	0 0	0 0	0 0	
1 2	32 2	77 2	102 2	120 2	178 2	221 2	248 2	280 2	323 2	350 2	367 2	0 0	0 0	0 0	0 0	
1 2	32 2	55 2	79 2	102 2	120 2	149 2	174 2	221 2	268 2	323 2	377 2	0 0	0 0	0 0	0 0	
16 2	79 2	115 2	142 2	166 2	178 2	229 2	241 2	260 2	292 2	323 2	386 2	0 0	0 0	0 0	0 0	
32 2	95 2	115 2	178 2	217 2	241 2	260 2	280 2	323 2	343 2	361 2	386 2	0 0	0 0	0 0	0 0	
16 2	32 2	48 2	79 2	95 2	142 2	260 2	314 2	323 2	361 2	377 2	386 2	0 0	0 0	0 0	0 0	
1 2	16 2	79 2	85 2	115 2	149 2	166 2	178 2	229 2	233 2	248 2	260 2	299 2	323 2	332 2	383 2	
1 2	32 2	42 2	85 2	102 2	115 2	178 2	186 2	217 2	248 2	260 2	280 2	323 2	332 2	350 2	361 2	
1 2	16 2	32 2	55 2	79 2	85 2	102 2	139 2	149 2	186 2	233 2	260 2	314 2	323 2	361 2	377 2	
50 2	59 2	65 2	110 2	164 2	198 2	204 2	215 2	297 2	309 2	348 2	352 2	0 0	0 0	0 0	0 0	
7 2	18 2	50 2	59 2	151 2	161 2	164 2	204 2	266 2	297 2	305 2	309 2	0 0	0 0	0 0	0 0	
18 2	50 2	65 2	104 2	151 2	198 2	204 2	258 2	305 2	309 2	352 2	363 2	0 0	0 0	0 0	0 0	
24 2	50 2	75 2	128 2	169 2	198 2	227 2	278 2	297 2	317 2	348 2	372 2	0 0	0 0	0 0	0 0	
7 2	24 2	50 2	81 2	126 2	151 2	169 2	227 2	270 2	297 2	329 2	372 2	0 0	0 0	0 0	0 0	
34 2	50 2	81 2	104 2	128 2	151 2	169 2	198 2	223 2	270 2	317 2	372 2	0 0	0 0	0 0	0 0	
43 2	65 2	128 2	164 2	191 2	215 2	227 2	278 2	290 2	309 2	341 2	372 2	0 0	0 0	0 0	0 0	
18 2	43 2	81 2	144 2	164 2	227 2	266 2	290 2	309 2	329 2	372 2	392 2	0 0	0 0	0 0	0 0	
18 2	34 2	43 2	65 2	81 2	97 2	128 2	144 2	191 2	309 2	363 2	372 2	0 0	0 0	0 0	0 0	
40 2	50 2	65 2	128 2	134 2	164 2	198 2	215 2	227 2	278 2	282 2	297 2	309 2	348 2	372 2	381 2	
7 2	18 2	50 2	81 2	91 2	134 2	151 2	164 2	227 2	235 2	266 2	297 2	309 2	329 2	372 2	381 2	
18 2	34 2	50 2	65 2	81 2	104 2	128 2	134 2	151 2	188 2	198 2	235 2	282 2	309 2	363 2	372 2	
5 2	9 2	99 2	108 2	114 2	159 2	213 2	247 2	253 2	264 2	346 2	358 2	0 0	0 0	0 0	0 0	
56 2	67 2	99 2	108 2	200 2	210 2	213 2	253 2	315 2	346 2	354 2	358 2	0 0	0 0	0 0	0 0	
9 2	20 2	67 2	99 2	114 2	153 2	200 2	247 2	253 2	307 2	354 2	358 2	0 0	0 0	0 0	0 0	
5 2	29 2	73 2	99 2	124 2	177 2	218 2	247 2	276 2	327 2	346 2	366 2	0 0	0 0	0 0	0 0	
29 2	56 2	73 2	99 2	130 2	175 2	200 2	218 2	276 2	319 2	346 2	378 2	0 0	0 0	0 0	0 0	
29 2	83 2	99 2	130 2	153 2	177 2	200 2	218 2	247 2	272 2	319 2	366 2	0 0	0 0	0 0	0 0	
29 2	92 2	114 2	177 2	213 2	240 2	264 2	276 2	327 2	339 2	358 2	390 2	0 0	0 0	0 0	0 0	
29 2	49 2	67 2	92 2	130 2	193 2	213 2	276 2	315 2	339 2	358 2	378 2	0 0	0 0	0 0	0 0	
20 2	29 2	67 2	83 2	92 2	114 2	130 2	146 2	177 2	193 2	240 2	358 2	0 0	0 0	0 0	0 0	
5 2	29 2	38 2	89 2	99 2	114 2	177 2	183 2	213 2	247 2	264 2	276 2	327 2	331 2	346 2	358 2	
29 2	38 2	56 2	67 2	99 2	130 2	140 2	183 2	200 2	213 2	276 2	284 2	315 2	346 2	358 2	378 2	
20 2	29 2	67 2	83 2	99 2	114 2	130 2	153 2	177 2	183 2	200 2	237 2	247 2	284 2	331 2	358 2	
3 2	15 2	54 2	58 2	148 2	157 2	163 2	208 2	262 2	296 2	302 2	313 2	0 0	0 0	0 0	0 0	
3 2	11 2	15 2	105 2	116 2	148 2	157 2	249 2	259 2	262 2	302 2	364 2	0 0	0 0	0 0	0 0	
11 2	15 2	58 2	69 2	116 2	148 2	163 2	202 2	249 2	296 2	302 2	356 2	0 0	0 0	0 0	0 0	
3 2	23 2	54 2	78 2	122 2	148 2	173 2	226 2	267 2	296 2	325 2	376 2	0 0	0 0	0 0	0 0	
3 2	35 2	78 2	105 2	122 2	148 2	179 2	224 2	249 2	267 2	325 2	368 2	0 0	0 0	0 0	0 0	
23 2	78 2	132 2	148 2	179 2	202 2	226 2	249 2	267 2	296 2	321 2	368 2	0 0	0 0	0 0	0 0	
15 2	47 2	78 2	141 2	163 2	226 2	262 2	289 2	313 2	325 2	376 2	388 2	0 0	0 0	0 0	0 0	
15 2	35 2	78 2	98 2	116 2	141 2	179 2	242 2	262 2	325 2	364 2	388 2	0 0	0 0	0 0	0 0	
15 2	69 2	78 2	116 2	132 2	141 2	163 2	179 2	195 2	226 2	242 2	289 2	0 0	0 0	0 0	0 0	
3 2	15 2	54 2	78 2	87 2	138 2	148 2	163 2	226 2	232 2	262 2	296 2	313 2	325 2	376 2	380 2	
3 2	15 2	35 2	78 2	87 2	105 2	116 2	148 2	179 2	189 2	232 2	249 2	262 2	325 2	333 2	364 2	
15 2	69 2	78 2	116 2	132 2	148 2	163 2	179 2	202 2	226 2	232 2	249 2	286 2	296 2	333 2	380 2	
52 2	64 2	103 2	107 2	197 2	206 2	212 2	257 2	311 2	345 2	351 2	362 2	0 0	0 0	0 0	0 0	
21 2	52 2	60 2	64 2	154 2	165 2	197 2	206 2	298 2	308 2	311 2	351 2	0 0	0 0	0 0	0 0	
13 2	60 2	64 2	107 2	118 2	165 2	197 2	212 2	251 2	298 2	345 2	351 2	0 0	0 0	0 0	0 0	
33 2	52 2	72 2	103 2	127 2	171 2	197 2	222 2	275 2	316 2	345 2	374 2	0 0	0 0	0 0	0 0	
25 2	52 2	84 2	127 2	154 2	171 2	197 2	228 2	273 2	298 2	316 2	374 2	0 0	0 0	0 0	0 0	
25 2	72 2	127 2	181 2	197 2	228 2	251 2	275 2	298 2	316 2	345 2	370 2	0 0	0 0	0 0	0 0	
33 2	45 2	64 2	96 2	127 2	190 2	212 2	275 2	311 2	338 2	362 2	374 2	0 0	0 0	0 0	0 0	
21 2	45 2	64 2	84 2	127 2	147 2	165 2	190 2	228 2	291 2	311 2	374 2	0 0	0 0	0 0	0 0	
64 2	118 2	127 2	165 2	181 2	190 2	212 2	228 2	244 2	275 2	291 2	338 2	0 0	0 0	0 0	0 0	
33 2	37 2	52 2	64 2	103 2	127 2	136 2	187 2	197 2	212 2	275 2	281 2	311 2	345 2	362 2	374 2	
21 2	52 2	64 2	84 2	127 2	136 2	154 2	165 2	197 2	228 2	238 2	281 2	298 2	311 2	374 2	382 2	
37 2	64 2	118 2	127 2	165 2	181 2	197 2	212 2	228 2	251 2	275 2	281 2	298 2	335 2	345 2	382 2	
2 2	8 2	19 2	101 2	113 2	152 2	156 2	246 2	255 2	261 2	306 2	360 2	0 0	0 0	0 0	0 0	
8 2	70 2	101 2	109 2	113 2	203 2	214 2	246 2	255 2	347 2	357 2	360 2	0 0	0 0	0 0	0 0	
2 2	8 2	62 2	109 2	113 2	156 2	167 2	214 2	246 2	261 2	300 2	347 2	0 0	0 0	0 0	0 0	
2 2	31 2	82 2	101 2	121 2	152 2	176 2	220 2	246 2	271 2	324 2	365 2	0 0	0 0	0 0	0 0	
31 2	74 2	101 2	133 2	176 2	203 2	220 2	246 2	277 2	322 2	347 2	365 2	0 0	0 0	0 0	0 0	
2 2	27 2	74 2	121 2	176 2	230 2	246 2	277 2	300 2	324 2	347 2	365 2	0 0	0 0	0 0	0 0	
19 2	31 2	82 2	94 2	113 2	145 2	176 2	239 2	261 2	324 2	360 2	387 2	0 0	0 0	0 0	0 0	
31 2	70 2	94 2	113 2	133 2	176 2	196 2	214 2	239 2	277 2	340 2	360 2	0 0	0 0	0 0	0 0	
113 2	167 2	176 2	214 2	230 2	239 2	261 2	277 2	293 2	324 2	340 2	387 2	0 0	0 0	0 0	0 0	
2 2	19 2	31 2	82 2	86 2	101 2	113 2	152 2	176 2	185 2	236 2	246 2	261 2	324 2	330 2	360 2	
31 2	39 2	70 2	101 2	113 2	133 2	176 2	185 2	203 2	214 2	246 2	277 2	287 2	330 2	347 2	360 2	
2 2	39 2	86 2	113 2	167 2	176 2	214 2	230 2	246 2	261 2	277 2	300 2	324 2	330 2	347 2	384 2	
17 2	51 2	57 2	68 2	150 2	162 2	201 2	205 2	295 2	304 2	310 2	355 2	0 0	0 0	0 0	0 0	
4 2	14 2	17 2	57 2	119 2	150 2	158 2	162 2	252 2	263 2	295 2	304 2	0 0	0 0	0 0	0 0	
4 2	51 2	57 2	111 2	158 2	162 2	205 2	216 2	263 2	295 2	310 2	349 2	0 0	0 0	0 0	0 0	
22 2	51 2	80 2	131 2	150 2	170 2	201 2	225 2	269 2	295 2	320 2	373 2	0 0	0 0	0 0	0 0	
4 2	22 2	80 2	123 2	150 2	182 2	225 2	252 2	269 2	295 2	326 2	371 2	0 0	0 0	0 0	0 0	
17 2	44 2	68 2	80 2	131 2	143 2	162 2	194 2	225 2	288 2	310 2	373 2	0 0	0 0	0 0	0 0	
17 2	80 2	119 2	143 2	162 2	182 2	225 2	245 2	263 2	288 2	326 2	389 2	0 0	0 0	0 0	0 0	
44 2	162 2	216 2	225 2	263 2	279 2	288 2	310 2	326 2	342 2	373 2	389 2	0 0	0 0	0 0	0 0	
17 2	51 2	68 2	80 2	131 2	135 2	150 2	162 2	201 2	225 2	234 2	285 2	295 2	310 2	373 2	379 2	
