1100000000000000000000000000000000000000000000000
0011000000000000000000000000000000000000000000000
0000110000000000000000000000000000000000000000000
2200000220000000000000000000000000000000000000000
0110000011000000000000000000000000000000000000000
0022000002200000000000000000000000000000000000000
0001100000110000000000000000000000000000000000000
0000220000022000000000000000000000000000000000000
0000011000001100000000000000000000000000000000000
0000002000000200000000000000000000000000000000000
0000000200000020000000000000000000000000000000000
0000000110000011000000000000000000000000000000000
0000000022000002200000000000000000000000000000000
0000000001100000110000000000000000000000000000000
0000000000220000022000000000000000000000000000000
0000000000011000001100000000000000000000000000000
0000000000002200000220000000000000000000000000000
0000000000000022000002200000000000000000000000000
0000000000000001100000110000000000000000000000000
0000000000000000220000022000000000000000000000000
0000000000000000011000001100000000000000000000000
0000000000000000002200000220000000000000000000000
0000000000000000000110000011000000000000000000000
0000000000000000000020000002000000000000000000000
0000000000000000000002000000200000000000000000000
0000000000000000000001100000110000000000000000000
0000000000000000000000220000022000000000000000000
0000000000000000000000011000001100000000000000000
0000000000000000000000002200000220000000000000000
0000000000000000000000000110000011000000000000000
0000000000000000000000000022000002200000000000000
0000000000000000000000000000220000022000000000000
0000000000000000000000000000011000001100000000000
0000000000000000000000000000002200000220000000000
0000000000000000000000000000000110000011000000000
0000000000000000000000000000000022000002200000000
0000000000000000000000000000000001100000110000000
0000000000000000000000000000000000200000020000000
0000000000000000000000000000000000020000002000000
0000000000000000000000000000000000011000001100000
0000000000000000000000000000000000002200000220000
0000000000000000000000000000000000000110000011000
0000000000000000000000000000000000000022000002200
0000000000000000000000000000000000000001100000110
0000000000000000000000000000000000000000220000022
0000000000000000000000000000000000000000000110000
0000000000000000000000000000000000000000000001100
0000000000000000000000000000000000000000000000011
