25 26
5 5
2 3 3 3 3 4 4 4 4 4 3 5 4 4 4 3 4 5 4 4 2 3 3 4 4 
2 2 4 4 4 4 2 2 4 4 4 4 4 4 4 4 2 2 4 4 4 4 2 2 5 5 
1 1 	3 2 	0 0 	0 0 	0 0 	
1 1 	3 2 	4 1 	0 0 	0 0 	
2 1 	4 1 	5 2 	0 0 	0 0 	
2 1 	5 2 	6 1 	0 0 	0 0 	
6 1 	7 2 	26 1 	0 0 	0 0 	
3 2 	8 2 	9 1 	25 2 	0 0 	
3 2 	4 1 	9 1 	10 2 	0 0 	
4 1 	5 2 	10 2 	11 1 	0 0 	
5 2 	6 1 	11 1 	12 2 	0 0 	
6 1 	7 2 	12 2 	26 1 	0 0 	
8 2 	9 1 	13 2 	0 0 	0 0 	
9 1 	10 2 	13 2 	14 1 	25 2 	
10 2 	11 1 	14 1 	15 2 	0 0 	
11 1 	12 2 	15 2 	16 1 	0 0 	
12 2 	16 1 	17 2 	26 1 	0 0 	
13 2 	18 2 	19 1 	0 0 	0 0 	
13 2 	14 1 	19 1 	20 2 	0 0 	
14 1 	15 2 	20 2 	21 1 	25 2 	
15 2 	16 1 	21 1 	22 2 	0 0 	
16 1 	17 2 	22 2 	26 1 	0 0 	
18 2 	19 1 	0 0 	0 0 	0 0 	
19 1 	20 2 	23 1 	0 0 	0 0 	
20 2 	21 1 	23 1 	0 0 	0 0 	
21 1 	22 2 	24 1 	25 2 	0 0 	
22 2 	24 1 	25 2 	26 1 	0 0 	
1 1 	2 1 	0 0 	0 0 	0 0 	
3 1 	4 1 	0 0 	0 0 	0 0 	
1 2 	2 2 	6 2 	7 2 	0 0 	
2 1 	3 1 	7 1 	8 1 	0 0 	
3 2 	4 2 	8 2 	9 2 	0 0 	
4 1 	5 1 	9 1 	10 1 	0 0 	
5 2 	10 2 	0 0 	0 0 	0 0 	
6 2 	11 2 	0 0 	0 0 	0 0 	
6 1 	7 1 	11 1 	12 1 	0 0 	
7 2 	8 2 	12 2 	13 2 	0 0 	
8 1 	9 1 	13 1 	14 1 	0 0 	
9 2 	10 2 	14 2 	15 2 	0 0 	
11 2 	12 2 	16 2 	17 2 	0 0 	
12 1 	13 1 	17 1 	18 1 	0 0 	
13 2 	14 2 	18 2 	19 2 	0 0 	
14 1 	15 1 	19 1 	20 1 	0 0 	
15 2 	20 2 	0 0 	0 0 	0 0 	
16 2 	21 2 	0 0 	0 0 	0 0 	
16 1 	17 1 	21 1 	22 1 	0 0 	
17 2 	18 2 	22 2 	23 2 	0 0 	
18 1 	19 1 	23 1 	24 1 	0 0 	
19 2 	20 2 	24 2 	25 2 	0 0 	
22 1 	23 1 	0 0 	0 0 	0 0 	
24 1 	25 1 	0 0 	0 0 	0 0 	
6 2 	12 2 	18 2 	24 2 	25 2 	
5 1 	10 1 	15 1 	20 1 	25 1 	
