49 50
5 7
2 3 3 3 3 3 3 4 4 4 4 4 4 4 3 5 4 4 4 4 4 3 4 5 4 4 4 4 3 4 4 5 4 4 4 3 4 4 4 5 4 4 2 3 3 3 3 4 4 
2 2 2 4 4 4 4 4 4 2 2 4 4 4 4 4 4 4 4 4 4 4 4 2 2 4 4 4 4 4 4 4 4 4 4 4 4 2 2 4 4 4 4 4 4 2 2 2 7 7 
1 1 	4 2 	0 0 	0 0 	0 0 	
1 1 	4 2 	5 1 	0 0 	0 0 	
2 1 	5 1 	6 2 	0 0 	0 0 	
2 1 	6 2 	7 1 	0 0 	0 0 	
3 1 	7 1 	8 2 	0 0 	0 0 	
3 1 	8 2 	9 1 	0 0 	0 0 	
9 1 	10 2 	50 1 	0 0 	0 0 	
4 2 	11 2 	12 1 	49 2 	0 0 	
4 2 	5 1 	12 1 	13 2 	0 0 	
5 1 	6 2 	13 2 	14 1 	0 0 	
6 2 	7 1 	14 1 	15 2 	0 0 	
7 1 	8 2 	15 2 	16 1 	0 0 	
8 2 	9 1 	16 1 	17 2 	0 0 	
9 1 	10 2 	17 2 	50 1 	0 0 	
11 2 	12 1 	18 2 	0 0 	0 0 	
12 1 	13 2 	18 2 	19 1 	49 2 	
13 2 	14 1 	19 1 	20 2 	0 0 	
14 1 	15 2 	20 2 	21 1 	0 0 	
15 2 	16 1 	21 1 	22 2 	0 0 	
16 1 	17 2 	22 2 	23 1 	0 0 	
17 2 	23 1 	24 2 	50 1 	0 0 	
18 2 	25 2 	26 1 	0 0 	0 0 	
18 2 	19 1 	26 1 	27 2 	0 0 	
19 1 	20 2 	27 2 	28 1 	49 2 	
20 2 	21 1 	28 1 	29 2 	0 0 	
21 1 	22 2 	29 2 	30 1 	0 0 	
22 2 	23 1 	30 1 	31 2 	0 0 	
23 1 	24 2 	31 2 	50 1 	0 0 	
25 2 	26 1 	32 2 	0 0 	0 0 	
26 1 	27 2 	32 2 	33 1 	0 0 	
27 2 	28 1 	33 1 	34 2 	0 0 	
28 1 	29 2 	34 2 	35 1 	49 2 	
29 2 	30 1 	35 1 	36 2 	0 0 	
30 1 	31 2 	36 2 	37 1 	0 0 	
31 2 	37 1 	38 2 	50 1 	0 0 	
32 2 	39 2 	40 1 	0 0 	0 0 	
32 2 	33 1 	40 1 	41 2 	0 0 	
33 1 	34 2 	41 2 	42 1 	0 0 	
34 2 	35 1 	42 1 	43 2 	0 0 	
35 1 	36 2 	43 2 	44 1 	49 2 	
36 2 	37 1 	44 1 	45 2 	0 0 	
37 1 	38 2 	45 2 	50 1 	0 0 	
39 2 	40 1 	0 0 	0 0 	0 0 	
40 1 	41 2 	46 1 	0 0 	0 0 	
41 2 	42 1 	46 1 	0 0 	0 0 	
42 1 	43 2 	47 1 	0 0 	0 0 	
43 2 	44 1 	47 1 	0 0 	0 0 	
44 1 	45 2 	48 1 	49 2 	0 0 	
45 2 	48 1 	49 2 	50 1 	0 0 	
1 1 	2 1 	0 0 	0 0 	0 0 	0 0 	0 0 	
3 1 	4 1 	0 0 	0 0 	0 0 	0 0 	0 0 	
5 1 	6 1 	0 0 	0 0 	0 0 	0 0 	0 0 	
1 2 	2 2 	8 2 	9 2 	0 0 	0 0 	0 0 	
2 1 	3 1 	9 1 	10 1 	0 0 	0 0 	0 0 	
3 2 	4 2 	10 2 	11 2 	0 0 	0 0 	0 0 	
4 1 	5 1 	11 1 	12 1 	0 0 	0 0 	0 0 	
5 2 	6 2 	12 2 	13 2 	0 0 	0 0 	0 0 	
6 1 	7 1 	13 1 	14 1 	0 0 	0 0 	0 0 	
7 2 	14 2 	0 0 	0 0 	0 0 	0 0 	0 0 	
8 2 	15 2 	0 0 	0 0 	0 0 	0 0 	0 0 	
8 1 	9 1 	15 1 	16 1 	0 0 	0 0 	0 0 	
9 2 	10 2 	16 2 	17 2 	0 0 	0 0 	0 0 	
10 1 	11 1 	17 1 	18 1 	0 0 	0 0 	0 0 	
11 2 	12 2 	18 2 	19 2 	0 0 	0 0 	0 0 	
12 1 	13 1 	19 1 	20 1 	0 0 	0 0 	0 0 	
13 2 	14 2 	20 2 	21 2 	0 0 	0 0 	0 0 	
15 2 	16 2 	22 2 	23 2 	0 0 	0 0 	0 0 	
16 1 	17 1 	23 1 	24 1 	0 0 	0 0 	0 0 	
17 2 	18 2 	24 2 	25 2 	0 0 	0 0 	0 0 	
18 1 	19 1 	25 1 	26 1 	0 0 	0 0 	0 0 	
19 2 	20 2 	26 2 	27 2 	0 0 	0 0 	0 0 	
20 1 	21 1 	27 1 	28 1 	0 0 	0 0 	0 0 	
21 2 	28 2 	0 0 	0 0 	0 0 	0 0 	0 0 	
22 2 	29 2 	0 0 	0 0 	0 0 	0 0 	0 0 	
22 1 	23 1 	29 1 	30 1 	0 0 	0 0 	0 0 	
23 2 	24 2 	30 2 	31 2 	0 0 	0 0 	0 0 	
24 1 	25 1 	31 1 	32 1 	0 0 	0 0 	0 0 	
25 2 	26 2 	32 2 	33 2 	0 0 	0 0 	0 0 	
26 1 	27 1 	33 1 	34 1 	0 0 	0 0 	0 0 	
27 2 	28 2 	34 2 	35 2 	0 0 	0 0 	0 0 	
29 2 	30 2 	36 2 	37 2 	0 0 	0 0 	0 0 	
30 1 	31 1 	37 1 	38 1 	0 0 	0 0 	0 0 	
31 2 	32 2 	38 2 	39 2 	0 0 	0 0 	0 0 	
32 1 	33 1 	39 1 	40 1 	0 0 	0 0 	0 0 	
33 2 	34 2 	40 2 	41 2 	0 0 	0 0 	0 0 	
34 1 	35 1 	41 1 	42 1 	0 0 	0 0 	0 0 	
35 2 	42 2 	0 0 	0 0 	0 0 	0 0 	0 0 	
36 2 	43 2 	0 0 	0 0 	0 0 	0 0 	0 0 	
36 1 	37 1 	43 1 	44 1 	0 0 	0 0 	0 0 	
37 2 	38 2 	44 2 	45 2 	0 0 	0 0 	0 0 	
38 1 	39 1 	45 1 	46 1 	0 0 	0 0 	0 0 	
39 2 	40 2 	46 2 	47 2 	0 0 	0 0 	0 0 	
40 1 	41 1 	47 1 	48 1 	0 0 	0 0 	0 0 	
41 2 	42 2 	48 2 	49 2 	0 0 	0 0 	0 0 	
44 1 	45 1 	0 0 	0 0 	0 0 	0 0 	0 0 	
46 1 	47 1 	0 0 	0 0 	0 0 	0 0 	0 0 	
48 1 	49 1 	0 0 	0 0 	0 0 	0 0 	0 0 	
8 2 	16 2 	24 2 	32 2 	40 2 	48 2 	49 2 	
7 1 	14 1 	21 1 	28 1 	35 1 	42 1 	49 1 	
