81 82
5 9
2 3 3 3 3 3 3 3 3 4 4 4 4 4 4 4 4 4 3 5 4 4 4 4 4 4 4 3 4 5 4 4 4 4 4 4 3 4 4 5 4 4 4 4 4 3 4 4 4 5 4 4 4 4 3 4 4 4 4 5 4 4 4 3 4 4 4 4 4 5 4 4 2 3 3 3 3 3 3 4 4 
2 2 2 2 4 4 4 4 4 4 4 4 2 2 4 4 4 4 4 4 4 4 4 4 4 4 4 4 4 4 2 2 4 4 4 4 4 4 4 4 4 4 4 4 4 4 4 4 2 2 4 4 4 4 4 4 4 4 4 4 4 4 4 4 4 4 2 2 4 4 4 4 4 4 4 4 2 2 2 2 9 9 
1 1 	5 2 	0 0 	0 0 	0 0 	
1 1 	5 2 	6 1 	0 0 	0 0 	
2 1 	6 1 	7 2 	0 0 	0 0 	
2 1 	7 2 	8 1 	0 0 	0 0 	
3 1 	8 1 	9 2 	0 0 	0 0 	
3 1 	9 2 	10 1 	0 0 	0 0 	
4 1 	10 1 	11 2 	0 0 	0 0 	
4 1 	11 2 	12 1 	0 0 	0 0 	
12 1 	13 2 	82 1 	0 0 	0 0 	
5 2 	14 2 	15 1 	81 2 	0 0 	
5 2 	6 1 	15 1 	16 2 	0 0 	
6 1 	7 2 	16 2 	17 1 	0 0 	
7 2 	8 1 	17 1 	18 2 	0 0 	
8 1 	9 2 	18 2 	19 1 	0 0 	
9 2 	10 1 	19 1 	20 2 	0 0 	
10 1 	11 2 	20 2 	21 1 	0 0 	
11 2 	12 1 	21 1 	22 2 	0 0 	
12 1 	13 2 	22 2 	82 1 	0 0 	
14 2 	15 1 	23 2 	0 0 	0 0 	
15 1 	16 2 	23 2 	24 1 	81 2 	
16 2 	17 1 	24 1 	25 2 	0 0 	
17 1 	18 2 	25 2 	26 1 	0 0 	
18 2 	19 1 	26 1 	27 2 	0 0 	
19 1 	20 2 	27 2 	28 1 	0 0 	
20 2 	21 1 	28 1 	29 2 	0 0 	
21 1 	22 2 	29 2 	30 1 	0 0 	
22 2 	30 1 	31 2 	82 1 	0 0 	
23 2 	32 2 	33 1 	0 0 	0 0 	
23 2 	24 1 	33 1 	34 2 	0 0 	
24 1 	25 2 	34 2 	35 1 	81 2 	
25 2 	26 1 	35 1 	36 2 	0 0 	
26 1 	27 2 	36 2 	37 1 	0 0 	
27 2 	28 1 	37 1 	38 2 	0 0 	
28 1 	29 2 	38 2 	39 1 	0 0 	
29 2 	30 1 	39 1 	40 2 	0 0 	
30 1 	31 2 	40 2 	82 1 	0 0 	
32 2 	33 1 	41 2 	0 0 	0 0 	
33 1 	34 2 	41 2 	42 1 	0 0 	
34 2 	35 1 	42 1 	43 2 	0 0 	
35 1 	36 2 	43 2 	44 1 	81 2 	
36 2 	37 1 	44 1 	45 2 	0 0 	
37 1 	38 2 	45 2 	46 1 	0 0 	
38 2 	39 1 	46 1 	47 2 	0 0 	
39 1 	40 2 	47 2 	48 1 	0 0 	
40 2 	48 1 	49 2 	82 1 	0 0 	
41 2 	50 2 	51 1 	0 0 	0 0 	
41 2 	42 1 	51 1 	52 2 	0 0 	
42 1 	43 2 	52 2 	53 1 	0 0 	
43 2 	44 1 	53 1 	54 2 	0 0 	
44 1 	45 2 	54 2 	55 1 	81 2 	
45 2 	46 1 	55 1 	56 2 	0 0 	
46 1 	47 2 	56 2 	57 1 	0 0 	
47 2 	48 1 	57 1 	58 2 	0 0 	
48 1 	49 2 	58 2 	82 1 	0 0 	
50 2 	51 1 	59 2 	0 0 	0 0 	
51 1 	52 2 	59 2 	60 1 	0 0 	
52 2 	53 1 	60 1 	61 2 	0 0 	
53 1 	54 2 	61 2 	62 1 	0 0 	
54 2 	55 1 	62 1 	63 2 	0 0 	
55 1 	56 2 	63 2 	64 1 	81 2 	
56 2 	57 1 	64 1 	65 2 	0 0 	
57 1 	58 2 	65 2 	66 1 	0 0 	
58 2 	66 1 	67 2 	82 1 	0 0 	
59 2 	68 2 	69 1 	0 0 	0 0 	
59 2 	60 1 	69 1 	70 2 	0 0 	
60 1 	61 2 	70 2 	71 1 	0 0 	
61 2 	62 1 	71 1 	72 2 	0 0 	
62 1 	63 2 	72 2 	73 1 	0 0 	
63 2 	64 1 	73 1 	74 2 	0 0 	
64 1 	65 2 	74 2 	75 1 	81 2 	
65 2 	66 1 	75 1 	76 2 	0 0 	
66 1 	67 2 	76 2 	82 1 	0 0 	
68 2 	69 1 	0 0 	0 0 	0 0 	
69 1 	70 2 	77 1 	0 0 	0 0 	
70 2 	71 1 	77 1 	0 0 	0 0 	
71 1 	72 2 	78 1 	0 0 	0 0 	
72 2 	73 1 	78 1 	0 0 	0 0 	
73 1 	74 2 	79 1 	0 0 	0 0 	
74 2 	75 1 	79 1 	0 0 	0 0 	
75 1 	76 2 	80 1 	81 2 	0 0 	
76 2 	80 1 	81 2 	82 1 	0 0 	
1 1 	2 1 	0 0 	0 0 	0 0 	0 0 	0 0 	0 0 	0 0 	
3 1 	4 1 	0 0 	0 0 	0 0 	0 0 	0 0 	0 0 	0 0 	
5 1 	6 1 	0 0 	0 0 	0 0 	0 0 	0 0 	0 0 	0 0 	
7 1 	8 1 	0 0 	0 0 	0 0 	0 0 	0 0 	0 0 	0 0 	
1 2 	2 2 	10 2 	11 2 	0 0 	0 0 	0 0 	0 0 	0 0 	
2 1 	3 1 	11 1 	12 1 	0 0 	0 0 	0 0 	0 0 	0 0 	
3 2 	4 2 	12 2 	13 2 	0 0 	0 0 	0 0 	0 0 	0 0 	
4 1 	5 1 	13 1 	14 1 	0 0 	0 0 	0 0 	0 0 	0 0 	
5 2 	6 2 	14 2 	15 2 	0 0 	0 0 	0 0 	0 0 	0 0 	
6 1 	7 1 	15 1 	16 1 	0 0 	0 0 	0 0 	0 0 	0 0 	
7 2 	8 2 	16 2 	17 2 	0 0 	0 0 	0 0 	0 0 	0 0 	
8 1 	9 1 	17 1 	18 1 	0 0 	0 0 	0 0 	0 0 	0 0 	
9 2 	18 2 	0 0 	0 0 	0 0 	0 0 	0 0 	0 0 	0 0 	
10 2 	19 2 	0 0 	0 0 	0 0 	0 0 	0 0 	0 0 	0 0 	
10 1 	11 1 	19 1 	20 1 	0 0 	0 0 	0 0 	0 0 	0 0 	
11 2 	12 2 	20 2 	21 2 	0 0 	0 0 	0 0 	0 0 	0 0 	
12 1 	13 1 	21 1 	22 1 	0 0 	0 0 	0 0 	0 0 	0 0 	
13 2 	14 2 	22 2 	23 2 	0 0 	0 0 	0 0 	0 0 	0 0 	
14 1 	15 1 	23 1 	24 1 	0 0 	0 0 	0 0 	0 0 	0 0 	
15 2 	16 2 	24 2 	25 2 	0 0 	0 0 	0 0 	0 0 	0 0 	
16 1 	17 1 	25 1 	26 1 	0 0 	0 0 	0 0 	0 0 	0 0 	
17 2 	18 2 	26 2 	27 2 	0 0 	0 0 	0 0 	0 0 	0 0 	
19 2 	20 2 	28 2 	29 2 	0 0 	0 0 	0 0 	0 0 	0 0 	
20 1 	21 1 	29 1 	30 1 	0 0 	0 0 	0 0 	0 0 	0 0 	
21 2 	22 2 	30 2 	31 2 	0 0 	0 0 	0 0 	0 0 	0 0 	
22 1 	23 1 	31 1 	32 1 	0 0 	0 0 	0 0 	0 0 	0 0 	
23 2 	24 2 	32 2 	33 2 	0 0 	0 0 	0 0 	0 0 	0 0 	
24 1 	25 1 	33 1 	34 1 	0 0 	0 0 	0 0 	0 0 	0 0 	
25 2 	26 2 	34 2 	35 2 	0 0 	0 0 	0 0 	0 0 	0 0 	
26 1 	27 1 	35 1 	36 1 	0 0 	0 0 	0 0 	0 0 	0 0 	
27 2 	36 2 	0 0 	0 0 	0 0 	0 0 	0 0 	0 0 	0 0 	
28 2 	37 2 	0 0 	0 0 	0 0 	0 0 	0 0 	0 0 	0 0 	
28 1 	29 1 	37 1 	38 1 	0 0 	0 0 	0 0 	0 0 	0 0 	
29 2 	30 2 	38 2 	39 2 	0 0 	0 0 	0 0 	0 0 	0 0 	
30 1 	31 1 	39 1 	40 1 	0 0 	0 0 	0 0 	0 0 	0 0 	
31 2 	32 2 	40 2 	41 2 	0 0 	0 0 	0 0 	0 0 	0 0 	
32 1 	33 1 	41 1 	42 1 	0 0 	0 0 	0 0 	0 0 	0 0 	
33 2 	34 2 	42 2 	43 2 	0 0 	0 0 	0 0 	0 0 	0 0 	
34 1 	35 1 	43 1 	44 1 	0 0 	0 0 	0 0 	0 0 	0 0 	
35 2 	36 2 	44 2 	45 2 	0 0 	0 0 	0 0 	0 0 	0 0 	
37 2 	38 2 	46 2 	47 2 	0 0 	0 0 	0 0 	0 0 	0 0 	
38 1 	39 1 	47 1 	48 1 	0 0 	0 0 	0 0 	0 0 	0 0 	
39 2 	40 2 	48 2 	49 2 	0 0 	0 0 	0 0 	0 0 	0 0 	
40 1 	41 1 	49 1 	50 1 	0 0 	0 0 	0 0 	0 0 	0 0 	
41 2 	42 2 	50 2 	51 2 	0 0 	0 0 	0 0 	0 0 	0 0 	
42 1 	43 1 	51 1 	52 1 	0 0 	0 0 	0 0 	0 0 	0 0 	
43 2 	44 2 	52 2 	53 2 	0 0 	0 0 	0 0 	0 0 	0 0 	
44 1 	45 1 	53 1 	54 1 	0 0 	0 0 	0 0 	0 0 	0 0 	
45 2 	54 2 	0 0 	0 0 	0 0 	0 0 	0 0 	0 0 	0 0 	
46 2 	55 2 	0 0 	0 0 	0 0 	0 0 	0 0 	0 0 	0 0 	
46 1 	47 1 	55 1 	56 1 	0 0 	0 0 	0 0 	0 0 	0 0 	
47 2 	48 2 	56 2 	57 2 	0 0 	0 0 	0 0 	0 0 	0 0 	
48 1 	49 1 	57 1 	58 1 	0 0 	0 0 	0 0 	0 0 	0 0 	
49 2 	50 2 	58 2 	59 2 	0 0 	0 0 	0 0 	0 0 	0 0 	
50 1 	51 1 	59 1 	60 1 	0 0 	0 0 	0 0 	0 0 	0 0 	
51 2 	52 2 	60 2 	61 2 	0 0 	0 0 	0 0 	0 0 	0 0 	
52 1 	53 1 	61 1 	62 1 	0 0 	0 0 	0 0 	0 0 	0 0 	
53 2 	54 2 	62 2 	63 2 	0 0 	0 0 	0 0 	0 0 	0 0 	
55 2 	56 2 	64 2 	65 2 	0 0 	0 0 	0 0 	0 0 	0 0 	
56 1 	57 1 	65 1 	66 1 	0 0 	0 0 	0 0 	0 0 	0 0 	
57 2 	58 2 	66 2 	67 2 	0 0 	0 0 	0 0 	0 0 	0 0 	
58 1 	59 1 	67 1 	68 1 	0 0 	0 0 	0 0 	0 0 	0 0 	
59 2 	60 2 	68 2 	69 2 	0 0 	0 0 	0 0 	0 0 	0 0 	
60 1 	61 1 	69 1 	70 1 	0 0 	0 0 	0 0 	0 0 	0 0 	
61 2 	62 2 	70 2 	71 2 	0 0 	0 0 	0 0 	0 0 	0 0 	
62 1 	63 1 	71 1 	72 1 	0 0 	0 0 	0 0 	0 0 	0 0 	
63 2 	72 2 	0 0 	0 0 	0 0 	0 0 	0 0 	0 0 	0 0 	
64 2 	73 2 	0 0 	0 0 	0 0 	0 0 	0 0 	0 0 	0 0 	
64 1 	65 1 	73 1 	74 1 	0 0 	0 0 	0 0 	0 0 	0 0 	
65 2 	66 2 	74 2 	75 2 	0 0 	0 0 	0 0 	0 0 	0 0 	
66 1 	67 1 	75 1 	76 1 	0 0 	0 0 	0 0 	0 0 	0 0 	
67 2 	68 2 	76 2 	77 2 	0 0 	0 0 	0 0 	0 0 	0 0 	
68 1 	69 1 	77 1 	78 1 	0 0 	0 0 	0 0 	0 0 	0 0 	
69 2 	70 2 	78 2 	79 2 	0 0 	0 0 	0 0 	0 0 	0 0 	
70 1 	71 1 	79 1 	80 1 	0 0 	0 0 	0 0 	0 0 	0 0 	
71 2 	72 2 	80 2 	81 2 	0 0 	0 0 	0 0 	0 0 	0 0 	
74 1 	75 1 	0 0 	0 0 	0 0 	0 0 	0 0 	0 0 	0 0 	
76 1 	77 1 	0 0 	0 0 	0 0 	0 0 	0 0 	0 0 	0 0 	
78 1 	79 1 	0 0 	0 0 	0 0 	0 0 	0 0 	0 0 	0 0 	
80 1 	81 1 	0 0 	0 0 	0 0 	0 0 	0 0 	0 0 	0 0 	
10 2 	20 2 	30 2 	40 2 	50 2 	60 2 	70 2 	80 2 	81 2 	
9 1 	18 1 	27 1 	36 1 	45 1 	54 1 	63 1 	72 1 	81 1 	
